0000000001,0000000000,090417,085336,076408,035146,030699,085858
0000000002,0000001000,088283,088053,075823,044899,021420,085384
0000000003,0000002000,085642,090384,076134,055737,014424,081542
0000000004,0000003000,082785,092063,077311,066618,010379,074706
0000000005,0000004000,079992,092924,079244,076458,009706,065537
0000000006,0000005000,077504,092915,081741,084309,012456,054938
0000000007,0000006000,075583,092030,084547,089392,018354,043956
0000000008,0000007000,074439,090321,087400,091218,026826,033659
0000000009,0000008000,074153,087984,090022,089591,037070,025042
0000000010,0000009000,074752,085260,092148,084696,048042,018965
0000000011,0000010000,076199,082391,093570,076999,058679,016024
0000000012,0000011000,078353,079652,094155,067242,067962,016498
0000000013,0000012000,080974,077345,093843,056392,074971,020340
0000000014,0000013000,083826,075668,092666,045527,078999,027176
0000000015,0000014000,086639,074787,090734,035683,079675,036345
0000000016,0000015000,089119,074803,088237,027825,076934,046944
0000000017,0000016000,091026,075705,085429,022747,071030,057925
0000000018,0000017000,092189,077394,082578,020927,062552,068223
0000000019,0000018000,092472,079732,079956,022544,052319,076839
0000000020,0000019000,091861,082471,077830,027443,041343,082916
0000000021,0000020000,090423,085330,076407,035146,030700,085858
0000000022,0000021000,088276,088060,075823,044895,021424,085384
0000000023,0000022000,085639,090386,076135,055746,014416,081541
0000000024,0000023000,082794,092055,077311,066617,010380,074705
0000000025,0000024000,079990,092926,079244,076457,009708,065537
0000000026,0000025000,077497,092922,081741,084311,012454,054937
0000000027,0000026000,075589,092024,084548,089399,018347,043956
0000000028,0000027000,074442,090318,087400,091214,026831,033658
0000000029,0000028000,074146,087991,090023,089593,037068,025042
0000000030,0000029000,074752,085260,092148,084701,048037,018965
0000000031,0000030000,076205,082384,093570,077001,058678,016024
0000000032,0000031000,078348,079657,094155,067240,067965,016497
0000000033,0000032000,080971,077346,093843,056398,074965,020339
0000000034,0000033000,083831,075663,092666,045531,078997,027175
0000000035,0000034000,086639,074787,090734,035683,079677,036343
0000000036,0000035000,089115,074808,088237,027828,076932,046943
0000000037,0000036000,091029,075701,085430,022751,071028,057924
0000000038,0000037000,092190,077392,082578,020928,062552,068222
0000000039,0000038000,092470,079735,079955,022545,052320,076838
0000000040,0000039000,091862,082470,077829,027446,041341,082915
0000000041,0000040000,090425,085328,076407,035146,030701,085856
0000000042,0000041000,088274,088063,075823,044896,021425,085383
0000000043,0000042000,085640,090386,076134,055747,014416,081541
0000000044,0000043000,082796,092054,077311,066617,010380,074705
0000000045,0000044000,079988,092928,079244,076456,009709,065537
0000000046,0000045000,077497,092923,081740,084312,012452,054938
0000000047,0000046000,075592,092021,084547,089398,018347,043957
0000000048,0000047000,074439,090321,087400,091213,026831,033659
0000000049,0000048000,074145,087992,090022,089595,037065,025043
0000000050,0000049000,074755,085257,092148,084702,048035,018966
0000000051,0000050000,076204,082385,093571,077000,058677,016025
0000000052,0000051000,078345,079660,094155,067244,067960,016498
0000000053,0000052000,080974,077343,093843,056401,074962,020339
0000000054,0000053000,083831,075662,092667,045531,078996,027175
0000000055,0000054000,086635,074791,090735,035686,079675,036342
0000000056,0000055000,089116,074806,088237,027834,076928,046941
0000000057,0000056000,091033,075697,085430,022752,071029,057922
0000000058,0000057000,092186,077395,082578,020930,062553,068219
0000000059,0000058000,092469,079736,079956,022550,052318,076835
0000000060,0000059000,091866,082465,077829,027448,041342,082912
0000000061,0000060000,090424,085329,076407,035143,030706,085854
0000000062,0000061000,088272,088066,075823,044898,021425,085381
0000000063,0000062000,085644,090382,076134,055747,014416,081539
0000000064,0000063000,082797,092053,077311,066613,010385,074705
0000000065,0000064000,079985,092933,079243,076454,009710,065538
0000000066,0000065000,077499,092922,081740,084312,012451,054939
0000000067,0000066000,075594,092019,084547,089395,018349,043959
0000000068,0000067000,074436,090324,087400,091210,026831,033662
0000000069,0000068000,074144,087994,090022,089596,037061,025046
0000000070,0000069000,074757,085254,092148,084702,048032,018969
0000000071,0000070000,076202,082387,093571,077000,058675,016027
0000000072,0000071000,078342,079663,094156,067248,067955,016500
0000000073,0000072000,080976,077340,093844,056405,074957,020341
0000000074,0000073000,083831,075662,092668,045534,078994,027175
0000000075,0000074000,086632,074793,090735,035691,079671,036341
0000000076,0000075000,089118,074804,088238,027840,076924,046939
0000000077,0000076000,091034,075695,085431,022755,071029,057918
0000000078,0000077000,092185,077397,082579,020934,062553,068214
0000000079,0000078000,092471,079734,079956,022554,052319,076830
0000000080,0000079000,091869,082462,077829,027449,041346,082908
0000000081,0000080000,090423,085331,076407,035144,030710,085849
0000000082,0000081000,088273,088066,075822,044898,021428,085377
0000000083,0000082000,085647,090380,076133,055744,014422,081537
0000000084,0000083000,082796,092054,077310,066609,010390,074704
0000000085,0000084000,079984,092934,079242,076451,009713,065539
0000000086,0000085000,077501,092920,081739,084307,012453,054942
0000000087,0000086000,075593,092021,084547,089389,018351,043963
0000000088,0000087000,074434,090328,087399,091207,026829,033667
0000000089,0000088000,074146,087993,090022,089594,037057,025052
0000000090,0000089000,074757,085255,092149,084699,048029,018975
0000000091,0000090000,076198,082391,093572,077001,058669,016032
0000000092,0000091000,078342,079662,094156,067252,067947,016504
0000000093,0000092000,080977,077338,093845,056408,074951,020343
0000000094,0000093000,083827,075664,092669,045540,078988,027175
0000000095,0000094000,086631,074792,090736,035700,079664,036339
0000000096,0000095000,089120,074800,088239,027847,076921,046935
0000000097,0000096000,091033,075695,085432,022761,071029,057912
0000000098,0000097000,092184,077397,082579,020942,062553,068207
0000000099,0000098000,092474,079731,079956,022559,052321,076822
0000000100,0000099000,091870,082461,077829,027450,041353,082900
0000000101,0000100000,090422,085332,076406,035144,030716,085842
0000000102,0000101000,088276,088064,075821,044897,021435,085372
0000000103,0000102000,085649,090379,076132,055738,014431,081534
0000000104,0000103000,082795,092057,077308,066602,010398,074703
0000000105,0000104000,079985,092935,079240,076444,009717,065540
0000000106,0000105000,077503,092919,081738,084298,012458,054946
0000000107,0000106000,075591,092024,084545,089380,018353,043970
0000000108,0000107000,074432,090330,087398,091201,026826,033675
0000000109,0000108000,074146,087992,090021,089589,037053,025061
0000000110,0000109000,074755,085257,092149,084695,048023,018984
0000000111,0000110000,076195,082393,093572,077002,058660,016040
0000000112,0000111000,078342,079661,094157,067256,067936,016510
0000000113,0000112000,080975,077338,093847,056414,074942,020347
0000000114,0000113000,083824,075665,092671,045549,078978,027176
0000000115,0000114000,086632,074790,090738,035711,079656,036336
0000000116,0000115000,089121,074798,088241,027857,076916,046929
0000000117,0000116000,091031,075695,085434,022772,071027,057904
0000000118,0000117000,092185,077395,082580,020952,062553,068197
0000000119,0000118000,092477,079727,079956,022565,052326,076811
0000000120,0000119000,091870,082461,077829,027453,041361,082888
0000000121,0000120000,090423,085332,076405,035145,030725,085832
0000000122,0000121000,088279,088061,075819,044893,021446,085364
0000000123,0000122000,085651,090379,076130,055730,014443,081529
0000000124,0000123000,082795,092059,077306,066593,010408,074702
0000000125,0000124000,079988,092935,079238,076433,009726,065543
0000000126,0000125000,077504,092921,081736,084285,012465,054953
0000000127,0000126000,075589,092028,084544,089368,018355,043979
0000000128,0000127000,074432,090332,087397,091192,026823,033687
0000000129,0000128000,074146,087993,090021,089581,037048,025075
0000000130,0000129000,074751,085260,092149,084691,048015,018997
0000000131,0000130000,076193,082395,093573,077004,058647,016052
0000000132,0000131000,078341,079660,094159,067260,067923,016519
0000000133,0000132000,080972,077339,093849,056422,074929,020352
0000000134,0000133000,083822,075665,092673,045562,078964,027177
0000000135,0000134000,086632,074787,090741,035725,079645,036333
0000000136,0000135000,089120,074796,088244,027872,076910,046921
0000000137,0000136000,091030,075694,085436,022787,071023,057892
0000000138,0000137000,092188,077391,082582,020965,062554,068183
0000000139,0000138000,092480,079724,079957,022574,052333,076795
0000000140,0000139000,091872,082460,077829,027458,041372,082873
0000000141,0000140000,090427,085329,076404,035146,030738,085819
0000000142,0000141000,088283,088059,075817,044888,021462,085353
0000000143,0000142000,085652,090381,076128,055720,014460,081522
0000000144,0000143000,082797,092061,077303,066580,010422,074700
0000000145,0000144000,079990,092935,079235,076417,009738,065547
0000000146,0000145000,077503,092924,081733,084267,012473,054961
0000000147,0000146000,075587,092032,084541,089353,018358,043992
0000000148,0000147000,074432,090333,087395,091178,026821,033704
0000000149,0000148000,074143,087996,090021,089570,037041,025092
0000000150,0000149000,074746,085264,092149,084687,048002,019014
0000000151,0000150000,076190,082396,093574,077005,058630,016068
0000000152,0000151000,078339,079660,094162,067266,067905,016531
0000000153,0000152000,080968,077340,093852,056433,074910,020359
0000000154,0000153000,083820,075664,092676,045578,078946,027178
0000000155,0000154000,086632,074784,090744,035743,079631,036329
0000000156,0000155000,089119,074794,088247,027891,076901,046911
0000000157,0000156000,091031,075691,085438,022806,071019,057877
0000000158,0000157000,092191,077386,082583,020981,062557,068164
0000000159,0000158000,092482,079721,079958,022585,052342,076775
0000000160,0000159000,091874,082458,077828,027465,041385,082853
0000000161,0000160000,090432,085326,076402,035146,030756,085801
0000000162,0000161000,088287,088058,075815,044880,021484,085339
0000000163,0000162000,085654,090382,076124,055708,014481,081514
0000000164,0000163000,082800,092061,077299,066563,010441,074698
0000000165,0000164000,079992,092937,079231,076396,009755,065552
0000000166,0000165000,077503,092929,081729,084245,012484,054973
0000000167,0000166000,075587,092035,084538,089332,018361,044009
0000000168,0000167000,074430,090337,087393,091160,026818,033725
0000000169,0000168000,074139,088001,090020,089557,037031,025115
0000000170,0000169000,074742,085268,092150,084681,047985,019037
0000000171,0000170000,076187,082397,093576,077005,058609,016088
0000000172,0000171000,078334,079662,094165,067273,067882,016547
0000000173,0000172000,080963,077341,093856,056449,074885,020369
0000000174,0000173000,083818,075661,092681,045599,078924,027180
0000000175,0000174000,086630,074781,090749,035767,079613,036323
0000000176,0000175000,089118,074791,088251,027916,076889,046898
0000000177,0000176000,091033,075686,085441,022831,071014,057858
0000000178,0000177000,092194,077381,082586,021001,062560,068141
0000000179,0000178000,092484,079717,079959,022600,052354,076749
0000000180,0000179000,091879,082454,077828,027473,041402,082827
0000000181,0000180000,090438,085322,076400,035145,030780,085778
0000000182,0000181000,088291,088057,075812,044871,021510,085322
0000000183,0000182000,085658,090382,076120,055692,014507,081504
0000000184,0000183000,082805,092062,077294,066540,010466,074696
0000000185,0000184000,079994,092940,079226,076369,009775,065558
0000000186,0000185000,077502,092934,081724,084218,012497,054987
0000000187,0000186000,075586,092040,084534,089306,018366,044031
0000000188,0000187000,074428,090342,087391,091137,026815,033751
0000000189,0000188000,074134,088007,090019,089540,037019,025144
0000000190,0000189000,074738,085272,092150,084673,047965,019065
0000000191,0000190000,076182,082400,093579,077006,058584,016113
0000000192,0000191000,078328,079665,094168,067283,067853,016566
0000000193,0000192000,080958,077341,093861,056467,074855,020380
0000000194,0000193000,083815,075659,092687,045624,078896,027183
0000000195,0000194000,086627,074778,090755,035796,079591,036316
0000000196,0000195000,089117,074787,088256,027948,076873,046882
0000000197,0000196000,091035,075680,085446,022861,071008,057834
0000000198,0000197000,092196,077375,082589,021026,062565,068111
0000000199,0000198000,092488,079712,079960,022618,052367,076717
0000000200,0000199000,091885,082449,077827,027483,041424,082796
0000000201,0000200000,090444,085318,076398,035144,030809,085750
0000000202,0000201000,088296,088056,075807,044860,021543,085300
0000000203,0000202000,085664,090382,076114,055672,014540,081491
0000000204,0000203000,082809,092063,077288,066512,010496,074694
0000000205,0000204000,079996,092945,079220,076336,009800,065566
0000000206,0000205000,077503,092939,081718,084184,012513,055005
0000000207,0000206000,075586,092045,084529,089273,018372,044057
0000000208,0000207000,074424,090349,087387,091109,026811,033783
0000000209,0000208000,074129,088014,090017,089521,037003,025179
0000000210,0000209000,074732,085277,092151,084663,047940,019100
0000000211,0000210000,076175,082404,093581,077006,058552,016144
0000000212,0000211000,078320,079667,094173,067295,067817,016590
0000000213,0000212000,080953,077341,093867,056490,074818,020394
0000000214,0000213000,083811,075656,092693,045654,078863,027186
0000000215,0000214000,086624,074775,090762,035832,079564,036307
0000000216,0000215000,089116,074781,088263,027986,076855,046862
0000000217,0000216000,091037,075672,085451,022896,071001,057806
0000000218,0000217000,092200,077368,082593,021056,062570,068076
0000000219,0000218000,092493,079706,079961,022640,052384,076678
0000000220,0000219000,091892,082442,077826,027494,041451,082758
0000000221,0000220000,090451,085314,076395,035142,030844,085717
0000000222,0000221000,088303,088054,075802,044847,021582,085274
0000000223,0000222000,085671,090382,076108,055648,014579,081476
0000000224,0000223000,082814,092065,077280,066479,010533,074691
0000000225,0000224000,079998,092950,079212,076297,009830,065576
0000000226,0000225000,077504,092945,081711,084143,012532,055027
0000000227,0000226000,075584,092052,084524,089234,018380,044089
0000000228,0000227000,074420,090357,087383,091076,026805,033822
0000000229,0000228000,074123,088021,090016,089497,036985,025221
0000000230,0000229000,074725,085282,092152,084651,047911,019141
0000000231,0000230000,076167,082409,093585,077008,058515,016180
0000000232,0000231000,078312,079670,094178,067310,067774,016618
0000000233,0000232000,080947,077340,093874,056517,074775,020411
0000000234,0000233000,083805,075653,092702,045690,078824,027189
0000000235,0000234000,086620,074770,090770,035875,079532,036296
0000000236,0000235000,089116,074774,088270,028031,076834,046839
0000000237,0000236000,091039,075664,085457,022938,070993,057771
0000000238,0000237000,092203,077360,082597,021092,062577,068034
0000000239,0000238000,092500,079697,079963,022666,052403,076633
0000000240,0000239000,091901,082435,077825,027506,041483,082713
0000000241,0000240000,090459,085310,076391,035141,030885,085677
0000000242,0000241000,088312,088052,075796,044831,021628,085244
0000000243,0000242000,085679,090381,076100,055619,014626,081458
0000000244,0000243000,082820,092069,077272,066439,010576,074687
0000000245,0000244000,080002,092955,079203,076251,009864,065587
0000000246,0000245000,077505,092952,081703,084095,012555,055052
0000000247,0000246000,075582,092061,084517,089188,018389,044126
0000000248,0000247000,074414,090367,087379,091037,026798,033868
0000000249,0000248000,074116,088030,090014,089470,036963,025271
0000000250,0000249000,074717,085290,092153,084637,047876,019190
0000000251,0000250000,076157,082415,093589,077009,058470,016223
0000000252,0000251000,078303,079673,094185,067328,067724,016650
0000000253,0000252000,080938,077340,093882,056548,074725,020430
0000000254,0000253000,083798,075651,092711,045732,078778,027192
0000000255,0000254000,086616,074765,090780,035925,079495,036284
0000000256,0000255000,089115,074765,088279,028083,076809,046811
0000000257,0000256000,091041,075654,085465,022987,070984,057731
0000000258,0000257000,092208,077350,082602,021134,062584,067984
0000000259,0000258000,092508,079687,079965,022696,052426,076579
0000000260,0000259000,091910,082426,077824,027521,041521,082661
0000000261,0000260000,090469,085304,076387,035139,030933,085631
0000000262,0000261000,088323,088048,075789,044813,021681,085209
0000000263,0000262000,085688,090381,076091,055585,014681,081437
0000000264,0000263000,082827,092072,077261,066393,010626,074683
0000000265,0000264000,080007,092961,079192,076198,009904,065601
0000000266,0000265000,077507,092960,081693,084039,012582,055082
0000000267,0000266000,075580,092072,084509,089135,018399,044169
0000000268,0000267000,074409,090378,087373,090993,026790,033920
0000000269,0000268000,074109,088040,090011,089438,036937,025328
0000000270,0000269000,074706,085299,092155,084621,047836,019246
0000000271,0000270000,076145,082422,093593,077012,058419,016272
0000000272,0000271000,078292,079676,094192,067348,067666,016688
0000000273,0000272000,080929,077340,093892,056584,074666,020452
0000000274,0000273000,083790,075648,092723,045782,078725,027196
0000000275,0000274000,086611,074758,090791,035983,079451,036269
0000000276,0000275000,089114,074756,088290,028143,076781,046779
0000000277,0000276000,091043,075644,085474,023044,070974,057684
0000000278,0000277000,092214,077339,082608,021182,062592,067928
0000000279,0000278000,092517,079675,079968,022730,052454,076518
0000000280,0000279000,091921,082417,077823,027538,041564,082601
0000000281,0000280000,090481,085297,076382,035137,030988,085578
0000000282,0000281000,088335,088044,075781,044791,021743,085169
0000000283,0000282000,085699,090381,076080,055546,014744,081414
0000000284,0000283000,082835,092076,077249,066341,010683,074679
0000000285,0000284000,080012,092968,079180,076136,009949,065617
0000000286,0000285000,077508,092970,081682,083974,012612,055117
0000000287,0000286000,075577,092084,084499,089074,018410,044219
0000000288,0000287000,074403,090390,087367,090942,026780,033981
0000000289,0000288000,074099,088052,090008,089401,036909,025393
0000000290,0000289000,074694,085310,092156,084603,047790,019310
0000000291,0000290000,076132,082430,093598,077015,058360,016328
0000000292,0000291000,078280,079680,094201,067372,067600,016731
0000000293,0000292000,080917,077340,093903,056626,074600,020477
0000000294,0000293000,083781,075644,092735,045838,078664,027201
0000000295,0000294000,086606,074750,090804,036048,079403,036252
0000000296,0000295000,089113,074745,088302,028211,076750,046742
0000000297,0000296000,091045,075631,085484,023109,070963,057631
0000000298,0000297000,092221,077325,082615,021237,062602,067863
0000000299,0000298000,092527,079662,079971,022769,052485,076448
0000000300,0000299000,091933,082406,077821,027556,041613,082533
0000000301,0000300000,090495,085288,076377,035134,031050,085519
0000000302,0000301000,088349,088039,075772,044766,021813,085124
0000000303,0000302000,085710,090381,076068,055501,014814,081387
0000000304,0000303000,082844,092081,077235,066281,010747,074675
0000000305,0000304000,080018,092976,079166,076066,010001,065635
0000000306,0000305000,077510,092982,081669,083901,012646,055156
0000000307,0000306000,075574,092098,084489,089005,018422,044276
0000000308,0000307000,074396,090405,087359,090884,026769,034050
0000000309,0000308000,074089,088066,090005,089360,036875,025468
0000000310,0000309000,074681,085322,092157,084583,047738,019382
0000000311,0000310000,076118,082438,093604,077018,058293,016391
0000000312,0000311000,078265,079685,094210,067398,067526,016779
0000000313,0000312000,080904,077340,093916,056673,074525,020504
0000000314,0000313000,083771,075639,092750,045902,078595,027205
0000000315,0000314000,086600,074741,090819,036122,079348,036233
0000000316,0000315000,089110,074733,088316,028289,076714,046700
0000000317,0000316000,091048,075617,085495,023182,070950,057571
0000000318,0000317000,092228,077309,082623,021298,062614,067790
0000000319,0000318000,092538,079648,079975,022812,052520,076370
0000000320,0000319000,091947,082394,077820,027577,041669,082456
0000000321,0000320000,090511,085279,076371,035130,031121,085452
0000000322,0000321000,088364,088034,075762,044737,021893,085073
0000000323,0000322000,085724,090381,076055,055451,014894,081358
0000000324,0000323000,082856,092085,077220,066213,010819,074670
0000000325,0000324000,080025,092985,079150,075987,010059,065656
0000000326,0000325000,077512,092995,081654,083819,012683,055200
0000000327,0000326000,075571,092113,084476,088929,018435,044339
0000000328,0000327000,074389,090421,087350,090819,026756,034127
0000000329,0000328000,074077,088082,090001,089314,036838,025551
0000000330,0000329000,074666,085336,092158,084561,047679,019463
0000000331,0000330000,076102,082448,093610,077022,058218,016462
0000000332,0000331000,078249,079691,094221,067428,067442,016832
0000000333,0000332000,080889,077341,093930,056727,074441,020535
0000000334,0000333000,083759,075635,092766,045974,078519,027210
0000000335,0000334000,086592,074731,090836,036205,079287,036210
0000000336,0000335000,089108,074720,088332,028375,076675,046653
0000000337,0000336000,091051,075601,085508,023263,070936,057503
0000000338,0000337000,092237,077292,082632,021366,062628,067709
0000000339,0000338000,092550,079631,079979,022860,052560,076282
0000000340,0000339000,091963,082379,077819,027601,041731,082371
0000000341,0000340000,090528,085268,076364,035125,031200,085377
0000000342,0000341000,088381,088028,075751,044705,021981,085017
0000000343,0000342000,085740,090381,076040,055395,014982,081326
0000000344,0000343000,082868,092090,077202,066138,010899,074666
0000000345,0000344000,080033,092995,079132,075900,010123,065679
0000000346,0000345000,077514,093009,081637,083728,012724,055250
0000000347,0000346000,075568,092130,084462,088843,018449,044411
0000000348,0000347000,074380,090439,087341,090748,026742,034213
0000000349,0000348000,074064,088100,089997,089264,036796,025643
0000000350,0000349000,074650,085351,092160,084538,047613,019552
0000000351,0000350000,076083,082460,093617,077028,058135,016540
0000000352,0000351000,078230,079697,094233,067462,067349,016891
0000000353,0000352000,080872,077342,093946,056786,074347,020569
0000000354,0000353000,083746,075629,092785,046054,078435,027214
0000000355,0000354000,086583,074721,090855,036298,079220,036185
0000000356,0000355000,089105,074705,088350,028471,076631,046601
0000000357,0000356000,091055,075582,085523,023353,070921,057429
0000000358,0000357000,092245,077272,082643,021440,062644,067618
0000000359,0000358000,092564,079613,079984,022913,052605,076185
0000000360,0000359000,091980,082363,077817,027626,041800,082277
0000000361,0000360000,090548,085255,076357,035120,031288,085295
0000000362,0000361000,088401,088021,075739,044670,022078,084955
0000000363,0000362000,085757,090380,076023,055332,015080,081291
0000000364,0000363000,082882,092095,077183,066054,010988,074661
0000000365,0000364000,080042,093006,079112,075803,010194,065706
0000000366,0000365000,077517,093025,081619,083628,012770,055305
0000000367,0000366000,075565,092149,084447,088749,018464,044489
0000000368,0000367000,074371,090459,087330,090669,026726,034308
0000000369,0000368000,074049,088119,089991,089209,036749,025745
0000000370,0000369000,074631,085368,092161,084512,047540,019651
0000000371,0000370000,076063,082473,093625,077034,058043,016626
0000000372,0000371000,078210,079705,094246,067500,067247,016955
0000000373,0000372000,080854,077343,093964,056852,074245,020605
0000000374,0000373000,083731,075624,092805,046141,078342,027219
0000000375,0000374000,086573,074710,090877,036399,079147,036157
0000000376,0000375000,089102,074689,088369,028576,076584,046543
0000000377,0000376000,091058,075562,085540,023451,070905,057346
0000000378,0000377000,092255,077251,082654,021522,062661,067519
0000000379,0000378000,092579,079592,079989,022970,052654,076078
0000000380,0000379000,092000,082344,077816,027652,041876,082174
0000000381,0000380000,090569,085241,076349,035113,031384,085206
0000000382,0000381000,088422,088013,075725,044630,022185,084888
0000000383,0000382000,085777,090378,076005,055263,015187,081253
0000000384,0000383000,082898,092100,077162,065962,011085,074656
0000000385,0000384000,080053,093018,079090,075697,010270,065735
0000000386,0000385000,077521,093042,081598,083518,012819,055366
0000000387,0000386000,075561,092170,084429,088646,018480,044576
0000000388,0000387000,074361,090482,087317,090584,026707,034412
0000000389,0000388000,074033,088141,089985,089149,036697,025857
0000000390,0000389000,074611,085387,092162,084484,047460,019759
0000000391,0000390000,076040,082488,093632,077041,057942,016720
0000000392,0000391000,078187,079714,094260,067542,067135,017026
0000000393,0000392000,080833,077344,093983,056925,074133,020645
0000000394,0000393000,083715,075618,092828,046238,078242,027224
0000000395,0000394000,086562,074698,090900,036510,079067,036126
0000000396,0000395000,089098,074671,088391,028691,076533,046479
0000000397,0000396000,091062,075540,085558,023558,070889,057255
0000000398,0000397000,092265,077228,082668,021612,062681,067410
0000000399,0000398000,092596,079569,079996,023033,052708,075961
0000000400,0000399000,092021,082324,077815,027681,041960,082061
0000000401,0000400000,090593,085226,076341,035105,031490,085108
0000000402,0000401000,082830,090592,078303,049680,020654,083155
0000000403,0000402000,088219,088126,073740,060936,012471,078379
0000000404,0000403000,082316,092184,077246,069567,010277,073740
0000000405,0000404000,084242,089773,075850,072386,010785,066171
0000000406,0000405000,082413,091717,080255,072223,017451,059949
0000000407,0000406000,080879,090278,082507,066683,026629,052721
0000000408,0000407000,081930,087916,084686,058241,039324,047254
0000000409,0000408000,078133,087618,089158,046448,053218,042752
0000000410,0000409000,081107,081870,088341,033252,067361,040307
0000000411,0000410000,077025,083155,094266,019569,080182,039550
0000000412,0000411000,081756,077589,091871,007291,090839,041091
0000000413,0000412000,078317,079948,096056,-02484,097401,044333
0000000414,0000413000,083294,076191,093089,-08855,099998,049427
0000000415,0000414000,080958,077479,093402,-10729,098104,055556
0000000416,0000415000,084284,076966,090259,-09138,091269,061857
0000000417,0000416000,084507,077561,087489,-02216,081473,068896
0000000418,0000417000,084973,080170,085886,007003,067810,073669
0000000419,0000418000,088151,080915,081651,020553,053973,078360
0000000420,0000419000,085279,085268,081276,034519,038789,080032
0000000421,0000420000,089603,085096,076981,049589,025750,080337
0000000422,0000421000,084716,089346,077746,063098,015031,078273
0000000423,0000422000,088097,088406,074695,073932,007513,074034
0000000424,0000423000,083798,091521,077334,081940,005068,068870
0000000425,0000424000,084971,090272,076855,084991,006225,061631
0000000426,0000425000,082697,091363,080114,084726,012653,054989
0000000427,0000426000,081371,089816,082163,079266,022011,047743
0000000428,0000427000,081187,087826,084438,070869,034744,041959
0000000429,0000428000,078454,086899,088093,058957,048573,037324
0000000430,0000429000,080238,082788,088862,045876,062730,034731
0000000431,0000430000,077519,082841,093272,032162,075654,034020
0000000432,0000431000,080732,078723,092267,019809,086121,035552
0000000433,0000432000,078662,079481,095077,009656,092928,039114
0000000434,0000433000,082193,076524,092885,002772,095523,044293
0000000435,0000434000,081236,077437,092830,000023,093726,050814
0000000436,0000435000,083985,077071,090183,001121,087119,057621
0000000437,0000436000,084716,078019,087953,007036,077334,064765
0000000438,0000437000,085634,080139,085871,015949,064123,070252
0000000439,0000438000,087807,081214,082232,028528,050125,075074
0000000440,0000439000,086340,084544,081076,042082,035317,077249
0000000441,0000440000,088931,085126,077499,056495,022335,077702
0000000442,0000441000,085851,088627,077566,069619,011587,075781
0000000443,0000442000,087756,088568,075517,080470,004293,071744
0000000444,0000443000,084563,090985,077314,088369,001660,066274
0000000445,0000444000,084943,090358,077272,091865,002999,059132
0000000446,0000445000,082719,090860,079889,091653,009226,052109
0000000447,0000446000,081492,089501,081919,086614,018708,044658
0000000448,0000447000,080796,087864,084278,078339,031431,038568
0000000449,0000448000,078811,086628,087554,066726,045303,033680
0000000450,0000449000,079779,083410,089096,053716,059628,030891
0000000451,0000450000,077964,082684,092508,040067,072689,030077
0000000452,0000451000,080155,079410,092364,027463,083292,031642
0000000453,0000452000,079026,079252,094362,016964,090338,035327
0000000454,0000453000,081687,076992,092833,009525,093143,040721
0000000455,0000454000,081567,077566,092539,006131,091474,047564
0000000456,0000455000,083868,077311,090271,006676,085134,054848
0000000457,0000456000,084823,078291,088194,011839,075376,062255
0000000458,0000457000,085876,080038,085842,020304,062409,068372
0000000459,0000458000,087491,081290,082629,032187,048263,073448
0000000460,0000459000,086830,084037,081021,045419,033585,076088
0000000461,0000460000,088452,085154,077988,059492,020444,076751
0000000462,0000461000,086462,088083,077602,072541,009563,074996
0000000463,0000462000,087429,088539,076094,083562,002232,071036
0000000464,0000463000,084986,090486,077262,091628,-00649,065357
0000000465,0000464000,084837,090218,077497,095597,000681,058161
0000000466,0000465000,082809,090440,079756,095671,006737,050697
0000000467,0000466000,081650,089328,081765,091141,016308,042963
0000000468,0000467000,080704,087935,084169,083177,029005,036458
0000000469,0000468000,079179,086512,087196,071915,043048,031234
0000000470,0000469000,079568,083839,089089,059042,057587,028108
0000000471,0000470000,078338,082669,091875,045396,070878,027141
0000000472,0000471000,079828,079924,092321,032581,081733,028647
0000000473,0000472000,079309,079262,093839,021692,089099,032383
0000000474,0000473000,081382,077510,092778,013763,092160,037995
0000000475,0000474000,081731,077759,092340,009725,090668,045174
0000000476,0000475000,083698,077551,090348,009698,084567,052898
0000000477,0000476000,084752,078483,088300,014128,074846,060704
0000000478,0000477000,085872,079959,085864,022094,061947,067439
0000000479,0000478000,087189,081285,082992,033378,047649,072899
0000000480,0000479000,087036,083674,081104,046340,032915,076008
0000000481,0000480000,088110,085105,078449,060200,019497,076969
0000000482,0000481000,086813,087578,077754,073301,008378,075405
0000000483,0000482000,087207,088358,076543,084564,000853,071478
0000000484,0000483000,085304,090003,077271,092949,-02326,065632
0000000485,0000484000,084821,089977,077698,097461,-01118,058255
0000000486,0000485000,083014,090088,079702,098000,004782,050313
0000000487,0000486000,081866,089200,081658,094089,014395,042180
0000000488,0000487000,080789,087958,084050,086564,027108,035151
0000000489,0000488000,079509,086466,086876,075736,041373,029461
0000000490,0000489000,079498,084176,088913,063050,056165,025904
0000000491,0000490000,078619,082770,091338,049446,069755,024677
0000000492,0000491000,079622,080392,092168,036437,080958,026040
0000000493,0000492000,079470,079467,093382,025176,088677,029784
0000000494,0000493000,081122,078026,092663,016732,092039,035622
0000000495,0000494000,081733,077998,092155,012029,090772,043132
0000000496,0000495000,083458,077826,090364,011337,084895,051337
0000000497,0000496000,084574,078662,088358,015009,075193,059665
0000000498,0000497000,085740,079918,085975,022378,062299,067053
0000000499,0000498000,086913,081260,083340,033080,047831,073015
0000000500,0000499000,087093,083391,081291,045738,032904,076675
0000000501,0000500000,087869,084940,078915,059425,019138,078009
0000000502,0000501000,087031,087075,078004,072614,007711,076661
0000000503,0000502000,087102,088075,076944,084167,-00128,072778
0000000504,0000503000,085588,089508,077386,092986,-03657,066779
0000000505,0000504000,084909,089650,077925,098131,-02638,059113
0000000506,0000505000,083283,089755,079691,099298,003094,050644
0000000507,0000506000,082121,089049,081565,096117,012696,042004
0000000508,0000507000,080964,087918,083910,089177,025457,034331
0000000509,0000508000,079805,086463,086545,078874,039970,028044
0000000510,0000509000,079515,084478,088622,066470,055037,023959
0000000511,0000510000,078830,082962,090842,052964,068985,022370
0000000512,0000511000,079480,080863,091905,039799,080602,023504
0000000513,0000512000,079532,079814,092921,028162,088712,027233
0000000514,0000513000,080871,078552,092468,019165,092419,033291
0000000515,0000514000,081625,078311,091950,013732,091432,041154
0000000516,0000515000,083175,078162,090330,012270,085778,049897
0000000517,0000516000,084336,078868,088412,015102,076108,058854
0000000518,0000517000,085537,079927,086148,021761,063193,066960
0000000519,0000518000,086648,081229,083688,031823,048538,073552
0000000520,0000519000,087057,083134,081573,044101,033342,077849
0000000521,0000520000,087687,084678,079411,057595,019189,079634
0000000522,0000521000,087171,086564,078348,070873,007386,078549
0000000523,0000522000,087079,087694,077366,082752,-00855,074733
0000000524,0000523000,085854,088966,077615,092096,-04776,068574
0000000525,0000524000,085068,089244,078179,097966,-04008,060548
0000000526,0000525000,083587,089391,079716,099910,001516,051508
0000000527,0000526000,082403,088834,081491,097584,011066,042246
0000000528,0000527000,081201,087827,083742,091381,023887,033814
0000000529,0000528000,080088,086492,086185,081723,038636,026818
0000000530,0000529000,079599,084757,088253,069715,053994,022105
0000000531,0000530000,079003,083230,090336,056382,068346,020044
0000000532,0000531000,079386,081374,091518,043103,080416,020884
0000000533,0000532000,079529,080273,092422,031091,088954,024573
0000000534,0000533000,080627,079111,092190,021493,093060,030833
0000000535,0000534000,081447,078728,091698,015259,092407,039076
0000000536,0000535000,082865,078573,090248,012913,086990,048423
0000000537,0000536000,084052,079116,088471,014797,077389,058094
0000000538,0000537000,085277,079992,086355,020609,064464,066991
0000000539,0000538000,086373,081204,084042,029929,049616,074339
0000000540,0000539000,086949,082875,081949,041720,034117,079362
0000000541,0000540000,087528,084340,079958,054964,019563,081671
0000000542,0000541000,087255,086033,078787,068302,007331,080911
0000000543,0000542000,087103,087209,077850,080522,-01375,077199
0000000544,0000543000,086102,088354,077955,090457,-05725,070871
0000000545,0000544000,085277,088749,078468,097140,-05274,062442
0000000546,0000545000,083915,088962,079785,099998,-00009,052792
0000000547,0000546000,082719,088542,081443,098659,009444,042807
0000000548,0000547000,081490,087693,083548,093354,022307,033520
0000000549,0000548000,080387,086531,085794,084480,037257,025714
0000000550,0000549000,079745,085021,087817,073002,052908,020271
0000000551,0000550000,079167,083565,089780,059937,067685,017638
0000000552,0000551000,079336,081936,091007,046604,080224,018122
0000000553,0000552000,079495,080831,091862,034231,089223,021733
0000000554,0000553000,080395,079737,091817,023998,093782,028169
0000000555,0000554000,081224,079262,091382,016893,093510,036816
0000000556,0000555000,082529,079065,090120,013550,088367,046814
0000000557,0000556000,083725,079426,088522,014360,078897,057265
0000000558,0000557000,084963,080122,086574,019173,065992,067032
0000000559,0000558000,086067,081189,084420,027616,050973,075245
0000000560,0000559000,086775,082609,082416,038787,035181,081075
0000000561,0000560000,087363,083946,080566,051688,020230,083990
0000000562,0000561000,087288,085461,079333,065025,007537,083627
0000000563,0000562000,087147,086613,078428,077573,-01669,080055
0000000564,0000563000,086334,087660,078404,088137,-06481,073567
0000000565,0000564000,085520,088157,078812,095708,-06416,064723
0000000566,0000565000,084266,088441,079918,099603,-01468,054431
0000000567,0000566000,083075,088167,081424,099390,007831,043643
0000000568,0000567000,081835,087513,083334,095152,020682,033428
0000000569,0000568000,080720,086557,085377,087220,035777,024723
0000000570,0000569000,079957,085274,087313,076428,051699,018452
0000000571,0000570000,079348,083963,089145,063755,066885,015156
0000000572,0000571000,079334,082556,090374,050455,079886,015223
0000000573,0000572000,079451,081483,091221,037762,089370,018701
0000000574,0000573000,080175,080455,091329,026881,094425,025278
0000000575,0000574000,080970,079920,090984,018848,094581,034338
0000000576,0000575000,082169,079645,089935,014399,089770,045009
0000000577,0000576000,083351,079818,088546,014003,080510,056283
0000000578,0000577000,084591,080325,086789,017653,067680,066988
0000000579,0000578000,085714,081191,084830,025055,052547,076156
0000000580,0000579000,086532,082341,082968,035444,036513,082865
0000000581,0000580000,087168,083511,081248,047870,021197,086471
0000000582,0000581000,087267,084835,079999,061110,008043,086582
0000000583,0000582000,087188,085905,079119,073937,-01670,083198
0000000584,0000583000,086548,086873,078966,085135,-06976,076581
0000000585,0000584000,085787,087451,079237,093647,-07363,067335
0000000586,0000585000,084641,087810,080133,098687,-02796,056388
0000000587,0000586000,083474,087701,081442,099741,006270,044747
0000000588,0000587000,082238,087273,083113,096745,019024,033555
0000000589,0000588000,081103,086548,084937,089938,034177,023878
0000000590,0000589000,080238,085517,086736,080016,050311,016691
0000000591,0000590000,079567,084416,088415,067890,065849,012653
0000000592,0000591000,079385,083233,089618,054747,079278,012231
0000000593,0000592000,079420,082234,090473,041808,089254,015507
0000000594,0000593000,079974,081284,090709,030298,094828,022178
0000000595,0000594000,080695,080704,090487,021302,095459,031634
0000000596,0000595000,081784,080329,089678,015653,091058,042969
0000000597,0000596000,082931,080312,088522,013916,082102,055087
0000000598,0000597000,084159,080610,086994,016227,069436,066778
0000000599,0000598000,085304,081224,085274,022402,054291,076962
0000000600,0000599000,086215,082083,083596,031813,038108,084614
0000000601,0000600000,086925,083042,082017,043592,022493,088994
0000000602,0000601000,087187,084143,080801,056594,008921,089656
0000000603,0000602000,087208,085090,079939,069609,-01278,086520
0000000604,0000603000,086738,085983,079657,081408,-07098,079832
0000000605,0000604000,086068,086616,079772,090885,-07995,070225
0000000606,0000605000,085038,087054,080446,097159,-03883,058634
0000000607,0000606000,083918,087133,081510,099616,004847,046131
0000000608,0000607000,082701,086953,082903,098044,017380,033943
0000000609,0000608000,081547,086488,084479,092563,032473,023239
0000000610,0000609000,080595,085748,086083,083725,048708,015072
0000000611,0000610000,079842,084910,087582,072347,064493,010223
0000000612,0000611000,079500,083965,088732,059529,078282,009235
0000000613,0000612000,079418,083088,089592,046464,088722,012226
0000000614,0000613000,079800,082234,089938,034384,094817,018925
0000000615,0000614000,080413,081619,089873,024420,095970,028726
0000000616,0000615000,081378,081135,089323,017501,092068,040681
0000000617,0000616000,082467,080928,088428,014293,083532,053632
0000000618,0000617000,083667,080987,087180,015084,071160,066319
0000000619,0000618000,084827,081305,085746,019820,056153,077548
0000000620,0000619000,085818,081850,084294,028026,039961,086191
0000000621,0000620000,086616,082546,082887,038939,024166,091418
0000000622,0000621000,087037,083386,081748,051511,010270,092705
0000000623,0000622000,087187,084173,080903,064569,-00359,089895
0000000624,0000623000,086895,084979,080497,076887,-06694,083223
0000000625,0000624000,086347,085638,080446,087314,-08148,073325
0000000626,0000625000,085451,086162,080874,094882,-04574,061143
0000000627,0000626000,084402,086446,081647,098864,003685,047816
0000000628,0000627000,083224,086529,082724,098901,015840,034648
0000000629,0000628000,082061,086361,084007,094970,030704,022899
0000000630,0000629000,081036,085957,085354,087463,046868,013716
0000000631,0000630000,080191,085429,086642,077077,062740,008003
0000000632,0000631000,079692,084752,087708,064806,076770,006368
0000000633,0000632000,079468,084047,088552,051792,087601,008981
0000000634,0000633000,079666,083309,089000,039256,094193,015618
0000000635,0000634000,080140,082672,089116,028367,095910,025669
0000000636,0000635000,080962,082084,088842,020137,092605,038158
0000000637,0000636000,081964,081683,088244,015348,084626,051884
0000000638,0000637000,083114,081471,087330,014438,072724,065529
0000000639,0000638000,084277,081458,086232,017506,058063,077786
0000000640,0000639000,085332,081658,085054,024243,042062,087440
0000000641,0000640000,086224,082033,083866,034023,026274,093565
0000000642,0000641000,086801,082570,082848,045912,012212,095545
0000000643,0000642000,087103,083161,082028,058806,001252,093159
0000000644,0000643000,087002,083853,081513,071497,-05564,086616
0000000645,0000644000,086609,084509,081286,082806,-07604,076537
0000000646,0000645000,085868,085125,081438,091683,-04664,063871
0000000647,0000646000,084920,085620,081878,097291,002964,049814
0000000648,0000647000,083805,085982,082599,099112,014541,035734
0000000649,0000648000,082651,086149,083531,096967,028943,022977
0000000650,0000649000,081570,086126,084559,091072,044791,012788
0000000651,0000650000,080633,085952,085596,081973,060520,006179
0000000652,0000651000,079978,085584,086533,070534,074605,003824
0000000653,0000652000,079593,085105,087337,057818,085694,005959
0000000654,0000653000,079592,084507,087878,045009,092722,012408
0000000655,0000654000,079896,083870,088190,033299,095027,022567
0000000656,0000655000,080549,083190,088207,023772,092417,035449
0000000657,0000656000,081433,082588,087948,017323,085164,049828
0000000658,0000657000,082507,082080,087423,014546,073961,064323
0000000659,0000658000,083648,081708,086712,015706,059915,077535
0000000660,0000659000,084749,081523,085868,020681,044386,088169
0000000661,0000660000,085730,081521,084956,029007,028876,095204
0000000662,0000661000,086461,081714,084103,039896,014880,097937
0000000663,0000662000,086931,082065,083328,052339,003753,096084
0000000664,0000663000,087036,082604,082725,065179,-03462,089813
0000000665,0000664000,086829,083229,082314,077226,-06090,079716
0000000666,0000665000,086270,083932,082164,087366,-03883,066739
0000000667,0000666000,085459,084637,082235,094652,002928,052121
0000000668,0000667000,084437,085295,082550,098412,013674,037275
0000000669,0000668000,083317,085834,083068,098291,027311,023621
0000000670,0000669000,082204,086230,083716,094313,042511,012497
0000000671,0000670000,081182,086454,084451,086847,057777,005002
0000000672,0000671000,080377,086447,085206,076596,071641,001874
0000000673,0000672000,079818,086242,085937,064506,082778,003425
0000000674,0000673000,079605,085816,086556,051700,090128,009525
0000000675,0000674000,079708,085213,087068,039358,093015,019593
0000000676,0000675000,080164,084459,087390,028624,091195,032657
0000000677,0000676000,080893,083654,087514,020494,084863,047475
0000000678,0000677000,081855,082834,087430,015718,074643,062621
0000000679,0000678000,082946,082078,087160,014739,061556,076628
0000000680,0000679000,084065,081468,086717,017637,046872,088137
0000000681,0000680000,085122,081040,086141,024141,032014,096041
0000000682,0000681000,085997,080846,085503,033639,018416,099561
0000000683,0000682000,086645,080907,084811,045256,007372,098352
0000000684,0000683000,086968,081249,084146,057919,-00091,092530
0000000685,0000684000,086976,081810,083549,070462,-03276,082639
0000000686,0000685000,086631,082583,083080,081727,-01892,069612
0000000687,0000686000,085994,083490,082748,090671,003893,054699
0000000688,0000687000,085103,084455,082606,096472,013501,039338
0000000689,0000688000,084053,085395,082646,098593,025983,025005
0000000690,0000689000,082939,086241,082850,096849,040104,013106
0000000691,0000690000,081853,086905,083226,091402,054479,004800
0000000692,0000691000,080911,087305,083738,082764,067736,000886
0000000693,0000692000,080173,087424,084358,071726,078616,001744
0000000694,0000693000,079737,087209,085030,059304,086099,007300
0000000695,0000694000,079610,086683,085731,046637,089511,017014
0000000696,0000695000,079837,085879,086370,034892,088560,029954
0000000697,0000696000,080371,084879,086913,025153,083366,044886
0000000698,0000697000,081181,083743,087317,018314,074469,060362
0000000699,0000698000,082181,082588,087545,015004,062769,074885
0000000700,0000699000,083281,081521,087570,015515,049412,087055
0000000701,0000700000,084389,080627,087393,019796,035698,095704
0000000702,0000701000,085390,080008,087024,027446,022942,099998
0000000703,0000702000,086215,079728,086462,037764,012339,099538
0000000704,0000703000,086764,079826,085773,049806,004869,094371
0000000705,0000704000,087012,080284,084998,062470,001221,084981
0000000706,0000705000,086912,081099,084204,074595,001711,072264
0000000707,0000706000,086492,082187,083444,085064,006249,057448
0000000708,0000707000,085776,083460,082798,092919,014358,041963
0000000709,0000708000,084839,084814,082303,097439,025210,027311
0000000710,0000709000,083766,086126,082007,098221,037714,014920
0000000711,0000710000,082647,087263,081961,095201,050648,005977
0000000712,0000711000,081595,088109,082169,088660,062786,001325
0000000713,0000712000,080686,088595,082631,079194,072988,001401
0000000714,0000713000,080023,088636,083315,067663,080317,006189
0000000715,0000714000,079647,088235,084183,055119,084125,015216
0000000716,0000715000,079614,087415,085138,042708,084087,027617
0000000717,0000716000,079910,086241,086123,031569,080258,042196
0000000718,0000717000,080521,084804,087048,022721,073066,057529
0000000719,0000718000,081383,083248,087823,016971,063262,072131
0000000720,0000719000,082417,081713,088377,014832,051822,084603
0000000721,0000720000,083535,080334,088654,016491,039865,093758
0000000722,0000721000,084629,079262,088614,021789,028525,098740
0000000723,0000722000,085614,078596,088238,030245,018848,099100
0000000724,0000723000,086386,078406,087570,041095,011719,094814
0000000725,0000724000,086890,078717,086644,053355,007781,086292
0000000726,0000725000,087063,079531,085536,065908,007359,074361
0000000727,0000726000,086900,080768,084338,077604,010433,060181
0000000728,0000727000,086408,082331,083157,087378,016644,045137
0000000729,0000728000,085637,084084,082089,094339,025319,030697
0000000730,0000729000,084658,085856,081247,097866,035570,018256
0000000731,0000730000,083555,087474,080725,097649,046395,008983
0000000732,0000731000,082431,088787,080571,093714,056774,003734
0000000733,0000732000,081378,089667,080822,086416,065751,002980
0000000734,0000733000,080500,090009,081466,076409,072523,006766
0000000735,0000734000,079867,089784,082458,064595,076502,014712
0000000736,0000735000,079550,088989,083713,052046,077365,026042
0000000737,0000736000,079570,087684,085137,039906,075103,039645
0000000738,0000737000,079933,085984,086595,029281,070018,054182
0000000739,0000738000,080600,084053,087946,021134,062674,068241
0000000740,0000739000,081510,082069,089064,016192,053825,080480
0000000741,0000740000,082584,080219,089836,014892,044342,089758
0000000742,0000741000,083721,078688,090179,017340,035110,095231
0000000743,0000742000,084830,077612,090049,023319,026970,096421
0000000744,0000743000,085804,077101,089456,032293,020649,093239
0000000745,0000744000,086562,077217,088426,043460,016696,086006
0000000746,0000745000,087024,077976,087042,055813,015418,075443
0000000747,0000746000,087154,079313,085418,068228,016852,062598
0000000748,0000747000,086932,081119,083704,079576,020767,048743
0000000749,0000748000,086386,083221,082058,088831,026692,035237
0000000750,0000749000,085563,085411,080651,095168,033994,023372
0000000751,0000750000,084537,087482,079621,098027,041959,014237
0000000752,0000751000,083402,089244,079062,097162,049844,008652
0000000753,0000752000,082250,090527,079047,092649,056938,007098
0000000754,0000753000,081192,091198,079588,084888,062631,009675
0000000755,0000754000,080313,091192,080650,074564,066450,016104
0000000756,0000755000,079706,090477,082155,062604,068110,025737
0000000757,0000756000,079422,089106,083981,050091,067556,037600
0000000758,0000757000,079493,087207,085946,038160,064946,050510
0000000759,0000758000,079908,084969,087860,027889,060621,063211
0000000760,0000759000,080627,082605,089540,020191,055057,074502
0000000761,0000760000,081588,080339,090819,015746,048807,083352
0000000762,0000761000,082701,078380,091582,014941,042447,088983
0000000763,0000762000,083876,076902,091750,017846,036544,090917
0000000764,0000763000,085004,076060,091291,024206,031603,089016
0000000765,0000764000,085991,075943,090223,033464,028021,083507
0000000766,0000765000,086737,076589,088630,044795,026045,074967
0000000767,0000766000,087178,077956,086637,057179,025750,064276
0000000768,0000767000,087265,079918,084442,069494,027041,052517
0000000769,0000768000,086996,082274,082263,080628,029693,040842
0000000770,0000769000,086398,084791,080314,089593,033384,030351
0000000771,0000770000,085523,087234,078783,095598,037742,021987
0000000772,0000771000,084453,089382,077804,098119,042371,016471
0000000773,0000772000,083275,091040,077478,096935,046870,014257
0000000774,0000773000,082095,092039,077852,092145,050877,015490
0000000775,0000774000,081013,092275,078913,084165,054101,019987
0000000776,0000775000,080135,091700,080584,073695,056343,027256
0000000777,0000776000,079541,090349,082723,061675,057516,036531
0000000778,0000777000,079291,088356,085117,049189,057636,046863
0000000779,0000778000,079404,085929,087522,037363,056785,057247
0000000780,0000779000,079865,083307,089707,027248,055107,066720
0000000781,0000780000,080634,080732,091466,019734,052787,074439
0000000782,0000781000,081641,078429,092649,015478,050032,079747
0000000783,0000782000,082799,076609,093143,014851,047076,082211
0000000784,0000783000,084008,075457,092876,017913,044138,081674
0000000785,0000784000,085165,075092,091852,024402,041400,078269
0000000786,0000785000,086161,075572,090146,033755,039003,072402
0000000787,0000786000,086903,076876,087896,045141,037032,064719
0000000788,0000787000,087316,078868,085336,057533,035534,056029
0000000789,0000788000,087367,081331,082732,069815,034557,047178
0000000790,0000789000,087056,084028,080329,080896,034136,038976
0000000791,0000790000,086413,086705,078352,089802,034279,032144
0000000792,0000791000,085494,089123,076979,095755,034987,027240
0000000793,0000792000,084380,091073,076326,098234,036225,024645
0000000794,0000793000,083166,092357,076480,097021,037936,024518
0000000795,0000794000,081957,092831,077460,092210,040068,026764
0000000796,0000795000,080862,092445,079179,084213,042559,031068
0000000797,0000796000,079984,091220,081492,073731,045310,036940
0000000798,0000797000,079411,089271,084169,061704,048202,043743
0000000799,0000798000,079192,086825,086919,049217,051051,050816
0000000800,0000799000,079340,084126,089480,037380,053622,057539
0000000801,0000800000,079840,081398,091643,027231,055707,063332
0000000802,0000801000,080648,078895,093202,019658,057128,067707
0000000803,0000802000,081692,076855,094003,015322,057712,070353
0000000804,0000803000,082883,075461,093972,014601,057344,071124
0000000805,0000804000,084120,074861,093082,017568,055953,070059
0000000806,0000805000,085290,075143,091385,023975,053517,067387
0000000807,0000806000,086287,076273,089048,033268,050110,063463
0000000808,0000807000,087012,078137,086305,044622,045919,058728
0000000809,0000808000,087397,080522,083454,057011,041253,053648
0000000810,0000809000,087420,083191,080759,069331,036523,048652
0000000811,0000810000,087078,085915,078452,080503,032146,044152
0000000812,0000811000,086404,088438,076749,089549,028518,040502
0000000813,0000812000,085455,090527,075811,095681,026015,037940
0000000814,0000813000,084316,091995,075722,098367,024937,036590
0000000815,0000814000,083082,092683,076525,097364,025500,036448
0000000816,0000815000,081864,092511,078158,092745,027810,037386
0000000817,0000816000,080771,091512,080458,084902,031799,039219
0000000818,0000817000,079908,089778,083204,074522,037213,041718
0000000819,0000818000,079360,087516,086087,062542,043623,044630
0000000820,0000819000,079162,084959,088838,050030,050436,047742
0000000821,0000820000,079335,082294,091249,038086,057044,050815
0000000822,0000821000,079856,079786,093085,027755,062869,053604
0000000823,0000822000,080683,077699,094137,019933,067325,055964
0000000824,0000823000,081741,076193,094343,015301,069912,057820
0000000825,0000824000,082941,075412,093669,014265,070295,059122
0000000826,0000825000,084177,075475,092130,016928,068269,059908
0000000827,0000826000,085339,076343,089900,023074,063858,060221
0000000828,0000827000,086319,077898,087226,032171,057378,060070
0000000829,0000828000,087020,079990,084369,043403,049378,059466
0000000830,0000829000,087389,082410,081590,055765,040579,058434
0000000831,0000830000,087395,084935,079149,068168,031791,057005
0000000832,0000831000,087043,087337,077253,079528,023825,055241
0000000833,0000832000,086361,089387,076094,088857,017443,053209
0000000834,0000833000,085415,090883,075782,095347,013320,050952
0000000835,0000834000,084281,091699,076347,098434,011963,048521
0000000836,0000835000,083062,091761,077732,097836,013641,046000
0000000837,0000836000,081860,091066,079816,093590,018337,043527
0000000838,0000837000,080792,089711,082366,086055,025712,041286
0000000839,0000838000,079952,087855,085117,075901,035116,039507
0000000840,0000839000,079418,085658,087827,064034,045686,038394
0000000841,0000840000,079229,083315,090266,051506,056462,038093
0000000842,0000841000,079400,081064,092191,039411,066450,038701
0000000843,0000842000,079916,079126,093409,028802,074686,040275
0000000844,0000843000,080723,077669,093829,020596,080326,042820
0000000845,0000844000,081760,076822,093404,015503,082733,046256
0000000846,0000845000,082927,076672,092175,013976,081538,050415
0000000847,0000846000,084134,077187,090284,016160,076725,055010
0000000848,0000847000,085262,078296,087938,021877,068676,059631
0000000849,0000848000,086215,079896,085341,030626,058105,063830
0000000850,0000849000,086901,081825,082756,041628,045977,067190
0000000851,0000850000,087268,083889,080421,053905,033424,069332
0000000852,0000851000,087287,085915,078530,066383,021621,069983
0000000853,0000852000,086955,087697,077275,077973,011683,068983
0000000854,0000853000,086312,089046,076784,087676,004620,066269
0000000855,0000854000,085407,089881,077070,094652,001204,061927
0000000856,0000855000,084324,090142,078079,098293,001854,056241
0000000857,0000856000,083150,089814,079729,098270,006610,049656
0000000858,0000857000,081996,088960,081828,094572,015099,042749
0000000859,0000858000,080959,087686,084167,087519,026544,036196
0000000860,0000859000,080137,086088,086548,077736,039889,030641
0000000861,0000860000,079601,084326,088749,066091,053910,026638
0000000862,0000861000,079391,082593,090544,053606,067284,024643
0000000863,0000862000,079526,081044,091775,041370,078721,024962
0000000864,0000863000,079984,079819,092347,030441,087093,027702
0000000865,0000864000,080729,079026,092204,021760,091525,032760
0000000866,0000865000,081692,078706,091399,016080,091500,039798
0000000867,0000866000,082797,078837,090042,013903,086958,048224
0000000868,0000867000,083941,079409,088260,015427,078289,057265
0000000869,0000868000,085028,080356,086215,020525,066275,066070
0000000870,0000869000,085957,081570,084119,028747,052037,073782
0000000871,0000870000,086648,082936,082161,039365,036914,079622
0000000872,0000871000,087044,084329,080511,051445,022329,082975
0000000873,0000872000,087114,085595,079341,063931,009677,083423
0000000874,0000873000,086859,086618,078743,075746,000212,080781
0000000875,0000874000,086300,087348,078731,085871,-05117,075168
0000000876,0000875000,085489,087739,079280,093432,-05759,067013
0000000877,0000876000,084490,087778,080329,097770,-01607,057011
0000000878,0000877000,083395,087495,081750,098501,006978,046074
0000000879,0000878000,082294,086928,083410,095557,019190,035243
0000000880,0000879000,081289,086120,085166,089196,033894,025555
0000000881,0000880000,080465,085171,086840,079981,049712,017957
0000000882,0000881000,079894,084193,088262,068721,065132,013248
0000000883,0000882000,079620,083262,089323,056399,078668,011972
0000000884,0000883000,079661,082460,089944,044081,089013,014360
0000000885,0000884000,080013,081848,090080,032827,095147,020302
0000000886,0000885000,080642,081433,089773,023606,096460,029332
0000000887,0000886000,081499,081216,089078,017216,092829,040640
0000000888,0000887000,082507,081217,088057,014215,084595,053183
0000000889,0000888000,083583,081412,086815,014864,072528,065789
0000000890,0000889000,084628,081761,085487,019106,057780,077243
0000000891,0000890000,085554,082234,084184,026565,041757,086418
0000000892,0000891000,086282,082777,083026,036585,025981,092397
0000000893,0000892000,086752,083320,082129,048293,011971,094525
0000000894,0000893000,086931,083840,081537,060675,001077,092504
0000000895,0000894000,086801,084328,081263,072669,-05674,086452
0000000896,0000895000,086379,084751,081314,083241,-07652,076879
0000000897,0000896000,085697,085103,081663,091483,-04678,064637
0000000898,0000897000,084814,085386,082245,096682,002943,050864
0000000899,0000898000,083805,085580,083011,098386,014466,036862
0000000900,0000899000,082759,085675,083886,096453,028791,023959
0000000901,0000900000,081765,085696,084766,091055,044539,013413
0000000902,0000901000,080906,085644,085580,082659,060183,006297
0000000903,0000902000,080255,085507,086279,072013,074232,003324
0000000904,0000903000,079861,085295,086817,060025,085357,004845
0000000905,0000904000,077300,085243,087420,050793,091887,010173
0000000906,0000905000,069638,086557,089329,054051,094849,020446
0000000907,0000906000,075179,085533,088817,063133,094201,034895
0000000908,0000907000,082951,081191,084887,058046,087344,049549
0000000909,0000908000,081608,083036,093212,051873,077708,058854
0000000910,0000909000,074675,080249,099636,054561,061705,049918
0000000911,0000910000,082961,082028,092383,065645,048077,043686
0000000912,0000911000,094615,075590,080727,059664,036078,047190
0000000913,0000912000,096116,067480,085938,054229,045327,059489
0000000914,0000913000,089844,075263,094016,050127,050402,048307
0000000915,0000914000,085117,081561,079052,060283,048369,040781
0000000916,0000915000,098732,085032,070900,064073,043208,050786
0000000917,0000916000,099359,078517,074775,048890,040443,055147
0000000918,0000917000,085565,081241,081294,049491,052835,053870
0000000919,0000918000,082855,096295,079244,057405,050211,043829
0000000920,0000919000,086443,095045,066768,060146,040314,047468
0000000921,0000920000,089819,089523,073516,054336,042852,060585
0000000922,0000921000,078219,089791,085937,045628,046707,054147
0000000923,0000922000,067830,095839,083899,056460,049986,047319
0000000924,0000923000,076806,099998,080048,062402,041657,049177
0000000925,0000924000,079622,088273,082409,053804,036856,056696
0000000926,0000925000,072781,083443,095442,051343,046908,058507
0000000927,0000926000,067562,088897,098352,055125,047033,046328
0000000928,0000927000,072464,087055,088371,063350,041422,047140
0000000929,0000928000,084115,079755,091236,059280,038777,056223
0000000930,0000929000,080503,071970,099246,050320,042871,054323
0000000931,0000930000,075666,075591,099615,057637,049853,047914
0000000932,0000931000,084674,079992,090521,063397,043016,043796
0000000933,0000932000,093240,071954,083612,059128,039488,052036
0000000934,0000933000,093601,069085,090903,052717,046128,055846
0000000935,0000934000,087118,074702,090777,053282,049286,045598
0000000936,0000935000,090172,081314,078884,062454,047326,044241
0000000937,0000936000,099998,081255,073802,058950,041507,051065
0000000938,0000937000,095994,076796,077167,050131,044885,054911
0000000939,0000938000,087052,084477,080971,052125,052257,050219
0000000940,0000939000,085520,093524,074073,057868,046701,044504
0000000941,0000940000,089825,092057,068269,058769,042068,051970
0000000942,0000941000,088447,089560,076501,050735,044186,057485
0000000943,0000942000,076411,091849,082790,049770,048231,051661
0000000944,0000943000,073311,098133,080391,058539,047505,048114
0000000945,0000944000,078626,096716,078051,058124,040222,051694
0000000946,0000945000,076717,088375,085144,052463,041016,058393
0000000947,0000946000,070467,088125,095167,052591,046887,053427
0000000948,0000947000,068615,090589,092666,058210,044896,046622
0000000949,0000948000,075888,086953,088611,061511,040480,051542
0000000950,0000949000,080360,078788,094351,054903,040020,055982
0000000951,0000950000,075446,075119,099998,053147,045689,052391
0000000952,0000951000,076544,078874,097595,060139,046485,046481
0000000953,0000952000,086028,076927,089451,062180,040797,047030
0000000954,0000953000,091673,070542,089062,056607,042152,054116
0000000955,0000954000,089118,070667,093669,052821,047034,051723
0000000956,0000955000,086977,075715,088323,057878,048182,044793
0000000957,0000956000,094279,079035,079100,061407,044354,047332
0000000958,0000957000,098617,076325,077764,055386,042493,052526
0000000959,0000958000,093351,077142,080730,051837,048469,051982
0000000960,0000959000,088709,086411,078143,055033,050329,046669
0000000961,0000960000,090180,090648,070677,058371,044417,047918
0000000962,0000961000,092015,088520,071472,055074,043049,054782
0000000963,0000962000,085249,089082,078469,049577,047035,054227
0000000964,0000963000,077152,094792,079338,054510,048497,048826
0000000965,0000964000,079188,098119,075682,058822,044187,049266
0000000966,0000965000,080378,093706,077851,054230,041023,055492
0000000967,0000966000,073938,089953,087904,050970,044593,057050
0000000968,0000967000,068416,092355,092029,055177,046431,049647
0000000969,0000968000,071478,092132,087812,060440,042577,048497
0000000970,0000969000,077579,085711,089353,057999,039570,054794
0000000971,0000970000,075914,079238,097078,052621,043134,055137
0000000972,0000971000,072169,080035,099513,055965,046633,049704
0000000973,0000972000,077500,080902,094349,061689,042925,046978
0000000974,0000973000,086238,074521,090849,060066,039821,051433
0000000975,0000974000,088055,069712,094578,054525,044303,053524
0000000976,0000975000,085165,072594,094654,055169,047997,047914
0000000977,0000976000,088618,076902,086182,060761,046093,045157
0000000978,0000977000,096430,075749,080481,059225,042061,050553
0000000979,0000978000,096379,072843,082605,053318,044719,053196
0000000980,0000979000,091209,077839,083075,053774,050018,048480
0000000981,0000980000,090890,086121,075480,057965,048164,045155
0000000982,0000981000,094596,087300,069843,057659,043229,050890
0000000983,0000982000,092714,085487,074335,051922,044593,055465
0000000984,0000983000,083803,089248,078965,050849,048965,051421
0000000985,0000984000,079788,096298,075900,056953,047752,047443
0000000986,0000985000,082906,096799,072792,057865,042342,051268
0000000987,0000986000,081259,092005,078551,052273,042458,056885
0000000988,0000987000,073056,091931,087418,050940,046686,054405
0000000989,0000988000,068980,095381,087806,056774,045891,048632
0000000990,0000989000,073585,093237,085106,060035,040962,051009
0000000991,0000990000,076799,085510,090146,055483,040077,056073
0000000992,0000991000,072677,081428,097792,052742,044915,053865
0000000993,0000992000,070978,083554,097744,057724,046082,048219
0000000994,0000993000,077748,081904,092617,061529,041147,048714
0000000995,0000994000,084624,074204,093098,058158,040042,053670
0000000996,0000995000,084240,070501,097660,054166,045164,052421
0000000997,0000996000,082991,073995,095003,057319,047733,046428
0000000998,0000997000,089163,076518,086484,061342,044242,046398
0000000999,0000998000,095953,073165,083200,057896,041822,051775
0000001000,0000999000,094584,071545,085824,053216,046128,052410
0000001001,0001000000,090766,077711,083863,055193,049718,046914
0000001002,0001001000,092718,084055,075309,059010,046624,045846
0000001003,0001002000,096504,084054,071532,056759,043330,051828
0000001004,0001003000,092978,083542,075805,051407,045960,054221
0000001005,0001004000,085115,089035,077841,052411,049396,049862
0000001006,0001005000,083143,095491,073639,057280,046789,047791
0000001007,0001006000,085137,095021,071995,056501,042461,052545
0000001008,0001007000,081695,091840,078517,051767,043887,056196
0000001009,0001008000,073951,093510,084851,051977,047145,052544
0000001010,0001009000,071247,096665,084124,057066,045304,049246
0000001011,0001010000,074650,093837,083730,058299,040873,052690
0000001012,0001011000,075150,087063,089990,054409,041279,055858
0000001013,0001012000,071120,084640,096279,053775,045248,052765
0000001014,0001013000,070927,085792,095563,058245,044794,048683
0000001015,0001014000,076965,082473,092642,060273,040826,050495
0000001016,0001015000,081572,075578,095022,056966,041057,053821
0000001017,0001016000,080999,072796,098439,055150,045085,051359
0000001018,0001017000,082091,074880,095083,058660,046212,046863
0000001019,0001018000,088540,075184,088521,060361,043408,047986
0000001020,0001019000,093363,071932,086820,057077,042735,051785
0000001021,0001020000,092585,071616,087934,054615,046427,050768
0000001022,0001021000,091553,076715,083971,056671,048304,046667
0000001023,0001022000,094292,080814,076976,058397,045696,047602
0000001024,0001023000,096401,081020,074793,055775,044387,051605
0000001025,0001024000,092891,082635,076629,052565,047149,051901
0000001026,0001025000,087922,088232,075958,054231,048258,049278
0000001027,0001026000,087027,092506,072691,056576,045857,049255
0000001028,0001027000,086592,092729,072782,054691,044164,052809
0000001029,0001028000,081622,092862,077699,052156,045491,054132
0000001030,0001029000,076405,094938,080846,054052,046163,051420
0000001031,0001030000,075101,096146,080850,056343,044383,051004
0000001032,0001031000,075049,093664,083511,055441,042180,054106
0000001033,0001032000,072863,089976,089285,054510,043234,053888
0000001034,0001033000,071087,088729,092329,055778,044492,051511
0000001035,0001034000,072395,087200,092611,057701,042867,051083
0000001036,0001035000,075442,082486,094167,057648,041382,052678
0000001037,0001036000,076984,078258,096972,056470,043086,052192
0000001038,0001037000,078248,076752,097145,057504,044329,049796
0000001039,0001038000,082473,075496,094174,059486,043485,048801
0000001040,0001039000,087195,073137,091876,057760,043384,050519
0000001041,0001040000,088654,071941,091503,056306,044702,050691
0000001042,0001041000,089911,073182,089099,057520,045921,048306
0000001043,0001042000,093423,075327,083403,058475,045690,047482
0000001044,0001043000,095728,076341,080074,056308,045152,050293
0000001045,0001044000,094445,078178,079575,054502,046556,050618
0000001046,0001045000,092172,082724,077234,055072,047993,048633
0000001047,0001046000,091771,086912,073495,056458,045875,049394
0000001048,0001047000,091343,087836,072971,054986,044917,051767
0000001049,0001048000,087307,089719,075115,052687,046852,052190
0000001050,0001049000,081770,094184,076230,053518,047359,050821
0000001051,0001050000,080010,096336,075804,056159,044472,051063
0000001052,0001051000,079515,094464,078184,054982,043001,053735
0000001053,0001052000,075480,092727,083964,052779,044395,054517
0000001054,0001053000,071151,093344,087648,054873,045469,051358
0000001055,0001054000,071789,092933,087443,057738,043238,050738
0000001056,0001055000,074296,088286,089577,056833,041064,053789
0000001057,0001056000,073809,083023,095318,054868,042491,054355
0000001058,0001057000,072623,081592,097963,056373,044844,050486
0000001059,0001058000,075964,080921,095265,059638,043377,048675
0000001060,0001059000,082162,076610,093394,059277,041320,051124
0000001061,0001060000,084877,072093,095197,056005,043252,052427
0000001062,0001061000,084469,072381,095294,056142,046191,049378
0000001063,0001062000,087393,074701,090079,059410,045409,046888
0000001064,0001063000,093489,074102,084558,059360,043428,048900
0000001065,0001064000,095742,072747,083674,055410,044834,051478
0000001066,0001065000,093101,075781,083289,054163,048008,049517
0000001067,0001066000,092084,081637,078428,056850,047751,047108
0000001068,0001067000,094400,084478,073296,057487,044897,049323
0000001069,0001068000,094081,084411,073659,054158,044863,052668
0000001070,0001069000,088726,087218,076212,052270,047818,051630
0000001071,0001070000,083965,093096,075105,054585,047967,049141
0000001072,0001071000,083339,095793,073016,056385,044478,050842
0000001073,0001072000,082287,093825,076060,054199,043042,054469
0000001074,0001073000,077159,092847,082154,052356,045318,054016
0000001075,0001074000,072398,095010,084749,054659,046146,050907
0000001076,0001075000,072597,095085,084487,057435,043132,051131
0000001077,0001076000,074352,090320,087477,056344,041139,054215
0000001078,0001077000,072943,085667,093552,054351,043056,054306
0000001079,0001078000,071141,084612,096409,056115,044722,050856
0000001080,0001079000,074035,083384,094735,059262,042943,049504
0000001081,0001080000,079363,078732,094077,058697,041300,051707
0000001082,0001081000,081668,074062,096425,056244,042982,052468
0000001083,0001082000,082139,073389,096635,056826,045403,049485
0000001084,0001083000,085517,074494,092151,059131,044929,047630
0000001085,0001084000,090802,073469,087876,058874,043356,049479
0000001086,0001085000,093440,071888,086842,056372,044531,050803
0000001087,0001086000,092982,074016,085154,055561,047251,048881
0000001088,0001087000,093116,078529,080520,056782,047057,047879
0000001089,0001088000,094784,081043,076341,057006,045303,049379
0000001090,0001089000,094619,082255,075279,054836,045793,051082
0000001091,0001090000,091172,085588,075408,053676,047266,050756
0000001092,0001091000,087958,089877,074309,054813,047012,049871
0000001093,0001092000,086323,092698,073144,055151,045673,050892
0000001094,0001093000,083384,093785,074985,053504,045087,053096
0000001095,0001094000,079438,094237,078486,054186,044858,052677
0000001096,0001095000,076744,094790,080640,054840,045068,051778
0000001097,0001096000,074730,094788,082636,054919,044196,052594
0000001098,0001097000,072815,092868,086488,055114,043178,053410
0000001099,0001098000,072026,090242,089872,055996,043156,052539
0000001100,0001099000,072376,087589,092201,056513,043020,052190
0000001101,0001100000,073457,084261,094443,056977,042455,052249
