0000000001,0000000000,078209,090710,080772,008789,035902,083701
0000000002,0000001000,056871,093429,080188,018542,026621,083228
0000000003,0000002000,030475,095757,080499,029380,019627,079388
0000000004,0000003000,001888,097438,081675,040259,015579,072553
0000000005,0000004000,-26055,098300,083608,050101,014905,063385
0000000006,0000005000,-50929,098290,086105,057954,017651,052785
0000000007,0000006000,-70095,097401,088912,063037,023550,041803
0000000008,0000007000,-81580,095698,091765,064861,032024,031507
0000000009,0000008000,-84447,093360,094388,063241,042263,022889
0000000010,0000009000,-78447,090635,096513,058346,053235,016810
0000000011,0000010000,-63940,087762,097934,050651,063873,013868
0000000012,0000011000,-42448,085028,098519,040889,073161,014340
0000000013,0000012000,-16248,082720,098208,030046,080164,018182
0000000014,0000013000,012307,081041,097031,019180,084195,025016
0000000015,0000014000,040463,080159,095099,009334,084874,034184
0000000016,0000015000,065216,080179,092601,001472,082137,044783
0000000017,0000016000,084280,081081,089795,-03603,076230,055764
0000000018,0000017000,095940,082766,086942,-05423,067752,066062
0000000019,0000018000,098795,085104,084320,-03812,057524,074679
0000000020,0000019000,092629,087847,082194,001086,046547,080758
0000000021,0000020000,078250,090706,080772,008789,035902,083700
0000000022,0000021000,056827,093433,080188,018540,026624,083228
0000000023,0000022000,030446,095759,080499,029385,019620,079386
0000000024,0000023000,001954,097433,081675,040260,015579,072552
0000000025,0000024000,-26060,098301,083609,050100,014906,063385
0000000026,0000025000,-50973,098295,086106,057956,017650,052785
0000000027,0000026000,-70074,097399,088912,063043,023545,041804
0000000028,0000027000,-81554,095694,091764,064861,032025,031506
0000000029,0000028000,-84486,093364,094387,063241,042262,022889
0000000030,0000029000,-78450,090635,096513,058350,053231,016810
0000000031,0000030000,-63911,087759,097935,050652,063872,013868
0000000032,0000031000,-42470,085031,098520,040892,073159,014340
0000000033,0000032000,-16252,082720,098208,030048,080162,018181
0000000034,0000033000,012332,081039,097031,019183,084194,025015
0000000035,0000034000,040439,080160,095099,009334,084875,034183
0000000036,0000035000,065202,080181,092602,001477,082133,044781
0000000037,0000036000,084319,081077,089794,-03602,076230,055763
0000000038,0000037000,095936,082767,086943,-05423,067753,066061
0000000039,0000038000,098756,085108,084320,-03809,057523,074678
0000000040,0000039000,092659,087844,082193,001090,046545,080756
0000000041,0000040000,078277,090704,080771,008788,035904,083699
0000000042,0000041000,056789,093436,080187,018540,026625,083227
0000000043,0000042000,030448,095760,080499,029389,019617,079386
0000000044,0000043000,001992,097429,081675,040259,015580,072552
0000000045,0000044000,-26078,098303,083608,050099,014907,063385
0000000046,0000045000,-50991,098297,086105,057957,017649,052786
0000000047,0000046000,-70049,097396,088912,063044,023543,041805
0000000048,0000047000,-81559,095695,091764,064860,032025,031507
0000000049,0000048000,-84510,093367,094387,063242,042260,022890
0000000050,0000049000,-78428,090633,096513,058352,053229,016811
0000000051,0000050000,-63913,087759,097935,050652,063871,013869
0000000052,0000051000,-42501,085033,098520,040895,073156,014340
0000000053,0000052000,-16236,082719,098208,030052,080158,018181
0000000054,0000053000,012347,081037,097032,019184,084193,025015
0000000055,0000054000,040406,080163,095099,009337,084874,034182
0000000056,0000055000,065200,080181,092602,001483,082129,044780
0000000057,0000056000,084355,081073,089795,-03599,076230,055761
0000000058,0000057000,095918,082768,086943,-05422,067755,066058
0000000059,0000058000,098739,085109,084320,-03805,057522,074675
0000000060,0000059000,092693,087841,082193,001092,046546,080753
0000000061,0000060000,078284,090703,080771,008787,035908,083697
0000000062,0000061000,056768,093439,080187,018540,026627,083225
0000000063,0000062000,030467,095758,080498,029389,019618,079385
0000000064,0000063000,002009,097427,081675,040256,015584,072551
0000000065,0000064000,-26100,098306,083608,050097,014909,063385
0000000066,0000065000,-50983,098297,086104,057955,017649,052787
0000000067,0000066000,-70033,097395,088912,063041,023544,041807
0000000068,0000067000,-81584,095697,091764,064857,032025,031510
0000000069,0000068000,-84517,093368,094387,063243,042256,022893
0000000070,0000069000,-78408,090631,096513,058351,053226,016815
0000000071,0000070000,-63934,087761,097936,050651,063868,013871
0000000072,0000071000,-42526,085036,098520,040898,073151,014342
0000000073,0000072000,-16216,082716,098209,030056,080153,018182
0000000074,0000073000,012345,081036,097032,019186,084190,025015
0000000075,0000074000,040376,080165,095100,009342,084870,034180
0000000076,0000075000,065213,080179,092603,001489,082125,044777
0000000077,0000076000,084373,081070,089795,-03596,076230,055757
0000000078,0000077000,095899,082770,086943,-05418,067756,066054
0000000079,0000078000,098745,085109,084320,-03801,057522,074670
0000000080,0000079000,092721,087838,082193,001094,046549,080749
0000000081,0000080000,078279,090704,080771,008787,035913,083692
0000000082,0000081000,056768,093440,080186,018540,026631,083221
0000000083,0000082000,030496,095756,080497,029387,019623,079383
0000000084,0000083000,002008,097428,081674,040251,015589,072551
0000000085,0000084000,-26112,098308,083607,050093,014912,063386
0000000086,0000085000,-50963,098296,086103,057951,017650,052790
0000000087,0000086000,-70030,097395,088911,063035,023546,041811
0000000088,0000087000,-81611,095700,091764,064853,032024,031515
0000000089,0000088000,-84515,093368,094386,063241,042252,022899
0000000090,0000089000,-78402,090630,096513,058349,053222,016820
0000000091,0000090000,-63966,087763,097936,050651,063863,013877
0000000092,0000091000,-42541,085036,098521,040902,073143,014346
0000000093,0000092000,-16205,082714,098210,030060,080147,018184
0000000094,0000093000,012326,081037,097034,019192,084185,025015
0000000095,0000094000,040358,080166,095101,009350,084864,034178
0000000096,0000095000,065229,080176,092604,001497,082121,044773
0000000097,0000096000,084375,081069,089797,-03589,076229,055751
0000000098,0000097000,095889,082770,086944,-05412,067756,066046
0000000099,0000098000,098767,085106,084320,-03795,057524,074662
0000000100,0000099000,092741,087836,082193,001096,046555,080741
0000000101,0000100000,078275,090705,080771,008787,035919,083685
0000000102,0000101000,056787,093439,080185,018538,026638,083216
0000000103,0000102000,030524,095754,080496,029381,019631,079379
0000000104,0000103000,002003,097430,081673,040244,015597,072550
0000000105,0000104000,-26110,098309,083605,050086,014917,063388
0000000106,0000105000,-50942,098296,086102,057942,017654,052794
0000000107,0000106000,-70041,097397,088910,063026,023548,041818
0000000108,0000107000,-81633,095704,091763,064847,032022,031523
0000000109,0000108000,-84512,093368,094386,063237,042247,022908
0000000110,0000109000,-78414,090631,096513,058346,053217,016829
0000000111,0000110000,-64000,087766,097937,050652,063854,013885
0000000112,0000111000,-42550,085036,098522,040906,073132,014353
0000000113,0000112000,-16210,082713,098211,030066,080137,018188
0000000114,0000113000,012299,081038,097036,019200,084176,025016
0000000115,0000114000,040351,080165,095103,009361,084855,034176
0000000116,0000115000,065241,080173,092606,001508,082116,044768
0000000117,0000116000,084368,081068,089798,-03579,076228,055743
0000000118,0000117000,095892,082769,086945,-05402,067757,066036
0000000119,0000118000,098798,085103,084321,-03789,057529,074651
0000000120,0000119000,092756,087834,082193,001098,046563,080730
0000000121,0000120000,078283,090705,080770,008788,035929,083675
0000000122,0000121000,056821,093437,080184,018535,026649,083208
0000000123,0000122000,030547,095754,080494,029374,019644,079374
0000000124,0000123000,002002,097432,081670,040235,015608,072548
0000000125,0000124000,-26096,098310,083603,050076,014925,063390
0000000126,0000125000,-50928,098296,086100,057930,017661,052801
0000000127,0000126000,-70058,097401,088908,063013,023551,041827
0000000128,0000127000,-81647,095706,091761,064838,032019,031535
0000000129,0000128000,-84516,093369,094385,063229,042241,022921
0000000130,0000129000,-78443,090633,096514,058341,053208,016842
0000000131,0000130000,-64033,087769,097938,050653,063842,013896
0000000132,0000131000,-42562,085036,098524,040912,073118,014362
0000000133,0000132000,-16233,082713,098214,030074,080124,018194
0000000134,0000133000,012269,081038,097038,019212,084162,025017
0000000135,0000134000,040349,080163,095105,009376,084844,034172
0000000136,0000135000,065244,080170,092608,001522,082109,044760
0000000137,0000136000,084361,081067,089800,-03565,076225,055731
0000000138,0000137000,095909,082766,086946,-05388,067758,066022
0000000139,0000138000,098830,085099,084321,-03780,057536,074635
0000000140,0000139000,092772,087833,082193,001103,046574,080714
0000000141,0000140000,078307,090704,080768,008789,035942,083661
0000000142,0000141000,056862,093435,080182,018530,026664,083197
0000000143,0000142000,030569,095754,080492,029363,019661,079368
0000000144,0000143000,002013,097434,081667,040222,015623,072547
0000000145,0000144000,-26073,098311,083600,050060,014937,063394
0000000146,0000145000,-50923,098298,086097,057912,017670,052810
0000000147,0000146000,-70077,097405,088906,062997,023554,041840
0000000148,0000147000,-81658,095709,091760,064825,032016,031551
0000000149,0000148000,-84533,093371,094385,063219,042234,022939
0000000150,0000149000,-78484,090637,096514,058336,053196,016860
0000000151,0000150000,-64066,087771,097939,050654,063825,013912
0000000152,0000151000,-42585,085036,098526,040918,073099,014374
0000000153,0000152000,-16270,082713,098217,030085,080105,018201
0000000154,0000153000,012241,081038,097041,019229,084144,025018
0000000155,0000154000,040345,080159,095109,009394,084829,034168
0000000156,0000155000,065239,080167,092611,001541,082100,044750
0000000157,0000156000,084360,081064,089803,-03546,076221,055716
0000000158,0000157000,095935,082762,086948,-05372,067759,066003
0000000159,0000158000,098862,085095,084322,-03769,057545,074615
0000000160,0000159000,092796,087831,082193,001109,046589,080694
0000000161,0000160000,078349,090701,080767,008789,035960,083643
0000000162,0000161000,056908,093433,080179,018523,026685,083183
0000000163,0000162000,030594,095755,080488,029350,019682,079359
0000000164,0000163000,002038,097436,081663,040204,015642,072545
0000000165,0000164000,-26047,098313,083596,050039,014953,063399
0000000166,0000165000,-50924,098302,086094,057889,017681,052821
0000000167,0000166000,-70092,097410,088903,062977,023558,041857
0000000168,0000167000,-81670,095712,091757,064807,032013,031572
0000000169,0000168000,-84565,093375,094384,063205,042225,022962
0000000170,0000169000,-78533,090641,096515,058330,053179,016883
0000000171,0000170000,-64104,087773,097941,050655,063804,013932
0000000172,0000171000,-42623,085036,098529,040925,073076,014390
0000000173,0000172000,-16317,082714,098221,030100,080082,018210
0000000174,0000173000,012212,081036,097046,019249,084122,025020
0000000175,0000174000,040335,080156,095113,009418,084812,034162
0000000176,0000175000,065228,080164,092616,001566,082089,044737
0000000177,0000176000,084367,081060,089806,-03521,076216,055697
0000000178,0000177000,095968,082756,086950,-05351,067763,065980
0000000179,0000178000,098895,085091,084323,-03754,057556,074589
0000000180,0000179000,092835,087828,082192,001117,046606,080668
0000000181,0000180000,078405,090698,080765,008789,035983,083621
0000000182,0000181000,056958,093431,080176,018514,026712,083166
0000000183,0000182000,030629,095756,080484,029334,019709,079349
0000000184,0000183000,002075,097437,081658,040182,015666,072543
0000000185,0000184000,-26021,098315,083591,050012,014973,063406
0000000186,0000185000,-50927,098307,086089,057861,017694,052835
0000000187,0000186000,-70104,097415,088899,062950,023562,041879
0000000188,0000187000,-81689,095717,091755,064784,032009,031599
0000000189,0000188000,-84610,093381,094383,063188,042213,022991
0000000190,0000189000,-78587,090646,096515,058322,053159,016911
0000000191,0000190000,-64151,087775,097943,050656,063778,013957
0000000192,0000191000,-42678,085038,098533,040935,073047,014409
0000000193,0000192000,-16372,082715,098226,030118,080051,018222
0000000194,0000193000,012180,081034,097051,019275,084094,025023
0000000195,0000194000,040315,080152,095119,009447,084789,034155
0000000196,0000195000,065216,080160,092621,001597,082074,044721
0000000197,0000196000,084382,081055,089810,-03491,076209,055673
0000000198,0000197000,096003,082750,086953,-05326,067767,065950
0000000199,0000198000,098933,085086,084324,-03736,057570,074557
0000000200,0000199000,092889,087823,082191,001126,046628,080637
0000000201,0000200000,078473,090694,080762,008788,036011,083593
0000000202,0000201000,057015,093430,080172,018503,026745,083144
0000000203,0000202000,030678,095757,080479,029314,019742,079336
0000000204,0000203000,002123,097439,081652,040155,015696,072540
0000000205,0000204000,-25996,098319,083584,049979,014998,063414
0000000206,0000205000,-50927,098313,086083,057827,017711,052853
0000000207,0000206000,-70114,097421,088894,062918,023568,041905
0000000208,0000207000,-81719,095723,091752,064756,032005,031631
0000000209,0000208000,-84665,093387,094382,063168,042198,023026
0000000210,0000209000,-78647,090652,096516,058312,053134,016945
0000000211,0000210000,-64213,087778,097946,050657,063746,013988
0000000212,0000211000,-42748,085041,098538,040947,073012,014432
0000000213,0000212000,-16433,082715,098231,030141,080015,018236
0000000214,0000213000,012140,081031,097058,019305,084060,025026
0000000215,0000214000,040285,080148,095126,009483,084763,034146
0000000216,0000215000,065205,080155,092627,001635,082056,044701
0000000217,0000216000,084403,081047,089815,-03455,076202,055644
0000000218,0000217000,096041,082742,086957,-05296,067772,065915
0000000219,0000218000,098982,085079,084326,-03714,057587,074518
0000000220,0000219000,092958,087817,082190,001138,046655,080599
0000000221,0000220000,078550,090689,080759,008786,036046,083559
0000000222,0000221000,057082,093428,080167,018489,026784,083119
0000000223,0000222000,030742,095757,080472,029290,019781,079321
0000000224,0000223000,002179,097441,081645,040122,015732,072537
0000000225,0000224000,-25968,098323,083577,049940,015028,063423
0000000226,0000225000,-50922,098320,086076,057786,017730,052875
0000000227,0000226000,-70126,097428,088888,062879,023576,041937
0000000228,0000227000,-81759,095731,091748,064723,031999,031670
0000000229,0000228000,-84729,093395,094380,063145,042179,023068
0000000230,0000229000,-78717,090658,096517,058300,053105,016987
0000000231,0000230000,-64291,087783,097949,050658,063709,014024
0000000232,0000231000,-42833,085044,098543,040961,072969,014460
0000000233,0000232000,-16502,082715,098239,030168,079971,018252
0000000234,0000233000,012089,081028,097066,019342,084021,025029
0000000235,0000234000,040247,080144,095135,009525,084731,034136
0000000236,0000235000,065195,080148,092635,001680,082034,044677
0000000237,0000236000,084426,081039,089822,-03413,076194,055610
0000000238,0000237000,096082,082734,086961,-05261,067779,065873
0000000239,0000238000,099043,085071,084328,-03688,057607,074473
0000000240,0000239000,093043,087810,082189,001151,046686,080554
0000000241,0000240000,078639,090684,080755,008785,036087,083520
0000000242,0000241000,057165,093425,080161,018473,026830,083088
0000000243,0000242000,030822,095757,080464,029261,019828,079303
0000000244,0000243000,002242,097443,081636,040082,015775,072534
0000000245,0000244000,-25935,098329,083568,049894,015062,063435
0000000246,0000245000,-50913,098327,086068,057738,017753,052900
0000000247,0000246000,-70142,097436,088881,062833,023584,041974
0000000248,0000247000,-81809,095741,091743,064684,031993,031715
0000000249,0000248000,-84801,093405,094378,063117,042157,023117
0000000250,0000249000,-78800,090665,096518,058286,053070,017035
0000000251,0000250000,-64388,087789,097953,050660,063664,014067
0000000252,0000251000,-42931,085047,098549,040979,072919,014493
0000000253,0000252000,-16583,082715,098247,030199,079921,018271
0000000254,0000253000,012024,081025,097076,019384,083975,025033
0000000255,0000254000,040202,080138,095144,009575,084694,034123
0000000256,0000255000,065187,080140,092644,001733,082009,044650
0000000257,0000256000,084450,081029,089829,-03364,076185,055570
0000000258,0000257000,096129,082724,086966,-05219,067786,065824
0000000259,0000258000,099118,085062,084330,-03658,057630,074419
0000000260,0000259000,093141,087801,082188,001166,046724,080502
0000000261,0000260000,078740,090678,080751,008783,036135,083474
0000000262,0000261000,057265,093422,080154,018455,026884,083053
0000000263,0000262000,030917,095756,080455,029227,019882,079282
0000000264,0000263000,002313,097446,081625,040036,015825,072530
0000000265,0000264000,-25894,098336,083557,049840,015102,063448
0000000266,0000265000,-50899,098336,086058,057682,017779,052930
0000000267,0000266000,-70164,097446,088873,062780,023594,042017
0000000268,0000267000,-81866,095752,091738,064639,031985,031768
0000000269,0000268000,-84881,093415,094376,063085,042132,023174
0000000270,0000269000,-78899,090674,096519,058271,053030,017091
0000000271,0000270000,-64502,087795,097958,050662,063613,014116
0000000272,0000271000,-43042,085051,098557,040999,072861,014531
0000000273,0000272000,-16678,082714,098257,030236,079862,018293
0000000274,0000273000,011946,081021,097087,019433,083922,025036
0000000275,0000274000,040152,080132,095156,009633,084651,034108
0000000276,0000275000,065177,080131,092654,001793,081981,044618
0000000277,0000276000,084475,081017,089838,-03307,076175,055523
0000000278,0000277000,096184,082712,086972,-05171,067795,065767
0000000279,0000278000,099207,085050,084332,-03624,057657,074358
0000000280,0000279000,093252,087791,082187,001182,046767,080442
0000000281,0000280000,078857,090671,080747,008780,036191,083421
0000000282,0000281000,057384,093419,080146,018433,026945,083013
0000000283,0000282000,031025,095756,080444,029188,019944,079259
0000000284,0000283000,002394,097450,081613,039983,015882,072526
0000000285,0000284000,-25843,098343,083545,049779,015148,063464
0000000286,0000285000,-50882,098345,086046,057618,017809,052964
0000000287,0000286000,-70190,097458,088864,062719,023605,042067
0000000288,0000287000,-81930,095765,091731,064588,031975,031829
0000000289,0000288000,-84972,093427,094373,063049,042103,023240
0000000290,0000289000,-79015,090684,096520,058253,052984,017155
0000000291,0000290000,-64633,087803,097963,050665,063554,014172
0000000292,0000291000,-43168,085055,098565,041023,072795,014573
0000000293,0000292000,-16790,082714,098268,030278,079796,018318
0000000294,0000293000,011854,081018,097100,019490,083861,025041
0000000295,0000294000,040095,080124,095169,009699,084602,034091
0000000296,0000295000,065164,080120,092667,001862,081949,044581
0000000297,0000296000,084500,081005,089848,-03242,076164,055470
0000000298,0000297000,096248,082699,086979,-05116,067805,065702
0000000299,0000298000,099309,085037,084335,-03585,057688,074288
0000000300,0000299000,093376,087780,082186,001201,046816,080374
0000000301,0000300000,078992,090663,080741,008777,036253,083361
0000000302,0000301000,057521,093414,080137,018409,027016,082968
0000000303,0000302000,031148,095756,080432,029144,020015,079233
0000000304,0000303000,002487,097455,081600,039923,015947,072521
0000000305,0000304000,-25782,098351,083530,049709,015200,063482
0000000306,0000305000,-50863,098356,086033,057545,017842,053004
0000000307,0000306000,-70219,097472,088853,062651,023617,042124
0000000308,0000307000,-82001,095779,091724,064530,031964,031897
0000000309,0000308000,-85076,093441,094370,063008,042069,023314
0000000310,0000309000,-79148,090696,096522,058233,052931,017227
0000000311,0000310000,-64781,087813,097969,050668,063487,014235
0000000312,0000311000,-43312,085060,098575,041049,072720,014621
0000000313,0000312000,-16919,082714,098281,030325,079721,018346
0000000314,0000313000,011750,081013,097115,019554,083793,025045
0000000315,0000314000,040031,080116,095184,009773,084547,034072
0000000316,0000315000,065146,080108,092681,001939,081914,044539
0000000317,0000316000,084527,080991,089860,-03170,076151,055410
0000000318,0000317000,096321,082684,086987,-05055,067817,065629
0000000319,0000318000,099423,085022,084339,-03542,057723,074210
0000000320,0000319000,093516,087767,082184,001222,046872,080298
0000000321,0000320000,079146,090653,080735,008773,036324,083294
0000000322,0000321000,057678,093408,080127,018380,027095,082917
0000000323,0000322000,031286,095755,080419,029093,020095,079203
0000000324,0000323000,002595,097459,081584,039855,016019,072517
0000000325,0000324000,-25711,098360,083514,049630,015257,063503
0000000326,0000325000,-50842,098369,086018,057463,017880,053048
0000000327,0000326000,-70251,097488,088841,062574,023631,042187
0000000328,0000327000,-82077,095796,091715,064466,031951,031975
0000000329,0000328000,-85192,093456,094366,062963,042032,023397
0000000330,0000329000,-79299,090710,096523,058211,052873,017308
0000000331,0000330000,-64946,087823,097975,050673,063412,014306
0000000332,0000331000,-43474,085065,098586,041079,072637,014675
0000000333,0000332000,-17067,082715,098295,030378,079637,018377
0000000334,0000333000,011631,081009,097131,019625,083717,025050
0000000335,0000334000,039958,080106,095201,009856,084486,034050
0000000336,0000335000,065123,080094,092696,002025,081874,044492
0000000337,0000336000,084557,080975,089873,-03088,076137,055342
0000000338,0000337000,096403,082666,086997,-04987,067830,065548
0000000339,0000338000,099548,085005,084343,-03494,057763,074122
0000000340,0000339000,093671,087753,082183,001245,046934,080212
0000000341,0000340000,079321,090642,080728,008769,036403,083220
0000000342,0000341000,057853,093402,080115,018348,027183,082861
0000000343,0000342000,031441,095755,080404,029037,020184,079171
0000000344,0000343000,002719,097464,081567,039780,016099,072512
0000000345,0000344000,-25629,098370,083497,049543,015321,063527
0000000346,0000345000,-50817,098383,086002,057372,017921,053098
0000000347,0000346000,-70285,097505,088827,062488,023645,042258
0000000348,0000347000,-82160,095814,091705,064395,031937,032061
0000000349,0000348000,-85323,093474,094361,062912,041990,023490
0000000350,0000349000,-79467,090725,096524,058187,052807,017398
0000000351,0000350000,-65130,087834,097982,050678,063329,014384
0000000352,0000351000,-43657,085072,098598,041113,072544,014734
0000000353,0000352000,-17234,082716,098311,030437,079543,018410
0000000354,0000353000,011499,081004,097149,019705,083632,025054
0000000355,0000354000,039874,080095,095220,009948,084419,034025
0000000356,0000355000,065094,080079,092714,002121,081831,044440
0000000357,0000356000,084588,080957,089888,-02999,076123,055267
0000000358,0000357000,096493,082647,087007,-04912,067846,065457
0000000359,0000358000,099685,084987,084348,-03441,057807,074025
0000000360,0000359000,093845,087737,082182,001270,047003,080118
0000000361,0000360000,079517,090630,080721,008763,036491,083138
0000000362,0000361000,058049,093395,080103,018312,027281,082799
0000000363,0000362000,031615,095754,080387,028974,020281,079136
0000000364,0000363000,002860,097470,081547,039696,016188,072507
0000000365,0000364000,-25536,098380,083477,049446,015392,063553
0000000366,0000365000,-50787,098399,085983,057272,017967,053153
0000000367,0000366000,-70318,097524,088811,062394,023660,042337
0000000368,0000367000,-82251,095834,091694,064316,031920,032156
0000000369,0000368000,-85468,093494,094356,062857,041943,023592
0000000370,0000369000,-79651,090742,096526,058161,052734,017497
0000000371,0000370000,-65334,087847,097989,050684,063237,014470
0000000372,0000371000,-43862,085079,098611,041151,072442,014798
0000000373,0000372000,-17421,082717,098329,030503,079441,018447
0000000374,0000373000,011351,080998,097170,019793,083540,025059
0000000375,0000374000,039777,080084,095241,010050,084345,033997
0000000376,0000375000,065059,080063,092734,002226,081784,044382
0000000377,0000376000,084622,080937,089904,-02900,076107,055185
0000000378,0000377000,096590,082625,087019,-04830,067864,065358
0000000379,0000378000,099835,084966,084354,-03384,057857,073918
0000000380,0000379000,094037,087719,082181,001297,047080,080015
0000000381,0000380000,079734,090616,080714,008756,036587,083048
0000000382,0000381000,058264,093387,080089,018273,027388,082732
0000000383,0000382000,031810,095753,080369,028905,020389,079098
0000000384,0000383000,003019,097475,081526,039604,016284,072503
0000000385,0000384000,-25432,098392,083454,049340,015469,063583
0000000386,0000385000,-50751,098416,085962,057162,018016,053214
0000000387,0000386000,-70351,097545,088794,062292,023676,042424
0000000388,0000387000,-82350,095856,091681,064230,031901,032260
0000000389,0000388000,-85626,093515,094350,062797,041891,023703
0000000390,0000389000,-79853,090762,096527,058133,052654,017605
0000000391,0000390000,-65559,087862,097997,050691,063136,014564
0000000392,0000391000,-44090,085088,098625,041193,072330,014868
0000000393,0000392000,-17628,082718,098348,030576,079329,018486
0000000394,0000393000,011185,080992,097192,019889,083439,025064
0000000395,0000394000,039666,080072,095264,010161,084265,033966
0000000396,0000395000,065018,080045,092756,002341,081733,044318
0000000397,0000396000,084657,080915,089923,-02793,076090,055094
0000000398,0000397000,096693,082602,087032,-04741,067883,065249
0000000399,0000398000,099998,084943,084360,-03322,057911,073802
0000000400,0000399000,094248,087699,082180,001326,047164,079902
0000000401,0000400000,079971,090600,080706,008749,036693,082951
0000000402,0000401000,024742,096728,083432,033994,027532,082677
0000000403,0000402000,032601,094556,079167,042512,021915,080484
0000000404,0000403000,034288,099998,084068,061793,018118,074272
0000000405,0000404000,012830,099785,084882,064764,013956,062068
0000000406,0000405000,022921,095733,083290,060170,019868,055120
0000000407,0000406000,016311,099837,091076,052145,021416,040270
0000000408,0000407000,007251,093273,089067,036212,029592,030150
0000000409,0000408000,007816,094492,095256,015198,040178,022224
0000000410,0000409000,008832,090609,096224,-06315,046797,011992
0000000411,0000410000,000249,088147,098124,-25642,059362,010969
0000000412,0000411000,004585,086648,099998,-48438,065911,008442
0000000413,0000412000,011276,081411,096713,-60577,074111,013037
0000000414,0000413000,001871,083624,099442,-71494,078001,019205
0000000415,0000414000,011540,080147,095051,-75792,079563,028688
0000000416,0000415000,013120,082312,094799,-67914,078754,040660
0000000417,0000416000,008908,082353,091231,-59567,072090,050515
0000000418,0000417000,016697,083855,088372,-41082,067805,064701
0000000419,0000418000,016725,086819,086482,-19218,056366,071895
0000000420,0000419000,014529,086464,081280,003026,048233,080760
0000000421,0000420000,015895,092897,083449,026152,039033,085298
0000000422,0000421000,015338,092438,079680,048719,028588,083946
0000000423,0000422000,008690,095600,080747,065445,024129,083090
0000000424,0000423000,011010,097540,082115,075351,017846,074578
0000000425,0000424000,006930,096561,082099,082998,017731,066505
0000000426,0000425000,001186,097911,085755,077658,019122,055052
0000000427,0000426000,004642,095269,086609,068491,023942,043417
0000000428,0000427000,-03572,096086,091849,054822,031444,032469
0000000429,0000428000,-02856,091982,092533,033224,039544,021852
0000000430,0000429000,-01499,090362,095625,013055,050689,015955
0000000431,0000430000,-04570,088411,097959,-09461,058796,010249
0000000432,0000431000,-00923,084108,096944,-29128,069062,011241
0000000433,0000432000,000737,084283,099090,-45238,075440,013872
0000000434,0000433000,002588,081173,096583,-55353,079554,020147
0000000435,0000434000,003907,082087,096643,-58623,082122,030560
0000000436,0000435000,009573,081265,093503,-55812,079026,040282
0000000437,0000436000,010083,081972,090771,-44493,075619,053453
0000000438,0000437000,011815,084579,089155,-29939,067648,064082
0000000439,0000438000,016651,084837,084662,-08676,059185,074442
0000000440,0000439000,013249,089056,084161,013628,049316,081842
0000000441,0000440000,015286,090417,081378,035663,039154,085661
0000000442,0000441000,014222,093505,081172,058030,031052,086897
0000000443,0000442000,011286,095074,080657,073609,022998,082687
0000000444,0000443000,010615,096097,081108,085398,019718,077321
0000000445,0000444000,007067,097842,083716,090098,017442,067142
0000000446,0000445000,004995,096118,084153,087630,019483,056314
0000000447,0000446000,001750,096968,088412,078487,024525,044784
0000000448,0000447000,000572,094539,090249,063649,030899,032441
0000000449,0000448000,-01744,092594,092915,044971,040920,023487
0000000450,0000449000,-01644,090560,095510,022229,050006,015217
0000000451,0000450000,-00939,087367,096528,001247,060543,011615
0000000452,0000451000,-01581,086029,098413,-19319,069280,010799
0000000453,0000452000,002378,082980,097347,-35777,076325,013898
0000000454,0000453000,002904,082753,097793,-45926,081229,020822
0000000455,0000454000,005860,081436,095675,-50935,082137,029528
0000000456,0000455000,009526,081396,093420,-47790,081257,041555
0000000457,0000456000,010916,082785,091533,-39056,075838,052871
0000000458,0000457000,013703,083395,088039,-23732,069091,064965
0000000459,0000458000,014766,086364,086368,-04271,059914,074945
0000000460,0000459000,015933,087834,083257,017560,049519,082190
0000000461,0000460000,014864,090951,082308,040313,040059,087061
0000000462,0000461000,014776,092980,081065,060520,030322,086998
0000000463,0000462000,013055,094536,080558,077865,023700,084489
0000000464,0000463000,009970,096643,082064,088816,018716,077558
0000000465,0000464000,008715,096503,082682,094264,017305,068283
0000000466,0000465000,004825,097197,085436,092587,019062,057087
0000000467,0000466000,003014,095884,087404,083650,023456,044676
0000000468,0000467000,000845,094743,090363,069940,031264,033432
0000000469,0000468000,-00889,092739,092834,050657,039933,022735
0000000470,0000469000,-00978,090041,094671,029416,050589,015595
0000000471,0000470000,-01567,088370,097115,007439,060518,010950
0000000472,0000471000,-00046,085332,097246,-12759,069733,010256
0000000473,0000472000,001130,084037,097961,-29311,077314,013622
0000000474,0000473000,003684,082391,097033,-40957,081614,019780
0000000475,0000474000,005997,081684,095587,-45647,083730,029685
0000000476,0000475000,008610,081934,093761,-44424,081715,040716
0000000477,0000476000,011547,082254,090956,-35808,077208,053194
0000000478,0000477000,012728,084262,088978,-21596,069762,064964
0000000479,0000478000,015098,085603,085825,-02937,060321,075152
0000000480,0000479000,015349,088254,084037,018809,050239,083192
0000000481,0000480000,015233,090501,082283,040580,039541,087295
0000000482,0000481000,014737,092579,081128,061457,030549,088406
0000000483,0000482000,012717,094790,081306,078264,022776,085056
0000000484,0000483000,010906,095711,081570,090292,018090,078575
0000000485,0000484000,008028,096905,083410,096104,016440,069081
0000000486,0000485000,005861,096467,084928,094922,017834,057376
0000000487,0000486000,003063,095957,087556,087400,022923,045331
0000000488,0000487000,001069,094630,090140,073528,030100,033016
0000000489,0000488000,-00182,092480,092326,055535,039798,022834
0000000490,0000489000,-01423,090638,094912,034277,050139,014807
0000000491,0000490000,-00882,087936,096205,012566,060681,010230
0000000492,0000491000,-00471,086068,097457,-07669,070329,009528
0000000493,0000492000,001358,083952,097382,-24946,077739,012385
0000000494,0000493000,003415,082693,096875,-36762,082960,019279
0000000495,0000494000,005673,082108,095631,-42878,084495,028623
0000000496,0000495000,008590,081808,093416,-42028,083072,040434
0000000497,0000496000,010652,082862,091500,-34684,078184,052867
0000000498,0000497000,013035,083869,088662,-21331,070550,064946
0000000499,0000498000,014367,085918,086401,-03188,061111,075728
0000000500,0000499000,015315,087978,084171,017566,050216,083559
0000000501,0000500000,015289,090236,082501,039590,039720,088457
0000000502,0000501000,014360,092588,081683,060019,029813,089173
0000000503,0000502000,013197,094146,081233,077465,022086,086223
0000000504,0000503000,010736,095789,082142,090005,017017,079540
0000000505,0000504000,008651,096271,083162,096441,015061,069749
0000000506,0000505000,006006,096407,085140,096442,016786,058164
0000000507,0000506000,003513,095750,087434,089490,021476,045314
0000000508,0000507000,001568,094377,089772,076875,029329,033142
0000000509,0000508000,-00176,092778,092357,059273,038959,022252
0000000510,0000509000,-00793,090410,094267,038716,049845,014074
0000000511,0000510000,-01090,088411,096128,017196,060839,009305
0000000512,0000511000,-00165,086112,096906,-03390,070650,008228
0000000513,0000512000,001200,084324,097168,-20749,078784,011404
0000000514,0000513000,003116,083079,096707,-33643,083875,017966
0000000515,0000514000,005634,082219,095302,-40386,085919,027847
0000000516,0000515000,007922,082341,093681,-40740,084313,039698
0000000517,0000516000,010561,082770,091305,-34451,079378,052503
0000000518,0000517000,012477,084164,089044,-22022,071662,065100
0000000519,0000518000,014155,085800,086583,-04958,061616,075972
0000000520,0000519000,015066,087846,084495,015483,050668,084472
0000000521,0000520000,015038,090159,082986,036937,039401,089308
0000000522,0000521000,014560,092099,081843,057627,029281,090409
0000000523,0000522000,013025,094043,081789,075379,021087,087407
0000000524,0000523000,011232,095227,082164,088559,015655,080582
0000000525,0000524000,008841,096048,083419,096070,013706,070795
0000000526,0000525000,006418,096090,085151,096905,015124,058649
0000000527,0000526000,004051,095462,087258,091330,020193,045714
0000000528,0000527000,001818,094413,089704,079565,028045,032918
0000000529,0000528000,000405,092585,091871,062945,038153,021755
0000000530,0000529000,-00688,090703,094075,043012,049479,013218
0000000531,0000530000,-00756,088486,095572,021656,060821,008054
0000000532,0000531000,-00182,086462,096567,001141,071309,007022
0000000533,0000532000,001075,084714,096859,-16859,079618,009905
0000000534,0000533000,003009,083350,096320,-30339,085239,016767
0000000535,0000534000,005138,082732,095288,-38243,087334,026718
0000000536,0000535000,007698,082494,093491,-39738,085815,038907
0000000537,0000536000,009966,083129,091517,-34635,080846,052162
0000000538,0000537000,012129,084213,089179,-23524,072728,065037
0000000539,0000538000,013758,085807,086915,-07281,062506,076521
0000000540,0000539000,014674,087799,084958,012287,050909,085202
0000000541,0000540000,014994,089811,083294,033504,039279,090481
0000000542,0000541000,014368,091906,082410,054169,028595,091695
0000000543,0000542000,013259,093534,082049,072329,019945,088717
0000000544,0000543000,011398,094895,082529,086364,014273,081913
0000000545,0000544000,009234,095620,083577,094795,011960,071761
0000000546,0000545000,006894,095707,085171,097012,013495,059457
0000000547,0000546000,004458,095287,087241,092621,018529,045982
0000000548,0000547000,002441,094151,089359,082169,026718,032828
0000000549,0000548000,000720,092671,091639,066592,037213,021211
0000000550,0000549000,-00239,090737,093559,047370,048963,012213
0000000551,0000550000,-00575,088763,095132,026494,060948,006858
0000000552,0000551000,-00131,086812,096116,005820,071824,005493
0000000553,0000552000,001049,085072,096386,-12513,080729,008445
0000000554,0000553000,002677,083878,096068,-26899,086616,015306
0000000555,0000554000,004876,083063,094987,-35912,088965,025510
0000000556,0000555000,007145,082951,093510,-38714,087542,038058
0000000557,0000556000,009504,083371,091551,-35091,082381,051649
0000000558,0000557000,011602,084383,089421,-25249,074105,065100
0000000559,0000558000,013248,085867,087319,-10273,063368,076926
0000000560,0000559000,014370,087621,085347,008516,051355,086113
0000000561,0000560000,014672,089634,083872,029220,039122,091677
0000000562,0000561000,014374,091464,082846,049857,027886,093089
0000000563,0000562000,013287,093145,082556,068488,018804,090227
0000000564,0000563000,011675,094397,082867,083281,012662,083260
0000000565,0000564000,009646,095130,083797,092960,010211,072983
0000000566,0000565000,007338,095337,085296,096498,011595,060252
0000000567,0000566000,005092,094906,087085,093646,016787,046408
0000000568,0000567000,002941,094019,089175,084625,025236,032770
0000000569,0000568000,001295,092576,091204,070278,036123,020642
0000000570,0000569000,000150,090882,093093,052051,048459,011277
0000000571,0000570000,-00297,089025,094587,031628,060938,005502
0000000572,0000571000,000007,087165,095542,011074,072465,003994
0000000573,0000572000,000921,085595,095933,-07731,081825,006816
0000000574,0000573000,002494,084337,095608,-22960,088132,013781
0000000575,0000574000,004421,083615,094774,-33193,090746,024217
0000000576,0000575000,006660,083376,093380,-37510,089360,037061
0000000577,0000576000,008907,083734,091634,-35427,084158,051151
0000000578,0000577000,010981,084613,089692,-27206,075538,065020
0000000579,0000578000,012729,085888,087690,-13557,064433,077388
0000000580,0000579000,013864,087557,085907,004156,051852,086991
0000000581,0000580000,014415,089315,084412,024241,039026,092915
0000000582,0000581000,014209,091086,083474,044778,027232,094583
0000000583,0000582000,013366,092630,083083,063759,017572,091759
0000000584,0000583000,011935,093836,083301,079462,011068,084782
0000000585,0000584000,010040,094599,084121,090354,008302,074238
0000000586,0000585000,007927,094807,085380,095465,009634,061200
0000000587,0000586000,005680,094553,087049,094284,014909,046914
0000000588,0000587000,003630,093736,088886,086913,023621,032771
0000000589,0000588000,001882,092519,090797,074077,034975,020178
0000000590,0000589000,000657,090990,092536,056962,047810,010314
0000000591,0000590000,000073,089287,093946,037280,060940,004218
0000000592,0000591000,000139,087619,094928,016875,073041,002427
0000000593,0000592000,000914,086102,095306,-02277,082963,005172
0000000594,0000593000,002218,084957,095150,-18375,089706,012202
0000000595,0000594000,004017,084188,094422,-29932,092580,022818
0000000596,0000595000,006081,083925,093240,-35835,091331,036033
0000000597,0000596000,008237,084174,091699,-35568,085998,050518
0000000598,0000597000,010312,084870,089938,-29103,077143,064910
0000000599,0000598000,012046,086012,088160,-17082,065587,077758
0000000600,0000599000,013342,087434,086464,-00642,052457,087830
0000000601,0000600000,014001,089044,085104,018641,039031,094147
0000000602,0000601000,014026,090625,084156,038889,026596,096043
0000000603,0000602000,013392,092061,083723,058207,016409,093364
0000000604,0000603000,012163,093211,083849,074741,009425,086314
0000000605,0000604000,010501,093933,084476,086978,006390,075597
0000000606,0000605000,008498,094243,085574,093758,007599,062229
0000000607,0000606000,006404,094056,086983,094446,012944,047516
0000000608,0000607000,004359,093428,088634,088986,021941,032905
0000000609,0000608000,002593,092396,090329,077863,033698,019785
0000000610,0000609000,001272,091071,091907,062172,047107,009484
0000000611,0000610000,000501,089591,093245,043395,060834,002978
0000000612,0000611000,000396,088071,094164,023352,073574,000929
0000000613,0000612000,000899,086726,094621,003945,084064,003551
0000000614,0000613000,002004,085622,094551,-13006,091255,010597
0000000615,0000614000,003569,084884,094009,-25900,094459,021407
0000000616,0000615000,005460,084571,093034,-33565,093313,034906
0000000617,0000616000,007513,084687,091718,-35253,087935,049822
0000000618,0000617000,009509,085239,090219,-30820,078816,064672
0000000619,0000618000,011301,086149,088624,-20672,066847,078018
0000000620,0000619000,012667,087371,087131,-05771,053179,088565
0000000621,0000620000,013515,088738,085864,012441,039125,095258
0000000622,0000621000,013748,090134,084957,032241,026084,097452
0000000623,0000622000,013351,091429,084488,051724,015302,094898
0000000624,0000623000,012392,092470,084484,069077,007863,087855
0000000625,0000624000,010934,093199,084956,082670,004504,076979
0000000626,0000625000,009151,093538,085803,091244,005568,063326
0000000627,0000626000,007170,093485,086983,094003,010971,048238
0000000628,0000627000,005200,093023,088368,090673,020192,033156
0000000629,0000628000,003419,092213,089824,081580,032367,019572
0000000630,0000629000,001988,091139,091225,067571,046292,008800
0000000631,0000630000,001068,089877,092421,049999,060635,001907
0000000632,0000631000,000714,088594,093311,030538,073996,-00432
0000000633,0000632000,000979,087394,093788,011030,085054,002027
0000000634,0000633000,001806,086399,093849,-06678,092733,009066
0000000635,0000634000,003123,085688,093489,-20952,096257,019987
0000000636,0000635000,004810,085321,092742,-30453,095278,033754
0000000637,0000636000,006695,085327,091712,-34307,089861,049019
0000000638,0000637000,008632,085678,090470,-32143,080531,064298
0000000639,0000638000,010411,086376,089145,-24163,068183,078108
0000000640,0000639000,011883,087326,087851,-11127,053996,089094
0000000641,0000640000,012896,088438,086732,005735,039366,096187
0000000642,0000641000,013359,089609,085883,024802,025705,098667
0000000643,0000642000,013245,090712,085374,044280,014359,096301
0000000644,0000643000,012555,091650,085266,062332,006441,089297
0000000645,0000644000,011383,092331,085528,077281,002742,078329
0000000646,0000645000,009819,092727,086137,087744,003637,064468
0000000647,0000646000,008018,092787,087027,092741,009042,049053
0000000648,0000647000,006142,092519,088115,091817,018464,033587
0000000649,0000648000,004360,091961,089298,085045,030982,019568
0000000650,0000649000,002855,091149,090460,073072,045393,008375
0000000651,0000650000,001751,090178,091508,057031,060300,001098
0000000652,0000651000,001168,089139,092314,038445,074246,-01545
0000000653,0000652000,001139,088145,092826,019076,085867,000725
0000000654,0000653000,001666,087275,093005,000733,094013,007680
0000000655,0000654000,002695,086611,092840,-14867,097891,018658
0000000656,0000655000,004120,086211,092365,-26290,097094,032590
0000000657,0000656000,005823,086080,091631,-32471,091694,048126
0000000658,0000657000,007635,086244,090714,-32837,082209,063751
0000000659,0000658000,009402,086677,089681,-27355,069539,077946
0000000660,0000659000,010948,087335,088648,-16533,054916,089335
0000000661,0000660000,012130,088150,087708,-01403,039754,096787
0000000662,0000661000,012845,089044,086938,016612,025540,099578
0000000663,0000662000,013021,089930,086420,035808,013656,097426
0000000664,0000663000,012662,090713,086186,054388,005277,090531
0000000665,0000664000,011796,091345,086245,070628,001232,079564
0000000666,0000665000,010514,091769,086573,083021,001917,065588
0000000667,0000666000,008929,091954,087142,090428,007287,049969
0000000668,0000667000,007184,091897,087892,092157,016824,034213
0000000669,0000668000,005446,091605,088743,088052,029615,019862
0000000670,0000669000,003866,091110,089637,078495,044419,008312
0000000671,0000670000,002603,090454,090475,064386,059802,000689
0000000672,0000671000,001763,089719,091183,047056,074265,-02252
0000000673,0000672000,001424,088965,091703,028130,086384,-00221
0000000674,0000673000,001612,088259,091998,009383,094981,006588
0000000675,0000674000,002299,087673,092049,-07448,099200,017510
0000000676,0000675000,003427,087239,091863,-20806,098623,031488
0000000677,0000676000,004882,086989,091477,-29460,093299,047157
0000000678,0000677000,006542,086937,090916,-32612,083735,062991
0000000679,0000678000,008249,087087,090239,-29967,070854,077460
0000000680,0000679000,009849,087412,089510,-21777,055898,089147
0000000681,0000680000,011195,087883,088791,-08803,040328,096913
0000000682,0000681000,012160,088459,088144,007733,025655,099998
0000000683,0000682000,012665,089071,087627,026287,013314,098100
0000000684,0000683000,012661,089673,087282,045128,004520,091399
0000000685,0000684000,012160,090216,087117,062505,000134,080549
0000000686,0000685000,011208,090658,087142,076819,000591,066616
0000000687,0000686000,009891,090966,087351,086748,005851,050948
0000000688,0000687000,008333,091128,087707,091383,015413,035075
0000000689,0000688000,006669,091137,088186,090294,028347,020540
0000000690,0000689000,005055,090986,088745,083584,043403,008754
0000000691,0000690000,003634,090703,089335,071879,059120,000865
0000000692,0000691000,002539,090314,089902,056268,073961,-02357
0000000693,0000692000,001867,089851,090407,038209,086480,-00596
0000000694,0000693000,001675,089358,090812,019378,095451,005968
0000000695,0000694000,001978,088874,091084,001522,099993,016698
0000000696,0000695000,002743,088433,091221,-13713,099659,030541
0000000697,0000696000,003902,088060,091214,-24929,094479,046144
0000000698,0000697000,005348,087786,091067,-31093,084957,061990
0000000699,0000698000,006953,087624,090797,-31644,072011,076538
0000000700,0000699000,008573,087579,090427,-26528,056903,088375
0000000701,0000700000,010060,087662,089984,-16221,041101,096350
0000000702,0000701000,011284,087860,089499,-01676,026140,099693
0000000703,0000702000,012128,088154,089016,015759,013484,098082
0000000704,0000703000,012523,088522,088564,034467,004369,091676
0000000705,0000704000,012433,088942,088172,052723,-00313,081110
0000000706,0000705000,011870,089379,087870,068840,-00109,067421
0000000707,0000706000,010886,089805,087673,081343,004967,051948
0000000708,0000707000,009568,090198,087593,089086,014416,036200
0000000709,0000708000,008036,090526,087636,091360,027314,021710
0000000710,0000709000,006423,090764,087807,087960,042409,009882
0000000711,0000710000,004874,090896,088091,079195,058233,001856
0000000712,0000711000,003529,090909,088472,065873,073243,-01588
0000000713,0000712000,002507,090794,088930,049218,085977,-00129
0000000714,0000713000,001903,090559,089427,030767,095196,006083
0000000715,0000714000,001768,090221,089931,012221,099998,016432
0000000716,0000715000,002114,089795,090407,-04714,099917,029897
0000000717,0000716000,002907,089312,090822,-18484,094970,045156
0000000718,0000717000,004077,088806,091138,-27832,085642,060716
0000000719,0000718000,005522,088309,091332,-31905,072849,075067
0000000720,0000719000,007113,087862,091383,-30333,057842,086816
0000000721,0000720000,008712,087506,091271,-23257,042082,094834
0000000722,0000721000,010176,087275,091000,-11319,027100,098357
0000000723,0000722000,011373,087192,090585,004389,014355,097052
0000000724,0000723000,012194,087277,090047,022428,005088,091064
0000000725,0000724000,012566,087529,089428,041140,000194,080991
0000000726,0000725000,012454,087931,088776,058807,000149,067832
0000000727,0000726000,011869,088463,088140,073809,004947,052881
0000000728,0000727000,010864,089089,087570,084779,014103,037608
0000000729,0000728000,009526,089758,087124,090718,026714,023498
0000000730,0000729000,007971,090416,086845,091088,041542,011912
0000000731,0000730000,006334,091009,086765,085851,057143,003961
0000000732,0000731000,004760,091475,086909,075475,071996,000398
0000000733,0000732000,003389,091763,087277,060902,084664,001546
0000000734,0000733000,002346,091844,087845,043456,093919,007274
0000000735,0000734000,001728,091696,088573,024733,098861,017004
0000000736,0000735000,001592,091320,089407,006451,099022,029766
0000000737,0000736000,001950,090743,090274,-09718,094403,044294
0000000738,0000737000,002771,090005,091100,-22300,085475,059161
0000000739,0000738000,003983,089160,091814,-30152,073128,072917
0000000740,0000739000,005484,088281,092340,-32563,058584,084236
0000000741,0000740000,007143,087447,092620,-29311,043261,092041
0000000742,0000741000,008818,086737,092616,-20680,028647,095604
0000000743,0000742000,010358,086224,092313,-07440,016158,094607
0000000744,0000743000,011623,085968,091721,009212,007000,089173
0000000745,0000744000,012496,086002,090885,027764,002054,079860
0000000746,0000745000,012894,086335,089875,046519,001788,067601
0000000747,0000746000,012781,086950,088771,063762,006204,053618
0000000748,0000747000,012164,087802,087674,077920,014840,039294
0000000749,0000748000,011097,088821,086687,087712,026823,026027
0000000750,0000749000,009671,089922,085903,092253,040965,015092
0000000751,0000750000,008005,091008,085405,091128,055877,007521
0000000752,0000751000,006246,091971,085257,084427,070113,004013
0000000753,0000752000,004545,092715,085488,072738,082301,004868
0000000754,0000753000,003060,093164,086089,057103,091267,009969
0000000755,0000754000,001927,093257,087023,038936,096152,018788
0000000756,0000755000,001255,092974,088214,019891,096504,030427
0000000757,0000756000,001107,092330,089553,001708,092319,043720
0000000758,0000757000,001500,091372,090923,-13956,084045,057346
0000000759,0000758000,002400,090177,092197,-25682,072531,069973
0000000760,0000759000,003731,088852,093248,-32414,058932,080387
0000000761,0000760000,005381,087517,093971,-33542,044584,087617
0000000762,0000761000,007210,086293,094286,-28952,030878,091009
0000000763,0000762000,009057,085305,094144,-19034,019134,090278
0000000764,0000763000,010756,084658,093540,-04661,010475,085544
0000000765,0000764000,012150,084424,092517,012878,005721,077307
0000000766,0000765000,013104,084643,091157,031996,005310,066412
0000000767,0000766000,013527,085308,089580,050948,009240,053965
0000000768,0000767000,013378,086367,087933,068007,017074,041209
0000000769,0000768000,012666,087728,086373,081626,027997,029395
0000000770,0000769000,011453,089274,085047,090582,040903,019652
0000000771,0000770000,009841,090863,084088,094067,054515,012882
0000000772,0000771000,007966,092346,083599,091758,067514,009685
0000000773,0000772000,005989,093581,083641,083837,078654,010311
0000000774,0000773000,004087,094440,084231,070987,086874,014644
0000000775,0000774000,002438,094822,085332,054347,091405,022212
0000000776,0000775000,001197,094678,086855,035415,091841,032225
0000000777,0000776000,000487,094005,088659,015915,088191,043655
0000000778,0000777000,000377,092856,090578,-02376,080875,055354
0000000779,0000778000,000879,091334,092428,-17799,070672,066169
0000000780,0000779000,001950,089576,094028,-28967,058628,075070
0000000781,0000780000,003499,087743,095225,-34880,045940,081246
0000000782,0000781000,005396,086000,095900,-35000,033840,084164
0000000783,0000782000,007479,084517,095969,-29292,023486,083610
0000000784,0000783000,009564,083447,095404,-18233,015851,079708
0000000785,0000784000,011460,082904,094242,-02788,011644,072899
0000000786,0000785000,012984,082962,092573,015662,011227,063909
0000000787,0000786000,013987,083632,090550,035443,014578,053673
0000000788,0000787000,014371,084857,088369,054752,021292,043232
0000000789,0000788000,014099,086525,086240,071834,030639,033616
0000000790,0000789000,013195,088483,084367,085155,041644,025736
0000000791,0000790000,011737,090551,082930,093525,053205,020300
0000000792,0000791000,009847,092541,082069,096191,064197,017759
0000000793,0000792000,007686,094266,081878,092894,073573,018277
0000000794,0000793000,005441,095551,082401,083893,080456,021724
0000000795,0000794000,003318,096257,083610,069957,084225,027687
0000000796,0000795000,001519,096295,085407,052320,084569,035512
0000000797,0000796000,000223,095644,087627,032576,081532,044371
0000000798,0000797000,-00445,094358,090054,012524,075500,053348
0000000799,0000798000,-00420,092562,092448,-06011,067151,061557
0000000800,0000799000,000293,090424,094580,-21361,057368,068227
0000000801,0000800000,001632,088140,096251,-32159,047143,072770
0000000802,0000801000,003482,085916,097302,-37442,037476,074830
0000000803,0000802000,005688,083962,097618,-36724,029285,074299
0000000804,0000803000,008060,082471,097149,-30032,023325,071325
0000000805,0000804000,010385,081600,095917,-17925,020119,066288
0000000806,0000805000,012440,081458,094017,-01459,019910,059763
0000000807,0000806000,014023,082078,091624,017886,022625,052463
0000000808,0000807000,014977,083402,088979,038349,027897,045153
0000000809,0000808000,015213,085303,086343,058063,035113,038557
0000000810,0000809000,014713,087596,083969,075252,043491,033288
0000000811,0000810000,013525,090070,082077,088386,052168,029793
0000000812,0000811000,011749,092502,080845,096301,060291,028325
0000000813,0000812000,009535,094666,080399,098282,067089,028921
0000000814,0000813000,007074,096350,080800,094126,071947,031415
0000000815,0000814000,004584,097381,082036,084159,074458,035458
0000000816,0000815000,002300,097631,084008,069238,074463,040556
0000000817,0000816000,000447,097060,086538,050692,072068,046132
0000000818,0000817000,-00791,095718,089368,030208,067623,051582
0000000819,0000818000,-01295,093743,092212,009658,061670,056365
0000000820,0000819000,-01028,091330,094797,-09102,054870,060051
0000000821,0000820000,-00019,088697,096891,-24403,047941,062344
0000000822,0000821000,001646,086087,098295,-34893,041576,063109
0000000823,0000822000,003824,083744,098868,-39638,036374,062387
0000000824,0000823000,006330,081887,098546,-38197,032792,060372
0000000825,0000824000,008943,080706,097333,-30658,031109,057376
0000000826,0000825000,011417,080348,095319,-17656,031385,053807
0000000827,0000826000,013512,080857,092695,-00338,033467,050106
0000000828,0000827000,015023,082187,089727,019728,037032,046683
0000000829,0000828000,015798,084206,086713,040709,041614,043889
0000000830,0000829000,015777,086702,083955,060695,046676,041954
0000000831,0000830000,014979,089445,081689,077916,051673,041006
0000000832,0000831000,013458,092197,080131,090849,056089,041049
0000000833,0000832000,011361,094683,079433,098348,059506,041959
0000000834,0000833000,008861,096683,079673,099745,061646,043514
0000000835,0000834000,006177,097995,080841,094880,062374,045426
0000000836,0000835000,003559,098459,082855,084153,061741,047390
0000000837,0000836000,001257,098025,085528,068497,059947,049106
0000000838,0000837000,-00497,096729,088578,049325,057300,050361
0000000839,0000838000,-01544,094713,091708,028385,054179,051023
0000000840,0000839000,-01777,092178,094592,007583,050978,051063
0000000841,0000840000,-01208,089369,096996,-11219,048070,050545
0000000842,0000841000,000121,086529,098684,-26374,045767,049592
0000000843,0000842000,002098,083938,099489,-36537,044300,048432
0000000844,0000843000,004536,081836,099347,-40819,043745,047312
0000000845,0000844000,007235,080415,098240,-38820,044088,046487
0000000846,0000845000,009939,079857,096265,-30686,045154,046179
0000000847,0000846000,012401,080204,093602,-17120,046687,046517
0000000848,0000847000,014368,081432,090527,000671,048406,047523
0000000849,0000848000,015660,083415,087347,021058,050010,049093
0000000850,0000849000,016163,085929,084382,042189,051257,051054
0000000851,0000850000,015838,088754,081898,062165,051964,053139
0000000852,0000851000,014731,091623,080105,079231,052023,055075
0000000853,0000852000,012925,094268,079206,091882,051422,056553
0000000854,0000853000,010605,096434,079256,099012,050267,057273
0000000855,0000854000,007955,097924,080275,099998,048764,057028
0000000856,0000855000,005220,098572,082175,094719,047193,055677
0000000857,0000856000,002668,098311,084767,083635,045877,053262
0000000858,0000857000,000521,097180,087805,067720,045080,049960
0000000859,0000858000,-00992,095277,090963,048418,045006,046102
0000000860,0000859000,-01746,092833,093941,027498,045764,042086
0000000861,0000860000,-01690,090058,096463,006833,047320,038368
0000000862,0000861000,-00829,087214,098310,-11747,049585,035387
0000000863,0000862000,000756,084579,099291,-26612,052338,033540
0000000864,0000863000,002907,082396,099325,-36467,055276,033164
0000000865,0000864000,005440,080873,098417,-40465,058012,034443
0000000866,0000865000,008137,080157,096633,-38237,060143,037407
0000000867,0000866000,010722,080325,094164,-29974,061293,041873
0000000868,0000867000,012983,081341,091245,-16404,061201,047447
0000000869,0000868000,014689,083111,088172,001264,059764,053583
0000000870,0000869000,015679,085440,085253,021404,057013,059663
0000000871,0000870000,015895,088096,082752,042209,053177,065030
0000000872,0000871000,015305,090846,080899,061832,048576,069094
0000000873,0000872000,013984,093415,079862,078546,043638,071349
0000000874,0000873000,012059,095555,079742,090907,038886,071443
0000000875,0000874000,009700,097074,080537,097853,034878,069199
0000000876,0000875000,007124,097831,082157,098783,032143,064701
0000000877,0000876000,004564,097761,084450,093615,031109,058280
0000000878,0000877000,002252,096873,087184,082800,032024,050520
0000000879,0000878000,000404,095274,090092,067301,034915,042179
0000000880,0000879000,-00799,093126,092873,048530,039594,034090
0000000881,0000880000,-01279,090646,095286,028181,045655,027103
0000000882,0000881000,-00983,088059,097105,008060,052556,021954
0000000883,0000882000,000043,085627,098156,-10053,059645,019254
0000000884,0000883000,001687,083586,098354,-24600,066193,019385
0000000885,0000884000,003806,082111,097694,-34336,071473,022492
0000000886,0000885000,006197,081341,096264,-38432,074841,028397
0000000887,0000886000,008654,081328,094199,-36544,075812,036625
0000000888,0000887000,010949,082064,091717,-28835,074154,046423
0000000889,0000888000,012881,083460,089063,-15995,069915,056824
0000000890,0000889000,014270,085372,086483,000823,063423,066800
0000000891,0000890000,014991,087617,084229,020097,055254,075333
0000000892,0000891000,015001,089963,082506,040111,046162,081526
0000000893,0000892000,014302,092192,081472,059102,037022,084689
0000000894,0000893000,012981,094082,081208,075422,028748,084398
0000000895,0000894000,011169,095458,081726,087686,022233,080554
0000000896,0000895000,009026,096216,082944,094858,018232,073403
0000000897,0000896000,006751,096301,084722,096336,017270,063567
0000000898,0000897000,004537,095727,086890,092002,019572,051958
0000000899,0000898000,002584,094560,089229,082244,025017,039705
0000000900,0000899000,001066,092928,091520,067935,033156,028021
0000000901,0000900000,000117,090991,093545,050360,043245,018083
0000000902,0000901000,-01390,087742,094945,031777,049887,011755
0000000903,0000902000,005486,088584,097549,029722,049887,008490
0000000904,0000903000,006050,088374,096598,029722,049887,007589
0000000905,0000904000,007259,087999,094860,029722,049887,014963
0000000906,0000905000,008578,088469,096028,029722,049887,023161
0000000907,0000906000,008691,088239,093136,029722,049887,033491
0000000908,0000907000,021670,089191,091926,029722,049887,048285
0000000909,0000908000,021907,089160,091268,029722,049887,048782
0000000910,0000909000,008988,087858,089803,029722,049887,048782
0000000911,0000910000,-04400,086503,088371,029722,049887,048782
0000000912,0000911000,-03948,086527,088256,029722,049887,048782
0000000913,0000912000,008992,087795,089347,029722,049887,048782
0000000914,0000913000,020465,088913,090353,029722,049887,048782
0000000915,0000914000,019704,088806,090129,029722,049887,048782
0000000916,0000915000,009291,087732,088905,029722,049887,048782
0000000917,0000916000,001125,086882,087946,029722,049887,048782
0000000918,0000917000,003848,087121,088100,029722,049887,048782
0000000919,0000918000,014283,088133,089010,029722,049887,048782
0000000920,0000919000,021582,088832,089631,029722,049887,048782
0000000921,0000920000,019116,088558,089309,029722,049887,048782
0000000922,0000921000,010789,087700,088403,029722,049887,048782
0000000923,0000922000,005897,087189,087856,029722,049887,048782
0000000924,0000923000,009286,087509,088168,029722,049887,048782
0000000925,0000924000,016953,088261,088919,029722,049887,048782
0000000926,0000925000,020857,088640,089304,029722,049887,048782
0000000927,0000926000,017431,088290,088978,029722,049887,048782
0000000928,0000927000,010840,087626,088350,029722,049887,048782
0000000929,0000928000,007982,087340,088101,029722,049887,048782
0000000930,0000929000,011237,087667,088475,029722,049887,048782
0000000931,0000930000,016547,088203,089065,029722,049887,048782
0000000932,0000931000,018148,088371,089287,029722,049887,048782
0000000933,0000932000,014536,088019,088991,029722,049887,048782
0000000934,0000933000,009604,087537,088568,029722,049887,048782
0000000935,0000934000,008206,087409,088497,029722,049887,048782
0000000936,0000935000,011143,087716,088857,029722,049887,048782
0000000937,0000936000,014756,088091,089284,029722,049887,048782
0000000938,0000937000,015075,088137,089376,029722,049887,048782
0000000939,0000938000,011855,087829,089108,029722,049887,048782
0000000940,0000939000,008466,087503,088818,029722,049887,048782
0000000941,0000940000,008148,087484,088829,029722,049887,048782
0000000942,0000941000,010752,087755,089123,029722,049887,048782
0000000943,0000942000,013212,088012,089396,029722,049887,048782
0000000944,0000943000,012934,087993,089388,029722,049887,048782
0000000945,0000944000,010373,087744,089144,029722,049887,048782
0000000946,0000945000,008274,087540,088940,029722,049887,048782
0000000947,0000946000,008677,087585,088979,029722,049887,048782
0000000948,0000947000,010924,087812,089196,029722,049887,048782
0000000949,0000948000,012582,087979,089349,029722,049887,048782
0000000950,0000949000,012068,087928,089280,029722,049887,048782
0000000951,0000950000,010170,087737,089069,029722,049887,048782
0000000952,0000951000,009014,087619,088929,029722,049887,048782
0000000953,0000952000,009784,087693,088979,029722,049887,048782
0000000954,0000953000,011615,087872,089134,029722,049887,048782
0000000955,0000954000,012659,087971,089210,029722,049887,048782
0000000956,0000955000,012047,087905,089120,029722,049887,048782
0000000957,0000956000,010669,087762,088954,029722,049887,048782
0000000958,0000957000,010102,087699,088871,029722,049887,048782
0000000959,0000958000,010946,087778,088931,029722,049887,048782
0000000960,0000959000,012312,087909,089045,029722,049887,048782
0000000961,0000960000,012860,087958,089081,029722,049887,048782
0000000962,0000961000,012199,087887,088998,029722,049887,048782
0000000963,0000962000,011184,087781,088882,029722,049887,048782
0000000964,0000963000,010936,087752,088847,029722,049887,048782
0000000965,0000964000,011680,087823,088914,029722,049887,048782
0000000966,0000965000,012603,087912,089002,029722,049887,048782
0000000967,0000966000,012780,087928,089018,029722,049887,048782
0000000968,0000967000,012115,087859,088953,029722,049887,048782
0000000969,0000968000,011364,087783,088882,029722,049887,048782
0000000970,0000969000,011285,087775,088879,029722,049887,048782
0000000971,0000970000,011875,087834,088946,029722,049887,048782
0000000972,0000971000,012447,087892,089013,029722,049887,048782
0000000973,0000972000,012392,087887,089018,029722,049887,048782
0000000974,0000973000,011789,087829,088969,029722,049887,048782
0000000975,0000974000,011257,087777,088927,029722,049887,048782
0000000976,0000975000,011284,087782,088942,029722,049887,048782
0000000977,0000976000,011741,087830,088999,029722,049887,048782
0000000978,0000977000,012079,087866,089045,029722,049887,048782
0000000979,0000978000,011922,087853,089040,029722,049887,048782
0000000980,0000979000,011433,087806,089001,029722,049887,048782
0000000981,0000980000,011098,087775,088976,029722,049887,048782
0000000982,0000981000,011202,087788,088995,029722,049887,048782
0000000983,0000982000,011566,087826,089038,029722,049887,048782
0000000984,0000983000,011767,087848,089063,029722,049887,048782
0000000985,0000984000,011594,087832,089050,029722,049887,048782
0000000986,0000985000,011240,087798,089017,029722,049887,048782
0000000987,0000986000,011065,087782,089002,029722,049887,048782
0000000988,0000987000,011221,087799,089017,029722,049887,048782
0000000989,0000988000,011514,087829,089046,029722,049887,048782
0000000990,0000989000,011635,087841,089056,029722,049887,048782
0000000991,0000990000,011483,087826,089038,029722,049887,048782
0000000992,0000991000,011247,087802,089011,029722,049887,048782
0000000993,0000992000,011184,087796,089001,029722,049887,048782
0000000994,0000993000,011356,087812,089014,029722,049887,048782
0000000995,0000994000,011582,087834,089032,029722,049887,048782
0000000996,0000995000,011647,087840,089033,029722,049887,048782
0000000997,0000996000,011519,087826,089016,029722,049887,048782
0000000998,0000997000,011365,087810,088995,029722,049887,048782
0000000999,0000998000,011364,087809,088990,029722,049887,048782
0000001000,0000999000,011519,087823,089002,029722,049887,048782
0000001001,0001000000,011678,087838,089013,029722,049887,048782
0000001002,0001001000,011695,087839,089011,029722,049887,048782
0000001003,0001002000,011583,087827,088997,029722,049887,048782
0000001004,0001003000,011480,087816,088984,029722,049887,048782
0000001005,0001004000,011502,087817,088984,029722,049887,048782
0000001006,0001005000,011623,087829,088995,029722,049887,048782
0000001007,0001006000,011719,087838,089003,029722,049887,048782
0000001008,0001007000,011701,087835,089001,029722,049887,048782
0000001009,0001008000,011601,087825,088991,029722,049887,048782
0000001010,0001009000,011529,087818,088984,029722,049887,048782
0000001011,0001010000,011555,087820,088987,029722,049887,048782
0000001012,0001011000,011640,087829,088997,029722,049887,048782
0000001013,0001012000,011689,087834,089004,029722,049887,048782
0000001014,0001013000,011651,087830,089001,029722,049887,048782
0000001015,0001014000,011566,087822,088995,029722,049887,048782
0000001016,0001015000,011518,087817,088992,029722,049887,048782
0000001017,0001016000,011545,087820,088997,029722,049887,048782
0000001018,0001017000,011603,087826,089005,029722,049887,048782
0000001019,0001018000,011624,087829,089009,029722,049887,048782
0000001020,0001019000,011582,087825,089007,029722,049887,048782
0000001021,0001020000,011517,087819,089002,029722,049887,048782
0000001022,0001021000,011490,087817,089001,029722,049887,048782
0000001023,0001022000,011518,087820,089005,029722,049887,048782
0000001024,0001023000,011561,087825,089011,029722,049887,048782
0000001025,0001024000,011568,087826,089013,029722,049887,048782
0000001026,0001025000,011532,087822,089010,029722,049887,048782
0000001027,0001026000,011489,087818,089006,029722,049887,048782
0000001028,0001027000,011481,087818,089006,029722,049887,048782
0000001029,0001028000,011510,087821,089009,029722,049887,048782
0000001030,0001029000,011543,087824,089012,029722,049887,048782
0000001031,0001030000,011545,087824,089012,029722,049887,048782
0000001032,0001031000,011518,087822,089009,029722,049887,048782
0000001033,0001032000,011493,087819,089006,029722,049887,048782
0000001034,0001033000,011497,087820,089006,029722,049887,048782
0000001035,0001034000,011525,087822,089008,029722,049887,048782
0000001036,0001035000,011549,087825,089009,029722,049887,048782
0000001037,0001036000,011549,087825,089008,029722,049887,048782
0000001038,0001037000,011529,087822,089006,029722,049887,048782
0000001039,0001038000,011516,087821,089003,029722,049887,048782
0000001040,0001039000,011525,087822,089003,029722,049887,048782
0000001041,0001040000,011548,087824,089005,029722,049887,048782
0000001042,0001041000,011564,087825,089006,029722,049887,048782
0000001043,0001042000,011560,087825,089005,029722,049887,048782
0000001044,0001043000,011545,087823,089003,029722,049887,048782
0000001045,0001044000,011538,087822,089001,029722,049887,048782
0000001046,0001045000,011547,087823,089002,029722,049887,048782
0000001047,0001046000,011564,087824,089003,029722,049887,048782
0000001048,0001047000,011572,087825,089004,029722,049887,048782
0000001049,0001048000,011565,087824,089003,029722,049887,048782
0000001050,0001049000,011552,087823,089002,029722,049887,048782
0000001051,0001050000,011547,087823,089001,029722,049887,048782
0000001052,0001051000,011555,087823,089002,029722,049887,048782
0000001053,0001052000,011565,087824,089003,029722,049887,048782
0000001054,0001053000,011568,087825,089004,029722,049887,048782
0000001055,0001054000,011559,087824,089003,029722,049887,048782
0000001056,0001055000,011549,087823,089002,029722,049887,048782
0000001057,0001056000,011546,087822,089003,029722,049887,048782
0000001058,0001057000,011551,087823,089003,029722,049887,048782
0000001059,0001058000,011558,087824,089004,029722,049887,048782
0000001060,0001059000,011557,087824,089005,029722,049887,048782
0000001061,0001060000,011549,087823,089004,029722,049887,048782
0000001062,0001061000,011542,087822,089004,029722,049887,048782
0000001063,0001062000,011540,087822,089004,029722,049887,048782
0000001064,0001063000,011545,087823,089005,029722,049887,048782
0000001065,0001064000,011549,087823,089005,029722,049887,048782
0000001066,0001065000,011548,087823,089005,029722,049887,048782
0000001067,0001066000,011542,087823,089005,029722,049887,048782
0000001068,0001067000,011537,087822,089005,029722,049887,048782
0000001069,0001068000,011538,087822,089005,029722,049887,048782
0000001070,0001069000,011542,087823,089005,029722,049887,048782
0000001071,0001070000,011545,087823,089006,029722,049887,048782
0000001072,0001071000,011544,087823,089005,029722,049887,048782
0000001073,0001072000,011540,087823,089005,029722,049887,048782
0000001074,0001073000,011538,087822,089005,029722,049887,048782
0000001075,0001074000,011540,087823,089005,029722,049887,048782
0000001076,0001075000,011543,087823,089005,029722,049887,048782
0000001077,0001076000,011546,087823,089005,029722,049887,048782
0000001078,0001077000,011545,087823,089005,029722,049887,048782
0000001079,0001078000,011542,087823,089005,029722,049887,048782
0000001080,0001079000,011542,087823,089004,029722,049887,048782
0000001081,0001080000,011544,087823,089004,029722,049887,048782
0000001082,0001081000,011547,087823,089005,029722,049887,048782
0000001083,0001082000,011548,087823,089005,029722,049887,048782
0000001084,0001083000,011547,087823,089004,029722,049887,048782
0000001085,0001084000,011546,087823,089004,029722,049887,048782
0000001086,0001085000,011545,087823,089004,029722,049887,048782
0000001087,0001086000,011547,087823,089004,029722,049887,048782
0000001088,0001087000,011549,087823,089004,029722,049887,048782
0000001089,0001088000,011550,087823,089004,029722,049887,048782
0000001090,0001089000,011549,087823,089004,029722,049887,048782
0000001091,0001090000,011547,087823,089004,029722,049887,048782
0000001092,0001091000,011547,087823,089004,029722,049887,048782
0000001093,0001092000,011548,087823,089004,029722,049887,048782
0000001094,0001093000,011550,087823,089004,029722,049887,048782
0000001095,0001094000,011549,087823,089004,029722,049887,048782
0000001096,0001095000,011548,087823,089004,029722,049887,048782
0000001097,0001096000,011547,087823,089004,029722,049887,048782
0000001098,0001097000,011547,087823,089004,029722,049887,048782
0000001099,0001098000,011548,087823,089004,029722,049887,048782
0000001100,0001099000,011548,087823,089004,029722,049887,048782
0000001101,0001100000,011548,087823,089004,029722,049887,048782
