0000000001,0000000000,093102,086329,075925,033292,034627,084991
0000000002,0000001000,090968,089046,075340,043044,025349,084517
0000000003,0000002000,088327,091377,075651,053883,018351,080675
0000000004,0000003000,085471,093055,076828,064763,014308,073840
0000000005,0000004000,082678,093917,078761,074606,013632,064670
0000000006,0000005000,080190,093908,081258,082454,016385,054071
0000000007,0000006000,078269,093022,084064,087540,022279,043090
0000000008,0000007000,077125,091314,086918,089363,030755,032792
0000000009,0000008000,076839,088976,089539,087739,040995,024176
0000000010,0000009000,077436,086254,091665,082841,051970,018098
0000000011,0000010000,078885,083383,093087,075148,062604,015157
0000000012,0000011000,081038,080645,093672,065389,071890,015630
0000000013,0000012000,083660,078337,093360,054540,078897,019472
0000000014,0000013000,086511,076661,092183,043675,082927,026308
0000000015,0000014000,089325,075779,090251,033831,083602,035477
0000000016,0000015000,091804,075796,087754,025972,080862,046076
0000000017,0000016000,093711,076697,084946,020893,074959,057057
0000000018,0000017000,094874,078387,082095,019075,066479,067355
0000000019,0000018000,095158,080724,079473,020690,056247,075971
0000000020,0000019000,094546,083463,077346,025589,045271,082048
0000000021,0000020000,093108,086323,075924,033291,034628,084991
0000000022,0000021000,090962,089053,075340,043042,025351,084517
0000000023,0000022000,088325,091378,075652,053891,018344,080674
0000000024,0000023000,085479,093048,076828,064763,014308,073839
0000000025,0000024000,082676,093919,078761,074603,013635,064671
0000000026,0000025000,080183,093915,081258,082457,016381,054071
0000000027,0000026000,078275,093016,084065,087545,022274,043089
0000000028,0000027000,077127,091312,086917,089360,030758,032792
0000000029,0000028000,076832,088983,089540,087740,040994,024175
0000000030,0000029000,077437,086253,091665,082848,051964,018098
0000000031,0000030000,078891,083377,093087,075148,062605,015156
0000000032,0000031000,081033,080650,093672,065388,071891,015630
0000000033,0000032000,083657,078339,093360,054545,078892,019472
0000000034,0000033000,086516,076655,092183,043678,082924,026307
0000000035,0000034000,089324,075780,090251,033829,083605,035475
0000000036,0000035000,091800,075801,087754,025976,080859,046075
0000000037,0000036000,093715,076693,084947,020897,074956,057056
0000000038,0000037000,094876,078385,082095,019075,066480,067354
0000000039,0000038000,095155,080728,079472,020691,056248,075970
0000000040,0000039000,094547,083462,077346,025593,045269,082048
0000000041,0000040000,093111,086320,075924,033291,034630,084989
0000000042,0000041000,090960,089055,075340,043042,025352,084516
0000000043,0000042000,088325,091379,075651,053892,018343,080674
0000000044,0000043000,085481,093046,076828,064763,014308,073838
0000000045,0000044000,082674,093921,078761,074602,013636,064670
0000000046,0000045000,080182,093916,081257,082458,016379,054071
0000000047,0000046000,078277,093014,084065,087545,022274,043090
0000000048,0000047000,077125,091313,086917,089360,030757,032793
0000000049,0000048000,076831,088985,089539,087742,040992,024176
0000000050,0000049000,077440,086250,091665,082849,051961,018099
0000000051,0000050000,078890,083378,093088,075148,062604,015157
0000000052,0000051000,081030,080653,093673,065391,071887,015630
0000000053,0000052000,083659,078336,093360,054548,078889,019472
0000000054,0000053000,086517,076654,092184,043679,082923,026307
0000000055,0000054000,089321,075783,090252,033833,083602,035474
0000000056,0000055000,091802,075799,087754,025981,080856,046073
0000000057,0000056000,093718,076690,084947,020899,074957,057054
0000000058,0000057000,094872,078388,082096,019077,066481,067351
0000000059,0000058000,095155,080728,079473,020696,056246,075967
0000000060,0000059000,094552,083458,077346,025594,045271,082045
0000000061,0000060000,093109,086322,075924,033290,034633,084987
0000000062,0000061000,090957,089058,075340,043044,025353,084513
0000000063,0000062000,088329,091375,075651,053893,018344,080672
0000000064,0000063000,085482,093045,076828,064759,014312,073838
0000000065,0000064000,082670,093925,078760,074600,013637,064671
0000000066,0000065000,080184,093914,081257,082458,016378,054073
0000000067,0000066000,078279,093012,084064,087541,022276,043093
0000000068,0000067000,077121,091317,086917,089357,030757,032796
0000000069,0000068000,076830,088986,089539,087743,040987,024180
0000000070,0000069000,077443,086247,091665,082848,051959,018102
0000000071,0000070000,078887,083380,093088,075147,062602,015160
0000000072,0000071000,081028,080655,093673,065395,071881,015632
0000000073,0000072000,083662,078333,093361,054552,078884,019473
0000000074,0000073000,086516,076654,092185,043681,082921,026307
0000000075,0000074000,089317,075785,090252,033838,083599,035473
0000000076,0000075000,091803,075797,087755,025987,080852,046070
0000000077,0000076000,093719,076688,084948,020902,074957,057050
0000000078,0000077000,094870,078390,082096,019081,066482,067346
0000000079,0000078000,095156,080727,079473,020700,056247,075962
0000000080,0000079000,094554,083455,077346,025595,045274,082040
0000000081,0000080000,093108,086323,075924,033289,034638,084982
0000000082,0000081000,090958,089058,075339,043044,025356,084510
0000000083,0000082000,088332,091373,075650,053890,018349,080670
0000000084,0000083000,085482,093047,076827,064754,014318,073837
0000000085,0000084000,082669,093927,078759,074597,013640,064672
0000000086,0000085000,080187,093913,081256,082453,016380,054076
0000000087,0000086000,078279,093013,084064,087535,022277,043097
0000000088,0000087000,077119,091320,086916,089354,030755,032801
0000000089,0000088000,076831,088985,089539,087741,040984,024185
0000000090,0000089000,077442,086247,091666,082846,051955,018108
0000000091,0000090000,078884,083383,093089,075148,062596,015165
0000000092,0000091000,081028,080655,093673,065399,071874,015636
0000000093,0000092000,083662,078331,093362,054556,078878,019475
0000000094,0000093000,086513,076656,092186,043687,082915,026307
0000000095,0000094000,089317,075785,090253,033847,083592,035471
0000000096,0000095000,091806,075793,087756,025994,080849,046067
0000000097,0000096000,093718,076688,084949,020908,074956,057044
0000000098,0000097000,094869,078390,082097,019089,066481,067339
0000000099,0000098000,095159,080723,079473,020705,056249,075954
0000000100,0000099000,094555,083454,077346,025596,045281,082032
0000000101,0000100000,093107,086325,075923,033290,034644,084975
0000000102,0000101000,090961,089056,075338,043042,025363,084505
0000000103,0000102000,088335,091371,075649,053884,018358,080667
0000000104,0000103000,085480,093050,076825,064748,014325,073836
0000000105,0000104000,082671,093928,078758,074590,013645,064674
0000000106,0000105000,080189,093912,081255,082444,016385,054080
0000000107,0000106000,078277,093016,084062,087526,022280,043103
0000000108,0000107000,077118,091323,086915,089348,030753,032809
0000000109,0000108000,076832,088985,089538,087736,040979,024195
0000000110,0000109000,077440,086249,091666,082842,051950,018117
0000000111,0000110000,078880,083386,093089,075149,062586,015173
0000000112,0000111000,081028,080653,093675,065403,071863,015643
0000000113,0000112000,083661,078331,093364,054561,078869,019479
0000000114,0000113000,086510,076658,092188,043696,082906,026308
0000000115,0000114000,089317,075783,090255,033858,083583,035468
0000000116,0000115000,091807,075790,087758,026005,080844,046061
0000000117,0000116000,093717,076688,084951,020919,074955,057036
0000000118,0000117000,094870,078388,082097,019099,066481,067329
0000000119,0000118000,095163,080720,079473,020712,056254,075943
0000000120,0000119000,094556,083453,077346,025599,045289,082021
0000000121,0000120000,093109,086324,075922,033291,034653,084965
0000000122,0000121000,090965,089054,075336,043039,025374,084497
0000000123,0000122000,088336,091372,075647,053876,018371,080662
0000000124,0000123000,085480,093052,076823,064738,014336,073835
0000000125,0000124000,082673,093928,078755,074579,013653,064677
0000000126,0000125000,080189,093914,081253,082431,016391,054086
0000000127,0000126000,078275,093020,084061,087515,022282,043113
0000000128,0000127000,077117,091324,086914,089339,030750,032821
0000000129,0000128000,076831,088986,089538,087728,040974,024208
0000000130,0000129000,077436,086253,091666,082839,051941,018130
0000000131,0000130000,078878,083387,093090,075151,062573,015185
0000000132,0000131000,081027,080653,093676,065408,071849,015652
0000000133,0000132000,083658,078332,093366,054569,078855,019484
0000000134,0000133000,086507,076658,092190,043709,082892,026309
0000000135,0000134000,089318,075780,090258,033872,083572,035465
0000000136,0000135000,091806,075788,087761,026019,080838,046053
0000000137,0000136000,093716,076687,084953,020933,074951,057024
0000000138,0000137000,094873,078384,082099,019112,066482,067315
0000000139,0000138000,095165,080716,079474,020720,056261,075928
0000000140,0000139000,094557,083452,077346,025604,045300,082005
0000000141,0000140000,093112,086322,075921,033292,034666,084951
0000000142,0000141000,090969,089052,075334,043033,025390,084486
0000000143,0000142000,088337,091373,075645,053866,018388,080656
0000000144,0000143000,085482,093053,076820,064726,014350,073834
0000000145,0000144000,082676,093928,078752,074563,013665,064680
0000000146,0000145000,080189,093917,081250,082414,016400,054095
0000000147,0000146000,078273,093024,084058,087499,022285,043126
0000000148,0000147000,077117,091326,086912,089325,030747,032837
0000000149,0000148000,076829,088989,089538,087717,040967,024225
0000000150,0000149000,077432,086257,091667,082834,051928,018147
0000000151,0000150000,078876,083388,093091,075152,062557,015200
0000000152,0000151000,081024,080653,093679,065413,071832,015664
0000000153,0000152000,083653,078333,093369,054581,078837,019492
0000000154,0000153000,086505,076656,092194,043725,082873,026310
0000000155,0000154000,089317,075777,090261,033891,083558,035461
0000000156,0000155000,091805,075786,087764,026038,080828,046043
0000000157,0000156000,093717,076684,084955,020953,074947,057009
0000000158,0000157000,094876,078379,082101,019128,066485,067296
0000000159,0000158000,095167,080713,079475,020731,056271,075907
0000000160,0000159000,094560,083450,077345,025611,045313,081985
0000000161,0000160000,093117,086319,075919,033292,034684,084933
0000000162,0000161000,090973,089050,075332,043026,025412,084472
0000000163,0000162000,088340,091374,075641,053854,018409,080647
0000000164,0000163000,085486,093054,076816,064709,014369,073832
0000000165,0000164000,082678,093930,078748,074542,013682,064685
0000000166,0000165000,080188,093921,081246,082391,016411,054106
0000000167,0000166000,078272,093028,084055,087478,022288,043143
0000000168,0000167000,077116,091329,086910,089307,030745,032858
0000000169,0000168000,076825,088994,089537,087703,040958,024248
0000000170,0000169000,077428,086261,091667,082828,051912,018170
0000000171,0000170000,078872,083390,093093,075153,062536,015221
0000000172,0000171000,081019,080655,093682,065421,071809,015679
0000000173,0000172000,083649,078334,093373,054596,078812,019501
0000000174,0000173000,086503,076654,092198,043746,082851,026313
0000000175,0000174000,089315,075774,090266,033914,083541,035455
0000000176,0000175000,091803,075784,087768,026063,080816,046030
0000000177,0000176000,093718,076679,084958,020978,074941,056990
0000000178,0000177000,094879,078373,082103,019148,066488,067273
0000000179,0000178000,095170,080710,079476,020746,056282,075881
0000000180,0000179000,094564,083447,077345,025619,045331,081960
0000000181,0000180000,093123,086315,075917,033291,034708,084911
0000000182,0000181000,090977,089050,075329,043017,025438,084455
0000000183,0000182000,088343,091375,075637,053838,018435,080637
0000000184,0000183000,085490,093054,076811,064686,014393,073830
0000000185,0000184000,082680,093933,078743,074515,013702,064692
0000000186,0000185000,080188,093926,081241,082364,016424,054121
0000000187,0000186000,078272,093032,084051,087452,022293,043164
0000000188,0000187000,077113,091334,086908,089283,030742,032885
0000000189,0000188000,076820,089000,089536,087687,040945,024277
0000000190,0000189000,077423,086265,091668,082820,051891,018198
0000000191,0000190000,078867,083392,093096,075153,062510,015246
0000000192,0000191000,081013,080657,093686,065430,071780,015699
0000000193,0000192000,083644,078334,093378,054615,078782,019512
0000000194,0000193000,086500,076651,092204,043771,082823,026315
0000000195,0000194000,089313,075771,090272,033943,083519,035448
0000000196,0000195000,091802,075780,087773,026095,080801,046014
0000000197,0000196000,093720,076672,084963,021007,074935,056966
0000000198,0000197000,094882,078368,082106,019173,066493,067243
0000000199,0000198000,095174,080705,079477,020764,056295,075849
0000000200,0000199000,094570,083441,077344,025629,045352,081928
0000000201,0000200000,093129,086311,075915,033290,034737,084883
0000000202,0000201000,090982,089049,075325,043006,025471,084433
0000000203,0000202000,088349,091375,075631,053818,018468,080624
0000000204,0000203000,085495,093056,076805,064658,014424,073827
0000000205,0000204000,082681,093937,078737,074482,013727,064700
0000000206,0000205000,080188,093932,081236,082330,016440,054139
0000000207,0000206000,078271,093038,084046,087420,022299,043191
0000000208,0000207000,077110,091341,086904,089255,030737,032917
0000000209,0000208000,076814,089007,089534,087668,040930,024312
0000000210,0000209000,077418,086269,091668,082810,051866,018233
0000000211,0000210000,078861,083396,093099,075154,062479,015276
0000000212,0000211000,081006,080660,093690,065443,071744,015722
0000000213,0000212000,083638,078333,093384,054637,078745,019526
0000000214,0000213000,086496,076649,092211,043801,082791,026318
0000000215,0000214000,089309,075767,090279,033979,083492,035439
0000000216,0000215000,091802,075774,087780,026133,080783,045994
0000000217,0000216000,093722,076665,084968,021043,074929,056937
0000000218,0000217000,094885,078361,082110,019203,066498,067208
0000000219,0000218000,095179,080698,079478,020787,056312,075811
0000000220,0000219000,094578,083435,077343,025640,045379,081890
0000000221,0000220000,093136,086307,075912,033288,034772,084849
0000000222,0000221000,090989,089047,075319,042993,025510,084407
0000000223,0000222000,088356,091374,075625,053794,018507,080609
0000000224,0000223000,085500,093058,076797,064625,014461,073824
0000000225,0000224000,082684,093942,078729,074443,013757,064709
0000000226,0000225000,080189,093938,081228,082289,016459,054160
0000000227,0000226000,078270,093045,084041,087380,022307,043222
0000000228,0000227000,077105,091350,086901,089222,030732,032955
0000000229,0000228000,076808,089014,089533,087644,040911,024354
0000000230,0000229000,077411,086275,091669,082798,051837,018274
0000000231,0000230000,078852,083401,093102,075155,062441,015313
0000000232,0000231000,080998,080663,093695,065458,071701,015750
0000000233,0000232000,083632,078333,093391,054664,078702,019543
0000000234,0000233000,086491,076646,092219,043837,082751,026321
0000000235,0000234000,089305,075763,090287,034022,083460,035428
0000000236,0000235000,091801,075767,087787,026178,080761,045970
0000000237,0000236000,093724,076656,084974,021085,074921,056903
0000000238,0000237000,094889,078353,082114,019239,066505,067166
0000000239,0000238000,095186,080690,079480,020813,056331,075765
0000000240,0000239000,094586,083427,077342,025652,045411,081846
0000000241,0000240000,093145,086302,075908,033287,034813,084810
0000000242,0000241000,090998,089044,075313,042977,025556,084377
0000000243,0000242000,088364,091374,075617,053765,018554,080591
0000000244,0000243000,085506,093061,076789,064585,014504,073820
0000000245,0000244000,082687,093948,078720,074397,013791,064721
0000000246,0000245000,080191,093945,081220,082241,016482,054186
0000000247,0000246000,078268,093054,084034,087334,022316,043259
0000000248,0000247000,077100,091359,086896,089184,030725,033001
0000000249,0000248000,076802,089023,089531,087617,040889,024404
0000000250,0000249000,077402,086283,091670,082784,051803,018323
0000000251,0000250000,078842,083407,093106,075157,062397,015355
0000000252,0000251000,080988,080666,093702,065475,071651,015783
0000000253,0000252000,083624,078332,093399,054695,078651,019562
0000000254,0000253000,086484,076643,092228,043880,082705,026325
0000000255,0000254000,089301,075757,090297,034072,083422,035416
0000000256,0000255000,091801,075758,087796,026230,080737,045943
0000000257,0000256000,093726,076647,084982,021134,074912,056863
0000000258,0000257000,094894,078343,082119,019281,066512,067116
0000000259,0000258000,095194,080680,079482,020843,056355,075712
0000000260,0000259000,094596,083419,077341,025667,045449,081793
0000000261,0000260000,093155,086296,075904,033285,034861,084764
0000000262,0000261000,091008,089041,075306,042959,025609,084342
0000000263,0000262000,088374,091374,075608,053731,018609,080570
0000000264,0000263000,085512,093065,076778,064539,014553,073817
0000000265,0000264000,082692,093954,078710,074344,013831,064734
0000000266,0000265000,080192,093953,081210,082185,016509,054216
0000000267,0000266000,078265,093064,084026,087281,022325,043303
0000000268,0000267000,077094,091371,086890,089139,030717,033054
0000000269,0000268000,076794,089033,089528,087585,040864,024461
0000000270,0000269000,077392,086292,091672,082768,051763,018379
0000000271,0000270000,078831,083414,093110,075159,062345,015405
0000000272,0000271000,080978,080669,093709,065496,071593,015820
0000000273,0000272000,083614,078332,093409,054732,078593,019584
0000000274,0000273000,086475,076640,092240,043929,082652,026328
0000000275,0000274000,089297,075750,090308,034130,083379,035401
0000000276,0000275000,091800,075748,087807,026290,080709,045911
0000000277,0000276000,093728,076636,084991,021191,074902,056816
0000000278,0000277000,094899,078331,082125,019329,066520,067060
0000000279,0000278000,095203,080668,079485,020877,056382,075650
0000000280,0000279000,094606,083409,077340,025684,045492,081733
0000000281,0000280000,093167,086289,075899,033283,034916,084711
0000000282,0000281000,091020,089036,075298,042937,025671,084302
0000000283,0000282000,088384,091374,075597,053691,018671,080547
0000000284,0000283000,085520,093069,076766,064486,014610,073812
0000000285,0000284000,082697,093961,078697,074282,013877,064750
0000000286,0000285000,080194,093963,081199,082120,016539,054250
0000000287,0000286000,078262,093077,084017,087220,022336,043353
0000000288,0000287000,077088,091383,086884,089088,030707,033115
0000000289,0000288000,076785,089045,089526,087548,040835,024527
0000000290,0000289000,077380,086302,091673,082750,051717,018443
0000000291,0000290000,078818,083422,093115,075162,062286,015461
0000000292,0000291000,080965,080673,093718,065519,071527,015863
0000000293,0000292000,083603,078332,093421,054773,078527,019609
0000000294,0000293000,086466,076636,092252,043986,082591,026333
0000000295,0000294000,089291,075742,090321,034196,083330,035384
0000000296,0000295000,091798,075738,087819,026359,080677,045874
0000000297,0000296000,093731,076624,085001,021256,074890,056763
0000000298,0000297000,094906,078317,082132,019383,066530,066995
0000000299,0000298000,095213,080655,079488,020915,056413,075580
0000000300,0000299000,094618,083399,077338,025703,045541,081665
0000000301,0000300000,093180,086281,075894,033280,034978,084651
0000000302,0000301000,091034,089032,075289,042912,025741,084257
0000000303,0000302000,088396,091374,075585,053647,018742,080520
0000000304,0000303000,085530,093073,076752,064426,014674,073808
0000000305,0000304000,082704,093969,078683,074212,013928,064768
0000000306,0000305000,080195,093974,081186,082047,016573,054289
0000000307,0000306000,078259,093090,084006,087152,022348,043409
0000000308,0000307000,077082,091397,086876,089031,030696,033183
0000000309,0000308000,076774,089058,089522,087507,040802,024601
0000000310,0000309000,077366,086315,091674,082730,051664,018515
0000000311,0000310000,078804,083431,093121,075166,062219,015524
0000000312,0000311000,080951,080677,093727,065545,071452,015911
0000000313,0000312000,083589,078333,093433,054821,078452,019637
0000000314,0000313000,086456,076632,092267,044050,082523,026337
0000000315,0000314000,089285,075734,090337,034270,083275,035365
0000000316,0000315000,091796,075726,087833,026436,080642,045832
0000000317,0000316000,093734,076609,085012,021329,074878,056703
0000000318,0000317000,094914,078302,082140,019444,066542,066922
0000000319,0000318000,095224,080640,079492,020958,056449,075502
0000000320,0000319000,094632,083386,077337,025724,045597,081589
0000000321,0000320000,093196,086271,075888,033276,035049,084585
0000000322,0000321000,091050,089026,075279,042883,025820,084206
0000000323,0000322000,088410,091374,075572,053597,018822,080491
0000000324,0000323000,085541,093078,076737,064359,014747,073804
0000000325,0000324000,082711,093978,078667,074133,013986,064789
0000000326,0000325000,080197,093987,081171,081965,016610,054334
0000000327,0000326000,078256,093106,083993,087075,022361,043473
0000000328,0000327000,077074,091413,086868,088966,030683,033261
0000000329,0000328000,076762,089074,089518,087461,040764,024684
0000000330,0000329000,077351,086328,091676,082708,051605,018596
0000000331,0000330000,078787,083441,093127,075170,062144,015595
0000000332,0000331000,080934,080683,093738,065575,071369,015965
0000000333,0000332000,083574,078334,093448,054874,078368,019667
0000000334,0000333000,086445,076627,092284,044121,082446,026342
0000000335,0000334000,089278,075724,090354,034353,083215,035342
0000000336,0000335000,091793,075713,087849,026522,080602,045785
0000000337,0000336000,093737,076593,085025,021410,074864,056635
0000000338,0000337000,094922,078284,082149,019512,066556,066841
0000000339,0000338000,095236,080624,079496,021006,056488,075414
0000000340,0000339000,094648,083372,077336,025747,045659,081503
0000000341,0000340000,093214,086260,075881,033271,035128,084510
0000000342,0000341000,091067,089020,075268,042851,025909,084150
0000000343,0000342000,088425,091373,075557,053540,018910,080459
0000000344,0000343000,085554,093082,076719,064283,014827,073799
0000000345,0000344000,082719,093988,078649,074046,014050,064813
0000000346,0000345000,080200,094002,081154,081874,016651,054383
0000000347,0000346000,078253,093123,083979,086990,022375,043544
0000000348,0000347000,077066,091432,086858,088894,030669,033347
0000000349,0000348000,076749,089092,089514,087411,040722,024776
0000000350,0000349000,077335,086343,091677,082685,051539,018685
0000000351,0000350000,078769,083452,093134,075175,062061,015673
0000000352,0000351000,080916,080690,093750,065609,071276,016024
0000000353,0000352000,083558,078334,093463,054934,078274,019701
0000000354,0000353000,086432,076622,092302,044201,082362,026346
0000000355,0000354000,089269,075714,090373,034445,083148,035317
0000000356,0000355000,091790,075698,087867,026618,080559,045733
0000000357,0000356000,093740,076575,085040,021500,074849,056560
0000000358,0000357000,094931,078265,082160,019587,066572,066750
0000000359,0000358000,095250,080605,079501,021059,056533,075317
0000000360,0000359000,094666,083355,077334,025772,045728,081409
0000000361,0000360000,093233,086248,075874,033266,035216,084428
0000000362,0000361000,091086,089013,075256,042815,026006,084088
0000000363,0000362000,088443,091372,075540,053478,019008,080424
0000000364,0000363000,085568,093088,076700,064200,014915,073794
0000000365,0000364000,082728,093999,078629,073949,014121,064839
0000000366,0000365000,080203,094017,081136,081774,016697,054438
0000000367,0000366000,078250,093142,083964,086896,022391,043623
0000000368,0000367000,077057,091452,086847,088816,030652,033442
0000000369,0000368000,076734,089112,089509,087356,040676,024878
0000000370,0000369000,077317,086361,091678,082659,051466,018784
0000000371,0000370000,078748,083465,093142,075181,061969,015759
0000000372,0000371000,080895,080698,093763,065647,071174,016088
0000000373,0000372000,083539,078335,093481,054999,078172,019738
0000000374,0000373000,086417,076616,092322,044289,082269,026351
0000000375,0000374000,089259,075702,090394,034546,083074,035289
0000000376,0000375000,091787,075681,087886,026723,080511,045675
0000000377,0000376000,093744,076555,085057,021598,074833,056478
0000000378,0000377000,094940,078244,082172,019669,066589,066650
0000000379,0000378000,095265,080585,079506,021117,056582,075210
0000000380,0000379000,094685,083337,077333,025799,045805,081306
0000000381,0000380000,093255,086234,075866,033259,035312,084338
0000000382,0000381000,091108,089005,075242,042776,026113,084020
0000000383,0000382000,088462,091371,075522,053409,019115,080386
0000000384,0000383000,085584,093093,076679,064107,015012,073790
0000000385,0000384000,082738,094010,078607,073842,014198,064869
0000000386,0000385000,080206,094034,081115,081664,016746,054499
0000000387,0000386000,078247,093162,083946,086793,022407,043710
0000000388,0000387000,077046,091475,086834,088730,030634,033546
0000000389,0000388000,076719,089134,089502,087296,040624,024990
0000000390,0000389000,077297,086380,091679,082631,051386,018892
0000000391,0000390000,078726,083480,093150,075188,061868,015853
0000000392,0000391000,080872,080706,093777,065689,071062,016158
0000000393,0000392000,083519,078337,093500,055072,078060,019777
0000000394,0000393000,086400,076611,092345,044385,082169,026356
0000000395,0000394000,089248,075690,090417,034657,082994,035258
0000000396,0000395000,091783,075663,087908,026838,080460,045611
0000000397,0000396000,093747,076533,085075,021705,074817,056387
0000000398,0000397000,094950,078220,082185,019758,066609,066542
0000000399,0000398000,095281,080562,079513,021179,056636,075094
0000000400,0000399000,094706,083317,077332,025827,045888,081193
0000000401,0000400000,093278,086219,075858,033251,035418,084241
0000000402,0000401000,086416,091482,077718,047630,025656,083361
0000000403,0000402000,090295,089157,073295,058798,016907,078020
0000000404,0000403000,087326,093478,077064,067980,015008,073681
0000000405,0000404000,086090,091921,076522,071334,014030,064631
0000000406,0000405000,086160,092931,079994,071984,019543,057264
0000000407,0000406000,082754,092861,083600,066615,027393,048729
0000000408,0000407000,082822,087739,083013,057904,038893,042031
0000000409,0000408000,080160,089108,089301,045218,051208,035912
0000000410,0000409000,082597,082870,087942,031473,064866,032837
0000000411,0000410000,079941,084444,093996,018101,076442,030876
0000000412,0000411000,084491,080406,093277,005789,086230,031611
0000000413,0000412000,081870,079556,094325,-02751,093685,035621
0000000414,0000413000,084200,077799,093201,-10227,095304,039704
0000000415,0000414000,085727,076445,090921,-11833,095754,048195
0000000416,0000415000,084587,078369,090340,-11118,089456,054908
0000000417,0000416000,090000,077927,086386,-04240,081214,063344
0000000418,0000417000,087458,081980,086149,006044,069861,070462
0000000419,0000418000,091246,081054,080316,019282,056036,075163
0000000420,0000419000,089654,085803,080256,034619,043245,079248
0000000421,0000420000,090273,085941,076199,049098,030020,079484
0000000422,0000421000,089608,089427,076283,063465,020188,078430
0000000423,0000422000,088668,091498,076230,074302,012637,074218
0000000424,0000423000,087936,091094,075290,082772,009781,068788
0000000425,0000424000,085680,093476,078536,085974,010086,060819
0000000426,0000425000,086163,090761,078036,085564,015442,053143
0000000427,0000426000,082514,092170,082992,080337,023452,044605
0000000428,0000427000,084324,089043,084207,071460,034456,037114
0000000429,0000428000,081021,088250,088115,060117,047732,031848
0000000430,0000429000,081848,085042,089708,045982,059953,027215
0000000431,0000430000,081777,082674,091664,032510,073220,026860
0000000432,0000431000,081087,081036,093278,018926,082580,027225
0000000433,0000432000,084077,078633,092893,008763,089994,031257
0000000434,0000433000,083174,079154,094096,001631,093046,036829
0000000435,0000434000,086236,076738,090808,-01246,091832,043833
0000000436,0000435000,086055,078797,090580,000374,086959,052155
0000000437,0000436000,088197,077942,086383,005731,077988,059985
0000000438,0000437000,088570,080554,084794,015493,066852,067513
0000000439,0000438000,089930,082467,081985,027533,053521,072933
0000000440,0000439000,090294,084199,079070,042242,040534,076978
0000000441,0000440000,089813,087431,078137,056532,027554,077607
0000000442,0000441000,090506,088070,075421,070507,017649,076635
0000000443,0000442000,087948,091148,076421,081644,010091,072463
0000000444,0000443000,088846,091053,075699,089596,006711,066480
0000000445,0000444000,085837,092691,078074,093690,007823,059261
0000000446,0000445000,085595,091618,079121,092788,012191,050441
0000000447,0000446000,084005,091097,081968,088232,021246,042695
0000000448,0000447000,082517,089527,084547,079003,032003,034685
0000000449,0000448000,082697,087264,086864,067548,045158,029007
0000000450,0000449000,081236,086000,090289,053825,058280,024976
0000000451,0000450000,082289,082523,091007,039976,070703,023533
0000000452,0000451000,081644,081758,093468,026874,081065,024753
0000000453,0000452000,083282,078807,092601,015833,088183,028384
0000000454,0000453000,083533,078546,093059,008272,091699,034396
0000000455,0000454000,085512,077773,091489,004390,090630,041649
0000000456,0000455000,086542,077976,089592,005485,085962,050359
0000000457,0000456000,087670,079214,087650,010375,076936,058344
0000000458,0000457000,089370,079906,084243,019650,065897,066272
0000000459,0000458000,089040,082587,082366,031465,052568,072064
0000000460,0000459000,090747,083868,079145,045325,039143,076010
0000000461,0000460000,089626,086977,078126,059762,026717,077518
0000000462,0000461000,090101,088302,076141,073123,015952,075982
0000000463,0000462000,088957,090443,076233,084757,008892,072480
0000000464,0000463000,087886,091269,076345,092691,005093,066130
0000000465,0000464000,086964,091694,077391,097088,005995,058663
0000000466,0000465000,085163,092011,079732,096712,010659,049950
0000000467,0000466000,084495,090474,081384,092281,019265,041429
0000000468,0000467000,082725,089941,084812,083749,030534,033553
0000000469,0000468000,082629,087230,086565,072190,043582,027327
0000000470,0000469000,081463,085737,089634,058776,057135,023261
0000000471,0000470000,082066,083172,091139,044558,069655,021516
0000000472,0000471000,082058,081371,092549,031461,080449,022862
0000000473,0000472000,082828,079810,093109,020023,087626,026324
0000000474,0000473000,084151,078368,092415,012110,091484,032598
0000000475,0000474000,084725,078301,091666,007751,090644,040167
0000000476,0000475000,086808,077878,089321,007946,085854,048949
0000000477,0000476000,087331,079281,087679,012438,077345,057769
0000000478,0000477000,089053,080085,084532,020812,065784,065627
0000000479,0000478000,089486,082348,082429,032497,052747,072218
0000000480,0000479000,090107,084070,079767,045906,038925,076267
0000000481,0000480000,090178,086264,077893,060268,026264,078046
0000000482,0000481000,089680,088443,076837,073661,015377,076805
0000000483,0000482000,089284,089671,076020,085337,007882,073125
0000000484,0000483000,087879,091324,076862,093764,004074,066883
0000000485,0000484000,087190,091323,077387,098428,004647,059049
0000000486,0000485000,085341,091660,079627,098751,009396,050174
0000000487,0000486000,084586,090553,081503,094627,017828,041075
0000000488,0000487000,083133,089511,084236,086723,029387,032995
0000000489,0000488000,082429,087688,086745,075400,042424,026164
0000000490,0000489000,082053,085564,089017,062267,056375,021872
0000000491,0000490000,081633,083691,091088,048098,069213,019906
0000000492,0000491000,082382,081408,092003,034683,080187,020986
0000000493,0000492000,082593,080195,092920,023050,087966,024726
0000000494,0000493000,083993,078679,092186,014416,091800,030855
0000000495,0000494000,084848,078530,091499,009671,091421,038964
0000000496,0000495000,086340,078308,089530,009075,086612,047962
0000000497,0000496000,087477,079121,087449,012990,078190,057289
0000000498,0000497000,088586,080425,085001,020702,066580,065676
0000000499,0000498000,089561,081925,082337,031842,053318,072680
0000000500,0000499000,089841,084173,080327,044983,039325,077227
0000000501,0000500000,090300,085904,078097,059127,026250,079241
0000000502,0000501000,089632,088128,077171,072737,015138,078297
0000000503,0000502000,089362,089405,076384,084549,007160,074482
0000000504,0000503000,088129,090767,076853,093550,003231,068292
0000000505,0000504000,087126,091213,077733,098663,003424,060021
0000000506,0000505000,085863,091178,079431,099699,008169,050850
0000000507,0000506000,084474,090614,081626,096218,016579,041262
0000000508,0000507000,083585,089252,083850,088850,028161,032586
0000000509,0000508000,082446,087848,086591,078080,041576,025394
0000000510,0000509000,082188,085653,088593,065103,055657,020482
0000000511,0000510000,081787,083955,090719,051142,069012,018357
0000000512,0000511000,082233,081841,091762,037482,080268,019140
0000000513,0000512000,082692,080400,092431,025569,088500,022934
0000000514,0000513000,083677,079264,092137,016335,092633,029203
0000000515,0000514000,084837,078627,091122,010908,092516,037634
0000000516,0000515000,085972,078769,089688,009568,087884,047085
0000000517,0000516000,087423,079195,087412,012676,079448,056910
0000000518,0000517000,088288,080543,085258,019777,067817,065954
0000000519,0000518000,089429,081877,082643,030258,054239,073404
0000000520,0000519000,089770,083909,080575,043120,040061,078584
0000000521,0000520000,090101,085730,078588,057014,026475,080861
0000000522,0000521000,089845,087617,077418,070779,015043,080217
0000000523,0000522000,089241,089160,076873,082895,006639,076412
0000000524,0000523000,088459,090208,076965,092418,002316,070049
0000000525,0000524000,087203,090935,078015,098262,002322,061529
0000000526,0000525000,086141,090771,079374,099998,006820,051789
0000000527,0000526000,084723,090434,081556,097378,015291,041735
0000000528,0000527000,083763,089197,083686,090657,026904,032364
0000000529,0000528000,082722,087803,086194,080537,040624,024624
0000000530,0000529000,082223,085965,088326,067892,054998,019143
0000000531,0000530000,081978,084096,090145,054096,068795,016653
0000000532,0000531000,082100,082351,091475,040307,080491,017188
0000000533,0000532000,082744,080744,091946,028006,089142,020931
0000000534,0000533000,083435,079781,091905,018226,093698,027414
0000000535,0000534000,084684,079017,090922,011981,093808,036111
0000000536,0000535000,085742,079086,089602,009848,089453,046148
0000000537,0000536000,087095,079478,087538,012007,080972,056501
0000000538,0000537000,088160,080552,085395,018344,069312,066270
0000000539,0000538000,089097,081933,083071,028129,055476,074337
0000000540,0000539000,089744,083623,080872,040543,040940,080094
0000000541,0000540000,089930,085505,079140,054258,026954,082849
0000000542,0000541000,089904,087116,077792,068067,015013,082415
0000000543,0000542000,089296,088727,077312,080578,006201,078724
0000000544,0000543000,088613,089717,077294,090645,001416,072159
0000000545,0000544000,087453,090431,078192,097318,001161,063329
0000000546,0000545000,086345,090466,079509,099908,005418,053024
0000000547,0000546000,085078,090077,081382,098243,013864,042372
0000000548,0000547000,083935,089151,083554,092367,025555,032276
0000000549,0000548000,083049,087759,085764,082959,039518,023842
0000000550,0000549000,082315,086220,087939,070827,054270,017778
0000000551,0000550000,082124,084389,089623,057219,068468,014770
0000000552,0000551000,082099,082799,090981,043398,080713,015075
0000000553,0000552000,082636,081275,091498,030681,089782,018698
0000000554,0000553000,083335,080263,091497,020309,094815,025385
0000000555,0000554000,084385,079572,090745,013202,095244,034411
0000000556,0000555000,085548,079438,089436,010120,091117,045000
0000000557,0000556000,086735,079843,087682,011277,082717,056033
0000000558,0000557000,087927,080624,085565,016652,070964,066513
0000000559,0000558000,088810,081947,083469,025661,056926,075338
0000000560,0000559000,089572,083413,081322,037478,041992,081723
0000000561,0000560000,089825,085137,079663,050947,027591,085022
0000000562,0000561000,089861,086680,078365,064763,015115,084862
0000000563,0000562000,089419,088131,077753,077653,005829,081297
0000000564,0000563000,088714,089191,077757,088337,000565,074561
0000000565,0000564000,087757,089827,078409,095877,-00042,065366
0000000566,0000565000,086574,090056,079663,099482,003978,054516
0000000567,0000566000,085436,089707,081287,098860,012302,043148
0000000568,0000567000,084226,088995,083342,094023,024097,032313
0000000569,0000568000,083317,087773,085370,085449,038243,023074
0000000570,0000569000,082553,086397,087416,073972,053379,016358
0000000571,0000570000,082213,084781,089087,060667,068012,012779
0000000572,0000571000,082178,083258,090343,046853,080781,012757
0000000573,0000572000,082521,081915,090996,033787,090356,016275
0000000574,0000573000,083213,080831,091003,022760,095859,023093
0000000575,0000574000,084105,080197,090466,014762,096694,032497
0000000576,0000575000,085268,079927,089272,010595,092814,043636
0000000577,0000576000,086392,080211,087738,010637,084559,055407
0000000578,0000577000,087587,080831,085817,014895,072744,066651
0000000579,0000578000,088537,081927,083842,022977,058528,076304
0000000580,0000579000,089299,083246,081888,034072,043227,083397
0000000581,0000580000,089721,084714,080243,047156,028387,087280
0000000582,0000581000,089773,086188,079033,060931,015397,087492
0000000583,0000582000,089515,087473,078319,074134,005567,084048
0000000584,0000583000,088858,088541,078282,085483,-00170,077204
0000000585,0000584000,088015,089175,078749,093930,-01213,067620
0000000586,0000585000,086899,089498,079822,098667,002529,056221
0000000587,0000586000,085772,089304,081270,099228,010684,044104
0000000588,0000587000,084609,088738,083077,095576,022509,032459
0000000589,0000588000,083613,087788,084975,088024,036821,022386
0000000590,0000589000,082846,086558,086818,077335,052281,014915
0000000591,0000590000,082356,085201,088453,064495,067360,010728
0000000592,0000591000,082264,083801,089626,050764,080626,010296
0000000593,0000592000,082457,082594,090349,037419,090745,013678
0000000594,0000593000,083053,081546,090454,025729,096741,020579
0000000595,0000594000,083857,080884,090055,016796,098032,030355
0000000596,0000595000,084915,080552,089086,011453,094461,042052
0000000597,0000596000,086044,080642,087736,010234,086404,054566
0000000598,0000597000,087176,081120,086077,013231,074610,066640
0000000599,0000598000,088208,081947,084254,020190,060243,077146
0000000600,0000599000,088992,083070,082511,030415,044654,085034
0000000601,0000600000,089535,084292,080939,042947,029384,089543
0000000602,0000601000,089687,085605,079779,056578,015903,090203
0000000603,0000602000,089546,086763,079040,070021,005522,086928
0000000604,0000603000,089028,087755,078881,082016,-00722,080010
0000000605,0000604000,088260,088444,079211,091421,-02237,070078
0000000606,0000605000,087265,088814,080041,097367,001147,058122
0000000607,0000606000,086146,088810,081297,099264,009081,045260
0000000608,0000607000,085037,088418,082824,096949,020839,032763
0000000609,0000608000,083983,087733,084528,090620,035259,021828
0000000610,0000609000,083171,086734,086180,080895,050967,013532
0000000611,0000610000,082583,085618,087691,068699,066448,008685
0000000612,0000611000,082361,084430,088823,055187,080180,007781
0000000613,0000612000,082450,083335,089558,041648,090834,010958
0000000614,0000613000,082885,082383,089796,029339,097356,017905
0000000615,0000614000,083609,081682,089531,019436,099129,027997
0000000616,0000615000,084543,081288,088820,012850,095952,040247
0000000617,0000616000,085638,081191,087696,010225,088159,053484
0000000618,0000617000,086733,081475,086307,011800,076486,066413
0000000619,0000618000,087794,082041,084722,017434,062054,077797
0000000620,0000619000,088644,082886,083177,026588,046263,086525
0000000621,0000620000,089269,083874,081756,038381,030636,091722
0000000622,0000621000,089566,084948,080634,051705,016703,092886
0000000623,0000622000,089534,085972,079903,065285,005804,089855
0000000624,0000623000,089181,086863,079610,077862,-00972,082913
0000000625,0000624000,088514,087581,079782,088243,-02989,072699
0000000626,0000625000,087639,088018,080367,095462,-00041,060210
0000000627,0000626000,086580,088187,081362,098829,007588,046635
0000000628,0000627000,085497,088026,082606,098024,019167,033286
0000000629,0000628000,084439,087598,084040,093125,033583,021469
0000000630,0000629000,083549,086901,085487,084588,049440,012320
0000000631,0000630000,082885,086045,086816,073238,065218,006753
0000000632,0000631000,082514,085114,087895,060139,079359,005324
0000000633,0000632000,082479,084169,088629,046536,090503,008212
0000000634,0000633000,082753,083327,088985,033695,097558,015143
0000000635,0000634000,083350,082621,088896,022825,099844,025478
0000000636,0000635000,084168,082138,088437,014942,097140,038224
0000000637,0000636000,085180,081881,087603,010789,089711,052144
0000000638,0000637000,086249,081919,086502,010764,078277,065907
0000000639,0000638000,087302,082211,085223,014862,063922,078172
0000000640,0000639000,088227,082733,083907,022703,048053,087753
0000000641,0000640000,088932,083443,082676,033531,032195,093693
0000000642,0000641000,089374,084244,081634,046329,017896,095413
0000000643,0000642000,089483,085083,080906,059887,006543,092709
0000000644,0000643000,089289,085867,080501,072938,-00758,085824
0000000645,0000644000,088772,086571,080481,084263,-03309,075416
0000000646,0000645000,088014,087095,080817,092797,-00869,062473
0000000647,0000646000,087058,087426,081492,097746,006337,048244
0000000648,0000647000,086009,087527,082426,098632,017602,034096
0000000649,0000648000,084963,087383,083536,095380,031852,021409
0000000650,0000649000,084010,087026,084722,088291,047704,011406
0000000651,0000650000,083259,086484,085839,078042,063625,005082
0000000652,0000651000,082749,085835,086819,065597,078060,003071
0000000653,0000652000,082558,085102,087551,052124,089613,005585
0000000654,0000653000,082670,084382,088001,038886,097171,012404
0000000655,0000654000,083099,083705,088119,027112,099998,022880
0000000656,0000655000,083790,083132,087923,017908,097840,036015
0000000657,0000656000,084686,082715,087422,012130,090902,050535
0000000658,0000657000,085707,082485,086659,010327,079860,065054
0000000659,0000658000,086743,082467,085731,012663,065773,078160
0000000660,0000659000,087719,082638,084705,018918,050014,088577
0000000661,0000660000,088517,083007,083699,028498,034108,095284
0000000662,0000661000,089092,083503,082788,040501,019596,097614
0000000663,0000662000,089370,084104,082068,053804,007893,095322
0000000664,0000663000,089344,084757,081572,067162,000117,088610
0000000665,0000664000,089008,085413,081344,079336,-02984,078127
0000000666,0000665000,088392,086018,081405,089185,-01124,064864
0000000667,0000666000,087563,086520,081726,095796,005520,050099
0000000668,0000667000,086579,086890,082293,098543,016295,035256
0000000669,0000668000,085556,087073,083035,097173,030162,021771
0000000670,0000669000,084566,087086,083892,091817,045781,010955
0000000671,0000670000,083720,086916,084762,082978,061627,003871
0000000672,0000671000,083080,086587,085591,071489,076167,001226
0000000673,0000672000,082712,086120,086300,058419,087995,003281
0000000674,0000673000,082646,085555,086833,044990,095979,009858
0000000675,0000674000,082884,084932,087164,032444,099353,020328
0000000676,0000675000,083414,084289,087259,021951,097813,033690
0000000677,0000676000,084173,083702,087122,014488,091513,048657
0000000678,0000677000,085109,083198,086759,010750,081066,063792
0000000679,0000678000,086115,082830,086226,011085,067493,077628
0000000680,0000679000,087114,082620,085558,015457,052111,088816
0000000681,0000680000,088004,082590,084825,023454,036417,096270
0000000682,0000681000,088708,082736,084093,034324,021927,099250
0000000683,0000682000,089167,083052,083410,047059,010045,097462
0000000684,0000683000,089330,083527,082834,060471,001898,091068
0000000685,0000684000,089195,084111,082400,073321,-01740,080682
0000000686,0000685000,088759,084774,082154,084414,-00530,067294
0000000687,0000686000,088078,085452,082093,092720,005394,052191
0000000688,0000687000,087201,086096,082235,097467,015452,036835
0000000689,0000688000,086219,086644,082555,098213,028659,022705
0000000690,0000689000,085218,087062,083017,094897,043730,011179
0000000691,0000690000,084288,087311,083586,087829,059193,003381
0000000692,0000691000,083519,087357,084216,077670,073559,000073
0000000693,0000692000,082971,087201,084863,065361,085445,001576
0000000694,0000693000,082705,086839,085469,052043,093720,007754
0000000695,0000694000,082732,086300,086006,038947,097606,018015
0000000696,0000695000,083063,085617,086417,027284,096750,031371
0000000697,0000696000,083658,084856,086677,018138,091251,046541
0000000698,0000697000,084468,084071,086769,012352,081654,062060
0000000699,0000698000,085417,083327,086688,010462,068912,076423
0000000700,0000699000,086414,082697,086441,012636,054268,088236
0000000701,0000700000,087376,082226,086045,018668,039149,096358
0000000702,0000701000,088208,081968,085537,027996,025015,099998
0000000703,0000702000,088845,081952,084937,039755,013218,098806
0000000704,0000703000,089219,082196,084298,052863,004874,092902
0000000705,0000704000,089304,082676,083667,066110,000763,082848
0000000706,0000705000,089085,083367,083093,078272,001264,069613
0000000707,0000706000,088586,084212,082618,088225,006299,054471
0000000708,0000707000,087853,085137,082285,095051,015360,038891
0000000709,0000708000,086949,086071,082120,098121,027547,024376
0000000710,0000709000,085963,086929,082129,097158,041659,012340
0000000711,0000710000,084976,087634,082331,092258,056319,003943
0000000712,0000711000,084084,088109,082710,083876,070117,-00012
0000000713,0000712000,083361,088313,083247,072783,081740,000851
0000000714,0000713000,082877,088207,083903,059997,090089,006445
0000000715,0000714000,082674,087791,084633,046695,094393,016227
0000000716,0000715000,082772,087099,085373,034100,094264,029253
0000000717,0000716000,083164,086180,086063,023375,089743,044268
0000000718,0000717000,083811,085111,086653,015507,081300,059812
0000000719,0000718000,084660,083980,087084,011215,069790,074377
0000000720,0000719000,085625,082897,087318,010888,056350,086558
0000000721,0000720000,086628,081950,087325,014547,042291,095184
0000000722,0000721000,087574,081241,087094,021852,028969,099437
0000000723,0000722000,088382,080845,086628,032133,017640,098923
0000000724,0000723000,088976,080805,085962,044450,009369,093705
0000000725,0000724000,089302,081137,085146,057675,004918,084286
0000000726,0000725000,089331,081822,084240,070595,004684,071582
0000000727,0000726000,089055,082810,083326,082020,008649,056827
0000000728,0000727000,088505,084014,082477,090901,016389,041454
0000000729,0000728000,087725,085338,081771,096428,027112,026957
0000000730,0000729000,086790,086657,081273,098102,039743,014737
0000000731,0000730000,085782,087848,081044,095779,053050,005958
0000000732,0000731000,084789,088794,081114,089676,065757,001441
0000000733,0000732000,083902,089401,081490,080350,076667,001600
0000000734,0000733000,083198,089600,082155,068649,084765,006400
0000000735,0000734000,082746,089359,083055,055638,089311,015369
0000000736,0000735000,082584,088695,084120,042509,089908,027632
0000000737,0000736000,082734,087648,085259,030465,086543,041993
0000000738,0000737000,083176,086308,086379,020611,079600,057049
0000000739,0000738000,083875,084795,087369,013841,069804,071333
0000000740,0000739000,084766,083247,088136,010767,058143,083476
0000000741,0000740000,085769,081808,088603,011655,045761,092326
0000000742,0000741000,086798,080618,088707,016421,033843,097065
0000000743,0000742000,087758,079799,088430,024629,023502,097273
0000000744,0000743000,088568,079428,087783,035539,015692,092953
0000000745,0000744000,089147,079560,086813,048161,011125,084537
0000000746,0000745000,089446,080197,085591,061345,010188,072855
0000000747,0000746000,089433,081291,084228,073885,012915,059056
0000000748,0000747000,089109,082750,082843,084634,018976,044492
0000000749,0000748000,088503,084447,081560,092618,027718,030586
0000000750,0000749000,087670,086223,080512,097118,038245,018671
0000000751,0000750000,086686,087904,079802,097740,049523,009862
0000000752,0000751000,085633,089339,079508,094434,060478,004961
0000000753,0000752000,084609,090382,079668,087500,070088,004399
0000000754,0000753000,083700,090929,080286,077559,077478,008194
0000000755,0000754000,082994,090914,081316,065507,081988,015955
0000000756,0000755000,082554,090324,082680,052438,083241,026913
0000000757,0000756000,082424,089194,084263,039542,081186,039976
0000000758,0000757000,082620,087622,085917,027997,076103,053854
0000000759,0000758000,083118,085756,087488,018847,068560,067193
0000000760,0000759000,083879,083768,088819,012911,059344,078720
0000000761,0000760000,084831,081847,089782,010712,049366,087366
0000000762,0000761000,085892,080174,090274,012440,039574,092355
0000000763,0000762000,086969,078910,090241,017937,030874,093263
0000000764,0000763000,087968,078178,089670,026713,024049,090045
0000000765,0000764000,088796,078063,088596,037983,019699,083045
0000000766,0000765000,089377,078598,087101,050732,018175,072974
0000000767,0000766000,089654,079746,085313,063800,019539,060846
0000000768,0000767000,089598,081410,083400,075998,023566,047867
0000000769,0000768000,089218,083430,081545,086223,029779,035307
0000000770,0000769000,088546,085615,079932,093564,037513,024360
0000000771,0000770000,087644,087757,078717,097371,045997,016028
0000000772,0000771000,086590,089661,078017,097316,054428,011045
0000000773,0000772000,085475,091145,077909,093405,062030,009826
0000000774,0000773000,084399,092060,078421,085983,068132,012434
0000000775,0000774000,083456,092312,079520,075709,072212,018568
0000000776,0000775000,082737,091850,081127,063503,073956,027595
0000000777,0000776000,082310,090699,083105,050469,073296,038586
0000000778,0000777000,082218,088964,085261,037790,070403,050438
0000000779,0000778000,082468,086814,087385,026610,065652,061993
0000000780,0000779000,083036,084455,089272,017926,059573,072158
0000000781,0000780000,083872,082112,090736,012502,052780,080015
0000000782,0000781000,084901,079997,091643,010812,045915,084887
0000000783,0000782000,086034,078304,091902,013000,039603,086378
0000000784,0000783000,087174,077204,091469,018875,034394,084412
0000000785,0000784000,088218,076814,090361,027923,030712,079241
0000000786,0000785000,089069,077191,088665,039339,028819,071425
0000000787,0000786000,089645,078323,086525,052096,028785,061779
0000000788,0000787000,089889,080104,084148,065039,030492,051291
0000000789,0000788000,089779,082355,081774,077000,033672,040983
0000000790,0000789000,089330,084856,079634,086916,037946,031821
0000000791,0000790000,088580,087371,077929,093915,042868,024622
0000000792,0000791000,087596,089675,076816,097385,047973,019991
0000000793,0000792000,086464,091558,076400,097026,052803,018291
0000000794,0000793000,085280,092833,076743,092867,056951,019606
0000000795,0000794000,084151,093363,077836,085267,060104,023728
0000000796,0000795000,083178,093081,079594,074895,062066,030184
0000000797,0000796000,082458,091989,081868,062677,062773,038278
0000000798,0000797000,082061,090192,084431,049716,062292,047169
0000000799,0000798000,082022,087878,087022,037181,060774,055989
0000000800,0000799000,082340,085273,089391,026185,058438,063925
0000000801,0000800000,082986,082622,091319,017692,055549,070282
0000000802,0000801000,083904,080161,092629,012446,052382,074537
0000000803,0000802000,085012,078113,093204,010902,049215,076374
0000000804,0000803000,086217,076679,092965,013195,046296,075709
0000000805,0000804000,087412,076012,091908,019133,043811,072706
0000000806,0000805000,088489,076191,090119,028199,041877,067748
0000000807,0000806000,089344,077219,087752,039593,040545,061396
0000000808,0000807000,089892,078999,085042,052289,039798,054325
0000000809,0000808000,090085,081336,082275,065143,039600,047230
0000000810,0000809000,089909,083999,079711,077013,039903,040746
0000000811,0000810000,089385,086744,077583,086859,040632,035430
0000000812,0000811000,088555,089321,076091,093822,041709,031704
0000000813,0000812000,087494,091500,075365,097294,043056,029822
0000000814,0000813000,086294,093073,075490,096976,044595,029862
0000000815,0000814000,085056,093866,076487,092885,046278,031702
0000000816,0000815000,083896,093793,078275,085372,048083,035049
0000000817,0000816000,082922,092854,080686,075092,049979,039494
0000000818,0000817000,082227,091125,083497,062961,051929,044548
0000000819,0000818000,081883,088808,086393,050075,053867,049700
0000000820,0000819000,081905,086148,089098,037580,055653,054522
0000000821,0000820000,082295,083356,091393,026568,057163,058616
0000000822,0000821000,083015,080700,093056,018001,058292,061661
0000000823,0000822000,084003,078440,093915,012622,058897,063483
0000000824,0000823000,085172,076763,093907,010901,058864,064033
0000000825,0000824000,086422,075848,093003,012990,058109,063376
0000000826,0000825000,087642,075816,091247,018722,056551,061714
0000000827,0000826000,088715,076657,088834,027601,054176,059311
0000000828,0000827000,089543,078281,085994,038845,051081,056443
0000000829,0000828000,090037,080529,083024,051443,047447,053409
0000000830,0000829000,090171,083149,080215,064267,043564,050446
0000000831,0000830000,089932,085918,077804,076200,039771,047763
0000000832,0000831000,089338,088592,076011,086198,036385,045544
0000000833,0000832000,088451,090900,075015,093394,033744,043896
0000000834,0000833000,087338,092643,074914,097163,032162,042830
0000000835,0000834000,086107,093642,075719,097175,031887,042312
0000000836,0000835000,084856,093790,077390,093418,033098,042244
0000000837,0000836000,083710,093070,079748,086204,035840,042528
0000000838,0000837000,082768,091571,082569,076164,039990,043088
0000000839,0000838000,082129,089452,085541,064191,045249,043856
0000000840,0000839000,081842,086942,088382,051364,051170,044814
0000000841,0000840000,081920,084246,090871,038801,057218,045938
0000000842,0000841000,082369,081607,092761,027601,062877,047180
0000000843,0000842000,083132,079320,093857,018735,067588,048542
0000000844,0000843000,084158,077550,094070,012969,070839,050049
0000000845,0000844000,085340,076482,093391,010807,072233,051697
0000000846,0000845000,086589,076237,091833,012443,071480,053482
0000000847,0000846000,087781,076821,089580,017756,068486,055354
0000000848,0000847000,088813,078150,086861,026287,063417,057166
0000000849,0000848000,089581,080093,083949,037283,056668,058749
0000000850,0000849000,090020,082449,081126,049757,048821,059915
0000000851,0000850000,090105,084997,078633,062613,040598,060487
0000000852,0000851000,089816,087523,076698,074728,032735,060338
0000000853,0000852000,089197,089754,075513,085051,025978,059379
0000000854,0000853000,088289,091492,075200,092692,021037,057540
0000000855,0000854000,087185,092587,075758,096986,018480,054835
0000000856,0000855000,085976,092932,077149,097556,018688,051381
0000000857,0000856000,084768,092494,079245,094333,021794,047394
0000000858,0000857000,083677,091351,081805,087586,027626,043207
0000000859,0000858000,082797,089643,084573,077907,035695,039237
0000000860,0000859000,082216,087507,087302,066156,045281,035898
0000000861,0000860000,081970,085155,089751,053375,055525,033548
0000000862,0000861000,082086,082817,091674,040677,065475,032494
0000000863,0000862000,082546,080715,092897,029169,074184,032948
0000000864,0000863000,083306,079043,093317,019840,080774,035012
0000000865,0000864000,084301,077956,092891,013499,084523,038653
0000000866,0000865000,085438,077547,091677,010699,084936,043674
0000000867,0000866000,086624,077820,089809,011699,081848,049697
0000000868,0000867000,087745,078736,087481,016424,075453,056179
0000000869,0000868000,088707,080198,084908,024469,066290,062498
0000000870,0000869000,089417,082053,082349,035121,055181,068029
0000000871,0000870000,089818,084123,080034,047436,043151,072186
0000000872,0000871000,089880,086223,078165,060338,031319,074506
0000000873,0000872000,089596,088137,076932,072701,020803,074666
0000000874,0000873000,089004,089670,076448,083461,012661,072499
0000000875,0000874000,088152,090717,076727,091689,007757,068052
0000000876,0000875000,087120,091191,077719,096670,006660,061623
0000000877,0000876000,085993,091063,079331,097961,009588,053730
0000000878,0000877000,084874,090380,081377,095437,016349,045082
0000000879,0000878000,083861,089226,083657,089309,026349,036519
0000000880,0000879000,083045,087697,085977,080113,038680,028879
0000000881,0000880000,082499,085949,088106,068664,052211,022926
0000000882,0000881000,082262,084171,089843,055965,065665,019302
0000000883,0000882000,082357,082517,091034,043124,077755,018460
0000000884,0000883000,082762,081151,091583,031250,087296,020604
0000000885,0000884000,083445,080192,091445,021365,093299,025678
0000000886,0000885000,084338,079694,090678,014325,095103,033323
0000000887,0000886000,085370,079665,089382,010746,092462,042879
0000000888,0000887000,086450,080102,087676,010952,085567,053473
0000000889,0000888000,087480,080944,085731,014932,075018,064101
0000000890,0000889000,088374,082093,083738,022341,061792,073726
0000000891,0000890000,089049,083448,081877,032527,047124,081387
0000000892,0000891000,089453,084866,080316,044595,032389,086298
0000000893,0000892000,089552,086197,079215,057494,019004,087891
0000000894,0000893000,089348,087324,078649,070105,008286,085891
0000000895,0000894000,088860,088169,078635,081345,001306,080373
0000000896,0000895000,088135,088675,079152,090242,-01216,071766
0000000897,0000896000,087233,088824,080125,096024,001020,060820
0000000898,0000897000,086231,088640,081438,098181,007837,048546
0000000899,0000898000,085217,088145,082971,096519,018614,036117
0000000900,0000899000,084278,087393,084585,091179,032352,024724
0000000901,0000900000,083499,086474,086114,082630,047764,015488
0000000902,0000901000,082941,085489,087417,071615,063378,009367
0000000903,0000902000,082651,084525,088388,059107,077694,007005
0000000904,0000903000,080570,083786,089065,048827,088850,008281
0000000905,0000904000,072546,086116,092213,051865,096502,013887
0000000906,0000905000,075371,083661,090001,060098,097594,021130
0000000907,0000906000,085697,080752,086805,058010,096204,033591
0000000908,0000907000,086421,081548,086742,051419,091960,049572
0000000909,0000908000,081853,083461,093456,052932,081037,056359
0000000910,0000909000,083360,077915,096628,058302,066348,047167
0000000911,0000910000,093324,081169,086460,059609,053497,041798
0000000912,0000911000,096229,078223,076703,053280,042543,049633
0000000913,0000912000,096686,072932,086880,054236,048146,058741
0000000914,0000913000,094769,076326,090416,051808,051961,043518
0000000915,0000914000,092808,083151,072584,057759,055385,040995
0000000916,0000915000,099998,090952,068056,056060,048442,052596
0000000917,0000916000,094103,083613,074923,047057,043089,055683
0000000918,0000917000,086619,084618,082249,052633,054994,051317
0000000919,0000918000,087528,097622,076578,054616,053983,041275
0000000920,0000919000,086309,098639,065969,054622,046734,050357
0000000921,0000920000,085477,094238,078100,051590,045081,061329
0000000922,0000921000,076417,089109,088935,047982,047798,051273
0000000923,0000922000,072768,094080,084737,056553,054695,045591
0000000924,0000923000,079377,099998,081159,056402,046335,049290
0000000925,0000924000,077604,088697,086408,051867,040510,057775
0000000926,0000925000,075108,081768,099998,053563,048512,055790
0000000927,0000926000,074601,083959,097717,054864,050818,042922
0000000928,0000927000,078967,085073,087003,059143,048189,047672
0000000929,0000928000,086232,080313,092319,055357,042233,056074
0000000930,0000929000,083891,070263,099684,052131,045269,052053
0000000931,0000930000,085489,073366,097028,058075,054332,044663
0000000932,0000931000,092507,079925,085170,057732,049326,043072
0000000933,0000932000,095460,075345,080775,055257,044704,053563
0000000934,0000933000,095941,071850,089605,052734,048083,053913
0000000935,0000934000,093161,075183,086205,053546,053228,042699
0000000936,0000935000,096320,084818,073726,058000,053889,044102
0000000937,0000936000,099868,087469,070830,053383,045905,052153
0000000938,0000937000,093969,081818,076858,049958,047310,055154
0000000939,0000938000,089240,086759,080394,052584,054719,047937
0000000940,0000939000,087780,095815,071528,054179,052324,043468
0000000941,0000940000,088071,097543,068406,054259,047032,053609
0000000942,0000941000,085029,093275,079701,049914,045183,057385
0000000943,0000942000,077075,091029,085636,050863,050662,050170
0000000944,0000943000,076152,097482,082150,055857,052713,046704
0000000945,0000944000,078020,097728,079937,054296,044682,051731
0000000946,0000945000,076222,088611,088734,052689,043349,057908
0000000947,0000946000,074405,084629,098343,053161,048514,051567
0000000948,0000947000,074517,086237,093827,056040,050354,044941
0000000949,0000948000,079831,086311,089251,057867,046412,050685
0000000950,0000949000,082970,078504,094700,054065,042499,054923
0000000951,0000950000,082007,071810,099747,054426,048066,050713
0000000952,0000951000,085665,075667,095290,057595,052089,044046
0000000953,0000952000,091213,078138,085752,057155,047760,046374
0000000954,0000953000,094698,074203,086184,055180,045512,053782
0000000955,0000954000,094524,071366,090589,053184,048814,050165
0000000956,0000955000,094075,075826,083989,055574,053740,043366
0000000957,0000956000,097762,083487,074732,056325,051210,046447
0000000958,0000957000,098337,083221,073847,052737,046267,052465
0000000959,0000958000,094608,081566,078651,051742,049819,052384
0000000960,0000959000,091534,087745,077269,052929,053786,045973
0000000961,0000960000,090094,094522,069756,054105,051276,046964
0000000962,0000961000,089057,095397,071083,052651,047017,054356
0000000963,0000962000,084048,092237,079306,050329,047148,054318
0000000964,0000963000,079163,093544,081935,052771,051595,049092
0000000965,0000964000,078685,098494,079202,054374,050272,048417
0000000966,0000965000,077649,096334,080872,053004,044934,054247
0000000967,0000966000,075272,089873,090129,052988,045539,055364
0000000968,0000967000,074010,087597,094104,054086,048856,049235
0000000969,0000968000,075408,088447,090741,055989,048866,048214
0000000970,0000969000,078695,085730,091650,055661,044833,052795
0000000971,0000970000,079703,078337,097173,054317,044682,053167
0000000972,0000971000,081146,075363,098647,056120,049176,048379
0000000973,0000972000,085655,077226,092927,057297,049505,045718
0000000974,0000973000,089886,076252,088529,056089,046738,049974
0000000975,0000974000,092027,072715,091008,054701,046589,052113
0000000976,0000975000,092972,072001,090446,055123,050081,047029
0000000977,0000976000,095961,076939,082179,056598,052357,044484
0000000978,0000977000,098305,080578,076969,054435,048946,049412
0000000979,0000978000,096847,079676,078298,052702,047938,051986
0000000980,0000979000,094863,081661,078972,053348,051603,048491
0000000981,0000980000,093941,088074,073521,053883,052348,046118
0000000982,0000981000,092814,092058,070157,053175,049640,050390
0000000983,0000982000,089390,092248,074190,051236,048153,053600
0000000984,0000983000,084178,092753,078101,051739,049969,050841
0000000985,0000984000,081993,096190,077131,053843,050752,048801
0000000986,0000985000,080938,097677,076960,052982,047910,051628
0000000987,0000986000,077400,094470,083164,051546,046034,055435
0000000988,0000987000,074305,091763,089652,053530,048222,051340
0000000989,0000988000,074751,091790,088672,055384,048791,048382
0000000990,0000989000,076623,090136,088465,054971,046247,052069
0000000991,0000990000,076885,084259,094424,053717,044387,054584
0000000992,0000991000,076622,079557,098890,054856,047657,050365
0000000993,0000992000,080068,079660,095872,057410,049213,046512
0000000994,0000993000,085439,078580,091343,057081,046723,048793
0000000995,0000994000,088333,074249,092617,054771,045861,052540
0000000996,0000995000,088944,071809,094802,054658,048561,049609
0000000997,0000996000,091586,073895,089629,056918,050833,045038
0000000998,0000997000,096602,076962,081905,056803,049573,046778
0000000999,0000998000,098120,076705,080625,053519,047848,051286
0000001000,0000999000,095957,077112,082121,052892,050225,049943
0000001001,0001000000,095226,082261,078063,054568,052547,045825
0000001002,0001001000,096132,087564,071490,054678,050363,047691
0000001003,0001002000,094965,088408,071978,052227,048275,052634
0000001004,0001003000,089942,089122,076424,050732,050235,051759
0000001005,0001004000,085431,093761,076010,052777,052114,048069
0000001006,0001005000,084608,097845,073063,054250,049351,049408
0000001007,0001006000,083065,096197,076012,052171,046266,054292
0000001008,0001007000,078141,093137,084013,050859,047811,054423
0000001009,0001008000,074283,093968,087232,053377,050160,049262
0000001010,0001009000,075117,095139,084966,055793,048084,049015
0000001011,0001010000,077001,091056,087412,054474,044531,054026
0000001012,0001011000,075810,084336,095192,052844,045357,054548
0000001013,0001012000,074869,082175,098222,054849,049162,049034
0000001014,0001013000,078530,082924,094016,057617,048384,046860
0000001015,0001014000,083975,079387,091886,056864,045005,050982
0000001016,0001015000,086340,073486,095598,054428,045882,052722
0000001017,0001016000,086757,072311,096319,054901,049840,048038
0000001018,0001017000,090165,075445,089650,057433,050450,045108
0000001019,0001018000,095605,076120,083722,056870,047548,048496
0000001020,0001019000,097374,073796,084108,053737,047658,051432
0000001021,0001020000,095739,075421,084215,053210,051525,048284
0000001022,0001021000,095608,081733,078078,055073,052444,045301
0000001023,0001022000,097327,085761,072187,055002,049283,048656
0000001024,0001023000,096369,085468,073586,052200,048141,052608
0000001025,0001024000,091519,087135,076656,051021,051323,050480
0000001026,0001025000,087619,093304,074411,053031,052596,047369
0000001027,0001026000,086653,097268,071499,053923,048928,050005
0000001028,0001027000,084670,095256,075368,052064,046413,054429
0000001029,0001028000,079861,093237,082310,051019,048776,053170
0000001030,0001029000,075831,095464,084045,052984,050677,049171
0000001031,0001030000,075648,096756,082913,055016,047706,050251
0000001032,0001031000,076493,092143,086776,054163,044526,054193
0000001033,0001032000,075264,086294,093745,053043,046297,053545
0000001034,0001033000,074380,085034,095974,054598,049116,049257
0000001035,0001034000,077057,084906,093401,056822,047541,048481
0000001036,0001035000,081442,080480,093390,056472,044840,051640
0000001037,0001036000,083873,074779,096754,054902,046204,051801
0000001038,0001037000,085277,073662,096381,055455,049556,047860
0000001039,0001038000,088737,075720,090908,056897,049559,046507
0000001040,0001039000,093198,075160,087018,056516,047094,049255
0000001041,0001040000,095619,072731,086962,054788,047850,050290
0000001042,0001041000,095948,074451,084987,054243,051357,047323
0000001043,0001042000,096359,079780,079202,054719,051601,046554
0000001044,0001043000,097299,082845,075210,054627,049153,049165
0000001045,0001044000,096743,083285,075357,053075,049010,050802
0000001046,0001045000,093794,086045,075487,052160,051470,049277
0000001047,0001046000,090756,091432,073179,052806,051727,048399
0000001048,0001047000,088566,094768,072015,052934,049295,050650
0000001049,0001048000,085598,094606,075134,052059,047990,052885
0000001050,0001049000,082025,094332,079031,052246,049078,051582
0000001051,0001050000,079017,096027,080293,052726,049903,050262
0000001052,0001051000,076841,096669,081858,053154,047860,051928
0000001053,0001052000,075341,093479,086540,053668,046029,053175
0000001054,0001053000,074982,089774,090563,054243,047002,051682
0000001055,0001054000,075228,087973,092190,054444,047876,050598
0000001056,0001055000,076068,085756,093512,055070,046631,051175
0000001057,0001056000,078039,081742,095578,055666,046178,051110
0000001058,0001057000,080877,078170,096332,056088,046981,049807
0000001059,0001058000,084273,076163,094885,056277,047796,048844
0000001060,0001059000,087480,074954,092949,055773,047932,049219
0000001061,0001060000,089820,073839,091682,055554,048026,049295
0000001062,0001061000,092625,073387,089338,056200,048801,047944
0000001063,0001062000,095991,074704,084674,056028,049970,046887
0000001064,0001063000,097408,076885,081040,054040,049714,049165
0000001065,0001064000,096505,078818,080057,053529,049806,049581
0000001066,0001065000,096009,081604,077739,054325,050714,047851
0000001067,0001066000,095988,085758,073613,054007,051124,047798
0000001068,0001067000,094512,088678,072168,052628,049690,050573
0000001069,0001068000,090700,090537,074102,051532,049874,051515
0000001070,0001069000,086500,093446,075416,052129,050591,050189
0000001071,0001070000,084245,096093,075011,053595,049488,049819
0000001072,0001071000,082753,096210,076401,052859,048036,052024
0000001073,0001072000,079070,095057,081238,051443,048062,053396
0000001074,0001073000,075033,094546,085770,052645,048574,051692
0000001075,0001074000,074594,093998,086761,055094,047741,050075
0000001076,0001075000,076149,091014,088189,054843,046018,052046
0000001077,0001076000,075976,086314,093060,053543,045970,053396
0000001078,0001077000,075323,083249,096789,054416,047824,050675
0000001079,0001078000,077654,082267,095441,056720,047937,048247
0000001080,0001079000,082495,079456,093401,057044,045970,049897
0000001081,0001080000,085878,074758,094724,055280,046097,051535
0000001082,0001081000,086980,072797,095574,054756,048902,049245
0000001083,0001082000,089362,074490,091500,056579,049989,046348
0000001084,0001083000,094168,075481,085709,057157,048339,047408
0000001085,0001084000,097302,074370,083679,054762,047908,050242
0000001086,0001085000,096546,075144,083671,053106,050333,049473
0000001087,0001086000,095566,079738,080051,054384,051925,046594
0000001088,0001087000,096773,084337,074248,055198,050477,047240
0000001089,0001088000,096950,085823,072584,053255,048758,050888
0000001090,0001089000,093399,086994,074955,051267,050140,051505
0000001091,0001090000,088815,091336,075208,052076,051878,048958
0000001092,0001091000,086578,095846,072924,053608,050246,049049
0000001093,0001092000,085242,096154,073960,053046,047534,052339
0000001094,0001093000,081842,094305,079217,051496,047962,053445
0000001095,0001094000,077255,094910,083186,051893,049846,051169
0000001096,0001095000,075158,096342,083863,054099,048638,050178
0000001097,0001096000,075806,093828,085718,054828,045757,052314
0000001098,0001097000,075918,088635,090793,053683,045800,053434
0000001099,0001098000,074771,085664,094926,053696,047966,051245
0000001100,0001099000,075560,084905,094884,055758,048051,049096
0000001101,0001100000,079328,082203,093830,056820,045989,050109
