0000000001,0000000000,091592,086689,076021,033887,034676,085253
0000000002,0000001000,089458,089406,075436,043640,025398,084779
0000000003,0000002000,086817,091737,075748,054479,018400,080937
0000000004,0000003000,083961,093415,076925,065359,014356,074101
0000000005,0000004000,081167,094278,078858,075201,013681,064932
0000000006,0000005000,078680,094268,081355,083049,016434,054333
0000000007,0000006000,076758,093383,084161,088136,022328,043351
0000000008,0000007000,075614,091674,087014,089959,030804,033054
0000000009,0000008000,075329,089336,089636,088334,041045,024437
0000000010,0000009000,075926,086614,091762,083437,052019,018359
0000000011,0000010000,077374,083743,093184,075743,062654,015419
0000000012,0000011000,079528,081005,093769,065984,071939,015892
0000000013,0000012000,082149,078697,093457,055135,078946,019734
0000000014,0000013000,085001,077021,092280,044270,082976,026570
0000000015,0000014000,087815,076139,090348,034426,083651,035739
0000000016,0000015000,090294,076157,087851,026568,080911,046338
0000000017,0000016000,092201,077057,085043,021489,075007,057319
0000000018,0000017000,093363,078747,082192,019670,066528,067617
0000000019,0000018000,093648,081084,079569,021286,056296,076233
0000000020,0000019000,093036,083824,077443,026185,045320,082310
0000000021,0000020000,091598,086683,076021,033887,034677,085253
0000000022,0000021000,089452,089413,075437,043637,025400,084778
0000000023,0000022000,086815,091739,075748,054487,018393,080936
0000000024,0000023000,083968,093409,076924,065358,014357,074100
0000000025,0000024000,081165,094279,078858,075198,013684,064932
0000000026,0000025000,078672,094275,081355,083053,016430,054333
0000000027,0000026000,076764,093376,084161,088141,022324,043351
0000000028,0000027000,075617,091672,087013,089955,030807,033054
0000000029,0000028000,075322,089344,089636,088335,041043,024437
0000000030,0000029000,075927,086613,091762,083443,052013,018359
0000000031,0000030000,077381,083737,093184,075743,062654,015418
0000000032,0000031000,079523,081010,093769,065983,071940,015892
0000000033,0000032000,082146,078699,093457,055141,078941,019734
0000000034,0000033000,085006,077016,092280,044274,082973,026569
0000000035,0000034000,087814,076140,090348,034425,083654,035737
0000000036,0000035000,090289,076161,087851,026571,080908,046337
0000000037,0000036000,092205,077053,085044,021493,075005,057318
0000000038,0000037000,093365,078745,082192,019671,066529,067616
0000000039,0000038000,093645,081088,079569,021286,056297,076232
0000000040,0000039000,093037,083822,077443,026189,045318,082309
0000000041,0000040000,091600,086680,076021,033887,034679,085251
0000000042,0000041000,089449,089416,075436,043637,025401,084777
0000000043,0000042000,086815,091739,075748,054488,018392,080936
0000000044,0000043000,083971,093406,076925,065359,014357,074100
0000000045,0000044000,081164,094281,078857,075197,013686,064932
0000000046,0000045000,078672,094276,081354,083054,016428,054333
0000000047,0000046000,076766,093374,084161,088140,022323,043352
0000000048,0000047000,075615,091673,087014,089955,030806,033055
0000000049,0000048000,075320,089345,089636,088337,041041,024438
0000000050,0000049000,075930,086610,091762,083444,052011,018361
0000000051,0000050000,077379,083738,093184,075743,062653,015419
0000000052,0000051000,079520,081013,093769,065987,071936,015892
0000000053,0000052000,082149,078696,093457,055144,078938,019734
0000000054,0000053000,085006,077015,092281,044274,082972,026569
0000000055,0000054000,087810,076143,090348,034428,083652,035736
0000000056,0000055000,090291,076159,087851,026576,080905,046335
0000000057,0000056000,092208,077050,085044,021494,075006,057316
0000000058,0000057000,093362,078748,082192,019672,066530,067613
0000000059,0000058000,093644,081089,079569,021291,056295,076229
0000000060,0000059000,093041,083818,077443,026189,045320,082307
0000000061,0000060000,091599,086682,076021,033885,034682,085248
0000000062,0000061000,089447,089418,075436,043639,025402,084775
0000000063,0000062000,086819,091735,075747,054488,018393,080934
0000000064,0000063000,083972,093406,076924,065354,014361,074100
0000000065,0000064000,081160,094285,078857,075196,013687,064933
0000000066,0000065000,078674,094275,081353,083054,016427,054334
0000000067,0000066000,076769,093372,084161,088137,022325,043354
0000000068,0000067000,075611,091677,087013,089952,030806,033057
0000000069,0000068000,075319,089346,089636,088338,041036,024441
0000000070,0000069000,075932,086607,091762,083444,052008,018364
0000000071,0000070000,077377,083740,093185,075742,062651,015422
0000000072,0000071000,079517,081015,093769,065990,071931,015894
0000000073,0000072000,082151,078693,093458,055148,078933,019735
0000000074,0000073000,085006,077015,092281,044277,082970,026569
0000000075,0000074000,087807,076146,090349,034434,083648,035735
0000000076,0000075000,090293,076157,087852,026583,080901,046332
0000000077,0000076000,092209,077048,085045,021498,075006,057312
0000000078,0000077000,093360,078750,082192,019676,066531,067608
0000000079,0000078000,093646,081087,079569,021296,056296,076224
0000000080,0000079000,093044,083815,077443,026191,045323,082302
0000000081,0000080000,091598,086683,076020,033885,034687,085244
0000000082,0000081000,089448,089419,075435,043639,025405,084772
0000000083,0000082000,086822,091733,075747,054485,018398,080932
0000000084,0000083000,083971,093407,076923,065350,014367,074099
0000000085,0000084000,081159,094287,078856,075192,013689,064934
0000000086,0000085000,078676,094273,081352,083049,016429,054337
0000000087,0000086000,076768,093373,084160,088131,022327,043358
0000000088,0000087000,075609,091680,087013,089949,030805,033062
0000000089,0000088000,075321,089346,089635,088336,041033,024447
0000000090,0000089000,075932,086608,091762,083441,052005,018370
0000000091,0000090000,077373,083743,093185,075743,062645,015427
0000000092,0000091000,079517,081015,093770,065994,071923,015898
0000000093,0000092000,082152,078691,093459,055151,078927,019737
0000000094,0000093000,085003,077016,092283,044282,082964,026569
0000000095,0000094000,087806,076145,090350,034442,083641,035733
0000000096,0000095000,090295,076154,087853,026590,080898,046329
0000000097,0000096000,092208,077048,085046,021504,075006,057306
0000000098,0000097000,093359,078750,082193,019684,066530,067601
0000000099,0000098000,093649,081084,079569,021301,056298,076216
0000000100,0000099000,093045,083814,077443,026192,045330,082294
0000000101,0000100000,091597,086685,076020,033886,034693,085237
0000000102,0000101000,089451,089417,075434,043638,025412,084766
0000000103,0000102000,086824,091732,075745,054480,018407,080929
0000000104,0000103000,083970,093410,076922,065343,014374,074098
0000000105,0000104000,081160,094288,078854,075186,013694,064935
0000000106,0000105000,078678,094272,081351,083040,016434,054342
0000000107,0000106000,076766,093377,084159,088122,022329,043365
0000000108,0000107000,075607,091683,087012,089943,030802,033071
0000000109,0000108000,075321,089345,089635,088331,041028,024456
0000000110,0000109000,075930,086609,091762,083438,051999,018379
0000000111,0000110000,077370,083746,093186,075745,062636,015435
0000000112,0000111000,079517,081014,093771,065998,071912,015905
0000000113,0000112000,082151,078691,093460,055156,078918,019741
0000000114,0000113000,084999,077018,092284,044291,082955,026570
0000000115,0000114000,087807,076143,090352,034454,083632,035730
0000000116,0000115000,090296,076151,087855,026600,080893,046323
0000000117,0000116000,092206,077048,085047,021514,075004,057298
0000000118,0000117000,093360,078748,082194,019694,066530,067591
0000000119,0000118000,093652,081080,079570,021307,056303,076205
0000000120,0000119000,093046,083813,077443,026195,045338,082283
0000000121,0000120000,091598,086685,076019,033887,034702,085227
0000000122,0000121000,089454,089414,075433,043635,025423,084759
0000000123,0000122000,086826,091732,075744,054472,018420,080924
0000000124,0000123000,083970,093412,076920,065334,014385,074097
0000000125,0000124000,081162,094288,078852,075175,013702,064938
0000000126,0000125000,078679,094274,081349,083027,016441,054348
0000000127,0000126000,076764,093381,084157,088110,022331,043374
0000000128,0000127000,075607,091685,087010,089934,030799,033083
0000000129,0000128000,075321,089346,089635,088323,041023,024470
0000000130,0000129000,075926,086613,091763,083434,051990,018392
0000000131,0000130000,077368,083748,093187,075746,062623,015447
0000000132,0000131000,079516,081013,093773,066003,071899,015914
0000000133,0000132000,082147,078692,093463,055165,078905,019746
0000000134,0000133000,084997,077018,092287,044304,082941,026571
0000000135,0000134000,087807,076140,090354,034468,083621,035727
0000000136,0000135000,090296,076149,087857,026614,080887,046315
0000000137,0000136000,092206,077047,085049,021529,075000,057286
0000000138,0000137000,093363,078744,082195,019707,066531,067577
0000000139,0000138000,093655,081077,079571,021315,056310,076190
0000000140,0000139000,093047,083813,077442,026200,045349,082267
0000000141,0000140000,091602,086682,076017,033888,034715,085213
0000000142,0000141000,089458,089412,075431,043629,025439,084748
0000000143,0000142000,086827,091733,075741,054462,018437,080917
0000000144,0000143000,083972,093413,076916,065321,014399,074095
0000000145,0000144000,081165,094288,078849,075159,013714,064942
0000000146,0000145000,078678,094277,081346,083009,016450,054357
0000000147,0000146000,076763,093385,084155,088095,022334,043387
0000000148,0000147000,075607,091686,087009,089920,030797,033099
0000000149,0000148000,075318,089349,089634,088312,041016,024487
0000000150,0000149000,075922,086617,091763,083429,051977,018409
0000000151,0000150000,077365,083749,093188,075747,062606,015462
0000000152,0000151000,079514,081013,093775,066009,071881,015926
0000000153,0000152000,082143,078693,093466,055176,078886,019753
0000000154,0000153000,084995,077017,092290,044321,082923,026572
0000000155,0000154000,087807,076137,090358,034486,083607,035723
0000000156,0000155000,090294,076147,087861,026634,080878,046305
0000000157,0000156000,092206,077044,085052,021549,074996,057271
0000000158,0000157000,093366,078739,082197,019723,066534,067558
0000000159,0000158000,093657,081074,079571,021327,056319,076169
0000000160,0000159000,093049,083811,077442,026206,045362,082247
0000000161,0000160000,091607,086679,076016,033887,034733,085195
0000000162,0000161000,089462,089411,075428,043621,025461,084734
0000000163,0000162000,086829,091735,075738,054449,018458,080909
0000000164,0000163000,083975,093414,076912,065304,014418,074093
0000000165,0000164000,081167,094290,078845,075137,013731,064947
0000000166,0000165000,078678,094282,081343,082987,016460,054368
0000000167,0000166000,076762,093388,084152,088074,022337,043405
0000000168,0000167000,075605,091690,087007,089902,030794,033120
0000000169,0000168000,075314,089354,089633,088299,041007,024510
0000000170,0000169000,075917,086621,091763,083423,051961,018432
0000000171,0000170000,077362,083750,093190,075748,062585,015483
0000000172,0000171000,079509,081015,093778,066016,071858,015941
0000000173,0000172000,082138,078694,093470,055191,078861,019763
0000000174,0000173000,084993,077014,092295,044341,082900,026574
0000000175,0000174000,087805,076134,090363,034509,083590,035717
0000000176,0000175000,090293,076144,087865,026659,080865,046292
0000000177,0000176000,092208,077039,085055,021573,074990,057252
0000000178,0000177000,093369,078734,082199,019743,066537,067535
0000000179,0000178000,093660,081070,079572,021341,056331,076143
0000000180,0000179000,093054,083807,077441,026215,045379,082221
0000000181,0000180000,091613,086675,076014,033887,034757,085173
0000000182,0000181000,089466,089410,075425,043612,025487,084716
0000000183,0000182000,086833,091735,075733,054433,018484,080898
0000000184,0000183000,083980,093415,076907,065282,014442,074091
0000000185,0000184000,081169,094293,078840,075110,013752,064953
0000000186,0000185000,078677,094287,081338,082959,016473,054383
0000000187,0000186000,076761,093393,084148,088048,022342,043426
0000000188,0000187000,075603,091695,087004,089879,030791,033146
0000000189,0000188000,075309,089360,089632,088283,040995,024539
0000000190,0000189000,075913,086625,091764,083415,051940,018460
0000000191,0000190000,077357,083753,093192,075748,062559,015508
0000000192,0000191000,079503,081017,093782,066026,071829,015961
0000000193,0000192000,082133,078694,093474,055210,078831,019774
0000000194,0000193000,084990,077011,092300,044366,082873,026577
0000000195,0000194000,087802,076131,090368,034539,083568,035710
0000000196,0000195000,090292,076140,087870,026690,080850,046276
0000000197,0000196000,092210,077033,085059,021603,074984,057228
0000000198,0000197000,093372,078728,082203,019768,066542,067505
0000000199,0000198000,093663,081065,079574,021360,056344,076111
0000000200,0000199000,093060,083801,077440,026224,045401,082190
0000000201,0000200000,091619,086671,076011,033886,034786,085145
0000000202,0000201000,089472,089409,075421,043601,025520,084695
0000000203,0000202000,086839,091735,075728,054414,018517,080886
0000000204,0000203000,083984,093416,076901,065254,014473,074089
0000000205,0000204000,081171,094297,078834,075077,013776,064961
0000000206,0000205000,078678,094292,081332,082926,016489,054400
0000000207,0000206000,076761,093398,084143,088015,022348,043452
0000000208,0000207000,075599,091701,087001,089851,030787,033179
0000000209,0000208000,075304,089367,089631,088263,040979,024574
0000000210,0000209000,075907,086630,091765,083405,051916,018495
0000000211,0000210000,077350,083756,093195,075749,062528,015538
0000000212,0000211000,079495,081020,093787,066038,071793,015984
0000000213,0000212000,082128,078694,093480,055233,078794,019788
0000000214,0000213000,084986,077009,092307,044396,082840,026580
0000000215,0000214000,087799,076127,090375,034574,083541,035701
0000000216,0000215000,090291,076134,087876,026728,080832,046256
0000000217,0000216000,092212,077025,085065,021638,074978,057199
0000000218,0000217000,093375,078721,082206,019798,066547,067470
0000000219,0000218000,093669,081059,079575,021382,056361,076073
0000000220,0000219000,093068,083795,077439,026235,045428,082152
0000000221,0000220000,091626,086667,076008,033884,034821,085111
0000000222,0000221000,089478,089407,075416,043588,025559,084669
0000000223,0000222000,086846,091735,075721,054389,018556,080870
0000000224,0000223000,083989,093418,076894,065220,014510,074086
0000000225,0000224000,081174,094303,078826,075038,013806,064971
0000000226,0000225000,078679,094298,081325,082885,016509,054422
0000000227,0000226000,076759,093405,084137,087976,022356,043484
0000000228,0000227000,075595,091710,086997,089818,030781,033217
0000000229,0000228000,075298,089374,089629,088240,040960,024616
0000000230,0000229000,075900,086635,091766,083393,051886,018536
0000000231,0000230000,077342,083762,093198,075750,062491,015575
0000000232,0000231000,079487,081023,093792,066053,071750,016012
0000000233,0000232000,082122,078693,093487,055259,078751,019805
0000000234,0000233000,084980,077006,092315,044433,082800,026583
0000000235,0000234000,087795,076123,090384,034617,083509,035690
0000000236,0000235000,090291,076127,087884,026773,080810,046232
0000000237,0000236000,092214,077017,085071,021680,074970,057165
0000000238,0000237000,093378,078713,082210,019834,066553,067428
0000000239,0000238000,093675,081050,079577,021408,056380,076027
0000000240,0000239000,093076,083787,077438,026248,045460,082107
0000000241,0000240000,091634,086662,076005,033882,034862,085072
0000000242,0000241000,089487,089404,075410,043573,025604,084639
0000000243,0000242000,086854,091734,075713,054360,018603,080853
0000000244,0000243000,083995,093421,076885,065181,014553,074082
0000000245,0000244000,081177,094308,078817,074993,013840,064982
0000000246,0000245000,078680,094305,081317,082836,016531,054448
0000000247,0000246000,076757,093414,084130,087930,022365,043521
0000000248,0000247000,075590,091720,086992,089779,030774,033263
0000000249,0000248000,075291,089383,089627,088212,040939,024665
0000000250,0000249000,075892,086643,091767,083379,051852,018585
0000000251,0000250000,077332,083768,093202,075752,062446,015617
0000000252,0000251000,079478,081026,093798,066071,071700,016045
0000000253,0000252000,082114,078692,093496,055291,078701,019824
0000000254,0000253000,084973,077004,092325,044475,082754,026586
0000000255,0000254000,087791,076117,090393,034667,083471,035678
0000000256,0000255000,090290,076118,087893,026825,080786,046205
0000000257,0000256000,092216,077007,085078,021730,074961,057125
0000000258,0000257000,093383,078703,082215,019876,066561,067378
0000000259,0000258000,093683,081040,079579,021438,056403,075974
0000000260,0000259000,093085,083779,077437,026263,045498,082055
0000000261,0000260000,091644,086657,076001,033881,034910,085026
0000000262,0000261000,089498,089401,075403,043554,025658,084604
0000000263,0000262000,086863,091734,075704,054326,018658,080832
0000000264,0000263000,084002,093425,076875,065135,014602,074078
0000000265,0000264000,081182,094314,078806,074939,013880,064996
0000000266,0000265000,078682,094313,081307,082780,016558,054477
0000000267,0000266000,076755,093425,084122,087877,022375,043564
0000000268,0000267000,075584,091731,086987,089735,030766,033316
0000000269,0000268000,075284,089393,089625,088180,040913,024723
0000000270,0000269000,075881,086652,091768,083363,051812,018640
0000000271,0000270000,077320,083775,093207,075754,062395,015666
0000000272,0000271000,079467,081029,093806,066091,071642,016082
0000000273,0000272000,082104,078692,093506,055327,078642,019846
0000000274,0000273000,084965,077001,092336,044525,082701,026590
0000000275,0000274000,087786,076111,090405,034725,083428,035663
0000000276,0000275000,090289,076109,087904,026886,080758,046173
0000000277,0000276000,092218,076997,085087,021787,074951,057078
0000000278,0000277000,093389,078691,082221,019924,066569,067322
0000000279,0000278000,093692,081028,079581,021472,056431,075912
0000000280,0000279000,093096,083770,077436,026279,045541,081995
0000000281,0000280000,091656,086650,075996,033878,034965,084973
0000000282,0000281000,089510,089397,075395,043532,025720,084564
0000000283,0000282000,086874,091734,075694,054287,018720,080809
0000000284,0000283000,084010,093429,076863,065082,014659,074074
0000000285,0000284000,081187,094321,078794,074878,013926,065012
0000000286,0000285000,078683,094323,081295,082716,016588,054512
0000000287,0000286000,076752,093437,084113,087816,022386,043614
0000000288,0000287000,075578,091743,086980,089684,030756,033376
0000000289,0000288000,075275,089405,089622,088143,040884,024788
0000000290,0000289000,075869,086663,091769,083345,051766,018704
0000000291,0000290000,077308,083782,093212,075757,062335,015723
0000000292,0000291000,079455,081033,093814,066114,071576,016125
0000000293,0000292000,082092,078693,093517,055369,078576,019871
0000000294,0000293000,084956,076997,092349,044581,082640,026595
0000000295,0000294000,087781,076103,090418,034791,083379,035646
0000000296,0000295000,090288,076098,087916,026954,080726,046136
0000000297,0000296000,092220,076984,085097,021851,074939,057025
0000000298,0000297000,093396,078678,082228,019979,066579,067257
0000000299,0000298000,093702,081015,079584,021511,056462,075842
0000000300,0000299000,093108,083759,077435,026298,045590,081927
0000000301,0000300000,091670,086641,075990,033875,035027,084913
0000000302,0000301000,089524,089392,075386,043507,025790,084518
0000000303,0000302000,086886,091734,075682,054242,018791,080782
0000000304,0000303000,084019,093433,076849,065022,014724,074070
0000000305,0000304000,081193,094329,078780,074808,013977,065030
0000000306,0000305000,078685,094335,081282,082643,016622,054551
0000000307,0000306000,076749,093451,084102,087747,022397,043671
0000000308,0000307000,075571,091758,086973,089626,030745,033445
0000000309,0000308000,075264,089419,089619,088102,040851,024863
0000000310,0000309000,075856,086675,091771,083326,051713,018777
0000000311,0000310000,077293,083791,093217,075761,062269,015786
0000000312,0000311000,079440,081038,093824,066141,071501,016173
0000000313,0000312000,082079,078693,093530,055416,078501,019899
0000000314,0000313000,084946,076992,092364,044645,082572,026599
0000000315,0000314000,087775,076094,090433,034865,083325,035626
0000000316,0000315000,090285,076086,087930,027031,080691,046094
0000000317,0000316000,092223,076970,085109,021924,074927,056965
0000000318,0000317000,093403,078662,082236,020040,066591,067184
0000000319,0000318000,093713,081001,079588,021554,056497,075764
0000000320,0000319000,093122,083746,077434,026319,045646,081851
0000000321,0000320000,091686,086632,075984,033872,035098,084846
0000000322,0000321000,089539,089387,075376,043479,025869,084468
0000000323,0000322000,086899,091734,075668,054192,018871,080753
0000000324,0000323000,084031,093438,076833,064955,014796,074065
0000000325,0000324000,081200,094338,078764,074729,014035,065051
0000000326,0000325000,078687,094348,081268,082561,016659,054595
0000000327,0000326000,076746,093466,084090,087671,022411,043735
0000000328,0000327000,075564,091774,086964,089561,030732,033522
0000000329,0000328000,075252,089435,089615,088057,040814,024946
0000000330,0000329000,075841,086689,091772,083304,051654,018858
0000000331,0000330000,077277,083801,093224,075765,062194,015857
0000000332,0000331000,079424,081043,093835,066171,071418,016226
0000000333,0000332000,082064,078694,093544,055469,078417,019929
0000000334,0000333000,084934,076987,092380,044717,082495,026604
0000000335,0000334000,087767,076084,090450,034948,083264,035604
0000000336,0000335000,090283,076073,087946,027118,080651,046047
0000000337,0000336000,092226,076953,085122,022005,074913,056897
0000000338,0000337000,093412,078645,082246,020108,066605,067103
0000000339,0000338000,093726,080984,079592,021602,056537,075676
0000000340,0000339000,093138,083732,077432,026342,045708,081765
0000000341,0000340000,091703,086621,075978,033867,035177,084772
0000000342,0000341000,089556,089381,075365,043447,025958,084411
0000000343,0000342000,086915,091734,075653,054136,018959,080721
0000000344,0000343000,084043,093443,076816,064879,014876,074061
0000000345,0000344000,081208,094348,078746,074641,014099,065075
0000000346,0000345000,078689,094362,081251,082470,016701,054645
0000000347,0000346000,076743,093483,084076,087585,022425,043806
0000000348,0000347000,075555,091792,086954,089490,030718,033608
0000000349,0000348000,075239,089452,089610,088006,040772,025038
0000000350,0000349000,075825,086704,091773,083280,051589,018947
0000000351,0000350000,077259,083813,093231,075770,062110,015935
0000000352,0000351000,079405,081050,093847,066205,071325,016285
0000000353,0000352000,082047,078695,093560,055529,078324,019963
0000000354,0000353000,084921,076982,092398,044796,082411,026608
0000000355,0000354000,087758,076074,090469,035040,083197,035579
0000000356,0000355000,090280,076058,087963,027213,080608,045995
0000000357,0000356000,092230,076935,085137,022095,074898,056822
0000000358,0000357000,093420,078625,082256,020183,066621,067012
0000000359,0000358000,093739,080966,079597,021655,056582,075579
0000000360,0000359000,093155,083716,077431,026367,045777,081671
0000000361,0000360000,091723,086608,075971,033861,035265,084690
0000000362,0000361000,089576,089374,075352,043411,026055,084350
0000000363,0000362000,086932,091733,075636,054073,019057,080686
0000000364,0000363000,084057,093448,076797,064795,014964,074056
0000000365,0000364000,081217,094359,078726,074544,014170,065101
0000000366,0000365000,078692,094378,081232,082370,016746,054700
0000000367,0000366000,076740,093502,084060,087491,022440,043885
0000000368,0000367000,075546,091812,086943,089411,030701,033703
0000000369,0000368000,075224,089472,089605,087951,040725,025140
0000000370,0000369000,075806,086721,091774,083254,051516,019046
0000000371,0000370000,077238,083826,093238,075776,062018,016021
0000000372,0000371000,079385,081058,093860,066242,071223,016350
0000000373,0000372000,082029,078696,093577,055595,078221,020000
0000000374,0000373000,084906,076977,092419,044884,082319,026613
0000000375,0000374000,087749,076063,090490,035142,083123,035551
0000000376,0000375000,090277,076042,087983,027319,080561,045937
0000000377,0000376000,092233,076915,085153,022194,074882,056740
0000000378,0000377000,093430,078604,082268,020265,066638,066912
0000000379,0000378000,093754,080945,079603,021712,056631,075472
0000000380,0000379000,093175,083697,077430,026394,045854,081568
0000000381,0000380000,091744,086594,075963,033854,035361,084600
0000000382,0000381000,089597,089366,075339,043371,026162,084282
0000000383,0000382000,086952,091731,075618,054004,019164,080648
0000000384,0000383000,084073,093453,076775,064703,015061,074051
0000000385,0000384000,081228,094371,078704,074438,014247,065130
0000000386,0000385000,078696,094395,081211,082260,016795,054761
0000000387,0000386000,076736,093523,084043,087388,022456,043971
0000000388,0000387000,075536,091835,086930,089326,030683,033807
0000000389,0000388000,075208,089494,089599,087892,040673,025252
0000000390,0000389000,075786,086740,091776,083226,051436,019154
0000000391,0000390000,077215,083840,093246,075783,061918,016114
0000000392,0000391000,079362,081067,093874,066284,071111,016420
0000000393,0000392000,082009,078697,093597,055667,078109,020039
0000000394,0000393000,084890,076971,092441,044981,082218,026618
0000000395,0000394000,087737,076051,090513,035253,083043,035520
0000000396,0000395000,090273,076024,088005,027433,080509,045873
0000000397,0000396000,092237,076893,085172,022301,074866,056649
0000000398,0000397000,093440,078580,082281,020354,066658,066803
0000000399,0000398000,093771,080922,079609,021775,056685,075356
0000000400,0000399000,093196,083677,077429,026423,045937,081455
0000000401,0000400000,091768,086579,075955,033847,035467,084503
0000000402,0000401000,084375,091815,077786,048403,025326,083244
0000000403,0000402000,088584,089300,073175,059356,016818,078144
0000000404,0000403000,084341,093494,076816,067966,015073,073958
0000000405,0000404000,084157,091526,075864,070565,014702,065513
0000000406,0000405000,084083,093240,080039,070671,020790,058718
0000000407,0000406000,081298,092728,083204,065368,029019,050559
0000000408,0000407000,082262,088684,083696,057195,040685,044043
0000000409,0000408000,079123,089532,089431,045309,053430,038361
0000000410,0000409000,081374,082982,087767,032169,067079,035316
0000000411,0000410000,078528,084900,094207,018590,078873,033567
0000000412,0000411000,082960,080060,092654,006422,089235,034859
0000000413,0000412000,080141,080658,095125,-02639,096064,038272
0000000414,0000413000,084113,078285,093420,-09549,098171,042861
0000000415,0000414000,083661,077460,091666,-10878,097802,050532
0000000416,0000415000,084550,078628,090297,-09980,090846,056619
0000000417,0000416000,088284,078544,086727,-02738,082576,065071
0000000418,0000417000,085766,082197,086124,006914,069918,070881
0000000419,0000418000,090646,081980,080991,020280,056413,075894
0000000420,0000419000,087029,086511,080714,035075,042986,079336
0000000421,0000420000,089607,085831,075868,049380,029549,079333
0000000422,0000421000,087463,090301,076929,063410,019836,078353
0000000423,0000422000,087346,090603,075093,074062,012056,073882
0000000424,0000423000,086404,092411,076377,082490,009257,068477
0000000425,0000424000,084440,093312,078135,085841,010073,060976
0000000426,0000425000,083957,091239,078254,085540,015599,053449
0000000427,0000426000,081086,092313,082870,079954,024098,045389
0000000428,0000427000,082099,088341,083236,071255,036050,038849
0000000429,0000428000,078931,088901,088472,059333,048963,033228
0000000430,0000429000,081342,084923,089290,045968,062371,029813
0000000431,0000430000,078939,083771,092478,032630,075170,029003
0000000432,0000431000,080966,080934,092873,019487,084747,029599
0000000433,0000432000,081277,079352,093298,009622,092477,033983
0000000434,0000433000,081739,078742,093391,001938,094679,038741
0000000435,0000434000,084876,077675,091448,-00611,093931,046244
0000000436,0000435000,084004,079344,090824,000600,088138,053700
0000000437,0000436000,087649,078530,086701,006387,078904,061315
0000000438,0000437000,086624,081701,085694,015964,067244,068331
0000000439,0000438000,088976,081868,081139,028014,053417,073262
0000000440,0000439000,088424,085566,080218,042339,039953,076820
0000000441,0000440000,089030,087027,077531,056491,026947,077377
0000000442,0000441000,088481,089261,076396,070347,016736,076051
0000000443,0000442000,087367,091327,076388,081261,009221,071882
0000000444,0000443000,086919,091176,075620,089453,006311,066307
0000000445,0000444000,084433,093035,078185,092997,007067,058673
0000000446,0000445000,084707,091397,078646,092618,012525,050917
0000000447,0000446000,081591,091908,082528,087769,021318,042878
0000000448,0000447000,082264,089318,084056,079037,032870,035644
0000000449,0000448000,079970,088156,087448,067716,046442,030397
0000000450,0000449000,080289,085404,089391,053942,059593,026411
0000000451,0000450000,080212,083310,091488,040446,072722,025682
0000000452,0000451000,080010,081662,093043,027140,082736,026580
0000000453,0000452000,081932,079486,092955,016655,090133,030537
0000000454,0000453000,081627,079312,093512,008982,093230,036170
0000000455,0000454000,084233,077683,091081,005430,092055,043373
0000000456,0000455000,084343,079100,090410,006185,086787,051553
0000000457,0000456000,086643,078833,086998,011061,077570,059403
0000000458,0000457000,087071,081170,085255,020075,065894,066726
0000000459,0000458000,088388,082647,082190,031737,052196,072168
0000000460,0000459000,088684,084703,079778,045665,038579,075916
0000000461,0000460000,088531,087217,078179,059631,025522,076754
0000000462,0000461000,088719,088503,076147,073190,015161,075577
0000000463,0000462000,087090,090971,076576,084258,007593,071515
0000000464,0000463000,087233,091181,076069,092448,004373,065673
0000000465,0000464000,084770,092552,078029,096647,005339,058204
0000000466,0000465000,084526,091611,079094,096410,010372,049814
0000000467,0000466000,082426,091266,081928,092138,019522,041789
0000000468,0000467000,081663,089575,084156,083576,030979,034070
0000000469,0000468000,080906,087846,086871,072441,044658,028474
0000000470,0000469000,080003,085960,089545,058990,058265,024454
0000000471,0000470000,080623,083389,091021,045284,071288,023217
0000000472,0000471000,080138,082093,092924,032090,081898,024409
0000000473,0000472000,081660,079664,092627,020996,089312,028148
0000000474,0000473000,081904,079379,093088,012979,092788,034088
0000000475,0000474000,083803,078274,091300,008729,091756,041544
0000000476,0000475000,084613,078916,090054,008962,086615,050056
0000000477,0000476000,086226,079467,087589,013237,077490,058324
0000000478,0000477000,087250,080761,084951,021693,065781,066094
0000000479,0000478000,087914,082770,082631,032887,051992,071967
0000000480,0000479000,088861,084331,079842,046363,038177,076025
0000000481,0000480000,088303,086997,078448,060288,025018,077281
0000000482,0000481000,088785,088371,076596,073710,014201,076077
0000000483,0000482000,087322,090461,076652,085183,006653,072285
0000000484,0000483000,086972,091064,076427,093531,002989,066113
0000000485,0000484000,085330,091935,077797,098257,003935,058583
0000000486,0000485000,084202,091587,079336,098462,008864,049819
0000000487,0000486000,083003,090886,081587,094657,017940,041297
0000000488,0000487000,081601,089806,084237,086688,029651,033321
0000000489,0000488000,081151,087725,086468,075787,043329,027104
0000000490,0000489000,080129,086166,089291,062673,057383,022888
0000000491,0000490000,080530,083623,090663,048841,070586,021282
0000000492,0000491000,080309,082228,092457,035558,081603,022427
0000000493,0000492000,081426,080252,092618,024049,089311,026130
0000000494,0000493000,082046,079474,092616,015599,093104,032276
0000000495,0000494000,083434,078857,091471,010720,092258,040009
0000000496,0000495000,084696,078873,089780,010267,087291,048941
0000000497,0000496000,085809,079748,087790,013882,078227,057711
0000000498,0000497000,087286,080725,085044,021634,066383,065946
0000000499,0000498000,087716,082712,082916,032448,052557,072441
0000000500,0000499000,088764,084253,080233,045480,038341,076783
0000000501,0000500000,088436,086626,078657,059401,025015,078546
0000000502,0000501000,088560,088151,077054,072788,013741,077415
0000000503,0000502000,087692,089896,076741,084575,005928,073706
0000000504,0000503000,086846,090890,076820,093357,001976,067420
0000000505,0000504000,085738,091426,077768,098631,002632,059535
0000000506,0000505000,084285,091478,079530,099563,007544,050439
0000000507,0000506000,083269,090606,081371,096335,016502,041313
0000000508,0000507000,081799,089748,084056,089035,028397,032882
0000000509,0000508000,081248,087794,086220,078513,042234,026054
0000000510,0000509000,080339,086237,088829,065752,056649,021428
0000000511,0000510000,080461,084072,090456,051948,070166,019444
0000000512,0000511000,080455,082394,091927,038564,081626,020439
0000000513,0000512000,081159,080804,092444,026668,089696,024100
0000000514,0000513000,082078,079719,092197,017655,093825,030433
0000000515,0000514000,083084,079287,091409,012108,093277,038531
0000000516,0000515000,084590,079114,089701,010827,088418,047862
0000000517,0000516000,085562,079956,087874,013747,079488,057302
0000000518,0000517000,087032,080824,085285,020711,067458,066053
0000000519,0000518000,087659,082561,083130,031021,053530,073230
0000000520,0000519000,088481,084162,080666,043608,038947,078047
0000000521,0000520000,088556,086202,078923,057394,025257,080243
0000000522,0000521000,088432,087896,077588,070873,013595,079354
0000000523,0000522000,087914,089363,076970,082968,005341,075647
0000000524,0000523000,086929,090557,077186,092326,001073,069267
0000000525,0000524000,085987,090949,077883,098240,001409,060988
0000000526,0000525000,084524,091153,079574,099998,006211,051443
0000000527,0000526000,083494,090431,081315,097515,015079,041680
0000000528,0000527000,082108,089578,083783,090995,027116,032640
0000000529,0000528000,081363,087949,086016,081032,041150,025123
0000000530,0000529000,080602,086326,088315,068691,055928,019975
0000000531,0000530000,080405,084474,090118,055019,069834,017556
0000000532,0000531000,080568,082701,091407,041506,081743,018294
0000000533,0000532000,080979,081328,092100,029262,090280,021949
0000000534,0000533000,081978,080162,091857,019610,094742,028410
0000000535,0000534000,082867,079716,091224,013349,094570,036931
0000000536,0000535000,084293,079493,089652,011145,089850,046726
0000000537,0000536000,085372,080142,087889,013213,081024,056867
0000000538,0000537000,086675,080979,085570,019314,068890,066290
0000000539,0000538000,087546,082425,083373,028951,054759,074161
0000000540,0000539000,088233,084059,081161,041071,039842,079610
0000000541,0000540000,088551,085786,079315,054636,025709,082261
0000000542,0000541000,088382,087510,078111,068211,013619,081676
0000000543,0000542000,088029,088838,077351,080623,004873,078008
0000000544,0000543000,087090,090036,077525,090608,000221,071506
0000000545,0000544000,086198,090494,078143,097273,000206,062814
0000000546,0000545000,084846,090714,079598,099969,004832,052754
0000000547,0000546000,083719,090222,081304,098397,013595,042293
0000000548,0000547000,082470,089373,083499,092771,025737,032527
0000000549,0000548000,081520,088049,085720,083532,039994,024269
0000000550,0000549000,080859,086479,087805,071688,055101,018467
0000000551,0000550000,080453,084855,089657,058270,069470,015570
0000000552,0000551000,080606,083147,090873,044660,081829,015964
0000000553,0000552000,080904,081871,091619,032084,090881,019592
0000000554,0000553000,081779,080726,091492,021767,095742,026183
0000000555,0000554000,082680,080192,090932,014686,095958,035108
0000000556,0000555000,083946,079980,089589,011488,091458,045461
0000000557,0000556000,085128,080389,087898,012544,082729,056319
0000000558,0000557000,086320,081172,085859,017681,070550,066520
0000000559,0000558000,087333,082349,083686,026494,056200,075156
0000000560,0000559000,087999,083882,081664,038043,040950,081325
0000000561,0000560000,088456,085392,079846,051291,026361,084497
0000000562,0000561000,088361,087011,078659,064914,013806,084270
0000000563,0000562000,088094,088289,077881,077648,004530,080683
0000000564,0000563000,087297,089396,077922,088289,-00558,074052
0000000565,0000564000,086399,089962,078474,095804,-00962,064950
0000000566,0000565000,085204,090195,079672,099527,003411,054317
0000000567,0000566000,083994,089911,081292,099031,012055,043126
0000000568,0000567000,082841,089159,083239,094427,024236,032529
0000000569,0000568000,081779,088096,085350,086086,038707,023476
0000000570,0000569000,081094,086676,087280,074870,054121,016924
0000000571,0000570000,080594,085232,089072,061815,068956,013468
0000000572,0000571000,080618,083690,090271,048191,081794,013477
0000000573,0000572000,080863,082465,091019,035291,091365,017011
0000000574,0000573000,081570,081400,091056,024313,096698,023734
0000000575,0000574000,082464,080773,090563,016331,097324,033044
0000000576,0000575000,083591,080545,089464,012054,093112,044001
0000000577,0000576000,084810,080736,087913,011951,084525,055606
0000000578,0000577000,085948,081387,086111,015981,072351,066654
0000000579,0000578000,087032,082342,084077,023808,057812,076128
0000000580,0000579000,087754,083664,082204,034642,042259,083088
0000000581,0000580000,088288,084998,080494,047461,027228,086855
0000000582,0000581000,088338,086436,079290,061039,014187,087043
0000000583,0000582000,088125,087655,078526,074072,004373,083592
0000000584,0000583000,087505,088663,078422,085363,-01203,076838
0000000585,0000584000,086631,089319,078870,093807,-02032,067353
0000000586,0000585000,085565,089598,079832,098648,002010,056114
0000000587,0000586000,084350,089491,081289,099378,010488,044162
0000000588,0000587000,083222,088915,082998,095957,022640,032680
0000000589,0000588000,082125,088081,084917,088682,037264,022765
0000000590,0000589000,081355,086891,086714,078265,052956,015398
0000000591,0000590000,080794,085629,088376,065706,068216,011297
0000000592,0000591000,080662,084306,089571,052186,081535,010874
0000000593,0000592000,080837,083144,090313,039012,091627,014246
0000000594,0000593000,081376,082167,090500,027392,097474,021070
0000000595,0000594000,082214,081484,090117,018454,098547,030745
0000000596,0000595000,083229,081187,089250,013010,094692,042313
0000000597,0000596000,084423,081201,087916,011608,086318,054682
0000000598,0000597000,085548,081656,086336,014367,074220,066621
0000000599,0000598000,086651,082391,084523,021033,059563,076993
0000000600,0000599000,087467,083439,082805,030970,043762,084798
0000000601,0000600000,088059,084581,081237,043210,028343,089240
0000000602,0000601000,088271,085802,080040,056612,014825,089897
0000000603,0000602000,088144,086921,079287,069878,004488,086650
0000000604,0000603000,087684,087842,079051,081792,-01612,079805
0000000605,0000604000,086895,088546,079351,091205,-02910,069977
0000000606,0000605000,085929,088902,080091,097253,000733,058140
0000000607,0000606000,084767,088955,081312,099344,008962,045413
0000000608,0000607000,083642,088611,082776,097281,020998,033027
0000000609,0000608000,082541,088008,084446,091259,035678,022196
0000000610,0000609000,081676,087099,086084,081845,051579,013961
0000000611,0000610000,081049,086059,087580,069953,067189,009145
0000000612,0000611000,080761,084972,088743,056691,080952,008230
0000000613,0000612000,080829,083924,089493,043336,091549,011365
0000000614,0000613000,081213,083033,089799,031120,097931,018241
0000000615,0000614000,081941,082332,089576,021207,099493,028236
0000000616,0000615000,082858,081934,088940,014517,096068,040386
0000000617,0000616000,083980,081787,087874,011689,088002,053513
0000000618,0000617000,085102,082006,086541,012998,076076,066353
0000000619,0000618000,086201,082492,085002,018309,061418,077661
0000000620,0000619000,087109,083235,083477,027131,045466,086349
0000000621,0000620000,087776,084138,082075,038602,029749,091535
0000000622,0000621000,088137,085115,080928,051653,015809,092723
0000000623,0000622000,088137,086082,080178,065035,004986,089750
0000000624,0000623000,087828,086920,079827,077506,-01646,082885
0000000625,0000624000,087172,087634,079944,087890,-03462,072770
0000000626,0000625000,086305,088086,080459,095215,-00287,060380
0000000627,0000626000,085231,088300,081390,098791,007584,046899
0000000628,0000627000,084118,088215,082577,098268,019385,033622
0000000629,0000628000,083022,087871,083957,093708,033989,021853
0000000630,0000629000,082076,087278,085378,085527,049977,012717
0000000631,0000630000,081365,086518,086685,074521,065818,007132
0000000632,0000631000,080932,085684,087777,061716,079945,005659
0000000633,0000632000,080857,084805,088534,048329,090999,008477
0000000634,0000633000,081088,084012,088939,035605,097906,015325
0000000635,0000634000,081666,083316,088908,024739,099998,025568
0000000636,0000635000,082476,082812,088519,016748,097081,038228
0000000637,0000636000,083498,082503,087758,012380,089441,052073
0000000638,0000637000,084596,082462,086720,012057,077820,065785
0000000639,0000638000,085686,082660,085500,015797,063321,078027
0000000640,0000639000,086666,083071,084221,023257,047369,087615
0000000641,0000640000,087423,083677,083013,033715,031495,093593
0000000642,0000641000,087925,084380,081966,046192,017246,095378
0000000643,0000642000,088081,085146,081217,059510,006006,092760
0000000644,0000643000,087932,085885,080765,072425,-01137,085970
0000000645,0000644000,087439,086580,080684,083733,-03504,075661
0000000646,0000645000,086693,087126,080949,092372,-00874,062805
0000000647,0000646000,085729,087514,081550,097539,006509,048642
0000000648,0000647000,084654,087699,082411,098737,017917,034529
0000000649,0000648000,083571,087657,083460,095863,032262,021844
0000000650,0000649000,082565,087414,084600,089180,048152,011807
0000000651,0000650000,081759,086986,085687,079329,064049,005419
0000000652,0000651000,081189,086439,086663,067233,078398,003322
0000000653,0000652000,080946,085782,087413,054027,089817,005735
0000000654,0000653000,081010,085112,087906,040944,097207,012448
0000000655,0000654000,081411,084442,088083,029201,099855,022827
0000000656,0000655000,082086,083843,087964,019897,097528,035880
0000000657,0000656000,082986,083363,087542,013895,090452,050346
0000000658,0000657000,084029,083045,086857,011767,079315,064846
0000000659,0000658000,085102,082915,086000,013703,065190,077969
0000000660,0000659000,086129,082964,085029,019524,049456,088439
0000000661,0000660000,086983,083215,084059,028673,033634,095229
0000000662,0000661000,087621,083602,083158,040293,019257,097667
0000000663,0000662000,087953,084124,082425,053296,007723,095496
0000000664,0000663000,087979,084728,081885,066469,000129,088908
0000000665,0000664000,087675,085378,081599,078592,-02801,078537
0000000666,0000665000,087080,086010,081583,088530,-00798,065361
0000000667,0000666000,086250,086579,081822,095362,005943,050649
0000000668,0000667000,085249,087044,082303,098444,016756,035817
0000000669,0000668000,084191,087344,082968,097494,030601,022300
0000000670,0000669000,083150,087487,083762,092601,046132,011410
0000000671,0000670000,082250,087442,084585,084227,061834,004221
0000000672,0000671000,081545,087228,085398,073158,076188,001447
0000000673,0000672000,081120,086842,086113,060423,087813,003361
0000000674,0000673000,080999,086330,086685,047209,095598,009801
0000000675,0000674000,081199,085713,087074,034737,098803,020151
0000000676,0000675000,081704,085039,087249,024170,097147,033421
0000000677,0000676000,082459,084381,087200,016486,090795,048336
0000000678,0000677000,083409,083774,086927,012404,080372,063467
0000000679,0000678000,084445,083282,086483,012300,066898,077344
0000000680,0000679000,085494,082934,085885,016177,051686,088618
0000000681,0000680000,086437,082775,085208,023672,036212,096194
0000000682,0000681000,087208,082801,084499,034079,021973,099325
0000000683,0000682000,087725,083032,083816,046435,010342,097700
0000000684,0000683000,087947,083456,083203,059591,002416,091468
0000000685,0000684000,087855,084033,082713,072334,-01057,081226
0000000686,0000685000,087448,084729,082387,083478,000240,067945
0000000687,0000686000,086778,085480,082233,091993,006167,052905
0000000688,0000687000,085890,086234,082280,097088,016132,037556
0000000689,0000688000,084883,086909,082503,098292,029161,023380
0000000690,0000689000,083835,087473,082886,095498,043980,011757
0000000691,0000690000,082853,087857,083389,088971,059141,003821
0000000692,0000691000,082018,088027,083987,079320,073186,000344
0000000693,0000692000,081408,087962,084628,067436,084770,001662
0000000694,0000693000,081081,087654,085263,054419,092797,007658
0000000695,0000694000,081059,087122,085857,041467,096518,017756
0000000696,0000695000,081357,086401,086348,029780,095602,030987
0000000697,0000696000,081934,085564,086706,020437,090156,046082
0000000698,0000697000,082751,084663,086899,014303,080730,061583
0000000699,0000698000,083719,083785,086924,011941,068261,075989
0000000700,0000699000,084760,083004,086765,013562,053971,087901
0000000701,0000700000,085773,082392,086443,019012,039252,096172
0000000702,0000701000,086669,082007,085976,027781,025523,099998
0000000703,0000702000,087370,081899,085387,039061,014092,099017
0000000704,0000703000,087806,082090,084726,051813,006028,093325
0000000705,0000704000,087946,082560,084040,064866,002085,083467
0000000706,0000705000,087764,083291,083389,077015,002616,070386
0000000707,0000706000,087290,084215,082812,087139,007538,055347
0000000708,0000707000,086556,085259,082373,094305,016348,039803
0000000709,0000708000,085638,086331,082095,097855,028163,025258
0000000710,0000709000,084614,087344,082005,097471,041816,013126
0000000711,0000710000,083578,088196,082125,093192,055969,004575
0000000712,0000711000,082626,088799,082453,085420,069272,000421
0000000713,0000712000,081836,089100,082971,074864,080461,001052
0000000714,0000713000,081289,089047,083641,062493,088488,006406
0000000715,0000714000,081026,088642,084424,049440,092618,015962
0000000716,0000715000,081082,087908,085240,036903,092488,028798
0000000717,0000716000,081444,086909,086033,026039,088142,043679
0000000718,0000717000,082085,085716,086737,017845,080044,059156
0000000719,0000718000,082942,084442,087286,013069,069020,073729
0000000720,0000719000,083938,083203,087627,012141,056163,085990
0000000721,0000720000,084987,082106,087723,015137,042730,094770
0000000722,0000721000,085989,081269,087554,021778,030009,099234
0000000723,0000722000,086863,080775,087113,031457,019196,098977
0000000724,0000723000,087520,080682,086440,043292,011292,094035
0000000725,0000724000,087909,081002,085578,056201,007025,084886
0000000726,0000725000,087985,081729,084598,069003,006765,072417
0000000727,0000726000,087746,082800,083581,080521,010489,057841
0000000728,0000727000,087210,084127,082616,089701,017791,042576
0000000729,0000728000,086427,085597,081787,095704,027911,028106
0000000730,0000729000,085471,087072,081173,097993,039831,015829
0000000731,0000730000,084422,088413,080848,096367,052385,006908
0000000732,0000731000,083378,089487,080847,090980,064378,002174
0000000733,0000732000,082427,090192,081188,082322,074685,002058
0000000734,0000733000,081660,090445,081851,071176,082359,006550
0000000735,0000734000,081143,090215,082791,058556,086707,015206
0000000736,0000735000,080928,089509,083927,045612,087357,027182
0000000737,0000736000,081036,088377,085168,033530,084302,041309
0000000738,0000737000,081455,086915,086406,023414,077902,056202
0000000739,0000738000,082150,085256,087522,016184,068838,070413
0000000740,0000739000,083054,083555,088410,012488,058029,082578
0000000741,0000740000,084091,081967,088978,012650,046539,091552
0000000742,0000741000,085165,080653,089162,016649,035459,096509
0000000743,0000742000,086184,079739,088927,024121,025816,097012
0000000744,0000743000,087056,079316,088290,034395,018492,093039
0000000745,0000744000,087701,079438,087291,046542,014142,084988
0000000746,0000745000,088057,080115,086004,059458,013128,073654
0000000747,0000746000,088091,081293,084544,071965,015479,060157
0000000748,0000747000,087798,082871,083040,082921,020896,045821
0000000749,0000748000,087206,084712,081632,091332,028778,032049
0000000750,0000749000,086369,086634,080459,096446,038309,020158
0000000751,0000750000,085359,088458,079643,097813,048554,011255
0000000752,0000751000,084269,090012,079262,095317,058541,006146
0000000753,0000752000,083192,091146,079369,089183,067350,005277
0000000754,0000753000,082224,091742,079970,079960,074188,008692
0000000755,0000754000,081453,091735,081020,068474,078456,016038
0000000756,0000755000,080953,091106,082441,055763,079808,026579
0000000757,0000756000,080772,089893,084114,042984,078196,039264
0000000758,0000757000,080927,088207,085884,031300,073865,052835
0000000759,0000758000,081404,086205,087577,021767,067318,065968
0000000760,0000759000,082159,084079,089032,015238,059245,077413
0000000761,0000760000,083125,082027,090103,012287,050448,086115
0000000762,0000761000,084215,080245,090686,013170,041755,091298
0000000763,0000762000,085336,078898,090714,017805,033961,092524
0000000764,0000763000,086389,078121,090171,025782,027760,089720
0000000765,0000764000,087279,078001,089089,036390,023681,083193
0000000766,0000765000,087922,078571,087547,048677,022041,073611
0000000767,0000766000,088254,079798,085678,061529,022901,061945
0000000768,0000767000,088246,081568,083659,073779,026078,049361
0000000769,0000768000,087896,083714,081686,084319,031169,037091
0000000770,0000769000,087241,086024,079954,092212,037616,026296
0000000771,0000770000,086337,088282,078630,096761,044778,017959
0000000772,0000771000,085264,090283,077838,097570,051979,012809
0000000773,0000772000,084116,091838,077660,094570,058569,011274
0000000774,0000773000,082992,092793,078134,088024,063975,013440
0000000775,0000774000,081993,093045,079231,078509,067752,019049
0000000776,0000775000,081212,092548,080872,066872,069626,027510
0000000777,0000776000,080727,091324,082918,054163,069528,037949
0000000778,0000777000,080582,089493,085168,041534,067583,049309
0000000779,0000778000,080792,087234,087399,030123,064077,060482
0000000780,0000779000,081333,084768,089396,020946,059419,070418
0000000781,0000780000,082157,082328,090964,014810,054083,078223
0000000782,0000781000,083192,080134,091964,012251,048570,083230
0000000783,0000782000,084347,078384,092298,013491,043371,085034
0000000784,0000783000,085525,077255,091912,018423,038929,083532
0000000785,0000784000,086618,076869,090820,026618,035583,078938
0000000786,0000785000,087527,077280,089105,037351,033553,071761
0000000787,0000786000,088163,078476,086914,049662,032911,062760
0000000788,0000787000,088465,080340,084460,062436,033590,052862
0000000789,0000788000,088404,082679,081996,074524,035420,043034
0000000790,0000789000,087993,085265,079757,084849,038156,034189
0000000791,0000790000,087268,087853,077954,092506,041502,027110
0000000792,0000791000,086291,090216,076752,096825,045146,022388
0000000793,0000792000,085151,092137,076258,097430,048772,020392
0000000794,0000793000,083942,093428,076546,094267,052089,021230
0000000795,0000794000,082773,093946,077610,087604,054874,024732
0000000796,0000795000,081748,093630,079371,078024,056978,030478
0000000797,0000796000,080969,092485,081674,066377,058333,037839
0000000798,0000797000,080511,090623,084293,053714,058949,046040
0000000799,0000798000,080415,088244,086954,041174,058869,054281
0000000800,0000799000,080684,085583,089403,029872,058166,061814
0000000801,0000800000,081292,082885,091417,020799,056948,067981
0000000802,0000801000,082187,080391,092811,014747,055331,072279
0000000803,0000802000,083289,078328,093462,012243,053443,074390
0000000804,0000803000,084505,076894,093286,013508,051407,074208
0000000805,0000804000,085728,076246,092272,018437,049319,071858
0000000806,0000805000,086848,076460,090500,026608,047245,067670
0000000807,0000806000,087758,077529,088127,037302,045242,062131
0000000808,0000807000,088369,079356,085386,049562,043355,055842
0000000809,0000808000,088624,081729,082575,062282,041658,049422
0000000810,0000809000,088509,084415,079955,074331,040264,043429
0000000811,0000810000,088035,087178,077756,084654,039257,038379
0000000812,0000811000,087243,089759,076187,092350,038721,034669
0000000813,0000812000,086205,091924,075392,096748,038737,032548
0000000814,0000813000,085010,093477,075447,097466,039357,032109
0000000815,0000814000,083758,094243,076388,094434,040622,033276
0000000816,0000815000,082566,094132,078142,087904,042565,035806
0000000817,0000816000,081543,093163,080532,078444,045147,039367
0000000818,0000817000,080787,091417,083339,066891,048261,043559
0000000819,0000818000,080375,089091,086252,054288,051723,047956
0000000820,0000819000,080329,086441,088987,041757,055241,052202
0000000821,0000820000,080655,083671,091330,030394,058518,055960
0000000822,0000821000,081321,081041,093058,021192,061284,058933
0000000823,0000822000,082270,078822,093984,014950,063245,060952
0000000824,0000823000,083418,077190,094041,012211,064150,061963
0000000825,0000824000,084666,076316,093206,013218,063821,061989
0000000826,0000825000,085906,076317,091510,017895,062132,061172
0000000827,0000826000,087017,077179,089143,025845,059076,059702
0000000828,0000827000,087903,078798,086337,036373,054821,057761
0000000829,0000828000,088467,081017,083390,048531,049671,055552
0000000830,0000829000,088676,083592,080576,061232,044068,053235
0000000831,0000830000,088511,086304,078142,073365,038517,050962
0000000832,0000831000,087987,088911,076305,083870,033503,048878
0000000833,0000832000,087155,091147,075252,091835,029519,047077
0000000834,0000833000,086082,092822,075082,096570,027008,045580
0000000835,0000834000,084870,093764,075812,097661,026312,044389
0000000836,0000835000,083614,093878,077402,095001,027652,043463
0000000837,0000836000,082441,093154,079682,088805,031059,042790
0000000838,0000837000,081446,091683,082435,079609,036336,042383
0000000839,0000838000,080740,089628,085349,068233,043068,042276
0000000840,0000839000,080370,087203,088160,055698,050653,042532
0000000841,0000840000,080367,084600,090644,043101,058404,043186
0000000842,0000841000,080732,082070,092557,031545,065637,044236
0000000843,0000842000,081425,079885,093696,022031,071643,045701
0000000844,0000843000,082392,078212,093975,015384,075786,047601
0000000845,0000844000,083539,077212,093380,012178,077581,049896
0000000846,0000845000,084775,077002,091923,012704,076705,052525
0000000847,0000846000,085982,077582,089772,016932,073078,055356
0000000848,0000847000,087055,078854,087163,024505,066940,058150
0000000849,0000848000,087888,080698,084348,034754,058805,060634
0000000850,0000849000,088412,082937,081583,046762,049394,062542
0000000851,0000850000,088585,085349,079128,059470,039566,063637
0000000852,0000851000,088393,087720,077203,071768,030232,063731
0000000853,0000852000,087858,089819,075988,082587,022273,062720
0000000854,0000853000,087027,091439,075609,090993,016505,060541
0000000855,0000854000,085976,092442,076085,096258,013586,057234
0000000856,0000855000,084795,092749,077361,097919,013923,052968
0000000857,0000856000,083589,092338,079311,095815,017618,048049
0000000858,0000857000,082467,091277,081732,090117,024428,042901
0000000859,0000858000,081530,089687,084375,081320,033763,038028
0000000860,0000859000,080865,087715,086999,070207,044778,033925
0000000861,0000860000,080525,085544,089372,057761,056465,031029
0000000862,0000861000,080537,083387,091267,045071,067740,029686
0000000863,0000862000,080897,081458,092502,033242,077525,030136
0000000864,0000863000,081567,079935,092968,023295,084838,032486
0000000865,0000864000,082488,078946,092639,016088,088888,036673
0000000866,0000865000,083581,078571,091559,012249,089175,042441
0000000867,0000866000,084748,078816,089850,012125,085553,049338
0000000868,0000867000,085888,079631,087694,015740,078287,056740
0000000869,0000868000,086898,080934,085292,022785,068015,063934
0000000870,0000869000,087686,082596,082870,032638,055669,070215
0000000871,0000870000,088184,084451,080661,044427,042393,074938
0000000872,0000871000,088354,086323,078860,057116,029431,077581
0000000873,0000872000,088184,088030,077638,069602,018019,077790
0000000874,0000873000,087695,089401,077109,080805,009288,075403
0000000875,0000874000,086933,090330,077295,089760,004157,070490
0000000876,0000875000,085964,090766,078145,095690,003203,063395
0000000877,0000876000,084871,090685,079567,098073,006600,054711
0000000878,0000877000,083750,090119,081413,096688,014095,045226
0000000879,0000878000,082700,089143,083498,091649,025018,035847
0000000880,0000879000,081814,087845,085633,083396,038361,027490
0000000881,0000880000,081172,086352,087621,072659,052887,020986
0000000882,0000881000,080825,084826,089266,060381,067229,017022
0000000883,0000882000,080797,083414,090419,047631,080005,016082
0000000884,0000883000,081088,082239,090994,035514,089963,018381
0000000885,0000884000,081665,081399,090956,025072,096095,023832
0000000886,0000885000,082479,080940,090342,017207,097746,032030
0000000887,0000886000,083461,080865,089242,012606,094705,042266
0000000888,0000887000,084525,081165,087766,011677,087221,053594
0000000889,0000888000,085580,081802,086052,014508,075971,064943
0000000890,0000889000,086531,082700,084270,020854,061999,075218
0000000891,0000890000,087296,083766,082587,030155,046619,083399
0000000892,0000891000,087811,084895,081157,041595,031288,088646
0000000893,0000892000,088036,085965,080112,054176,017477,090371
0000000894,0000893000,087957,086884,079532,066809,006536,088293
0000000895,0000894000,087586,087595,079431,078406,-00453,082503
0000000896,0000895000,086956,088062,079786,087967,-02794,073467
0000000897,0000896000,086120,088271,080545,094664,-00234,061986
0000000898,0000897000,085150,088228,081616,097911,007005,049120
0000000899,0000898000,084128,087955,082893,097421,018246,036090
0000000900,0000899000,083145,087483,084259,093236,032433,024147
0000000901,0000900000,082286,086873,085579,085723,048225,014460
0000000902,0000901000,081621,086199,086727,075534,064112,008020
0000000903,0000902000,081206,085522,087611,063571,078563,005501
0000000904,0000903000,080827,084919,088199,051290,090068,007142
0000000905,0000904000,071786,086152,090198,050372,097443,012750
0000000906,0000905000,071300,086207,090598,058762,098004,019951
0000000907,0000906000,081836,081183,085559,061732,097888,034322
0000000908,0000907000,087235,082959,086903,051612,092165,049507
0000000909,0000908000,080106,084276,093907,051280,082281,057956
0000000910,0000909000,078848,080787,098992,058373,066574,048200
0000000911,0000910000,089015,079906,087362,062844,052759,041160
0000000912,0000911000,096379,077601,076890,055035,043038,048774
0000000913,0000912000,095764,072920,086366,052351,048305,059282
0000000914,0000913000,091574,077368,092576,051869,052346,045970
0000000915,0000914000,090556,083051,075835,059817,053821,040330
0000000916,0000915000,099588,088399,067765,058445,048646,051185
0000000917,0000916000,094915,082875,073818,047034,044641,056173
0000000918,0000917000,084725,084927,082045,051102,054687,052149
0000000919,0000918000,085451,097491,077710,056492,053569,042023
0000000920,0000919000,087320,098280,066510,056461,046397,049200
0000000921,0000920000,086073,093654,076058,051424,046086,061113
0000000922,0000921000,075146,090396,087850,047675,048879,052791
0000000923,0000922000,070390,095018,084487,057074,053719,045477
0000000924,0000923000,078516,099998,080000,058299,046389,049000
0000000925,0000924000,078091,090132,085195,051621,041270,058020
0000000926,0000925000,072715,083782,099140,052480,048722,056873
0000000927,0000926000,071200,085823,098390,056291,050673,043883
0000000928,0000927000,077098,085703,087040,060727,047482,046722
0000000929,0000928000,084874,080678,090866,055578,043018,056330
0000000930,0000929000,081379,072383,099998,051183,045674,053695
0000000931,0000930000,081267,074728,098928,058525,053199,045347
0000000932,0000931000,090090,079751,086983,060385,048943,042780
0000000933,0000932000,094882,074965,081102,055922,045085,052871
0000000934,0000933000,093710,071919,089440,052013,048686,055007
0000000935,0000934000,089995,075671,088142,054080,052748,043994
0000000936,0000935000,094389,083723,075750,059798,052704,043488
0000000937,0000936000,099998,085916,071324,054908,046571,051598
0000000938,0000937000,093917,081691,076776,049535,048156,055396
0000000939,0000938000,087236,086718,080546,052698,054540,048767
0000000940,0000939000,086735,095071,072226,056023,051821,043619
0000000941,0000940000,088671,096376,067877,055151,047129,052765
0000000942,0000941000,085050,093405,078327,049573,046432,057796
0000000943,0000942000,075805,092537,085194,050948,050746,050882
0000000944,0000943000,074811,097909,081644,057195,052043,046645
0000000945,0000944000,078010,097818,078687,055431,045190,051605
0000000946,0000945000,075460,089838,087180,051866,044120,058326
0000000947,0000946000,071603,086760,097531,053035,048725,052559
0000000948,0000947000,072048,088015,094116,057443,049636,045282
0000000949,0000948000,078487,086870,088941,058966,046163,050350
0000000950,0000949000,081347,079666,094030,053894,043542,055489
0000000951,0000950000,078639,073975,099976,053940,048110,051746
0000000952,0000951000,081855,076732,096453,058900,051044,044702
0000000953,0000952000,089394,077893,087115,058802,047319,046282
0000000954,0000953000,093187,074068,086872,055180,046138,053654
0000000955,0000954000,091740,072186,091467,053190,049270,051002
0000000956,0000955000,091348,076121,085584,056852,052870,043726
0000000957,0000956000,096496,081988,075984,057809,050415,046580
0000000958,0000957000,097830,081712,074915,053145,046969,052514
0000000959,0000958000,093218,081405,079252,051705,050547,052238
0000000960,0000959000,090039,087842,077560,054197,053479,046160
0000000961,0000960000,090218,093496,069907,055604,050544,047091
0000000962,0000961000,089534,093942,070712,052809,047569,054410
0000000963,0000962000,083125,092574,078789,049858,048452,054657
0000000964,0000963000,077670,094743,081248,053803,051309,048979
0000000965,0000964000,078566,098600,078046,055982,049633,048456
0000000966,0000965000,078123,096348,079631,053107,045570,054482
0000000967,0000966000,073706,091252,089146,052140,046631,055845
0000000968,0000967000,071262,089984,093313,054768,048881,049675
0000000969,0000968000,073750,089914,089949,057472,047935,048400
0000000970,0000969000,077577,086093,091180,056031,044836,053329
0000000971,0000970000,077339,079836,097197,053807,045851,053531
0000000972,0000971000,077459,077887,098767,056488,049210,048699
0000000973,0000972000,082849,078582,093234,058939,048282,046395
0000000974,0000973000,088253,075840,089599,056739,046213,050678
0000000975,0000974000,089407,072638,092465,054357,047516,052383
0000000976,0000975000,089502,073174,091799,055868,050462,046939
0000000977,0000976000,093834,077337,082913,058560,051374,044236
0000000978,0000977000,097750,079148,077830,055248,048124,050457
0000000979,0000978000,095588,078171,080119,052302,048640,052576
0000000980,0000979000,092441,081408,080444,053890,052305,048072
0000000981,0000980000,092817,088064,073625,055962,051991,045433
0000000982,0000981000,093596,090796,069652,054314,048911,050750
0000000983,0000982000,089719,090798,074193,050818,048787,054357
0000000984,0000983000,082775,092938,078379,051486,051044,050957
0000000985,0000984000,080737,097090,076342,055416,050561,048235
0000000986,0000985000,081450,097643,075396,054473,047363,051706
0000000987,0000986000,077886,094392,081759,051269,046739,055819
0000000988,0000987000,072567,093151,088885,052752,049204,052056
0000000989,0000988000,072256,094018,087984,056375,048715,048422
0000000990,0000989000,075471,091479,087196,056416,045510,052185
0000000991,0000990000,075891,085018,093560,053691,044682,055309
0000000992,0000991000,073880,081177,098997,054319,048415,051002
0000000993,0000992000,076425,081956,096099,058229,049263,046535
0000000994,0000993000,083036,080076,091259,058562,045817,049179
0000000995,0000994000,086596,074407,093155,055090,045417,053500
0000000996,0000995000,085970,072023,096469,054318,049131,050346
0000000997,0000996000,087900,074825,091372,057821,051085,044776
0000000998,0000997000,094365,077279,082707,058719,048875,046428
0000000999,0000998000,097423,075816,081180,054315,047279,052024
0000001000,0000999000,094460,075931,083784,052440,050471,050996
0000001001,0001000000,092704,081614,080141,055250,052888,045738
0000001002,0001001000,094948,087039,072191,056610,050381,046666
0000001003,0001002000,095480,087521,071256,053355,048051,052588
0000001004,0001003000,090111,088063,076247,050473,050343,052871
0000001005,0001004000,084298,093200,076690,052824,052559,048443
0000001006,0001005000,083700,097902,072828,055590,049672,048657
0000001007,0001006000,083476,096459,074325,053378,046360,053928
0000001008,0001007000,078426,093503,082291,050782,048056,055116
0000001009,0001008000,073000,094843,086560,053031,050569,050148
0000001010,0001009000,073224,096568,084408,056584,048306,048885
0000001011,0001010000,075893,092591,085904,055563,044529,053836
0000001012,0001011000,074681,085869,093766,052887,045493,055308
0000001013,0001012000,072360,083753,098101,054611,049254,050047
0000001014,0001013000,075333,084595,094460,058334,048495,046971
0000001015,0001014000,081483,081032,091702,057970,044876,050902
0000001016,0001015000,084156,074658,095530,054779,045548,053593
0000001017,0001016000,083788,072919,097646,054933,049653,049131
0000001018,0001017000,086797,075815,091609,058223,050503,045140
0000001019,0001018000,093098,076440,084830,058234,047523,048083
0000001020,0001019000,095824,073731,084687,054565,047294,051880
0000001021,0001020000,093997,074636,085665,053407,051173,049324
0000001022,0001021000,093538,080604,080225,055755,052483,045515
0000001023,0001022000,096028,084815,073400,056355,049578,047893
0000001024,0001023000,096130,084841,073383,053221,048295,052345
0000001025,0001024000,091359,086382,076531,051333,051122,051288
0000001026,0001025000,087011,092221,075034,053459,052553,047868
0000001027,0001026000,086247,096565,071546,054854,049484,049446
0000001028,0001027000,084682,095533,074041,052732,047032,054036
0000001029,0001028000,079730,093910,080702,051447,048749,053676
0000001030,0001029000,075285,095879,083138,053300,050595,049856
0000001031,0001030000,074686,097447,082125,055403,048191,050269
0000001032,0001031000,075218,093710,085422,054561,045061,054182
0000001033,0001032000,073696,088312,092251,053460,046359,053962
0000001034,0001033000,072421,086683,095220,054955,048822,050097
0000001035,0001034000,074700,086189,093430,057231,047563,048967
0000001036,0001035000,078797,082095,093365,056900,045245,051702
0000001037,0001036000,080986,076731,096628,055361,046172,052289
0000001038,0001037000,082307,074884,097083,056095,048885,048796
0000001039,0001038000,086048,075838,092421,057701,049206,046955
0000001040,0001039000,090540,075317,088469,057013,047523,049242
0000001041,0001040000,092909,073312,088044,055477,047878,050474
0000001042,0001041000,093759,074311,086253,055325,050663,047840
0000001043,0001042000,094943,078528,080820,055570,051140,047081
0000001044,0001043000,095953,081415,076937,055127,049526,049188
0000001045,0001044000,095423,082627,076274,053901,049547,050351
0000001046,0001045000,093100,085736,075447,053229,051394,049193
0000001047,0001046000,090824,090294,073189,053712,051067,049048
0000001048,0001047000,088704,093199,072393,053285,049611,050905
0000001049,0001048000,085110,094327,074849,052165,049174,052486
0000001050,0001049000,081318,095310,077695,053254,049305,051262
0000001051,0001050000,079250,096430,078621,053836,049291,050671
0000001052,0001051000,077029,096596,080679,053137,048158,052541
0000001053,0001052000,073920,094525,085871,053096,046961,053742
0000001054,0001053000,072703,092073,089497,055042,047441,051330
0000001055,0001054000,073840,089993,090490,055752,047341,050746
0000001056,0001055000,074916,086891,092488,055204,046379,052199
0000001057,0001056000,075445,083024,095821,055174,046746,051930
0000001058,0001057000,077178,080463,096691,056526,047445,049831
0000001059,0001058000,081199,078196,094879,057607,047103,049095
0000001060,0001059000,085411,075380,093528,056707,047057,050078
0000001061,0001060000,087284,073705,093311,055403,048417,049961
0000001062,0001061000,089054,074161,091070,056515,049381,047947
0000001063,0001062000,093031,075331,085957,057512,049262,047031
0000001064,0001063000,096165,075990,082129,055450,048835,049527
0000001065,0001064000,095457,077142,081722,053627,049957,050249
0000001066,0001065000,094030,080688,079584,054619,051433,047740
0000001067,0001066000,094563,085384,074350,055466,051193,047178
0000001068,0001067000,094642,087829,071840,053985,049109,050709
0000001069,0001068000,091181,088878,074223,051723,049716,052379
0000001070,0001069000,086023,092324,075963,052179,051443,050202
0000001071,0001070000,083390,096437,074472,054396,050338,049069
0000001072,0001071000,082822,096951,074530,054204,047782,051844
0000001073,0001072000,079703,095105,079506,051828,047752,054228
0000001074,0001073000,074469,094851,084974,052111,049195,052509
0000001075,0001074000,072588,095563,086154,055318,048573,049930
0000001076,0001075000,074516,093227,086556,056145,046051,051613
0000001077,0001076000,075079,088079,091138,054132,045667,054022
0000001078,0001077000,073451,084606,096250,053993,047742,052081
0000001079,0001078000,074305,083881,096116,056738,048347,048729
0000001080,0001079000,079150,081562,093591,058145,046131,049543
0000001081,0001080000,083433,076425,094447,056297,045579,051937
0000001082,0001081000,084555,073381,096363,054980,048400,050434
0000001083,0001082000,086101,074708,093493,056698,050146,046973
0000001084,0001083000,090785,075996,087517,058113,048473,047228
0000001085,0001084000,095079,074504,084717,056209,047418,050191
0000001086,0001085000,095238,074232,084834,053840,049826,050149
0000001087,0001086000,093922,078379,082001,054586,052046,047185
0000001088,0001087000,094960,083319,076028,056094,050782,046941
0000001089,0001088000,096171,085116,073015,054632,048864,050316
0000001090,0001089000,093562,086046,074690,052086,049847,051884
0000001091,0001090000,088824,089897,075580,052339,051803,049674
0000001092,0001091000,086184,094831,073283,054148,050923,048744
0000001093,0001092000,084986,096368,072945,053810,048295,051712
0000001094,0001093000,081947,095014,077348,052339,047823,053656
0000001095,0001094000,077431,095071,081802,052247,049581,051983
0000001096,0001095000,074499,096727,083076,054019,049282,050518
0000001097,0001096000,074225,095468,084614,055092,046548,052173
0000001098,0001097000,074349,090960,088982,054581,045884,053345
0000001099,0001098000,073447,087537,093318,054185,047539,052101
0000001100,0001099000,073479,086210,094612,055639,047958,050210
0000001101,0001100000,076220,083787,094292,056989,046494,050342
