0000000001,0000000000,061914,042106,080997,091703,089651,074057
0000000002,0000001000,036433,066443,081111,088688,092367,074356
0000000003,0000002000,007910,085005,082109,085388,094362,075661
0000000004,0000003000,-20536,095611,083892,082133,095432,077847
0000000005,0000004000,-46365,097433,086293,079229,095482,080700
0000000006,0000005000,-67107,090383,089071,076967,094504,083940
0000000007,0000006000,-80578,075091,091947,075575,092590,087247
0000000008,0000007000,-85300,052767,094652,075178,089931,090302
0000000009,0000008000,-81190,025962,096921,075819,086787,092805
0000000010,0000009000,-68566,-02656,098522,077436,083466,094508
0000000011,0000010000,-48361,-30663,099302,079875,080290,095246
0000000012,0000011000,-22728,-55157,099188,082889,077575,094947
0000000013,0000012000,005579,-73497,098191,086187,075582,093642
0000000014,0000013000,034045,-84133,096407,089446,074508,091457
0000000015,0000014000,060062,-86134,094006,092348,074460,088603
0000000016,0000015000,080668,-78965,091228,094607,075441,085363
0000000017,0000016000,094030,-63552,088352,096003,077351,082057
0000000018,0000017000,098961,-41435,085647,096400,080010,079002
0000000019,0000018000,094827,-14613,083378,095756,083157,076498
0000000020,0000019000,082018,014206,081777,094139,086476,074795
0000000021,0000020000,061959,042055,080997,091704,089650,074058
0000000022,0000021000,036400,066477,081111,088687,092368,074356
0000000023,0000022000,007916,084992,082108,085389,094361,075661
0000000024,0000023000,-20519,095600,083891,082132,095432,077847
0000000025,0000024000,-46376,097438,086293,079228,095483,080701
0000000026,0000025000,-67140,090421,089071,076968,094503,083940
0000000027,0000026000,-80524,075048,091947,075574,092590,087247
0000000028,0000027000,-85303,052768,094652,075177,089932,090302
0000000029,0000028000,-81242,026016,096922,075819,086787,092805
0000000030,0000029000,-68542,-02688,098522,077437,083466,094508
0000000031,0000030000,-48327,-30696,099302,079873,080292,095246
0000000032,0000031000,-22772,-55118,099188,082888,077576,094948
0000000033,0000032000,005554,-73476,098191,086187,075582,093643
0000000034,0000033000,034109,-84193,096408,089445,074509,091457
0000000035,0000034000,060038,-86113,094006,092347,074461,088603
0000000036,0000035000,080642,-78933,091228,094607,075441,085364
0000000037,0000036000,094054,-63582,088352,096003,077350,082057
0000000038,0000037000,098981,-41458,085647,096398,080011,079002
0000000039,0000038000,094790,-14576,083378,095755,083157,076499
0000000040,0000039000,082034,014187,081777,094139,086476,074796
0000000041,0000040000,061979,042037,080997,091703,089650,074058
0000000042,0000041000,036378,066501,081111,088686,092369,074356
0000000043,0000042000,007928,084990,082108,085389,094361,075661
0000000044,0000043000,-20498,095581,083891,082132,095433,077847
0000000045,0000044000,-46399,097461,086293,079228,095483,080701
0000000046,0000045000,-67145,090431,089071,076968,094503,083940
0000000047,0000046000,-80490,075014,091946,075574,092591,087247
0000000048,0000047000,-85328,052795,094652,075177,089933,090301
0000000049,0000048000,-81266,026040,096922,075819,086787,092805
0000000050,0000049000,-68510,-02716,098522,077437,083466,094508
0000000051,0000050000,-48326,-30698,099302,079872,080293,095246
0000000052,0000051000,-22819,-55076,099189,082888,077576,094947
0000000053,0000052000,005571,-73496,098192,086186,075582,093642
0000000054,0000053000,034131,-84223,096408,089444,074510,091457
0000000055,0000054000,060002,-86081,094007,092345,074462,088604
0000000056,0000055000,080635,-78932,091229,094607,075440,085364
0000000057,0000056000,094088,-63621,088353,096002,077351,082058
0000000058,0000057000,098970,-41449,085647,096397,080011,079003
0000000059,0000058000,094774,-14560,083378,095755,083156,076500
0000000060,0000059000,082067,014155,081777,094139,086475,074797
0000000061,0000060000,061982,042033,080997,091703,089649,074059
0000000062,0000061000,036363,066521,081110,088686,092368,074357
0000000063,0000062000,007952,084972,082107,085390,094360,075662
0000000064,0000063000,-20487,095573,083891,082132,095432,077847
0000000065,0000064000,-46420,097491,086292,079229,095482,080700
0000000066,0000065000,-67131,090426,089070,076969,094502,083940
0000000067,0000066000,-80474,075005,091946,075574,092591,087246
0000000068,0000067000,-85360,052828,094652,075177,089933,090301
0000000069,0000068000,-81272,026049,096921,075820,086787,092804
0000000070,0000069000,-68490,-02737,098522,077437,083467,094507
0000000071,0000070000,-48354,-30676,099302,079871,080295,095245
0000000072,0000071000,-22846,-55053,099189,082887,077577,094947
0000000073,0000072000,005592,-73525,098192,086186,075583,093642
0000000074,0000073000,034123,-84225,096409,089442,074511,091457
0000000075,0000074000,059969,-86058,094008,092344,074463,088604
0000000076,0000075000,080651,-78957,091230,094606,075441,085365
0000000077,0000076000,094105,-63648,088354,096001,077352,082059
0000000078,0000077000,098949,-41435,085648,096396,080011,079004
0000000079,0000078000,094784,-14571,083378,095754,083156,076501
0000000080,0000079000,082099,014122,081777,094138,086475,074798
0000000081,0000080000,061978,042042,080997,091702,089649,074060
0000000082,0000081000,036368,066527,081109,088687,092366,074358
0000000083,0000082000,007984,084950,082106,085390,094358,075662
0000000084,0000083000,-20485,095583,083890,082133,095431,077847
0000000085,0000084000,-46429,097514,086291,079230,095481,080700
0000000086,0000085000,-67109,090418,089068,076971,094502,083939
0000000087,0000086000,-80476,075015,091945,075575,092591,087245
0000000088,0000087000,-85387,052864,094651,075179,089933,090299
0000000089,0000088000,-81268,026051,096921,075821,086788,092802
0000000090,0000089000,-68491,-02738,098522,077437,083469,094505
0000000091,0000090000,-48392,-30644,099303,079871,080297,095244
0000000092,0000091000,-22859,-55049,099190,082887,077578,094946
0000000093,0000092000,005600,-73547,098194,086184,075585,093642
0000000094,0000093000,034095,-84214,096411,089440,074514,091457
0000000095,0000094000,059951,-86056,094009,092342,074464,088604
0000000096,0000095000,080671,-78993,091231,094603,075441,085366
0000000097,0000096000,094105,-63662,088355,095998,077352,082061
0000000098,0000097000,098939,-41433,085649,096394,080011,079006
0000000099,0000098000,094813,-14604,083378,095753,083154,076503
0000000100,0000099000,082123,014098,081777,094137,086474,074800
0000000101,0000100000,061977,042050,080996,091702,089647,074062
0000000102,0000101000,036394,066515,081108,088688,092364,074359
0000000103,0000102000,008015,084935,082104,085392,094356,075663
0000000104,0000103000,-20487,095604,083888,082134,095429,077847
0000000105,0000104000,-46422,097529,086289,079233,095479,080700
0000000106,0000105000,-67089,090417,089066,076973,094501,083938
0000000107,0000106000,-80491,075045,091944,075577,092591,087243
0000000108,0000107000,-85407,052897,094650,075181,089933,090297
0000000109,0000108000,-81266,026055,096920,075822,086789,092799
0000000110,0000109000,-68514,-02718,098522,077437,083471,094503
0000000111,0000110000,-48432,-30613,099304,079871,080299,095241
0000000112,0000111000,-22869,-55054,099192,082886,077581,094944
0000000113,0000112000,005586,-73555,098196,086182,075589,093641
0000000114,0000113000,034060,-84203,096413,089438,074516,091457
0000000115,0000114000,059945,-86073,094012,092340,074466,088605
0000000116,0000115000,080682,-79029,091234,094600,075443,085368
0000000117,0000116000,094095,-63673,088357,095995,077353,082063
0000000118,0000117000,098946,-41453,085650,096392,080010,079009
0000000119,0000118000,094850,-14647,083379,095751,083153,076507
0000000120,0000119000,082142,014080,081777,094136,086472,074804
0000000121,0000120000,061994,042046,080995,091703,089644,074065
0000000122,0000121000,036436,066491,081106,088689,092360,074362
0000000123,0000122000,008042,084931,082102,085393,094353,075665
0000000124,0000123000,-20482,095628,083885,082137,095426,077848
0000000125,0000124000,-46400,097539,086286,079236,095476,080699
0000000126,0000125000,-67077,090432,089064,076976,094499,083936
0000000127,0000126000,-80511,075089,091941,075580,092591,087240
0000000128,0000127000,-85420,052928,094648,075184,089934,090293
0000000129,0000128000,-81277,026072,096919,075824,086791,092796
0000000130,0000129000,-68555,-02681,098523,077438,083474,094499
0000000131,0000130000,-48471,-30586,099305,079871,080302,095238
0000000132,0000131000,-22887,-55058,099194,082885,077585,094941
0000000133,0000132000,005551,-73551,098199,086179,075593,093639
0000000134,0000133000,034024,-84200,096417,089434,074520,091457
0000000135,0000134000,059942,-86105,094015,092336,074469,088606
0000000136,0000135000,080682,-79063,091237,094595,075445,085370
0000000137,0000136000,094088,-63693,088360,095991,077354,082066
0000000138,0000137000,098970,-41495,085652,096388,080009,079013
0000000139,0000138000,094887,-14694,083380,095749,083151,076511
0000000140,0000139000,082165,014061,081777,094134,086469,074808
0000000141,0000140000,062031,042025,080993,091703,089639,074069
0000000142,0000141000,036487,066465,081104,088690,092356,074365
0000000143,0000142000,008070,084937,082098,085396,094349,075667
0000000144,0000143000,-20461,095649,083881,082141,095422,077848
0000000145,0000144000,-46370,097550,086281,079241,095472,080698
0000000146,0000145000,-67074,090465,089060,076981,094497,083933
0000000147,0000146000,-80530,075141,091938,075585,092590,087236
0000000148,0000147000,-85432,052963,094646,075188,089934,090289
0000000149,0000148000,-81304,026108,096919,075827,086793,092791
0000000150,0000149000,-68608,-02632,098523,077440,083478,094494
0000000151,0000150000,-48512,-30561,099307,079871,080307,095233
0000000152,0000151000,-22923,-55053,099197,082883,077590,094938
0000000153,0000152000,005501,-73541,098203,086176,075598,093637
0000000154,0000153000,033989,-84211,096421,089430,074525,091456
0000000155,0000154000,059933,-86145,094020,092330,074473,088608
0000000156,0000155000,080670,-79097,091242,094590,075448,085373
0000000157,0000156000,094090,-63731,088363,095985,077355,082071
0000000158,0000157000,099005,-41555,085654,096384,080009,079019
0000000159,0000158000,094924,-14744,083381,095745,083149,076517
0000000160,0000159000,082200,014031,081776,094133,086465,074814
0000000161,0000160000,062089,041988,080991,091703,089634,074074
0000000162,0000161000,036544,066442,081100,088692,092350,074369
0000000163,0000162000,008105,084946,082094,085400,094343,075669
0000000164,0000163000,-20423,095664,083875,082147,095416,077848
0000000165,0000164000,-46338,097572,086276,079247,095468,080696
0000000166,0000165000,-67075,090516,089055,076987,094494,083930
0000000167,0000166000,-80545,075199,091934,075591,092588,087231
0000000168,0000167000,-85450,053009,094643,075193,089935,090283
0000000169,0000168000,-81349,026164,096917,075831,086796,092784
0000000170,0000169000,-68668,-02577,098524,077442,083482,094487
0000000171,0000170000,-48561,-30534,099309,079871,080313,095228
0000000172,0000171000,-22979,-55037,099201,082880,077597,094934
0000000173,0000172000,005439,-73530,098208,086171,075605,093634
0000000174,0000173000,033953,-84233,096427,089424,074531,091456
0000000175,0000174000,059914,-86187,094026,092323,074478,088609
0000000176,0000175000,080655,-79138,091247,094582,075452,085377
0000000177,0000176000,094102,-63789,088368,095979,077356,082076
0000000178,0000177000,099045,-41628,085658,096378,080008,079026
0000000179,0000178000,094966,-14800,083383,095741,083146,076525
0000000180,0000179000,082255,013984,081775,094131,086459,074821
0000000181,0000180000,062163,041940,080989,091703,089627,074080
0000000182,0000181000,036608,066421,081096,088695,092342,074374
0000000183,0000182000,008156,084954,082088,085404,094335,075672
0000000184,0000183000,-20370,095679,083869,082153,095409,077849
0000000185,0000184000,-46307,097607,086269,079255,095462,080694
0000000186,0000185000,-67076,090580,089049,076995,094490,083926
0000000187,0000186000,-80556,075264,091928,075599,092587,087225
0000000188,0000187000,-85478,053073,094639,075200,089936,090275
0000000189,0000188000,-81409,026239,096916,075835,086800,092776
0000000190,0000189000,-68735,-02516,098524,077444,083488,094479
0000000191,0000190000,-48626,-30499,099312,079871,080320,095220
0000000192,0000191000,-23055,-55010,099206,082877,077606,094928
0000000193,0000192000,005369,-73524,098215,086166,075614,093631
0000000194,0000193000,033909,-84263,096434,089417,074539,091455
0000000195,0000194000,059882,-86232,094034,092315,074485,088611
0000000196,0000195000,080639,-79192,091254,094573,075456,085382
0000000197,0000196000,094123,-63868,088374,095970,077358,082083
0000000198,0000197000,099087,-41711,085662,096370,080007,079034
0000000199,0000198000,095017,-14868,083384,095735,083142,076534
0000000200,0000199000,082330,013918,081774,094128,086453,074830
0000000201,0000200000,062250,041884,080985,091704,089619,074088
0000000202,0000201000,036682,066400,081091,088698,092333,074380
0000000203,0000202000,008226,084957,082081,085410,094325,075675
0000000204,0000203000,-20307,095697,083860,082161,095400,077850
0000000205,0000204000,-46274,097658,086261,079264,095455,080692
0000000206,0000205000,-67071,090655,089041,077005,094486,083920
0000000207,0000206000,-80568,075340,091922,075609,092585,087217
0000000208,0000207000,-85520,053159,094635,075207,089938,090266
0000000209,0000208000,-81480,026330,096914,075841,086805,092766
0000000210,0000209000,-68813,-02446,098525,077447,083495,094469
0000000211,0000210000,-48712,-30450,099316,079870,080330,095212
0000000212,0000211000,-23150,-54975,099212,082874,077616,094921
0000000213,0000212000,005290,-73523,098222,086160,075624,093627
0000000214,0000213000,033853,-84297,096443,089408,074549,091454
0000000215,0000214000,059839,-86282,094043,092304,074493,088614
0000000216,0000215000,080626,-79264,091263,094563,075461,085387
0000000217,0000216000,094149,-63964,088381,095960,077360,082092
0000000218,0000217000,099133,-41807,085667,096362,080005,079044
0000000219,0000218000,095083,-14955,083386,095729,083137,076545
0000000220,0000219000,082423,013834,081773,094125,086445,074841
0000000221,0000220000,062350,041823,080982,091704,089609,074098
0000000222,0000221000,036774,066374,081084,088702,092322,074387
0000000223,0000222000,008315,084955,082072,085418,094314,075680
0000000224,0000223000,-20234,095723,083850,082171,095390,077851
0000000225,0000224000,-46236,097722,086251,079275,095447,080689
0000000226,0000225000,-67061,090740,089031,077017,094480,083914
0000000227,0000226000,-80584,075434,091914,075620,092583,087208
0000000228,0000227000,-85575,053266,094630,075217,089940,090254
0000000229,0000228000,-81562,026435,096912,075848,086810,092753
0000000230,0000229000,-68905,-02364,098526,077450,083503,094457
0000000231,0000230000,-48819,-30386,099320,079870,080341,095201
0000000232,0000231000,-23261,-54935,099219,082869,077629,094913
0000000233,0000232000,005199,-73526,098232,086152,075637,093622
0000000234,0000233000,033780,-84334,096454,089397,074560,091454
0000000235,0000234000,059787,-86342,094054,092292,074502,088617
0000000236,0000235000,080614,-79355,091273,094550,075467,085394
0000000237,0000236000,094176,-64077,088389,095948,077362,082102
0000000238,0000237000,099185,-41918,085673,096351,080003,079057
0000000239,0000238000,095166,-15062,083389,095722,083131,076558
0000000240,0000239000,082535,013734,081772,094122,086435,074854
0000000241,0000240000,062465,041754,080977,091704,089597,074109
0000000242,0000241000,036886,066340,081076,088706,092309,074396
0000000243,0000242000,008423,084951,082062,085426,094300,075685
0000000244,0000243000,-20152,095758,083839,082182,095377,077851
0000000245,0000244000,-46190,097796,086239,079288,095437,080686
0000000246,0000245000,-67044,090836,089020,077031,094473,083907
0000000247,0000246000,-80606,075548,091905,075633,092581,087197
0000000248,0000247000,-85639,053395,094623,075228,089942,090241
0000000249,0000248000,-81653,026554,096909,075856,086816,092739
0000000250,0000249000,-69017,-02266,098527,077454,083513,094443
0000000251,0000250000,-48949,-30307,099325,079869,080353,095189
0000000252,0000251000,-23389,-54891,099227,082864,077643,094904
0000000253,0000252000,005091,-73529,098243,086143,075651,093617
0000000254,0000253000,033690,-84372,096467,089385,074573,091453
0000000255,0000254000,059728,-86413,094067,092278,074513,088621
0000000256,0000255000,080603,-79464,091285,094535,075474,085402
0000000257,0000256000,094204,-64206,088400,095933,077364,082113
0000000258,0000257000,099246,-42048,085680,096339,080001,079071
0000000259,0000258000,095267,-15193,083392,095713,083124,076573
0000000260,0000259000,082662,013620,081771,094117,086425,074869
0000000261,0000260000,062599,041675,080972,091705,089583,074123
0000000262,0000261000,037022,066296,081067,088712,092293,074406
0000000263,0000262000,008548,084946,082050,085436,094285,075691
0000000264,0000263000,-20058,095802,083825,082195,095363,077852
0000000265,0000264000,-46132,097881,086225,079304,095426,080682
0000000266,0000265000,-67024,090947,089007,077047,094466,083898
0000000267,0000266000,-80635,075684,091894,075648,092578,087185
0000000268,0000267000,-85713,053544,094616,075241,089944,090226
0000000269,0000268000,-81758,026691,096906,075865,086823,092723
0000000270,0000269000,-69149,-02148,098529,077459,083525,094427
0000000271,0000270000,-49101,-30214,099331,079868,080368,095175
0000000272,0000271000,-23534,-54843,099237,082858,077659,094893
0000000273,0000272000,004963,-73531,098256,086132,075668,093611
0000000274,0000273000,033584,-84415,096482,089371,074589,091452
0000000275,0000274000,059663,-86499,094083,092261,074525,088625
0000000276,0000275000,080588,-79591,091299,094518,075482,085412
0000000277,0000276000,094233,-64352,088411,095917,077367,082127
0000000278,0000277000,099319,-42202,085688,096326,079998,079087
0000000279,0000278000,095385,-15345,083395,095704,083116,076591
0000000280,0000279000,082806,013490,081769,094113,086412,074886
0000000281,0000280000,062754,041582,080965,091706,089567,074138
0000000282,0000281000,037181,066243,081057,088718,092275,074417
0000000283,0000282000,008690,084941,082036,085447,094267,075697
0000000284,0000283000,-19950,095853,083809,082211,095347,077853
0000000285,0000284000,-46062,097974,086208,079322,095412,080677
0000000286,0000285000,-67002,091075,088992,077066,094457,083888
0000000287,0000286000,-80670,075843,091882,075665,092575,087170
0000000288,0000287000,-85795,053713,094607,075255,089947,090208
0000000289,0000288000,-81877,026849,096902,075875,086832,092704
0000000290,0000289000,-69304,-02009,098531,077463,083539,094409
0000000291,0000290000,-49272,-30108,099337,079867,080385,095159
0000000292,0000291000,-23700,-54789,099248,082852,077678,094881
0000000293,0000292000,004812,-73529,098271,086120,075687,093604
0000000294,0000293000,033462,-84463,096499,089354,074606,091451
0000000295,0000294000,059589,-86600,094100,092242,074539,088630
0000000296,0000295000,080568,-79734,091316,094498,075491,085422
0000000297,0000296000,094264,-64518,088425,095898,077370,082142
0000000298,0000297000,099405,-42380,085697,096310,079995,079106
0000000299,0000298000,095519,-15519,083399,095693,083107,076611
0000000300,0000299000,082968,013343,081768,094107,086398,074906
0000000301,0000300000,062934,041473,080958,091707,089549,074155
0000000302,0000301000,037363,066179,081045,088726,092255,074430
0000000303,0000302000,008851,084938,082020,085460,094246,075705
0000000304,0000303000,-19825,095909,083791,082228,095328,077855
0000000305,0000304000,-45980,098079,086190,079342,095398,080672
0000000306,0000305000,-66978,091223,088975,077087,094448,083877
0000000307,0000306000,-80708,076025,091867,075685,092572,087154
0000000308,0000307000,-85886,053903,094597,075272,089950,090189
0000000309,0000308000,-82015,027030,096897,075887,086842,092683
0000000310,0000309000,-69481,-01850,098532,077469,083554,094388
0000000311,0000310000,-49466,-29989,099345,079866,080405,095140
0000000312,0000311000,-23889,-54727,099261,082844,077700,094867
0000000313,0000312000,004640,-73525,098288,086106,075709,093596
0000000314,0000313000,033325,-84518,096518,089336,074626,091450
0000000315,0000314000,059506,-86714,094120,092221,074554,088636
0000000316,0000315000,080543,-79893,091334,094476,075501,085434
0000000317,0000316000,094300,-64706,088440,095878,077374,082160
0000000318,0000317000,099503,-42584,085707,096293,079992,079127
0000000319,0000318000,095667,-15716,083404,095680,083097,076634
0000000320,0000319000,083152,013177,081766,094102,086382,074928
0000000321,0000320000,063139,041347,080950,091708,089529,074174
0000000322,0000321000,037569,066108,081031,088734,092232,074445
0000000323,0000322000,009032,084934,082002,085475,094224,075713
0000000324,0000323000,-19681,095970,083770,082248,095308,077856
0000000325,0000324000,-45887,098196,086169,079365,095381,080665
0000000326,0000325000,-66951,091392,088955,077110,094437,083864
0000000327,0000326000,-80749,076229,091851,075707,092568,087136
0000000328,0000327000,-85986,054117,094586,075290,089954,090166
0000000329,0000328000,-82170,027236,096892,075900,086853,092659
0000000330,0000329000,-69679,-01669,098534,077475,083571,094365
0000000331,0000330000,-49682,-29856,099353,079865,080426,095120
0000000332,0000331000,-24104,-54654,099275,082835,077724,094852
0000000333,0000332000,004444,-73517,098306,086091,075733,093587
0000000334,0000333000,033171,-84581,096540,089315,074647,091448
0000000335,0000334000,059410,-86842,094142,092197,074572,088643
0000000336,0000335000,080512,-80069,091355,094451,075512,085448
0000000337,0000336000,094340,-64918,088457,095854,077378,082179
0000000338,0000337000,099612,-42813,085720,096273,079988,079150
0000000339,0000338000,095831,-15935,083410,095667,083085,076659
0000000340,0000339000,083358,012989,081764,094095,086364,074952
0000000341,0000340000,063370,041204,080941,091710,089506,074195
0000000342,0000341000,037798,066027,081016,088743,092207,074461
0000000343,0000342000,009236,084929,081983,085491,094198,075722
0000000344,0000343000,-19517,096036,083747,082270,095285,077857
0000000345,0000344000,-45781,098326,086145,079390,095363,080658
0000000346,0000345000,-66920,091580,088933,077136,094426,083849
0000000347,0000346000,-80792,076455,091833,075732,092564,087115
0000000348,0000347000,-86097,054356,094573,075311,089959,090141
0000000349,0000348000,-82344,027468,096887,075914,086865,092632
0000000350,0000349000,-69899,-01466,098536,077482,083590,094339
0000000351,0000350000,-49923,-29706,099362,079863,080450,095098
0000000352,0000351000,-24346,-54569,099291,082825,077751,094835
0000000353,0000352000,004225,-73507,098327,086074,075760,093578
0000000354,0000353000,032999,-84650,096564,089292,074672,091447
0000000355,0000354000,059300,-86981,094167,092170,074591,088650
0000000356,0000355000,080475,-80265,091378,094423,075524,085463
0000000357,0000356000,094384,-65156,088476,095829,077382,082201
0000000358,0000357000,099731,-43069,085733,096252,079983,079177
0000000359,0000358000,096012,-16178,083416,095652,083072,076687
0000000360,0000359000,083588,012777,081763,094088,086344,074979
0000000361,0000360000,063628,041042,080932,091712,089481,074219
0000000362,0000361000,038052,065937,081000,088754,092179,074478
0000000363,0000362000,009465,084921,081961,085509,094170,075732
0000000364,0000363000,-19333,096106,083722,082294,095259,077858
0000000365,0000364000,-45663,098470,086119,079418,095343,080651
0000000366,0000365000,-66883,091789,088909,077165,094413,083833
0000000367,0000366000,-80836,076704,091812,075759,092560,087092
0000000368,0000367000,-86219,054622,094559,075333,089964,090114
0000000369,0000368000,-82536,027727,096880,075930,086879,092603
0000000370,0000369000,-70141,-01242,098537,077489,083611,094311
0000000371,0000370000,-50191,-29538,099372,079861,080477,095073
0000000372,0000371000,-24615,-54472,099308,082814,077780,094817
0000000373,0000372000,003982,-73495,098350,086054,075789,093568
0000000374,0000373000,032807,-84725,096591,089267,074698,091446
0000000375,0000374000,059175,-87132,094195,092141,074612,088658
0000000376,0000375000,080433,-80481,091404,094393,075538,085480
0000000377,0000376000,094432,-65419,088498,095800,077386,082225
0000000378,0000377000,099860,-43350,085748,096228,079978,079205
0000000379,0000378000,096211,-16449,083423,095636,083058,076718
0000000380,0000379000,083842,012541,081761,094081,086321,075009
0000000381,0000380000,063911,040862,080922,091714,089453,074244
0000000382,0000381000,038333,065836,080982,088766,092148,074497
0000000383,0000382000,009720,084909,081936,085529,094139,075742
0000000384,0000383000,-19128,096181,083694,082321,095232,077859
0000000385,0000384000,-45532,098629,086090,079448,095321,080642
0000000386,0000385000,-66839,092016,088882,077197,094399,083815
0000000387,0000386000,-80883,076978,091789,075788,092556,087067
0000000388,0000387000,-86352,054916,094543,075358,089969,090084
0000000389,0000388000,-82746,028013,096872,075946,086894,092571
0000000390,0000389000,-70406,-00994,098539,077497,083634,094280
0000000391,0000390000,-50486,-29350,099383,079858,080506,095047
0000000392,0000391000,-24912,-54363,099327,082802,077812,094797
0000000393,0000392000,003714,-73481,098376,086033,075821,093557
0000000394,0000393000,032593,-84805,096620,089239,074727,091445
0000000395,0000394000,059034,-87296,094225,092109,074635,088668
0000000396,0000395000,080385,-80717,091432,094360,075552,085499
0000000397,0000396000,094481,-65707,088522,095770,077390,082251
0000000398,0000397000,099998,-43658,085765,096203,079972,079237
0000000399,0000398000,096428,-16747,083431,095618,083042,076751
0000000400,0000399000,084120,012279,081759,094073,086297,075041
0000000401,0000400000,064221,040662,080911,091716,089422,074272
0000000402,0000401000,-13027,099733,084370,091466,092120,074526
0000000403,0000402000,-07682,063523,079780,089376,093298,074943
0000000404,0000403000,-08975,094628,083546,086843,094925,077577
0000000405,0000404000,-27911,094949,085745,082118,094844,080162
0000000406,0000405000,-30256,069785,086662,078467,094404,083799
0000000407,0000406000,-28650,095029,093575,073941,092534,087005
0000000408,0000407000,-10341,023966,091398,070118,090708,090760
0000000409,0000408000,-55474,023082,096304,067220,088071,093662
0000000410,0000409000,-07782,-24127,096082,065079,084605,095171
0000000411,0000410000,-01010,-34313,098751,064734,082635,097125
0000000412,0000411000,-11516,-46306,099979,065544,079455,096428
0000000413,0000412000,029272,-80326,097402,068254,077815,095600
0000000414,0000413000,021961,-59792,098787,071661,076603,093462
0000000415,0000414000,031395,-98876,092798,075923,076248,090480
0000000416,0000415000,027312,-59159,093361,080887,076915,087085
0000000417,0000416000,055316,-48694,090089,085337,078063,083143
0000000418,0000417000,039603,-27571,087436,089914,080777,080233
0000000419,0000418000,024966,009300,086251,093222,082789,076638
0000000420,0000419000,046810,011220,081956,095574,086001,074835
0000000421,0000420000,003077,058938,083152,096265,088845,073722
0000000422,0000421000,008855,055268,080407,095593,091003,073357
0000000423,0000422000,001726,095280,083457,093823,093219,074743
0000000424,0000423000,-10900,093388,083907,090368,094146,076616
0000000425,0000424000,-24556,082004,084869,086784,094627,079720
0000000426,0000425000,-30290,087919,088756,082089,093709,082860
0000000427,0000426000,-19910,048274,089034,077755,092469,086720
0000000428,0000427000,-43532,049992,094004,073812,090243,090115
0000000429,0000428000,-13363,010186,094826,070685,087318,092791
0000000430,0000429000,-13223,-04794,097721,068973,084828,095348
0000000431,0000430000,-14672,-35715,098227,068216,081635,096148
0000000432,0000431000,007810,-64718,097653,069357,079282,096348
0000000433,0000432000,013012,-60707,098910,071390,077246,095194
0000000434,0000433000,027889,-86405,095740,074843,076093,093147
0000000435,0000434000,027852,-64542,095882,079199,075750,090201
0000000436,0000435000,048417,-67365,092292,083691,076230,086628
0000000437,0000436000,037095,-49998,089867,088442,077981,083271
0000000438,0000437000,033775,-25822,087630,092395,079788,079406
0000000439,0000438000,044949,-08396,084593,095726,082716,076672
0000000440,0000439000,021958,032832,084368,097720,085563,074427
0000000441,0000440000,021906,040648,081668,098452,088340,073156
0000000442,0000441000,008206,074537,082701,097821,090999,073208
0000000443,0000442000,-01524,078265,082159,095548,092841,074152
0000000444,0000443000,-16481,084339,083408,092473,094198,076394
0000000445,0000444000,-21319,091363,086120,088283,094290,079079
0000000446,0000445000,-19272,072086,087385,083907,093887,082744
0000000447,0000446000,-36499,067692,091113,079497,092324,086317
0000000448,0000447000,-21602,033380,092332,075555,090032,089708
0000000449,0000448000,-23611,017573,095403,072537,087530,092900
0000000450,0000449000,-18561,-13019,096655,070504,084384,094903
0000000451,0000450000,-03716,-37004,097768,070121,081613,096223
0000000452,0000451000,004877,-48473,098884,070888,078950,096207
0000000453,0000452000,017753,-74040,097188,073205,077013,095227
0000000454,0000453000,020693,-69831,097044,076579,075726,093091
0000000455,0000454000,038725,-77311,094291,080673,075333,090112
0000000456,0000455000,035994,-62458,092560,085295,076077,086791
0000000457,0000456000,039355,-46894,090081,089705,077341,082899
0000000458,0000457000,044752,-28453,087372,093818,079710,079518
0000000459,0000458000,031738,002202,085772,096867,082374,076423
0000000460,0000459000,029199,017079,083032,098865,085332,074175
0000000461,0000460000,017288,050328,082946,099468,088305,072981
0000000462,0000461000,010021,063585,081963,098552,090868,072833
0000000463,0000462000,-04812,080102,082735,096487,092991,073972
0000000464,0000463000,-12084,087947,084141,093113,094117,075926
0000000465,0000464000,-17408,081043,085391,089089,094614,078998
0000000466,0000465000,-30624,078146,088225,084584,093941,082418
0000000467,0000466000,-24425,055100,089974,080182,092436,086109
0000000468,0000467000,-27037,041544,093127,076298,090291,089749
0000000469,0000468000,-22118,013063,094818,073209,087437,092716
0000000470,0000469000,-14021,-10960,096630,071448,084500,095063
0000000471,0000470000,-05195,-32040,097931,070871,081451,096237
0000000472,0000471000,006282,-57009,097640,071839,078866,096421
0000000473,0000472000,013251,-63519,097853,074081,076728,095330
0000000474,0000473000,029550,-75224,096130,077430,075428,093230
0000000475,0000474000,031841,-69218,094771,081614,075123,090352
0000000476,0000475000,038282,-62689,092314,086080,075590,086721
0000000477,0000476000,042431,-47734,089885,090571,077176,083071
0000000478,0000477000,037361,-24293,087781,094433,079375,079409
0000000479,0000478000,035673,-05214,085159,097510,082184,076322
0000000480,0000479000,026618,025350,084111,099365,085241,074016
0000000481,0000480000,019833,043360,082572,099834,088258,072715
0000000482,0000481000,005776,065082,082500,098961,091013,072630
0000000483,0000482000,-02696,077597,082914,096662,093052,073582
0000000484,0000483000,-11285,082005,083943,093352,094473,075769
0000000485,0000484000,-22630,083943,086014,089202,094815,078681
0000000486,0000485000,-23105,071045,087777,084755,094242,082242
0000000487,0000486000,-27716,059898,090592,080376,092773,086057
0000000488,0000487000,-25426,035743,092532,076483,090453,089657
0000000489,0000488000,-21301,014150,094798,073558,087663,092851
0000000490,0000489000,-13354,-09646,096516,071720,084508,095150
0000000491,0000490000,-03713,-34540,097312,071337,081480,096516
0000000492,0000491000,004686,-49723,097946,072312,078674,096628
0000000493,0000492000,018775,-66451,097129,074621,076513,095619
0000000494,0000493000,024724,-69457,096274,078030,075175,093541
0000000495,0000494000,033675,-70031,094313,082152,074696,090497
0000000496,0000495000,039154,-60336,092291,086675,075317,086969
0000000497,0000496000,039522,-44350,090075,091021,076792,083102
0000000498,0000497000,039151,-26667,087523,094907,079124,079430
0000000499,0000498000,033257,-00439,085780,097844,081984,076216
0000000500,0000499000,027700,020084,083855,099589,085152,073826
0000000501,0000500000,016031,044737,083071,099998,088319,072493
0000000502,0000501000,007458,062349,082679,098951,091097,072272
0000000503,0000502000,-02843,074884,083132,096649,093377,073342
0000000504,0000503000,-13937,081905,084386,093217,094749,075415
0000000505,0000504000,-19106,078250,085846,089090,095214,078447
0000000506,0000505000,-25431,072153,088203,084612,094655,082076
0000000507,0000506000,-26026,054745,090238,080251,093116,085934
0000000508,0000507000,-25078,036885,092653,076469,090800,089705
0000000509,0000508000,-19559,013803,094633,073554,087846,092932
0000000510,0000509000,-12446,-10603,096135,071888,084661,095408
0000000511,0000510000,-04185,-30908,097260,071551,081420,096766
0000000512,0000511000,008131,-51002,097339,072640,078547,096987
0000000513,0000512000,016393,-61511,097110,075024,076273,095991
0000000514,0000513000,026741,-68823,095823,078463,074794,093842
0000000515,0000514000,033816,-66209,094257,082651,074346,090835
0000000516,0000515000,037926,-57872,092214,087102,074876,087150
0000000517,0000516000,039726,-44285,089885,091460,076436,083243
0000000518,0000517000,037352,-23160,087844,095223,078793,079421
0000000519,0000518000,033715,-02769,085699,098069,081777,076119
0000000520,0000519000,024820,021801,084324,099716,085074,073630
0000000521,0000520000,016776,042325,083255,099971,088336,072175
0000000522,0000521000,006245,060430,083019,098853,091324,071975
0000000523,0000522000,-04577,072870,083497,096411,093646,072947
0000000524,0000523000,-12543,077508,084489,092950,095166,075094
0000000525,0000524000,-20423,077532,086263,088763,095669,078160
0000000526,0000525000,-24061,067494,088112,084298,095119,081863
0000000527,0000526000,-26023,054365,090407,080000,093577,085852
0000000528,0000527000,-23425,034827,092483,076257,091151,089705
0000000529,0000528000,-18882,012876,094400,073485,088142,093102
0000000530,0000529000,-11839,-09030,095966,071903,084765,095631
0000000531,0000530000,-01557,-30953,096784,071715,081422,097123
0000000532,0000531000,007425,-47147,097165,072911,078388,097385
0000000533,0000532000,018187,-60322,096615,075389,075968,096388
0000000534,0000533000,026730,-64764,095620,078912,074428,094261
0000000535,0000534000,033607,-63537,093997,083096,073874,091154
0000000536,0000535000,037790,-55641,092032,087570,074426,087420
0000000537,0000536000,038628,-40735,089989,091845,075983,083369
0000000538,0000537000,037210,-23163,087795,095534,078439,079448
0000000539,0000538000,031290,-00954,086039,098263,081530,076008
0000000540,0000539000,024659,020251,084504,099760,084953,073387
0000000541,0000540000,015126,041327,083653,099894,088407,071877
0000000542,0000541000,004920,058126,083410,098619,091504,071572
0000000543,0000542000,-04502,069315,083807,096095,094001,072559
0000000544,0000543000,-13615,075313,084922,092536,095607,074705
0000000545,0000544000,-19804,072783,086380,088326,096182,077834
0000000546,0000545000,-24228,065460,088363,083876,095658,081632
0000000547,0000546000,-24570,051214,090358,079617,094068,085722
0000000548,0000547000,-22690,033312,092399,075991,091592,089736
0000000549,0000548000,-17700,012621,094223,073324,088429,093231
0000000550,0000549000,-09742,-09241,095574,071906,084934,095913
0000000551,0000550000,-01194,-28489,096492,071855,081409,097488
0000000552,0000551000,009222,-45703,096651,073194,078211,097811
0000000553,0000552000,018636,-56276,096289,075792,075660,096854
0000000554,0000553000,027273,-61541,095221,079377,073984,094687
0000000555,0000554000,033542,-59953,093720,083614,073382,091544
0000000556,0000555000,037169,-51757,091917,088051,073891,087692
0000000557,0000556000,038167,-38763,089873,092274,075497,083541
0000000558,0000557000,035270,-20545,087980,095850,078023,079472
0000000559,0000558000,030599,-00948,086198,098436,081235,075890
0000000560,0000559000,022797,020322,084890,099782,084830,073159
0000000561,0000560000,013690,039475,084049,099739,088431,071522
0000000562,0000561000,004001,055204,083840,098328,091723,071170
0000000563,0000562000,-05699,066365,084295,095665,094356,072113
0000000564,0000563000,-13692,070655,085240,092034,096090,074286
0000000565,0000564000,-20141,069457,086757,087789,096739,077470
0000000566,0000565000,-23211,061241,088491,083353,096234,081358
0000000567,0000566000,-23933,048437,090423,079176,094628,085587
0000000568,0000567000,-21348,031235,092298,075655,092050,089719
0000000569,0000568000,-15845,011464,093948,073151,088779,093377
0000000570,0000569000,-08588,-08273,095258,071895,085110,096180
0000000571,0000570000,000766,-27346,095990,072025,081409,097867
0000000572,0000571000,010245,-42267,096222,073525,078038,098266
0000000573,0000572000,019735,-52892,095767,076246,075318,097330
0000000574,0000573000,027584,-57198,094804,079927,073527,095161
0000000575,0000574000,033470,-55450,093405,084183,072831,091945
0000000576,0000575000,036783,-48030,091676,088604,073326,088012
0000000577,0000576000,036709,-34942,089866,092739,074950,083726
0000000578,0000577000,034263,-18738,088043,096188,077561,079516
0000000579,0000578000,028626,000431,086493,098610,080909,075793
0000000580,0000579000,021110,019666,085251,099763,084656,072914
0000000581,0000580000,012095,037619,084532,099540,088454,071177
0000000582,0000581000,002489,052328,084388,097948,091919,070736
0000000583,0000582000,-06503,061979,084778,095155,094727,071654
0000000584,0000583000,-14412,066438,085749,091433,096587,073834
0000000585,0000584000,-19741,064304,087086,087156,097322,077072
0000000586,0000585000,-22809,057052,088740,082757,096854,081061
0000000587,0000586000,-22680,044657,090478,078665,095210,085403
0000000588,0000587000,-19662,028587,092184,075294,092562,089691
0000000589,0000588000,-14236,010556,093695,072963,089151,093488
0000000590,0000589000,-06459,-08197,094810,071913,085318,096436
0000000591,0000590000,002368,-25092,095509,072243,081429,098238
0000000592,0000591000,011900,-39249,095623,073923,077866,098716
0000000593,0000592000,020652,-48370,095214,076793,074979,097825
0000000594,0000593000,028135,-52208,094298,080556,073043,095640
0000000595,0000594000,033426,-50423,092991,084845,072266,092380
0000000596,0000595000,035847,-42931,091444,089222,072718,088347
0000000597,0000596000,035674,-31180,089761,093256,074368,083943
0000000598,0000597000,032361,-15651,088179,096548,077062,079590
0000000599,0000598000,026741,001580,086760,098772,080536,075713
0000000600,0000599000,019032,019393,085702,099712,084458,072699
0000000601,0000600000,010138,035626,085094,099268,088440,070835
0000000602,0000601000,000954,048641,084984,097488,092104,070314
0000000603,0000602000,-07762,057526,085414,094543,095082,071184
0000000604,0000603000,-14733,060780,086281,090730,097087,073368
0000000605,0000604000,-19759,058873,087544,086433,097919,076655
0000000606,0000605000,-21911,051667,089008,082080,097485,080726
0000000607,0000606000,-21263,040209,090573,078108,095828,085195
0000000608,0000607000,-17894,025507,092084,074905,093096,089616
0000000609,0000608000,-11979,008891,093373,072791,089559,093567
0000000610,0000609000,-04346,-07696,094359,071972,085554,096655
0000000611,0000610000,004561,-23173,094896,072532,081474,098579
0000000612,0000611000,013512,-35347,094972,074417,077718,099148
0000000613,0000612000,021902,-43377,094544,077439,074647,098302
0000000614,0000613000,028675,-46425,093695,081297,072569,096126
0000000615,0000614000,033141,-44219,092520,085599,071688,092819
0000000616,0000615000,035081,-37303,091116,089919,072098,088709
0000000617,0000616000,034028,-26158,089670,093822,073764,084189
0000000618,0000617000,030416,-12305,088272,096923,076530,079698
0000000619,0000618000,024372,003410,087085,098918,080133,075678
0000000620,0000619000,016645,019136,086204,099605,084218,072518
0000000621,0000620000,007926,033337,085728,098919,088395,070534
0000000622,0000621000,-00956,044770,085708,096923,092251,069917
0000000623,0000622000,-08909,051980,086119,093819,095413,070735
0000000624,0000623000,-15386,054586,086948,089916,097568,072908
0000000625,0000624000,-19457,052184,088058,085608,098502,076226
0000000626,0000625000,-20932,045441,089356,081328,098120,080374
0000000627,0000626000,-19618,034875,090705,077501,096449,084945
0000000628,0000627000,-15649,021578,091971,074509,093651,089499
0000000629,0000628000,-09525,007044,093049,072645,089991,093589
0000000630,0000629000,-01688,-07669,093814,072096,085824,096818
0000000631,0000630000,006881,-20777,094222,072916,081557,098866
0000000632,0000631000,015531,-31133,094197,075025,077603,099530
0000000633,0000632000,023217,-37571,093769,078213,074352,098747
0000000634,0000633000,029191,-39603,092990,082157,072119,096586
0000000635,0000634000,032921,-37131,091937,086463,071132,093258
0000000636,0000635000,033910,-30385,090744,090696,071486,089083
0000000637,0000636000,032253,-20432,089513,094434,073156,084467
0000000638,0000637000,027986,-07965,088381,097306,075986,079856
0000000639,0000638000,021677,005623,087430,099026,079700,075700
0000000640,0000639000,013857,019046,086770,099426,083944,072407
0000000641,0000640000,005323,030992,086463,098463,088302,070297
0000000642,0000641000,-02992,040191,086524,096234,092352,069582
0000000643,0000642000,-10373,045830,086965,092961,095694,070333
0000000644,0000643000,-15897,047191,087711,088973,098002,072477
0000000645,0000644000,-19137,044507,088687,084674,099049,075809
0000000646,0000645000,-19708,038015,089776,080495,098724,080006
0000000647,0000646000,-17605,028463,090875,076855,097058,084662
0000000648,0000647000,-13086,016940,091877,074115,094206,089323
0000000649,0000648000,-06544,004458,092677,072549,090440,093539
0000000650,0000649000,001260,-07665,093221,072309,086126,096896
0000000651,0000650000,009675,-18339,093437,073422,081683,099063
0000000652,0000651000,017739,-26310,093313,075776,077545,099830
0000000653,0000652000,024676,-30923,092867,079134,074114,099118
0000000654,0000653000,029779,-31757,092155,083160,071730,096996
0000000655,0000654000,032473,-28712,091260,087444,070627,093669
0000000656,0000655000,032584,-22403,090276,091557,070917,089460
0000000657,0000656000,030035,-13435,089322,095087,072576,084776
0000000658,0000657000,025195,-02812,088469,097679,075448,080071
0000000659,0000658000,018490,008471,087810,099079,079257,075806
0000000660,0000659000,010623,019225,087408,099145,083635,072392
0000000661,0000660000,002405,028405,087292,097873,088158,070168
0000000662,0000661000,-05394,035165,087477,095389,092383,069350
0000000663,0000662000,-11882,038663,087934,091943,095897,070021
0000000664,0000663000,-16473,038756,088615,087883,098356,072116
0000000665,0000664000,-18635,035475,089426,083619,099517,075430
0000000666,0000665000,-18199,029282,090285,079582,099265,079643
0000000667,0000666000,-15225,020903,091103,076177,097618,084345
0000000668,0000667000,-10010,011233,091787,073745,094735,089081
0000000669,0000668000,-03146,001302,092286,072527,090890,093390
0000000670,0000669000,004748,-08024,092547,072644,086456,096853
0000000671,0000670000,012804,-15674,092551,074084,081865,099130
0000000672,0000671000,020246,-20949,092296,076702,077562,099998
0000000673,0000672000,026294,-23350,091822,080234,073970,099373
0000000674,0000673000,030303,-22632,091184,084322,071440,097313
0000000675,0000674000,031902,-19010,090451,088554,070221,094022
0000000676,0000675000,030886,-12941,089721,092501,070435,089819
0000000677,0000676000,027436,-05211,089063,095765,072063,085111
0000000678,0000677000,021870,003439,088547,098021,074952,080357
0000000679,0000678000,014791,012032,088221,099041,078822,076018
0000000680,0000679000,006922,019690,088116,098727,083301,072517
0000000681,0000680000,-00968,025732,088236,097110,087952,070193
0000000682,0000681000,-08025,029473,088559,094353,092323,069276
0000000683,0000682000,-13568,030586,089058,090735,095986,069855
0000000684,0000683000,-16980,028996,089661,086623,098582,071871
0000000685,0000684000,-17940,025009,090298,082434,099858,075129
0000000686,0000685000,-16339,019080,090898,078592,099686,079309
0000000687,0000686000,-12354,011933,091389,075484,098082,084006
0000000688,0000687000,-06433,004443,091721,073424,095198,088762
0000000689,0000688000,000854,-02694,091860,072616,091314,093117
0000000690,0000689000,008712,-08676,091803,073141,086805,096647
0000000691,0000690000,016375,-12911,091550,074944,082108,099008
0000000692,0000691000,023038,-14987,091140,077842,077683,099972
0000000693,0000692000,028010,-14735,090623,081542,073960,099445
0000000694,0000693000,030790,-12211,090055,085667,071304,097479
0000000695,0000694000,031060,-07738,089510,089800,069975,094269
0000000696,0000695000,028827,-01962,089054,093520,070103,090129
0000000697,0000696000,024298,004504,088740,096450,071677,085462
0000000698,0000697000,017978,010875,088602,098296,074545,080723
0000000699,0000698000,010511,016416,088660,098872,078430,076371
0000000700,0000699000,002663,020571,088901,098123,082954,072829
0000000701,0000700000,-04739,022911,089291,096125,087678,070439
0000000702,0000701000,-10961,023213,089791,093082,092143,069434
0000000703,0000702000,-15327,021433,090339,089304,095913,069908
0000000704,0000703000,-17405,017880,090868,085175,098619,071813
0000000705,0000704000,-16957,012948,091314,081114,099998,074961
0000000706,0000705000,-14032,007231,091623,077536,099915,079043
0000000707,0000706000,-08945,001480,091750,074804,098379,083658
0000000708,0000707000,-02210,-03646,091676,073194,095539,088357
0000000709,0000708000,005442,-07537,091411,072867,091671,092685
0000000710,0000709000,013242,-09764,090981,073855,087152,096221
0000000711,0000710000,020368,-10051,090435,076055,082421,098626
0000000712,0000711000,026085,-08422,089839,079242,077938,099668
0000000713,0000712000,029807,-05075,089259,083092,074139,099250
0000000714,0000713000,031125,-00356,088766,087211,071394,097414
0000000715,0000714000,029908,005127,088419,091181,069972,094345
0000000716,0000715000,026259,010731,088271,094594,070009,090345
0000000717,0000716000,020572,015768,088341,097104,071500,085807
0000000718,0000717000,013430,019606,088633,098455,074299,081176
0000000719,0000718000,005587,021729,089123,098512,078129,076899
0000000720,0000719000,-02133,021878,089755,097271,082620,073391
0000000721,0000720000,-08941,020038,090462,094862,087333,070987
0000000722,0000721000,-14113,016345,091164,091531,091811,069917
0000000723,0000722000,-17124,011255,091782,087618,095618,070279
0000000724,0000723000,-17639,005339,092238,083524,098385,072034
0000000725,0000724000,-15593,-00758,092479,079667,099843,075006
0000000726,0000725000,-11190,-06300,092466,076442,099852,078899
0000000727,0000726000,-04875,-10578,092186,074181,098414,083329
0000000728,0000727000,002679,-13030,091660,073113,095673,087862
0000000729,0000728000,010692,-13324,090939,073346,091902,092057
0000000730,0000729000,018310,-11301,090093,074853,087468,095511
0000000731,0000730000,024744,-07147,089213,077477,082804,097895
0000000732,0000731000,029326,-01313,088399,080948,078361,098983
0000000733,0000732000,031565,005610,087741,084911,074572,098676
0000000734,0000733000,031223,012863,087317,088960,071802,097012
0000000735,0000734000,028304,019619,087186,092679,070320,094160
0000000736,0000735000,023105,025083,087371,095686,070268,090403
0000000737,0000736000,016152,028597,087867,097670,071644,086115
0000000738,0000737000,008178,029631,088635,098429,074308,081719
0000000739,0000738000,000026,027950,089603,097886,077995,077640
0000000740,0000739000,-07454,023664,090672,096100,082340,074272
0000000741,0000740000,-13468,017123,091730,093258,086920,071933
0000000742,0000741000,-17396,008994,092664,089653,091292,070841
0000000743,0000742000,-18813,000135,093367,085654,095033,071093
0000000744,0000743000,-17554,-08504,093755,081674,097781,072655
0000000745,0000744000,-13722,-15983,093778,078121,099272,075366
0000000746,0000745000,-07695,-21417,093416,075363,099366,078954
0000000747,0000746000,-00095,-24104,092693,073686,098060,083060
0000000748,0000747000,008285,-23653,091674,073263,095492,087279
0000000749,0000748000,016552,-19962,090453,074136,091921,091199
0000000750,0000749000,023840,-13287,089153,076211,087702,094445
0000000751,0000750000,029382,-04256,087908,079271,083246,096712
0000000752,0000751000,032595,006228,086852,082999,078986,097791
0000000753,0000752000,033133,017110,086101,087012,075332,097592
0000000754,0000753000,030907,027237,085744,090897,072635,096144
0000000755,0000754000,026124,035462,085834,094251,071153,093598
0000000756,0000755000,019250,040859,086377,096726,071024,090215
0000000757,0000756000,010999,042740,087330,098062,072250,086334
0000000758,0000757000,002239,040740,088609,098122,074700,082341
0000000759,0000758000,-06104,034944,090091,096902,078122,078625
0000000760,0000759000,-13144,025838,091625,094530,082174,075543
0000000761,0000760000,-18151,014257,093060,091257,086458,073382
0000000762,0000761000,-20591,001321,094243,087420,090559,072334
0000000763,0000762000,-20191,-11636,095044,083416,094083,072487
0000000764,0000763000,-16960,-23267,095368,079659,096695,073811
0000000765,0000764000,-11193,-32307,095166,076539,098146,076165
0000000766,0000765000,-03465,-37681,094441,074384,098304,079304
0000000767,0000766000,005423,-38702,093252,073420,097165,082913
0000000768,0000767000,014529,-35136,091711,073749,094857,086628
0000000769,0000768000,022891,-27207,089968,075333,091620,090087
0000000770,0000769000,029623,-15602,088195,078004,087782,092958
0000000771,0000770000,034025,-01433,086572,081483,083722,094979
0000000772,0000771000,035632,013950,085264,085408,079834,095970
0000000773,0000772000,034245,029028,084411,089372,076489,095857
0000000774,0000773000,029972,042200,084118,092965,074003,094667
0000000775,0000774000,023210,052037,084432,095810,072610,092532
0000000776,0000775000,014633,057402,085339,097607,072434,089676
0000000777,0000776000,005140,057573,086762,098165,073477,086393
0000000778,0000777000,-04261,052402,088564,097425,075619,083012
0000000779,0000778000,-12574,042315,090567,095465,078631,079867
0000000780,0000779000,-18924,028236,092572,092495,082204,077257
0000000781,0000780000,-22652,011479,094382,088826,085982,075419
0000000782,0000781000,-23366,-06358,095813,084840,089600,074510
0000000783,0000782000,-20955,-23507,096713,080951,092712,074594
0000000784,0000783000,-15616,-38203,096975,077563,095027,075642
0000000785,0000784000,-07862,-48853,096554,075034,096331,077532
0000000786,0000785000,001534,-54189,095468,073633,096512,080061
0000000787,0000786000,011583,-53493,093815,073512,095570,082966
0000000788,0000787000,021208,-46741,091759,074685,093620,085952
0000000789,0000788000,029390,-34523,089504,077025,090874,088724
0000000790,0000789000,035275,-17991,087275,080286,087620,091018
0000000791,0000790000,038262,001275,085290,084123,084184,092630
0000000792,0000791000,038027,021481,083744,088137,080901,093427
0000000793,0000792000,034561,040650,082799,091910,078082,093359
0000000794,0000793000,028159,056800,082569,095048,075987,092460
0000000795,0000794000,019432,068204,083097,097217,074807,090840
0000000796,0000795000,009271,073505,084352,098183,074637,088679
0000000797,0000796000,-01257,071961,086223,097839,075473,086206
0000000798,0000797000,-11018,063644,088521,096221,077207,083676
0000000799,0000798000,-18973,049373,091011,093499,079645,081340
0000000800,0000799000,-24305,030508,093446,089965,082525,079419
0000000801,0000800000,-26481,008835,095594,085989,085555,078080
0000000802,0000801000,-25257,-13600,097243,081986,088438,077427
0000000803,0000802000,-20717,-34631,098223,078375,090903,077493
0000000804,0000803000,-13272,-52130,098421,075534,092724,078241
0000000805,0000804000,-03624,-64219,097793,073769,093743,079568
0000000806,0000805000,007224,-69431,096379,073273,093882,081322
0000000807,0000806000,018128,-67059,094307,074104,093154,083309
0000000808,0000807000,027914,-57271,091790,076177,091658,085323
0000000809,0000808000,035534,-41051,089088,079269,089570,087162
0000000810,0000809000,040223,-20018,086469,083052,087119,088655
0000000811,0000810000,041521,003843,084183,087129,084559,089675
0000000812,0000811000,039277,028303,082447,091074,082141,090149
0000000813,0000812000,033670,051000,081441,094474,080094,090068
0000000814,0000813000,025221,069659,081279,096968,078600,089472
0000000815,0000814000,014738,082301,082000,098287,077784,088455
0000000816,0000815000,003313,087389,083557,098282,077696,087144
0000000817,0000816000,-07840,084208,085806,096948,078318,085690
0000000818,0000817000,-17521,073053,088512,094423,079555,084247
0000000819,0000818000,-24686,055093,091391,090979,081256,082962
0000000820,0000819000,-28636,032137,094161,086982,083226,081953
0000000821,0000820000,-29005,006342,096562,082850,085257,081299
0000000822,0000821000,-25724,-19854,098361,079015,087145,081036
0000000823,0000822000,-19079,-43915,099377,075880,088714,081152
0000000824,0000823000,-09698,-63515,099501,073781,089827,081599
0000000825,0000824000,001507,-76546,098695,072947,090401,082292
0000000826,0000825000,013368,-81404,097014,073476,090412,083133
0000000827,0000826000,024609,-77480,094623,075319,089892,084015
0000000828,0000827000,034044,-65137,091767,078282,088929,084837
0000000829,0000828000,040629,-45631,088746,082048,087649,085517
0000000830,0000829000,043739,-21069,085869,086215,086204,085995
0000000831,0000830000,043156,006237,083390,090348,084759,086240
0000000832,0000831000,038822,033867,081553,094016,083458,086260
0000000833,0000832000,031203,058933,080543,096831,082422,086088
0000000834,0000833000,020987,079132,080468,098490,081741,085784
0000000835,0000834000,009204,092355,081346,098806,081448,085419
0000000836,0000835000,-02915,096906,083121,097737,081538,085069
0000000837,0000836000,-14082,092263,085624,095389,081964,084789
0000000838,0000837000,-23063,078898,088578,092013,082645,084624
0000000839,0000838000,-28978,058259,091689,087968,083481,084591
0000000840,0000839000,-31166,032422,094629,083685,084360,084685
0000000841,0000840000,-29572,003984,097145,079611,085177,084885
0000000842,0000841000,-24252,-24534,098986,076169,085841,085137
0000000843,0000842000,-15703,-50261,099965,073729,086293,085385
0000000844,0000843000,-04816,-70695,099998,072554,086500,085558
0000000845,0000844000,007400,-83817,099047,072780,086476,085594
0000000846,0000845000,019555,-87922,097206,074394,086261,085448
0000000847,0000846000,030449,-82688,094645,077227,085917,085107
0000000848,0000847000,038843,-68539,091640,080980,085522,084592
0000000849,0000848000,043891,-46998,088499,085250,085145,083952
0000000850,0000849000,045145,-20484,085547,089587,084855,083257
0000000851,0000850000,042495,008646,083050,093538,084703,082585
0000000852,0000851000,036248,037542,081234,096689,084711,082035
0000000853,0000852000,026877,063418,080309,098703,084880,081692
0000000854,0000853000,015466,083682,080335,099359,085181,081634
0000000855,0000854000,003069,096395,081333,098576,085553,081919
0000000856,0000855000,-08971,099998,083217,096427,085916,082557
0000000857,0000856000,-19318,094111,085786,093138,086193,083518
0000000858,0000857000,-26973,079514,088782,089058,086310,084720
0000000859,0000858000,-31041,057516,091885,084625,086222,086045
0000000860,0000859000,-31274,030735,094793,080305,085911,087358
0000000861,0000860000,-27613,001568,097222,076547,085381,088518
0000000862,0000861000,-20461,-27180,098959,073748,084677,089385
0000000863,0000862000,-10467,-52650,099819,072207,083863,089840
0000000864,0000863000,001328,-72331,099722,072098,083030,089798
0000000865,0000864000,013663,-84248,098686,073441,082289,089213
0000000866,0000865000,025331,-87232,096799,076104,081758,088098
0000000867,0000866000,034954,-80827,094271,079805,081533,086533
0000000868,0000867000,041643,-65934,091348,084148,081681,084657
0000000869,0000868000,044675,-44014,088344,088672,082222,082655
0000000870,0000869000,043795,-17449,085555,092900,083133,080726
0000000871,0000870000,039173,011122,083244,096392,084344,079073
0000000872,0000871000,031209,039086,081631,098781,085749,077881
0000000873,0000872000,020741,063577,080868,099807,087217,077297
0000000874,0000873000,008817,082165,081034,099353,088592,077418
0000000875,0000874000,-03272,093036,082101,097458,089713,078279
0000000876,0000875000,-14261,095149,083951,094317,090429,079839
0000000877,0000876000,-22990,088359,086393,090262,090621,081976
0000000878,0000877000,-28536,073424,089173,085728,090229,084494
0000000879,0000878000,-30400,051989,092012,081194,089255,087147
0000000880,0000879000,-28412,026295,094611,077138,087767,089670
0000000881,0000880000,-22859,-01069,096741,073983,085891,091806
0000000882,0000881000,-14214,-27613,098194,072060,083798,093324
0000000883,0000882000,-03445,-50518,098827,071581,081689,094047
0000000884,0000883000,008351,-67477,098583,072603,079775,093869
0000000885,0000884000,019953,-77001,097505,075027,078271,092766
0000000886,0000885000,030038,-78131,095724,078598,077363,090803
0000000887,0000886000,037631,-70923,093416,082937,077184,088145
0000000888,0000887000,041903,-56248,090840,087581,077792,085039
0000000889,0000888000,042502,-35794,088251,092037,079165,081783
0000000890,0000889000,039404,-11528,085895,095839,081194,078702
0000000891,0000890000,032954,014082,084008,098588,083696,076111
0000000892,0000891000,023830,038376,082770,099994,086441,074279
0000000893,0000892000,012931,059107,082294,099904,089167,073409
0000000894,0000893000,001492,074058,082612,098320,091596,073621
0000000895,0000894000,-09317,081798,083690,095404,093472,074928
0000000896,0000895000,-18308,081806,085377,091464,094576,077237
0000000897,0000896000,-24539,074308,087485,086922,094760,080350
0000000898,0000897000,-27416,060166,089805,082260,093966,083977
0000000899,0000898000,-26674,040946,092091,077972,092241,087766
0000000900,0000899000,-22483,018765,094122,074508,089727,091343
0000000901,0000900000,-15240,-04321,095705,072231,086654,094348
0000000902,0000901000,-02325,009885,097026,071174,084972,096249
0000000903,0000902000,020546,010536,096762,071976,084972,097767
0000000904,0000903000,005369,009393,098434,073361,084972,096673
0000000905,0000904000,042491,010772,095972,077184,084972,094950
0000000906,0000905000,046697,003209,094591,080762,084972,092454
0000000907,0000906000,034590,-05317,093766,085709,084972,088793
0000000908,0000907000,003923,-32871,086176,085787,084972,084652
0000000909,0000908000,006875,-26663,086929,085787,084972,084652
0000000910,0000909000,027481,-03862,089289,085787,084972,084652
0000000911,0000910000,035612,007419,090570,085787,084972,084652
0000000912,0000911000,018890,-05617,089469,085787,084972,084652
0000000913,0000912000,-02466,-23196,087938,085787,084972,084652
0000000914,0000913000,-04358,-21636,088318,085787,084972,084652
0000000915,0000914000,010202,-04300,090248,085787,084972,084652
0000000916,0000915000,017929,005280,091357,085787,084972,084652
0000000917,0000916000,007481,-04367,090484,085787,084972,084652
0000000918,0000917000,-06918,-19022,089046,085787,084972,084652
0000000919,0000918000,-06229,-19533,088961,085787,084972,084652
0000000920,0000919000,008312,-06931,090133,085787,084972,084652
0000000921,0000920000,018525,000873,090786,085787,084972,084652
0000000922,0000921000,014067,-06165,089932,085787,084972,084652
0000000923,0000922000,004707,-17981,088596,085787,084972,084652
0000000924,0000923000,005514,-19249,088327,085787,084972,084652
0000000925,0000924000,016664,-09598,089177,085787,084972,084652
0000000926,0000925000,024423,-02643,089795,085787,084972,084652
0000000927,0000926000,020045,-07100,089315,085787,084972,084652
0000000928,0000927000,010519,-16027,088431,085787,084972,084652
0000000929,0000928000,008097,-17292,088352,085787,084972,084652
0000000930,0000929000,014115,-09727,089187,085787,084972,084652
0000000931,0000930000,018482,-03624,089895,085787,084972,084652
0000000932,0000931000,013974,-06411,089722,085787,084972,084652
0000000933,0000932000,005479,-13385,089125,085787,084972,084652
0000000934,0000933000,002734,-14959,089053,085787,084972,084652
0000000935,0000934000,007473,-09498,089662,085787,084972,084652
0000000936,0000935000,012068,-04675,090179,085787,084972,084652
0000000937,0000936000,010303,-06689,089982,085787,084972,084652
0000000938,0000937000,005246,-12408,089386,085787,084972,084652
0000000939,0000938000,004348,-14278,089153,085787,084972,084652
0000000940,0000939000,009320,-10456,089472,085787,084972,084652
0000000941,0000940000,014349,-06616,089785,085787,084972,084652
0000000942,0000941000,014163,-07898,089586,085787,084972,084652
0000000943,0000942000,010639,-12312,089082,085787,084972,084652
0000000944,0000943000,009582,-13975,088867,085787,084972,084652
0000000945,0000944000,012781,-11052,089129,085787,084972,084652
0000000946,0000945000,016040,-07737,089451,085787,084972,084652
0000000947,0000946000,015144,-08276,089406,085787,084972,084652
0000000948,0000947000,011323,-11502,089110,085787,084972,084652
0000000949,0000948000,009204,-12872,089012,085787,084972,084652
0000000950,0000949000,010610,-10657,089281,085787,084972,084652
0000000951,0000950000,012569,-07920,089603,085787,084972,084652
0000000952,0000951000,011702,-08124,089628,085787,084972,084652
0000000953,0000952000,008698,-10642,089413,085787,084972,084652
0000000954,0000953000,007108,-11963,089306,085787,084972,084652
0000000955,0000954000,008537,-10492,089465,085787,084972,084652
0000000956,0000955000,010780,-08424,089670,085787,084972,084652
0000000957,0000956000,011014,-08541,089644,085787,084972,084652
0000000958,0000957000,009466,-10568,089418,085787,084972,084652
0000000959,0000958000,008773,-11804,089264,085787,084972,084652
0000000960,0000959000,010295,-10826,089328,085787,084972,084652
0000000961,0000960000,012416,-09189,089460,085787,084972,084652
0000000962,0000961000,012852,-09130,089438,085787,084972,084652
0000000963,0000962000,011605,-10615,089270,085787,084972,084652
0000000964,0000963000,010707,-11596,089160,085787,084972,084652
0000000965,0000964000,011391,-10845,089233,085787,084972,084652
0000000966,0000965000,012576,-09460,089379,085787,084972,084652
0000000967,0000966000,012502,-09234,089415,085787,084972,084652
0000000968,0000967000,011092,-10286,089330,085787,084972,084652
0000000969,0000968000,009931,-11073,089273,085787,084972,084652
0000000970,0000969000,010110,-10546,089348,085787,084972,084652
0000000971,0000970000,010909,-09461,089476,085787,084972,084652
0000000972,0000971000,010938,-09236,089515,085787,084972,084652
0000000973,0000972000,010017,-10062,089442,085787,084972,084652
0000000974,0000973000,009311,-10777,089374,085787,084972,084652
0000000975,0000974000,009705,-10489,089400,085787,084972,084652
0000000976,0000975000,010680,-09696,089472,085787,084972,084652
0000000977,0000976000,011100,-09509,089478,085787,084972,084652
0000000978,0000977000,010708,-10155,089399,085787,084972,084652
0000000979,0000978000,010345,-10764,089323,085787,084972,084652
0000000980,0000979000,010729,-10592,089326,085787,084972,084652
0000000981,0000980000,011516,-09961,089377,085787,084972,084652
0000000982,0000981000,011823,-09744,089390,085787,084972,084652
0000000983,0000982000,011402,-10184,089343,085787,084972,084652
0000000984,0000983000,010894,-10642,089297,085787,084972,084652
0000000985,0000984000,010922,-10507,089315,085787,084972,084652
0000000986,0000985000,011296,-09985,089374,085787,084972,084652
0000000987,0000986000,011356,-09755,089407,085787,084972,084652
0000000988,0000987000,010883,-10057,089387,085787,084972,084652
0000000989,0000988000,010362,-10424,089360,085787,084972,084652
0000000990,0000989000,010308,-10356,089376,085787,084972,084652
0000000991,0000990000,010617,-09969,089421,085787,084972,084652
0000000992,0000991000,010769,-09787,089443,085787,084972,084652
0000000993,0000992000,010546,-10028,089420,085787,084972,084652
0000000994,0000993000,010283,-10352,089385,085787,084972,084652
0000000995,0000994000,010377,-10349,089381,085787,084972,084652
0000000996,0000995000,010764,-10074,089403,085787,084972,084652
0000000997,0000996000,011028,-09928,089411,085787,084972,084652
0000000998,0000997000,010961,-10105,089386,085787,084972,084652
0000000999,0000998000,010795,-10363,089354,085787,084972,084652
0000001000,0000999000,010850,-10372,089348,085787,084972,084652
0000001001,0001000000,011104,-10150,089367,085787,084972,084652
0000001002,0001001000,011248,-10005,089380,085787,084972,084652
0000001003,0001002000,011112,-10110,089370,085787,084972,084652
0000001004,0001003000,010869,-10297,089354,085787,084972,084652
0000001005,0001004000,010790,-10304,089357,085787,084972,084652
0000001006,0001005000,010889,-10126,089379,085787,084972,084652
0000001007,0001006000,010941,-09996,089397,085787,084972,084652
0000001008,0001007000,010803,-10066,089394,085787,084972,084652
0000001009,0001008000,010601,-10218,089383,085787,084972,084652
0000001010,0001009000,010546,-10243,089383,085787,084972,084652
0000001011,0001010000,010662,-10120,089397,085787,084972,084652
0000001012,0001011000,010771,-10024,089407,085787,084972,084652
0000001013,0001012000,010746,-10082,089399,085787,084972,084652
0000001014,0001013000,010661,-10212,089384,085787,084972,084652
0000001015,0001014000,010678,-10249,089378,085787,084972,084652
0000001016,0001015000,010817,-10163,089383,085787,084972,084652
0000001017,0001016000,010944,-10086,089387,085787,084972,084652
0000001018,0001017000,010947,-10122,089381,085787,084972,084652
0000001019,0001018000,010875,-10219,089369,085787,084972,084652
0000001020,0001019000,010857,-10248,089365,085787,084972,084652
0000001021,0001020000,010923,-10177,089372,085787,084972,084652
0000001022,0001021000,010978,-10104,089380,085787,084972,084652
0000001023,0001022000,010936,-10118,089380,085787,084972,084652
0000001024,0001023000,010832,-10187,089375,085787,084972,084652
0000001025,0001024000,010772,-10210,089374,085787,084972,084652
0000001026,0001025000,010791,-10156,089382,085787,084972,084652
0000001027,0001026000,010821,-10097,089390,085787,084972,084652
0000001028,0001027000,010791,-10106,089391,085787,084972,084652
0000001029,0001028000,010723,-10163,089386,085787,084972,084652
0000001030,0001029000,010696,-10190,089384,085787,084972,084652
0000001031,0001030000,010738,-10156,089387,085787,084972,084652
0000001032,0001031000,010797,-10115,089390,085787,084972,084652
0000001033,0001032000,010812,-10123,089389,085787,084972,084652
0000001034,0001033000,010789,-10170,089382,085787,084972,084652
0000001035,0001034000,010788,-10196,089378,085787,084972,084652
0000001036,0001035000,010832,-10173,089379,085787,084972,084652
0000001037,0001036000,010884,-10138,089381,085787,084972,084652
0000001038,0001037000,010892,-10139,089380,085787,084972,084652
0000001039,0001038000,010863,-10172,089377,085787,084972,084652
0000001040,0001039000,010840,-10190,089375,085787,084972,084652
0000001041,0001040000,010850,-10170,089377,085787,084972,084652
0000001042,0001041000,010868,-10139,089381,085787,084972,084652
0000001043,0001042000,010855,-10135,089382,085787,084972,084652
0000001044,0001043000,010815,-10158,089381,085787,084972,084652
0000001045,0001044000,010785,-10173,089381,085787,084972,084652
0000001046,0001045000,010786,-10159,089383,085787,084972,084652
0000001047,0001046000,010801,-10136,089386,085787,084972,084652
0000001048,0001047000,010800,-10133,089387,085787,084972,084652
0000001049,0001048000,010781,-10153,089385,085787,084972,084652
0000001050,0001049000,010771,-10168,089383,085787,084972,084652
0000001051,0001050000,010786,-10162,089383,085787,084972,084652
0000001052,0001051000,010814,-10145,089384,085787,084972,084652
0000001053,0001052000,010827,-10143,089384,085787,084972,084652
0000001054,0001053000,010823,-10159,089382,085787,084972,084652
0000001055,0001054000,010819,-10172,089380,085787,084972,084652
0000001056,0001055000,010831,-10167,089380,085787,084972,084652
0000001057,0001056000,010849,-10153,089381,085787,084972,084652
0000001058,0001057000,010853,-10148,089381,085787,084972,084652
0000001059,0001058000,010841,-10158,089380,085787,084972,084652
0000001060,0001059000,010827,-10167,089379,085787,084972,084652
0000001061,0001060000,010824,-10163,089380,085787,084972,084652
0000001062,0001061000,010829,-10150,089382,085787,084972,084652
0000001063,0001062000,010826,-10146,089383,085787,084972,084652
0000001064,0001063000,010812,-10152,089382,085787,084972,084652
0000001065,0001064000,010799,-10160,089382,085787,084972,084652
0000001066,0001065000,010798,-10158,089383,085787,084972,084652
0000001067,0001066000,010805,-10150,089384,085787,084972,084652
0000001068,0001067000,010809,-10147,089384,085787,084972,084652
0000001069,0001068000,010806,-10153,089383,085787,084972,084652
0000001070,0001069000,010803,-10160,089382,085787,084972,084652
0000001071,0001070000,010808,-10160,089382,085787,084972,084652
0000001072,0001071000,010820,-10154,089382,085787,084972,084652
0000001073,0001072000,010827,-10152,089382,085787,084972,084652
0000001074,0001073000,010827,-10156,089381,085787,084972,084652
0000001075,0001074000,010824,-10161,089381,085787,084972,084652
0000001076,0001075000,010826,-10161,089381,085787,084972,084652
0000001077,0001076000,010831,-10156,089381,085787,084972,084652
0000001078,0001077000,010832,-10153,089381,085787,084972,084652
0000001079,0001078000,010827,-10155,089381,085787,084972,084652
0000001080,0001079000,010820,-10159,089381,085787,084972,084652
0000001081,0001080000,010817,-10158,089381,085787,084972,084652
0000001082,0001081000,010818,-10154,089382,085787,084972,084652
0000001083,0001082000,010817,-10151,089383,085787,084972,084652
0000001084,0001083000,010813,-10153,089382,085787,084972,084652
0000001085,0001084000,010809,-10156,089382,085787,084972,084652
0000001086,0001085000,010808,-10157,089382,085787,084972,084652
0000001087,0001086000,010812,-10154,089383,085787,084972,084652
0000001088,0001087000,010815,-10153,089383,085787,084972,084652
0000001089,0001088000,010815,-10154,089382,085787,084972,084652
0000001090,0001089000,010815,-10157,089382,085787,084972,084652
0000001091,0001090000,010817,-10158,089382,085787,084972,084652
0000001092,0001091000,010821,-10156,089382,085787,084972,084652
0000001093,0001092000,010824,-10155,089382,085787,084972,084652
0000001094,0001093000,010824,-10155,089382,085787,084972,084652
0000001095,0001094000,010822,-10158,089381,085787,084972,084652
0000001096,0001095000,010822,-10158,089381,085787,084972,084652
0000001097,0001096000,010823,-10156,089382,085787,084972,084652
0000001098,0001097000,010823,-10154,089382,085787,084972,084652
0000001099,0001098000,010821,-10155,089382,085787,084972,084652
0000001100,0001099000,010818,-10156,089382,085787,084972,084652
0000001101,0001100000,010816,-10156,089382,085787,084972,084652
