0000000001,0000000000,061914,092821,080686,085006,089297,074157
0000000002,0000001000,036426,095255,080800,081991,092013,074456
0000000003,0000002000,007923,097110,081798,078690,094009,075761
0000000004,0000003000,-20549,098173,083580,075437,095077,077947
0000000005,0000004000,-46351,098352,085982,072530,095130,080801
0000000006,0000005000,-67116,097650,088760,070271,094149,084040
0000000007,0000006000,-80568,096118,091636,068876,092238,087347
0000000008,0000007000,-85311,093888,094341,068483,089576,090402
0000000009,0000008000,-81184,091206,096610,069121,086434,092905
0000000010,0000009000,-68569,088345,098211,070740,083112,094608
0000000011,0000010000,-48357,085544,098990,073177,079938,095346
0000000012,0000011000,-22730,083095,098877,076192,077220,095047
0000000013,0000012000,005579,081261,097880,079489,075229,093742
0000000014,0000013000,034049,080197,096096,082749,074154,091557
0000000015,0000014000,060059,079997,093695,085651,074107,088703
0000000016,0000015000,080669,080714,090917,087910,075087,085463
0000000017,0000016000,094028,082255,088041,089306,076997,082157
0000000018,0000017000,098965,084466,085336,089702,079657,079102
0000000019,0000018000,094825,087149,083067,089059,082803,076598
0000000020,0000019000,082017,090031,081466,087442,086123,074895
0000000021,0000020000,061960,092816,080686,085007,089296,074158
0000000022,0000021000,036401,095258,080800,081989,092015,074456
0000000023,0000022000,007916,097110,081797,078692,094007,075761
0000000024,0000023000,-20522,098171,083580,075434,095079,077947
0000000025,0000024000,-46372,098354,085982,072531,095128,080801
0000000026,0000025000,-67142,097653,088760,070270,094150,084040
0000000027,0000026000,-80522,096115,091636,068877,092237,087347
0000000028,0000027000,-85306,093887,094341,068480,089579,090402
0000000029,0000028000,-81239,091212,096611,069122,086433,092905
0000000030,0000029000,-68543,088342,098211,070740,083112,094608
0000000031,0000030000,-48327,085541,098990,073176,079938,095346
0000000032,0000031000,-22774,083099,098877,076191,077222,095048
0000000033,0000032000,005554,081263,097880,079489,075228,093742
0000000034,0000033000,034110,080191,096096,082748,074155,091557
0000000035,0000034000,060035,079999,093695,085649,074108,088703
0000000036,0000035000,080643,080717,090917,087910,075087,085464
0000000037,0000036000,094053,082252,088041,089306,076997,082157
0000000038,0000037000,098983,084464,085336,089701,079657,079102
0000000039,0000038000,094788,087153,083067,089058,082804,076599
0000000040,0000039000,082036,090029,081466,087442,086122,074896
0000000041,0000040000,061978,092814,080686,085006,089296,074158
0000000042,0000041000,036379,095260,080800,081989,092015,074456
0000000043,0000042000,007926,097110,081796,078692,094007,075761
0000000044,0000043000,-20497,098168,083580,075435,095079,077947
0000000045,0000044000,-46399,098357,085982,072531,095129,080801
0000000046,0000045000,-67145,097654,088759,070271,094149,084040
0000000047,0000046000,-80491,096112,091635,068876,092237,087347
0000000048,0000047000,-85328,093890,094341,068480,089579,090402
0000000049,0000048000,-81266,091214,096610,069122,086434,092905
0000000050,0000049000,-68511,088339,098211,070740,083112,094608
0000000051,0000050000,-48326,085541,098991,073175,079940,095346
0000000052,0000051000,-22820,083103,098878,076190,077223,095047
0000000053,0000052000,005573,081261,097880,079489,075229,093742
0000000054,0000053000,034130,080188,096097,082747,074156,091557
0000000055,0000054000,060002,080002,093696,085648,074109,088703
0000000056,0000055000,080635,080717,090918,087909,075087,085464
0000000057,0000056000,094089,082248,088041,089305,076997,082158
0000000058,0000057000,098969,084466,085336,089700,079658,079103
0000000059,0000058000,094774,087154,083067,089058,082803,076600
0000000060,0000059000,082067,090026,081466,087442,086122,074897
0000000061,0000060000,061983,092814,080686,085006,089296,074159
0000000062,0000061000,036363,095263,080799,081989,092014,074457
0000000063,0000062000,007951,097108,081796,078692,094006,075762
0000000064,0000063000,-20486,098168,083579,075435,095079,077947
0000000065,0000064000,-46420,098359,085981,072531,095129,080800
0000000066,0000065000,-67131,097653,088758,070272,094149,084040
0000000067,0000066000,-80474,096111,091635,068877,092238,087346
0000000068,0000067000,-85359,093893,094341,068480,089580,090401
0000000069,0000068000,-81272,091215,096610,069123,086434,092904
0000000070,0000069000,-68490,088337,098211,070740,083114,094607
0000000071,0000070000,-48354,085543,098991,073174,079941,095345
0000000072,0000071000,-22846,083105,098878,076190,077223,095047
0000000073,0000072000,005592,081258,097881,079488,075230,093742
0000000074,0000073000,034123,080188,096098,082745,074158,091557
0000000075,0000074000,059969,080005,093697,085647,074109,088704
0000000076,0000075000,080651,080715,090918,087908,075087,085465
0000000077,0000076000,094106,082246,088042,089303,076998,082159
0000000078,0000077000,098949,084467,085337,089698,079658,079104
0000000079,0000078000,094784,087153,083067,089057,082802,076601
0000000080,0000079000,082099,090023,081466,087441,086121,074898
0000000081,0000080000,061978,092815,080686,085005,089295,074160
0000000082,0000081000,036368,095263,080798,081990,092013,074458
0000000083,0000082000,007984,097105,081795,078693,094005,075762
0000000084,0000083000,-20485,098169,083578,075435,095078,077947
0000000085,0000084000,-46429,098362,085980,072533,095127,080800
0000000086,0000085000,-67109,097652,088757,070273,094148,084039
0000000087,0000086000,-80476,096112,091634,068878,092238,087345
0000000088,0000087000,-85387,093897,094340,068481,089580,090399
0000000089,0000088000,-81268,091216,096609,069124,086434,092902
0000000090,0000089000,-68491,088337,098211,070740,083115,094605
0000000091,0000090000,-48392,085546,098992,073174,079943,095344
0000000092,0000091000,-22859,083105,098879,076190,077225,095046
0000000093,0000092000,005600,081256,097883,079487,075232,093742
0000000094,0000093000,034095,080189,096100,082743,074160,091557
0000000095,0000094000,059951,080005,093698,085645,074111,088704
0000000096,0000095000,080671,080711,090920,087906,075088,085466
0000000097,0000096000,094105,082244,088044,089301,076999,082161
0000000098,0000097000,098939,084467,085338,089697,079657,079106
0000000099,0000098000,094813,087150,083067,089056,082801,076603
0000000100,0000099000,082123,090020,081466,087440,086120,074900
0000000101,0000100000,061977,092815,080685,085005,089293,074162
0000000102,0000101000,036393,095262,080797,081991,092010,074459
0000000103,0000102000,008015,097104,081793,078694,094003,075763
0000000104,0000103000,-20487,098171,083576,075437,095076,077947
0000000105,0000104000,-46421,098363,085977,072536,095125,080800
0000000106,0000105000,-67089,097652,088755,070276,094147,084038
0000000107,0000106000,-80491,096115,091632,068880,092238,087343
0000000108,0000107000,-85407,093900,094339,068483,089580,090397
0000000109,0000108000,-81267,091216,096609,069125,086436,092899
0000000110,0000109000,-68514,088339,098211,070740,083118,094603
0000000111,0000110000,-48432,085549,098993,073174,079946,095341
0000000112,0000111000,-22869,083105,098880,076189,077228,095044
0000000113,0000112000,005586,081255,097885,079485,075235,093741
0000000114,0000113000,034060,080190,096102,082740,074163,091557
0000000115,0000114000,059945,080003,093701,085642,074112,088705
0000000116,0000115000,080683,080707,090922,087903,075090,085468
0000000117,0000116000,094095,082243,088046,089298,077000,082163
0000000118,0000117000,098946,084465,085339,089694,079657,079109
0000000119,0000118000,094850,087146,083068,089054,082800,076607
0000000120,0000119000,082142,090018,081466,087439,086118,074904
0000000121,0000120000,061994,092815,080684,085005,089290,074165
0000000122,0000121000,036436,095260,080795,081992,092007,074462
0000000123,0000122000,008042,097103,081791,078696,094000,075765
0000000124,0000123000,-20482,098173,083573,075440,095073,077948
0000000125,0000124000,-46400,098364,085974,072539,095123,080799
0000000126,0000125000,-67077,097654,088753,070279,094146,084036
0000000127,0000126000,-80511,096119,091630,068883,092237,087340
0000000128,0000127000,-85420,093903,094337,068487,089580,090393
0000000129,0000128000,-81277,091218,096608,069127,086437,092896
0000000130,0000129000,-68555,088342,098212,070741,083120,094599
0000000131,0000130000,-48471,085552,098994,073174,079949,095338
0000000132,0000131000,-22887,083105,098883,076188,077231,095041
0000000133,0000132000,005551,081255,097888,079482,075239,093739
0000000134,0000133000,034024,080190,096105,082737,074167,091557
0000000135,0000134000,059942,080000,093704,085639,074115,088706
0000000136,0000135000,080682,080704,090926,087898,075092,085470
0000000137,0000136000,094088,082241,088049,089293,077001,082166
0000000138,0000137000,098970,084461,085341,089691,079656,079113
0000000139,0000138000,094887,087141,083069,089051,082798,076611
0000000140,0000139000,082165,090016,081465,087437,086115,074908
0000000141,0000140000,062031,092813,080682,085005,089286,074169
0000000142,0000141000,036487,095257,080792,081993,092002,074465
0000000143,0000142000,008070,097104,081787,078699,093995,075767
0000000144,0000143000,-20461,098175,083569,075444,095068,077948
0000000145,0000144000,-46370,098365,085970,072544,095119,080798
0000000146,0000145000,-67074,097657,088749,070284,094143,084033
0000000147,0000146000,-80530,096125,091627,068888,092236,087336
0000000148,0000147000,-85432,093907,094335,068491,089581,090389
0000000149,0000148000,-81304,091221,096607,069130,086440,092891
0000000150,0000149000,-68608,088347,098212,070742,083124,094594
0000000151,0000150000,-48512,085554,098995,073174,079953,095333
0000000152,0000151000,-22923,083105,098886,076186,077237,095038
0000000153,0000152000,005501,081256,097892,079478,075245,093737
0000000154,0000153000,033990,080189,096110,082733,074171,091556
0000000155,0000154000,059933,079996,093709,085633,074120,088708
0000000156,0000155000,080671,080701,090930,087892,075095,085473
0000000157,0000156000,094090,082237,088052,089288,077002,082171
0000000158,0000157000,099005,084455,085343,089686,079655,079119
0000000159,0000158000,094925,087136,083070,089048,082796,076617
0000000160,0000159000,082200,090013,081465,087435,086111,074914
0000000161,0000160000,062089,092809,080680,085006,089281,074174
0000000162,0000161000,036544,095255,080789,081995,091996,074469
0000000163,0000162000,008106,097105,081783,078702,093989,075769
0000000164,0000163000,-20423,098177,083564,075449,095063,077949
0000000165,0000164000,-46338,098368,085965,072550,095114,080796
0000000166,0000165000,-67075,097662,088744,070290,094141,084030
0000000167,0000166000,-80545,096130,091622,068894,092235,087331
0000000168,0000167000,-85450,093911,094332,068496,089582,090383
0000000169,0000168000,-81350,091227,096606,069133,086443,092884
0000000170,0000169000,-68668,088353,098213,070744,083129,094587
0000000171,0000170000,-48561,085557,098998,073174,079959,095328
0000000172,0000171000,-22979,083107,098890,076183,077244,095034
0000000173,0000172000,005439,081257,097897,079474,075252,093734
0000000174,0000173000,033953,080187,096116,082727,074178,091556
0000000175,0000174000,059914,079992,093715,085626,074125,088709
0000000176,0000175000,080655,080697,090936,087885,075098,085477
0000000177,0000176000,094102,082231,088057,089281,077003,082176
0000000178,0000177000,099045,084448,085347,089680,079654,079126
0000000179,0000178000,094966,087130,083071,089043,082793,076625
0000000180,0000179000,082255,090009,081464,087433,086106,074921
0000000181,0000180000,062163,092804,080677,085006,089274,074180
0000000182,0000181000,036608,095252,080785,081997,091989,074474
0000000183,0000182000,008156,097106,081777,078707,093981,075772
0000000184,0000183000,-20371,098178,083557,075456,095055,077949
0000000185,0000184000,-46306,098371,085958,072557,095109,080794
0000000186,0000185000,-67076,097668,088738,070298,094137,084026
0000000187,0000186000,-80556,096137,091617,068902,092233,087325
0000000188,0000187000,-85478,093918,094328,068502,089583,090375
0000000189,0000188000,-81409,091234,096605,069138,086447,092876
0000000190,0000189000,-68735,088359,098213,070747,083134,094579
0000000191,0000190000,-48626,085561,099001,073173,079967,095320
0000000192,0000191000,-23055,083109,098895,076180,077252,095028
0000000193,0000192000,005369,081258,097903,079469,075260,093731
0000000194,0000193000,033910,080184,096123,082720,074185,091555
0000000195,0000194000,059882,079987,093723,085617,074131,088711
0000000196,0000195000,080639,080691,090943,087876,075103,085482
0000000197,0000196000,094123,082224,088063,089273,077004,082183
0000000198,0000197000,099087,084439,085351,089673,079653,079134
0000000199,0000198000,095017,087124,083073,089038,082789,076634
0000000200,0000199000,082330,090002,081463,087431,086099,074930
0000000201,0000200000,062250,092799,080674,085006,089266,074189
0000000202,0000201000,036682,095250,080779,082001,091980,074480
0000000203,0000202000,008226,097106,081770,078713,093972,075776
0000000204,0000203000,-20307,098180,083549,075464,095047,077950
0000000205,0000204000,-46274,098376,085950,072566,095102,080792
0000000206,0000205000,-67072,097676,088730,070308,094132,084020
0000000207,0000206000,-80568,096144,091611,068911,092232,087317
0000000208,0000207000,-85520,093926,094324,068510,089584,090366
0000000209,0000208000,-81481,091243,096603,069144,086451,092866
0000000210,0000209000,-68813,088366,098214,070750,083141,094569
0000000211,0000210000,-48712,085565,099004,073173,079976,095312
0000000212,0000211000,-23150,083113,098901,076176,077263,095021
0000000213,0000212000,005290,081258,097911,079463,075271,093727
0000000214,0000213000,033853,080181,096132,082711,074195,091554
0000000215,0000214000,059838,079982,093732,085607,074139,088714
0000000216,0000215000,080626,080684,090952,087865,075108,085487
0000000217,0000216000,094149,082214,088070,089263,077006,082192
0000000218,0000217000,099133,084430,085356,089664,079652,079144
0000000219,0000218000,095083,087115,083075,089032,082784,076645
0000000220,0000219000,082424,089994,081462,087428,086091,074941
0000000221,0000220000,062351,092793,080670,085006,089256,074198
0000000222,0000221000,036774,095248,080773,082004,091969,074487
0000000223,0000222000,008315,097106,081761,078720,093960,075780
0000000224,0000223000,-20234,098183,083539,075474,095036,077951
0000000225,0000224000,-46236,098383,085940,072578,095094,080789
0000000226,0000225000,-67061,097684,088720,070320,094126,084014
0000000227,0000226000,-80584,096154,091603,068922,092230,087308
0000000228,0000227000,-85574,093937,094318,068520,089586,090354
0000000229,0000228000,-81562,091254,096600,069150,086456,092853
0000000230,0000229000,-68905,088374,098215,070753,083150,094557
0000000231,0000230000,-48820,085572,099009,073172,079987,095301
0000000232,0000231000,-23261,083117,098908,076172,077275,095013
0000000233,0000232000,005199,081258,097921,079455,075283,093722
0000000234,0000233000,033780,080177,096143,082700,074207,091554
0000000235,0000234000,059787,079976,093743,085595,074148,088717
0000000236,0000235000,080614,080675,090962,087853,075114,085494
0000000237,0000236000,094176,082203,088078,089250,077008,082202
0000000238,0000237000,099185,084419,085362,089654,079650,079157
0000000239,0000238000,095167,087104,083078,089025,082778,076658
0000000240,0000239000,082535,089984,081461,087424,086082,074954
0000000241,0000240000,062466,092786,080666,085007,089244,074209
0000000242,0000241000,036886,095244,080765,082009,091955,074496
0000000243,0000242000,008423,097105,081751,078729,093947,075785
0000000244,0000243000,-20152,098186,083528,075485,095024,077952
0000000245,0000244000,-46190,098390,085927,072591,095084,080786
0000000246,0000245000,-67045,097694,088709,070334,094120,084007
0000000247,0000246000,-80606,096165,091594,068936,092227,087298
0000000248,0000247000,-85640,093950,094312,068531,089588,090341
0000000249,0000248000,-81653,091266,096598,069158,086463,092839
0000000250,0000249000,-69017,088384,098216,070757,083160,094543
0000000251,0000250000,-48949,085580,099014,073172,080000,095289
0000000252,0000251000,-23389,083121,098916,076167,077289,095004
0000000253,0000252000,005091,081257,097932,079446,075298,093717
0000000254,0000253000,033690,080173,096156,082688,074220,091553
0000000255,0000254000,059728,079969,093756,085580,074159,088721
0000000256,0000255000,080603,080664,090974,087838,075121,085502
0000000257,0000256000,094204,082190,088088,089236,077011,082213
0000000258,0000257000,099246,084406,085368,089642,079648,079171
0000000259,0000258000,095268,087091,083081,089016,082771,076673
0000000260,0000259000,082662,089972,081460,087420,086071,074969
0000000261,0000260000,062599,092778,080660,085008,089230,074223
0000000262,0000261000,037022,095240,080756,082015,091940,074506
0000000263,0000262000,008548,097105,081739,078738,093931,075791
0000000264,0000263000,-20058,098191,083514,075498,095010,077953
0000000265,0000264000,-46132,098398,085913,072607,095072,080782
0000000266,0000265000,-67025,097705,088696,070350,094112,083998
0000000267,0000266000,-80635,096179,091583,068951,092225,087285
0000000268,0000267000,-85713,093965,094305,068543,089591,090326
0000000269,0000268000,-81758,091280,096594,069168,086470,092823
0000000270,0000269000,-69149,088396,098218,070761,083172,094527
0000000271,0000270000,-49101,085589,099020,073171,080015,095275
0000000272,0000271000,-23534,083126,098926,076161,077306,094993
0000000273,0000272000,004962,081257,097945,079435,075314,093711
0000000274,0000273000,033584,080169,096171,082673,074235,091552
0000000275,0000274000,059663,079960,093771,085564,074171,088725
0000000276,0000275000,080588,080651,090988,087820,075129,085512
0000000277,0000276000,094233,082175,088100,089220,077014,082227
0000000278,0000277000,099319,084390,085376,089628,079645,079187
0000000279,0000278000,095385,087076,083084,089006,082763,076691
0000000280,0000279000,082806,089959,081458,087415,086059,074986
0000000281,0000280000,062754,092769,080654,085008,089214,074238
0000000282,0000281000,037181,095235,080745,082021,091922,074517
0000000283,0000282000,008691,097105,081725,078750,093913,075797
0000000284,0000283000,-19950,098196,083498,075513,094993,077954
0000000285,0000284000,-46062,098408,085897,072624,095059,080777
0000000286,0000285000,-67002,097718,088681,070368,094104,083988
0000000287,0000286000,-80669,096195,091570,068968,092222,087271
0000000288,0000287000,-85795,093982,094296,068558,089594,090308
0000000289,0000288000,-81877,091295,096591,069178,086478,092804
0000000290,0000289000,-69304,088409,098219,070766,083185,094509
0000000291,0000290000,-49272,085600,099026,073170,080032,095259
0000000292,0000291000,-23700,083131,098937,076154,077325,094981
0000000293,0000292000,004812,081257,097960,079423,075334,093704
0000000294,0000293000,033463,080164,096188,082657,074253,091551
0000000295,0000294000,059589,079950,093789,085545,074185,088730
0000000296,0000295000,080569,080637,091004,087800,075138,085522
0000000297,0000296000,094264,082159,088113,089201,077017,082242
0000000298,0000297000,099405,084372,085386,089613,079642,079206
0000000299,0000298000,095519,087058,083088,088995,082754,076711
0000000300,0000299000,082969,089945,081457,087410,086045,075006
0000000301,0000300000,062934,092758,080647,085010,089196,074255
0000000302,0000301000,037363,095228,080733,082028,091901,074530
0000000303,0000302000,008851,097104,081709,078763,093893,075805
0000000304,0000303000,-19825,098201,083480,075531,094975,077955
0000000305,0000304000,-45980,098418,085878,072645,095044,080772
0000000306,0000305000,-66978,097733,088663,070389,094094,083977
0000000307,0000306000,-80708,096213,091556,068988,092218,087254
0000000308,0000307000,-85886,094001,094286,068575,089597,090289
0000000309,0000308000,-82015,091313,096586,069190,086488,092783
0000000310,0000309000,-69481,088425,098221,070772,083200,094488
0000000311,0000310000,-49466,085611,099034,073169,080051,095241
0000000312,0000311000,-23889,083138,098950,076147,077346,094967
0000000313,0000312000,004639,081258,097976,079409,075355,093696
0000000314,0000313000,033325,080159,096207,082639,074272,091550
0000000315,0000314000,059506,079939,093809,085523,074201,088736
0000000316,0000315000,080544,080621,091023,087778,075148,085534
0000000317,0000316000,094300,082140,088129,089180,077020,082260
0000000318,0000317000,099503,084352,085396,089595,079638,079227
0000000319,0000318000,095667,087039,083093,088983,082744,076734
0000000320,0000319000,083152,089928,081455,087404,086028,075028
0000000321,0000320000,063139,092745,080639,085011,089175,074274
0000000322,0000321000,037569,095221,080720,082037,091879,074545
0000000323,0000322000,009032,097104,081691,078777,093870,075813
0000000324,0000323000,-19681,098207,083459,075550,094954,077956
0000000325,0000324000,-45886,098430,085857,072667,095028,080766
0000000326,0000325000,-66951,097750,088644,070413,094084,083964
0000000327,0000326000,-80749,096233,091540,069010,092215,087236
0000000328,0000327000,-85986,094022,094275,068593,089601,090266
0000000329,0000328000,-82170,091334,096581,069202,086499,092759
0000000330,0000329000,-69679,088444,098223,070778,083217,094465
0000000331,0000330000,-49682,085625,099042,073167,080073,095220
0000000332,0000331000,-24104,083145,098964,076138,077371,094952
0000000333,0000332000,004444,081259,097995,079394,075379,093687
0000000334,0000333000,033171,080152,096229,082618,074294,091548
0000000335,0000334000,059410,079926,093831,085499,074218,088743
0000000336,0000335000,080512,080603,091044,087753,075159,085548
0000000337,0000336000,094340,082119,088146,089157,077024,082279
0000000338,0000337000,099612,084329,085408,089576,079634,079250
0000000339,0000338000,095832,087017,083098,088970,082732,076759
0000000340,0000339000,083358,089909,081453,087398,086010,075052
0000000341,0000340000,063371,092731,080630,085012,089152,074295
0000000342,0000341000,037798,095213,080705,082046,091853,074561
0000000343,0000342000,009236,097103,081671,078794,093845,075822
0000000344,0000343000,-19517,098214,083436,075572,094931,077957
0000000345,0000344000,-45781,098443,085834,072692,095009,080759
0000000346,0000345000,-66920,097768,088622,070439,094072,083949
0000000347,0000346000,-80791,096256,091521,069034,092211,087215
0000000348,0000347000,-86096,094046,094262,068614,089605,090242
0000000349,0000348000,-82344,091357,096575,069217,086511,092732
0000000350,0000349000,-69899,088464,098225,070784,083237,094439
0000000351,0000350000,-49923,085640,099051,073166,080097,095198
0000000352,0000351000,-24346,083153,098980,076128,077397,094935
0000000353,0000352000,004225,081260,098016,079376,075406,093678
0000000354,0000353000,032999,080145,096253,082595,074318,091547
0000000355,0000354000,059299,079912,093856,085473,074237,088750
0000000356,0000355000,080476,080584,091067,087726,075171,085563
0000000357,0000356000,094384,082095,088165,089131,077028,082301
0000000358,0000357000,099731,084304,085422,089554,079629,079277
0000000359,0000358000,096012,086993,083105,088955,082719,076787
0000000360,0000359000,083588,089888,081451,087391,085990,075079
0000000361,0000360000,063628,092715,080621,085014,089127,074319
0000000362,0000361000,038052,095204,080689,082057,091825,074578
0000000363,0000362000,009465,097103,081649,078812,093817,075832
0000000364,0000363000,-19333,098221,083411,075597,094906,077958
0000000365,0000364000,-45663,098457,085807,072720,094989,080751
0000000366,0000365000,-66884,097789,088597,070468,094060,083933
0000000367,0000366000,-80836,096281,091501,069061,092207,087192
0000000368,0000367000,-86219,094073,094247,068636,089610,090214
0000000369,0000368000,-82537,091383,096569,069232,086525,092703
0000000370,0000369000,-70141,088486,098226,070792,083258,094411
0000000371,0000370000,-50191,085657,099061,073164,080123,095173
0000000372,0000371000,-24615,083163,098997,076117,077427,094917
0000000373,0000372000,003982,081261,098039,079357,075435,093668
0000000374,0000373000,032807,080138,096279,082569,074345,091546
0000000375,0000374000,059174,079897,093883,085444,074258,088758
0000000376,0000375000,080434,080562,091093,087696,075184,085580
0000000377,0000376000,094432,082069,088187,089103,077032,082325
0000000378,0000377000,099860,084275,085437,089531,079624,079305
0000000379,0000378000,096211,086966,083112,088938,082705,076818
0000000380,0000379000,083842,089864,081450,087384,085968,075109
0000000381,0000380000,063911,092697,080610,085016,089099,074344
0000000382,0000381000,038333,095194,080671,082068,091794,074597
0000000383,0000382000,009720,097101,081625,078832,093786,075842
0000000384,0000383000,-19128,098228,083383,075623,094878,077959
0000000385,0000384000,-45532,098473,085779,072751,094968,080742
0000000386,0000385000,-66840,097812,088570,070499,094046,083915
0000000387,0000386000,-80882,096308,091478,069091,092202,087167
0000000388,0000387000,-86352,094102,094231,068660,089616,090184
0000000389,0000388000,-82746,091412,096561,069249,086540,092671
0000000390,0000389000,-70406,088511,098228,070799,083281,094380
0000000391,0000390000,-50486,085675,099072,073161,080153,095147
0000000392,0000391000,-24912,083174,099016,076104,077459,094897
0000000393,0000392000,003714,081262,098065,079336,075468,093657
0000000394,0000393000,032593,080130,096309,082541,074374,091545
0000000395,0000394000,059034,079881,093914,085412,074281,088768
0000000396,0000395000,080385,080539,091121,087663,075199,085599
0000000397,0000396000,094481,082040,088211,089072,077037,082351
0000000398,0000397000,099998,084245,085454,089506,079618,079337
0000000399,0000398000,096428,086936,083120,088921,082689,076851
0000000400,0000399000,084120,089838,081448,087376,085944,075141
0000000401,0000400000,064221,092677,080599,085019,089069,074372
0000000402,0000401000,-07848,096147,081617,085730,092331,075192
0000000403,0000402000,003358,095611,080115,081303,093819,075922
0000000404,0000403000,009675,099998,085146,079754,095078,078191
0000000405,0000404000,001108,098076,085381,073722,094629,080417
0000000406,0000405000,-03046,094886,085620,066998,094070,083937
0000000407,0000406000,007624,097680,092794,060504,091351,086293
0000000408,0000407000,-01283,091766,091792,054431,088952,089460
0000000409,0000408000,-01656,092344,097371,050003,085244,091281
0000000410,0000409000,003562,087692,097233,045643,081332,092331
0000000411,0000410000,008897,086442,099704,045324,078945,093859
0000000412,0000411000,-01687,083355,099057,045648,075142,092514
0000000413,0000412000,010958,080746,097269,048201,073831,091993
0000000414,0000413000,010216,083340,099216,053569,072505,089702
0000000415,0000414000,007696,079307,093109,059554,072645,087174
0000000416,0000415000,011335,083243,093621,066294,074231,084660
0000000417,0000416000,014517,083431,089492,073889,075826,081149
0000000418,0000417000,008409,084577,085911,080553,079572,079270
0000000419,0000418000,013178,088603,085059,085535,082435,076544
0000000420,0000419000,011024,089614,081576,089968,086469,075600
0000000421,0000420000,007339,094373,082768,091695,089869,075087
0000000422,0000421000,007533,093837,079838,091557,092379,075127
0000000423,0000422000,006200,097375,082389,089379,094935,076915
0000000424,0000423000,004249,097254,082903,084960,095517,078507
0000000425,0000424000,002291,096665,084389,079761,095851,081514
0000000426,0000425000,001651,097975,088941,072827,094378,084146
0000000427,0000426000,002226,094504,089706,066943,092292,087183
0000000428,0000427000,-00839,093893,093900,060596,089377,089886
0000000429,0000428000,004031,090193,094959,055375,085760,091846
0000000430,0000429000,001941,088619,097797,052527,082482,093591
0000000431,0000430000,003622,085731,098574,050459,078758,093809
0000000432,0000431000,006867,083325,098511,051601,076202,093740
0000000433,0000432000,006361,083201,099234,054218,073940,092291
0000000434,0000433000,009680,080279,095767,058789,073008,090391
0000000435,0000434000,010209,081911,095389,064866,073141,087835
0000000436,0000435000,011434,081673,091824,071283,074199,084777
0000000437,0000436000,011992,083542,089555,078565,076694,082130
0000000438,0000437000,011236,085669,087067,084573,079354,079114
0000000439,0000438000,012029,087432,084052,090066,083152,077269
0000000440,0000439000,009640,090968,083227,093750,086584,075663
0000000441,0000440000,009465,091776,080549,095281,090064,075164
0000000442,0000441000,007446,095488,081877,095055,093097,075673
0000000443,0000442000,005489,096120,081556,092497,094929,076698
0000000444,0000443000,004312,096988,083033,088387,096294,079043
0000000445,0000444000,002854,097664,085678,082668,095940,081363
0000000446,0000445000,002023,095892,087057,076416,094964,084523
0000000447,0000446000,001388,095558,090866,069776,092701,087432
0000000448,0000447000,001784,092599,092530,063709,089655,090073
0000000449,0000448000,001620,091248,095825,058888,086363,092452
0000000450,0000449000,003177,088149,097064,055400,082468,093661
0000000451,0000450000,004378,085626,098092,054118,079276,094490
0000000452,0000451000,005752,084276,099026,054626,076186,093961
0000000453,0000452000,007906,081703,097356,057467,074174,092812
0000000454,0000453000,008739,081970,097112,061848,073108,090791
0000000455,0000454000,010739,081196,094362,067668,073059,088055
0000000456,0000455000,011030,082288,092259,074399,074407,085259
0000000457,0000456000,011974,083496,089467,080871,076424,082073
0000000458,0000457000,011944,085229,086666,087259,079605,079495
0000000459,0000458000,010901,088117,084891,092191,083003,077162
0000000460,0000459000,010764,089744,082284,095719,086717,075727
0000000461,0000460000,008549,093007,082113,097319,090232,075158
0000000462,0000461000,007600,094367,081123,096706,093089,075404
0000000463,0000462000,005868,096062,081899,094303,095364,076806
0000000464,0000463000,004112,097004,083412,089812,096329,078709
0000000465,0000464000,003238,096721,085013,084334,096438,081496
0000000466,0000465000,001798,096584,087958,077887,095181,084411
0000000467,0000466000,001870,094581,089977,071368,093002,087473
0000000468,0000467000,001476,093304,093178,065485,090049,090311
0000000469,0000468000,002274,090521,094933,060490,086418,092478
0000000470,0000469000,003258,088262,096920,057295,082855,094143
0000000471,0000470000,004287,086160,098261,055846,079211,094641
0000000472,0000471000,006215,083669,098012,056620,076320,094421
0000000473,0000472000,007493,082774,098039,059298,074094,093130
0000000474,0000473000,009272,081419,096189,063740,072935,091052
0000000475,0000474000,010362,081760,094607,069552,073017,088448
0000000476,0000475000,011379,082211,091991,075936,074063,085309
0000000477,0000476000,011755,083577,089475,082602,076381,082337
0000000478,0000477000,011618,085687,087149,088578,079310,079393
0000000479,0000478000,011358,087462,084396,093536,082919,077137
0000000480,0000479000,010062,090376,083201,096841,086650,075567
0000000481,0000480000,009058,092218,081663,098236,090170,074859
0000000482,0000481000,007315,094476,081626,097628,093284,075243
0000000483,0000482000,005795,095889,082159,094903,095404,076397
0000000484,0000483000,004334,096540,083335,090630,096676,078556
0000000485,0000484000,002966,096866,085469,084909,096636,081197
0000000486,0000485000,002350,095843,087457,078571,095518,084302
0000000487,0000486000,001583,094927,090433,072137,093337,087454
0000000488,0000487000,001937,092751,092578,066197,090253,090300
0000000489,0000488000,002295,090740,094996,061483,086738,092744
0000000490,0000489000,003251,088393,096781,058237,082884,094283
0000000491,0000490000,004742,085908,097615,057039,079345,095049
0000000492,0000491000,006023,084263,098171,057772,076214,094731
0000000493,0000492000,007843,082518,097354,060547,073953,093502
0000000494,0000493000,009097,082017,096356,065047,072754,091434
0000000495,0000494000,010475,081752,094238,070718,072649,088647
0000000496,0000495000,011275,082490,092044,077194,073835,085591
0000000497,0000496000,011631,083816,089596,083614,075973,082328
0000000498,0000497000,011740,085433,086903,089546,079078,079416
0000000499,0000498000,010969,087904,085015,094290,082667,076962
0000000500,0000499000,010197,089918,083038,097451,086484,075285
0000000501,0000500000,008774,092363,082183,098725,090176,074569
0000000502,0000501000,007320,094182,081795,097888,093266,074777
0000000503,0000502000,005776,095572,082333,095184,095642,076068
0000000504,0000503000,004261,096438,083674,090702,096864,078118
0000000505,0000504000,003174,096343,085330,085051,096981,080920
0000000506,0000505000,002179,095945,087851,078713,095863,084083
0000000507,0000506000,001947,094433,090069,072325,093650,087321
0000000508,0000507000,001921,092829,092634,066557,090611,090382
0000000509,0000508000,002502,090651,094755,061881,086913,092839
0000000510,0000509000,003508,088300,096379,058884,083088,094611
0000000511,0000510000,004716,086263,097534,057726,079335,095367
0000000512,0000511000,006322,084211,097634,058653,076141,095157
0000000513,0000512000,007742,082991,097311,061511,073765,093931
0000000514,0000513000,009295,082081,095909,066005,072423,091789
0000000515,0000514000,010382,082129,094195,071756,072330,089017
0000000516,0000515000,011211,082722,091980,078083,073379,085754
0000000517,0000516000,011640,083878,089488,084479,075611,082457
0000000518,0000517000,011433,085783,087254,090217,078681,079335
0000000519,0000518000,011003,087688,084982,094819,082372,076769
0000000520,0000519000,009930,090045,083484,097802,086308,074982
0000000521,0000520000,008713,092109,082368,098845,090065,074116
0000000522,0000521000,007199,093994,082150,097922,093362,074345
0000000523,0000522000,005667,095352,082678,095013,095774,075533
0000000524,0000523000,004327,096019,083787,090516,097172,077688
0000000525,0000524000,003082,096220,085683,084812,097321,080521
0000000526,0000525000,002407,095455,087714,078506,096253,083800
0000000527,0000526000,001972,094368,090181,072228,094072,087208
0000000528,0000527000,002121,092619,092434,066552,090934,090364
0000000529,0000528000,002696,090567,094508,062102,087231,093042
0000000530,0000529000,003629,088438,096166,059226,083228,094880
0000000531,0000530000,004973,086270,097052,058298,079395,095792
0000000532,0000531000,006366,084568,097424,059362,076045,095625
0000000533,0000532000,007937,083132,096834,062329,073528,094404
0000000534,0000533000,009253,082512,095735,066927,072111,092268
0000000535,0000534000,010396,082411,093969,072641,071878,089362
0000000536,0000535000,011169,082967,091845,078962,072942,086039
0000000537,0000536000,011447,084224,089609,085202,075119,082546
0000000538,0000537000,011375,085800,087254,090809,078259,079293
0000000539,0000538000,010735,087863,085343,095204,082028,076559
0000000540,0000539000,009812,089912,083704,097959,086057,074607
0000000541,0000540000,008503,092011,082785,098829,089988,073668
0000000542,0000541000,007069,093739,082528,097671,093383,073776
0000000543,0000542000,005616,094990,082981,094657,095982,074991
0000000544,0000543000,004224,095766,084178,090042,097464,077145
0000000545,0000544000,003199,095739,085780,084327,097720,080075
0000000546,0000545000,002419,095231,087920,078071,096709,083483
0000000547,0000546000,002159,094040,090090,071886,094509,087022
0000000548,0000547000,002299,092446,092303,066406,091368,090388
0000000549,0000548000,002884,090514,094279,062119,087542,093195
0000000550,0000549000,003885,088424,095756,059501,083455,095224
0000000551,0000550000,005111,086505,096733,058773,079456,096236
0000000552,0000551000,006590,084729,096917,060033,075960,096150
0000000553,0000552000,007992,083545,096510,063161,073309,094966
0000000554,0000553000,009332,082844,095351,067822,071736,092773
0000000555,0000554000,010380,082787,093729,073575,071442,089817
0000000556,0000555000,011050,083369,091766,079807,072417,086332
0000000557,0000556000,011348,084453,089552,085941,074609,082704
0000000558,0000557000,011135,086067,087477,091347,077775,079258
0000000559,0000558000,010564,087880,085546,095510,081626,076338
0000000560,0000559000,009558,089922,084111,098030,085794,074240
0000000561,0000560000,008315,091821,083194,098629,089846,073145
0000000562,0000561000,006908,093449,082972,097277,093431,073198
0000000563,0000562000,005472,094680,083453,094076,096159,074360
0000000564,0000563000,004227,095289,084479,089376,097792,076560
0000000565,0000564000,003183,095375,086113,083637,098148,079571
0000000566,0000565000,002557,094790,088003,077437,097192,083102
0000000567,0000566000,002307,093739,090103,071402,095022,086828
0000000568,0000567000,002514,092215,092152,066101,091822,090359
0000000569,0000568000,003143,090391,093967,062081,087936,093379
0000000570,0000569000,004107,088501,095397,059713,083707,095564
0000000571,0000570000,005382,086617,096214,059252,079565,096724
0000000572,0000571000,006742,085070,096474,060743,075907,096729
0000000573,0000572000,008147,083896,095995,064034,073083,095568
0000000574,0000573000,009377,083296,094959,068806,071386,093367
0000000575,0000574000,010343,083255,093447,074555,070962,090306
0000000576,0000575000,010968,083769,091573,080728,071886,086704
0000000577,0000576000,011147,084849,089588,086693,074047,082893
0000000578,0000577000,010938,086271,087597,091878,077251,079255
0000000579,0000578000,010279,088035,085884,095776,081190,076142
0000000580,0000579000,009308,089870,084508,097992,085469,073851
0000000581,0000580000,008067,091642,083704,098320,089692,072625
0000000582,0000581000,006696,093154,083524,096705,093430,072563
0000000583,0000582000,005362,094234,083930,093327,096338,073700
0000000584,0000583000,004147,094845,084962,088514,098113,075917
0000000585,0000584000,003240,094841,086410,082762,098587,079010
0000000586,0000585000,002660,094347,088201,076649,097713,082684
0000000587,0000586000,002508,093334,090103,070772,095556,086576
0000000588,0000587000,002769,091927,091987,065725,092342,090320
0000000589,0000588000,003417,090274,093660,061985,088364,093532
0000000590,0000589000,004420,088496,094912,059936,084020,095917
0000000591,0000590000,005630,086830,095705,059777,079721,097229
0000000592,0000591000,006982,085374,095864,061529,075889,097335
0000000593,0000592000,008286,084357,095444,065021,072901,096229
0000000594,0000593000,009438,083809,094474,069890,071037,093998
0000000595,0000594000,010318,083782,093072,075654,070501,090867
0000000596,0000595000,010828,084302,091386,081722,071334,087121
0000000597,0000596000,010957,085254,089544,087501,073467,083138
0000000598,0000597000,010651,086603,087788,092421,076694,079295
0000000599,0000598000,009987,088174,086202,095994,080703,075967
0000000600,0000599000,008989,089861,085001,097876,085110,073488
0000000601,0000600000,007775,091451,084295,097868,089479,072090
0000000602,0000601000,006471,092790,084136,095977,093400,071923
0000000603,0000602000,005191,093779,084559,092385,096476,073002
0000000604,0000603000,004101,094264,085475,087464,098414,075234
0000000605,0000604000,003269,094273,086827,081711,099023,078405
0000000606,0000605000,002809,093781,088417,075701,098233,082209
0000000607,0000606000,002735,092860,090141,070039,096123,086287
0000000608,0000607000,003060,091587,091825,065274,092888,090229
0000000609,0000608000,003762,090083,093282,061884,088848,093664
0000000610,0000609000,004750,088521,094412,060197,084385,096248
0000000611,0000610000,005958,087008,095059,060389,079935,097729
0000000612,0000611000,007230,085759,095193,062442,075933,097960
0000000613,0000612000,008460,084862,094775,066146,072762,096909
0000000614,0000613000,009507,084403,093891,071130,070740,094679
0000000615,0000614000,010268,084424,092635,076881,070060,091471
0000000616,0000615000,010686,084895,091111,082827,070798,087601
0000000617,0000616000,010700,085785,089513,088373,072880,083439
0000000618,0000617000,010342,086971,087946,092972,076112,079387
0000000619,0000618000,009620,088388,086586,096174,080184,075845
0000000620,0000619000,008622,089860,085554,097657,084694,073153
0000000621,0000620000,007441,091240,084967,097276,089216,071582
0000000622,0000621000,006191,092409,084877,095062,093303,071283
0000000623,0000622000,005019,093222,085267,091246,096560,072296
0000000624,0000623000,004024,093628,086124,086212,098668,074525
0000000625,0000624000,003327,093582,087305,080472,099419,077758
0000000626,0000625000,002973,093129,088712,074608,098740,081690
0000000627,0000626000,003003,092291,090208,069198,096685,085936
0000000628,0000627000,003412,091159,091645,064783,093461,090089
0000000629,0000628000,004147,089863,092892,061795,089368,093740
0000000630,0000629000,005157,088495,093813,060535,084807,096538
0000000631,0000630000,006318,087225,094342,061128,080219,098203
0000000632,0000631000,007530,086170,094393,063515,076049,098569
0000000633,0000632000,008654,085443,093995,067457,072703,097600
0000000634,0000633000,009579,085096,093202,072547,070507,095378
0000000635,0000634000,010217,085157,092090,078273,069679,092118
0000000636,0000635000,010498,085617,090792,084054,070299,088131
0000000637,0000636000,010416,086394,089422,089316,072311,083802
0000000638,0000637000,009963,087444,088123,093536,075526,079549
0000000639,0000638000,009200,088647,086999,096295,079631,075786
0000000640,0000639000,008193,089884,086182,097322,084232,072883
0000000641,0000640000,007045,091031,085748,096509,088880,071120
0000000642,0000641000,005879,091968,085722,093942,093128,070678
0000000643,0000642000,004807,092608,086121,089879,096558,071602
0000000644,0000643000,003953,092878,086872,084737,098839,073808
0000000645,0000644000,003388,092792,087897,079038,099748,077086
0000000646,0000645000,003173,092353,089078,073357,099191,081122
0000000647,0000646000,003322,091611,090313,068264,097223,085528
0000000648,0000647000,003815,090652,091476,064263,094030,089875
0000000649,0000648000,004610,089562,092448,061753,089918,093744
0000000650,0000649000,005617,088455,093154,060984,085285,096756
0000000651,0000650000,006745,087438,093504,062033,080581,098614
0000000652,0000651000,007869,086633,093475,064796,076263,099135
0000000653,0000652000,008875,086101,093082,068988,072748,098262
0000000654,0000653000,009660,085890,092379,074183,070381,096077
0000000655,0000654000,010142,086020,091445,079851,069392,092787
0000000656,0000655000,010285,086448,090378,085420,069877,088708
0000000657,0000656000,010069,087134,089298,090331,071793,084232
0000000658,0000657000,009526,088006,088288,094096,074957,079792
0000000659,0000658000,008706,088979,087457,096339,079064,075821
0000000660,0000659000,007693,089945,086891,096835,083716,072703
0000000661,0000660000,006592,090809,086634,095537,088465,070746
0000000662,0000661000,005513,091489,086713,092575,092847,070144
0000000663,0000662000,004576,091901,087107,088253,096437,070958
0000000664,0000663000,003870,092029,087767,083013,098888,073114
0000000665,0000664000,003471,091869,088602,077389,099960,076405
0000000666,0000665000,003412,091446,089535,071951,099549,080518
0000000667,0000666000,003696,090810,090471,067244,097692,085054
0000000668,0000667000,004294,090032,091307,063741,094568,089576
0000000669,0000668000,005142,089193,091975,061791,090477,093645
0000000670,0000669000,006158,088369,092404,061589,085815,096865
0000000671,0000670000,007232,087662,092554,063155,081034,098919
0000000672,0000671000,008258,087138,092414,066330,076597,099606
0000000673,0000672000,009124,086843,092016,070787,072937,098856
0000000674,0000673000,009741,086803,091412,076070,070406,096736
0000000675,0000674000,010052,087009,090666,081640,069250,093452
0000000676,0000675000,010022,087427,089875,086932,069582,089317
0000000677,0000676000,009663,088003,089110,091413,071370,084730
0000000678,0000677000,009010,088686,088447,094634,074443,080135
0000000679,0000678000,008130,089393,087955,096269,078503,075976
0000000680,0000679000,007115,090048,087681,096157,083158,072659
0000000681,0000680000,006068,090591,087647,094309,087957,070508
0000000682,0000681000,005102,090957,087847,090916,092434,069734
0000000683,0000682000,004314,091114,088258,086325,096155,070415
0000000684,0000683000,003789,091057,088813,081009,098760,072486
0000000685,0000684000,003577,090807,089449,075509,099998,075751
0000000686,0000685000,003698,090391,090098,070385,099749,079895
0000000687,0000686000,004139,089865,090687,066156,098038,084517
0000000688,0000687000,004851,089293,091156,063248,095030,089173
0000000689,0000688000,005763,088729,091459,061954,091015,093410
0000000690,0000689000,006778,088240,091571,062404,086384,096816
0000000691,0000690000,007792,087882,091476,064551,081585,099060
0000000692,0000691000,008697,087689,091200,068175,077083,099922
0000000693,0000692000,009398,087675,090784,072900,073314,099317
0000000694,0000693000,009825,087837,090277,078244,070642,097302
0000000695,0000694000,009930,088148,089746,083658,069323,094071
0000000696,0000695000,009709,088558,089255,088592,069483,089934
0000000697,0000696000,009183,089026,088856,092544,071108,085291
0000000698,0000697000,008408,089494,088588,095112,074036,080591
0000000699,0000698000,007465,089902,088488,096039,077985,076290
0000000700,0000699000,006451,090207,088560,095229,082571,072803
0000000701,0000700000,005474,090374,088787,092768,087350,070471
0000000702,0000701000,004636,090383,089144,088909,091857,069521
0000000703,0000702000,004028,090236,089578,084052,095658,070044
0000000704,0000703000,003709,089961,090032,078696,098387,071990
0000000705,0000704000,003715,089592,090449,073388,099782,075172
0000000706,0000705000,004044,089174,090779,068672,099712,079283
0000000707,0000706000,004660,088766,090980,065029,098185,083924
0000000708,0000707000,005501,088415,091024,062832,095352,088649
0000000709,0000708000,006477,088166,090911,062304,091488,092997
0000000710,0000709000,007488,088052,090649,063498,086972,096549
0000000711,0000710000,008423,088094,090269,066290,082240,098960
0000000712,0000711000,009186,088283,089825,070390,077750,099998
0000000713,0000712000,009696,088596,089372,075375,073936,099563
0000000714,0000713000,009898,088999,088968,080733,071163,097697
0000000715,0000714000,009773,089437,088666,085912,069696,094582
0000000716,0000715000,009331,089857,088511,090382,069673,090519
0000000717,0000716000,008619,090208,088521,093683,071093,085901
0000000718,0000717000,007710,090441,088706,095477,073813,081177
0000000719,0000718000,006700,090518,089053,095578,077565,076803
0000000720,0000719000,005697,090426,089521,093978,081985,073203
0000000721,0000720000,004807,090170,090057,090842,086641,070723
0000000722,0000721000,004125,089769,090599,086498,091083,069602
0000000723,0000722000,003722,089273,091079,081393,094887,069944
0000000724,0000723000,003643,088739,091430,076055,097686,071715
0000000725,0000724000,003897,088224,091611,071031,099215,074743
0000000726,0000725000,004458,087793,091590,066841,099332,078732
0000000727,0000726000,005270,087504,091354,063918,098031,083296
0000000728,0000727000,006249,087398,090923,062564,095444,087992
0000000729,0000728000,007292,087494,090335,062921,091828,092363
0000000730,0000729000,008285,087801,089648,064952,087539,095990
0000000731,0000730000,009124,088290,088940,068443,082993,098523
0000000732,0000731000,009718,088909,088294,073033,078629,099723
0000000733,0000732000,010005,089598,087787,078247,074866,099476
0000000734,0000733000,009953,090280,087481,083545,072062,097813
0000000735,0000734000,009565,090876,087426,088383,070481,094896
0000000736,0000735000,008878,091317,087635,092257,070271,091008
0000000737,0000736000,007961,091548,088101,094765,071443,086531
0000000738,0000737000,006910,091526,088790,095643,073874,081899
0000000739,0000738000,005838,091241,089637,094797,077322,077562
0000000740,0000739000,004859,090713,090552,092317,081446,073936
0000000741,0000740000,004078,089985,091439,088462,085841,071369
0000000742,0000741000,003578,089131,092199,083631,090087,070100
0000000743,0000742000,003414,088240,092740,078326,093776,070246
0000000744,0000743000,003606,087407,092995,073095,096559,071787
0000000745,0000744000,004136,086720,092928,068480,098175,074570
0000000746,0000745000,004954,086262,092525,064962,098477,078320
0000000747,0000746000,005977,086095,091815,062911,097445,082672
0000000748,0000747000,007099,086248,090858,062547,095190,087200
0000000749,0000748000,008199,086723,089747,063910,091943,091464
0000000750,0000749000,009159,087484,088590,066857,088027,095055
0000000751,0000750000,009876,088460,087514,071082,083825,097633
0000000752,0000751000,010272,089554,086638,076145,079742,098959
0000000753,0000752000,010306,090656,086058,081520,076167,098913
0000000754,0000753000,009968,091653,085847,086652,073436,097509
0000000755,0000754000,009291,092432,086044,091006,071803,094889
0000000756,0000755000,008337,092908,086645,094125,071416,091311
0000000757,0000756000,007205,093017,087602,095677,072299,087129
0000000758,0000757000,006014,092727,088835,095492,074353,082752
0000000759,0000758000,004891,092056,090225,093586,077363,078606
0000000760,0000759000,003957,091059,091625,090158,081027,075088
0000000761,0000760000,003312,089830,092894,085566,084984,072528
0000000762,0000761000,003026,088488,093896,080289,088854,071162
0000000763,0000762000,003131,087170,094517,074872,092269,071108
0000000764,0000763000,003620,086008,094682,069879,094911,072361
0000000765,0000764000,004450,085125,094360,065830,096537,074791
0000000766,0000765000,005540,084629,093560,063156,097001,078154
0000000767,0000766000,006780,084582,092347,062146,096274,082118
0000000768,0000767000,008037,085007,090834,062915,094445,086291
0000000769,0000768000,009178,085877,089167,065386,091710,090267
0000000770,0000769000,010078,087114,087515,069301,088347,093666
0000000771,0000770000,010642,088598,086050,074251,084689,096172
0000000772,0000771000,010811,090187,084923,079721,081088,097558
0000000773,0000772000,010563,091727,084257,085143,077883,097707
0000000774,0000773000,009917,093057,084132,089955,075372,096618
0000000775,0000774000,008932,094040,084582,093650,073784,094408
0000000776,0000775000,007705,094562,085581,095831,073255,091302
0000000777,0000776000,006361,094549,087046,096258,073818,087611
0000000778,0000777000,005043,093986,088841,094877,075398,083701
0000000779,0000778000,003895,092919,090787,091826,077819,079953
0000000780,0000779000,003037,091447,092686,087426,080830,076724
0000000781,0000780000,002560,089709,094346,082137,084131,074313
0000000782,0000781000,002516,087873,095599,076508,087403,072932
0000000783,0000782000,002913,086118,096311,071124,090340,072696
0000000784,0000783000,003718,084619,096395,066545,092672,073610
0000000785,0000784000,004857,083533,095825,063256,094190,075569
0000000786,0000785000,006218,082988,094630,061614,094768,078372
0000000787,0000786000,007660,083061,092915,061808,094370,081733
0000000788,0000787000,009028,083755,090846,063827,093061,085317
0000000789,0000788000,010176,085015,088629,067464,090994,088773
0000000790,0000789000,010981,086719,086489,072336,088387,091774
0000000791,0000790000,011361,088699,084641,077936,085504,094045
0000000792,0000791000,011275,090772,083268,083680,082624,095389
0000000793,0000792000,010727,092738,082509,088975,080015,095701
0000000794,0000793000,009763,094399,082463,093266,077914,094972
0000000795,0000794000,008474,095582,083151,096096,076504,093290
0000000796,0000795000,006986,096151,084530,097151,075899,090837
0000000797,0000796000,005456,096023,086483,096305,076130,087865
0000000798,0000797000,004049,095197,088815,093634,077149,084675
0000000799,0000798000,002914,093756,091288,089417,078826,081578
0000000800,0000799000,002173,091836,093653,084097,080977,078867
0000000801,0000800000,001897,089625,095678,078230,083381,076786
0000000802,0000801000,002118,087330,097165,072423,085804,075512
0000000803,0000802000,002819,085169,097964,067279,088022,075141
0000000804,0000803000,003937,083357,097977,063336,089838,075682
0000000805,0000804000,005370,082083,097179,061020,091097,077059
0000000806,0000805000,006972,081496,095626,060592,091705,079118
0000000807,0000806000,008576,081678,093453,062117,091634,081641
0000000808,0000807000,010007,082623,090881,065442,090922,084371
0000000809,0000808000,011113,084234,088175,070220,089668,087039
0000000810,0000809000,011780,086351,085606,075947,088021,089396
0000000811,0000810000,011944,088769,083424,082028,086154,091231
0000000812,0000811000,011586,091262,081837,087833,084251,092395
0000000813,0000812000,010735,093599,081003,092761,082486,092805
0000000814,0000813000,009469,095543,081022,096292,081012,092454
0000000815,0000814000,007905,096893,081921,098042,079948,091402
0000000816,0000815000,006204,097495,083629,097806,079365,089778
0000000817,0000816000,004545,097263,085995,095591,079286,087760
0000000818,0000817000,003108,096209,088779,091623,079683,085556
0000000819,0000818000,002047,094450,091684,086319,080485,083386
0000000820,0000819000,001467,092164,094425,080239,081587,081450
0000000821,0000820000,001421,089566,096742,074014,082864,079915
0000000822,0000821000,001917,086905,098409,068285,084189,078903
0000000823,0000822000,002912,084425,099267,063647,085442,078478
0000000824,0000823000,004315,082370,099218,060593,086519,078645
0000000825,0000824000,005992,080960,098232,059458,087342,079355
0000000826,0000825000,007771,080356,096389,060384,087866,080510
0000000827,0000826000,009463,080633,093866,063288,088079,081973
0000000828,0000827000,010882,081778,090910,067872,088000,083589
0000000829,0000828000,011881,083663,087845,073649,087669,085198
0000000830,0000829000,012363,086083,084973,080011,087146,086650
0000000831,0000830000,012286,088821,082555,086301,086503,087828
0000000832,0000831000,011655,091617,080827,091870,085805,088646
0000000833,0000832000,010524,094200,079960,096140,085118,089058
0000000834,0000833000,009001,096333,080043,098654,084490,089063
0000000835,0000834000,007233,097781,081098,099133,083952,088703
0000000836,0000835000,005402,098377,083048,097503,083520,088044
0000000837,0000836000,003708,098056,085691,093926,083194,087175
0000000838,0000837000,002326,096842,088765,088773,082962,086199
0000000839,0000838000,001408,094862,091944,082592,082813,085209
0000000840,0000839000,001037,092345,094893,076034,082737,084297
0000000841,0000840000,001238,089518,097375,069773,082714,083530
0000000842,0000841000,002003,086627,099136,064454,082743,082950
0000000843,0000842000,003253,083984,099998,060632,082822,082582
0000000844,0000843000,004877,081817,099877,058717,082957,082419
0000000845,0000844000,006710,080355,098768,058929,083168,082432
0000000846,0000845000,008559,079782,096748,061261,083474,082579
0000000847,0000846000,010232,080143,094028,065479,083887,082825
0000000848,0000847000,011544,081408,090897,071136,084415,083122
0000000849,0000848000,012365,083439,087663,077634,085037,083446
0000000850,0000849000,012613,086013,084682,084290,085723,083770
0000000851,0000850000,012287,088882,082188,090419,086427,084080
0000000852,0000851000,011398,091803,080429,095393,087093,084380
0000000853,0000852000,010041,094466,079594,098687,087652,084671
0000000854,0000853000,008345,096619,079750,099950,088044,084970
0000000855,0000854000,006476,098060,080904,099028,088195,085296
0000000856,0000855000,004644,098596,082954,096008,088050,085660
0000000857,0000856000,003027,098200,085693,091202,087579,086054
0000000858,0000857000,001810,096906,088829,085120,086781,086457
0000000859,0000858000,001108,094860,092042,078407,085703,086830
0000000860,0000859000,000987,092290,094996,071766,084418,087131
0000000861,0000860000,001443,089428,097448,065878,083031,087316
0000000862,0000861000,002441,086532,099171,061349,081664,087334
0000000863,0000862000,003885,083913,099956,058656,080450,087151
0000000864,0000863000,005625,081821,099754,058092,079508,086745
0000000865,0000864000,007491,080436,098584,059729,078969,086100
0000000866,0000865000,009276,079949,096540,063406,078923,085236
0000000867,0000866000,010796,080387,093835,068730,079418,084206
0000000868,0000867000,011895,081677,090766,075139,080451,083097
0000000869,0000868000,012457,083696,087645,081951,081957,082012
0000000870,0000869000,012446,086223,084774,088458,083813,081063
0000000871,0000870000,011862,089010,082421,093990,085863,080358
0000000872,0000871000,010767,091809,080794,097976,087920,079991
0000000873,0000872000,009264,094331,080069,099998,089789,080032
0000000874,0000873000,007508,096318,080318,099832,091283,080518
0000000875,0000874000,005685,097591,081499,097486,092228,081452
0000000876,0000875000,003986,098016,083493,093206,092493,082789
0000000877,0000876000,002594,097551,086098,087447,092007,084433
0000000878,0000877000,001644,096271,089040,080824,090780,086235
0000000879,0000878000,001235,094324,091997,074038,088895,088024
0000000880,0000879000,001390,091909,094702,067795,086510,089625
0000000881,0000880000,002092,089247,096907,062735,083836,090866
0000000882,0000881000,003270,086607,098398,059385,081121,091602
0000000883,0000882000,004805,084260,099020,058095,078618,091731
0000000884,0000883000,006540,082427,098726,059011,076579,091202
0000000885,0000884000,008284,081292,097563,062040,075226,090016
0000000886,0000885000,009856,080964,095645,066859,074724,088244
0000000887,0000886000,011088,081456,093193,072951,075163,086030
0000000888,0000887000,011860,082686,090470,079663,076537,083570
0000000889,0000888000,012102,084529,087735,086289,078747,081099
0000000890,0000889000,011799,086797,085257,092138,081598,078864
0000000891,0000890000,010986,089249,083276,096609,084834,077091
0000000892,0000891000,009745,091660,081974,099238,088158,075973
0000000893,0000892000,008206,093788,081466,099746,091250,075648
0000000894,0000893000,006532,095400,081815,098076,093805,076188
0000000895,0000894000,004904,096352,082957,094405,095559,077578
0000000896,0000895000,003498,096577,084738,089131,096310,079729
0000000897,0000896000,002458,096062,086982,082821,095949,082460
0000000898,0000897000,001885,094880,089447,076152,094479,085521
0000000899,0000898000,001825,093186,091874,069826,092017,088621
0000000900,0000899000,002279,091137,094043,064501,088774,091458
0000000901,0000900000,003194,088934,095753,060729,085053,093745
0000000902,0000901000,007037,090864,098595,059430,084618,095238
0000000903,0000902000,006587,090358,096606,060039,084618,096031
0000000904,0000903000,009181,092162,099226,062876,084618,095449
0000000905,0000904000,009162,090196,094244,067498,084618,094012
0000000906,0000905000,011994,090845,094785,072728,084618,091475
0000000907,0000906000,014425,089579,091632,078988,084618,088125
0000000908,0000907000,-06277,087763,086836,079089,084618,084752
0000000909,0000908000,002792,088749,088261,079089,084618,084752
0000000910,0000909000,016932,090225,090071,079089,084618,084752
0000000911,0000910000,016406,090226,090450,079089,084618,084752
0000000912,0000911000,001374,088763,089365,079089,084618,084752
0000000913,0000912000,-09191,087729,088669,079089,084618,084752
0000000914,0000913000,-03613,088293,089494,079089,084618,084752
0000000915,0000914000,008302,089473,090839,079089,084618,084752
0000000916,0000915000,010054,089622,091045,079089,084618,084752
0000000917,0000916000,000342,088614,089989,079089,084618,084752
0000000918,0000917000,-06746,087863,089098,079089,084618,084752
0000000919,0000918000,-01433,088352,089378,079089,084618,084752
0000000920,0000919000,009412,089397,090174,079089,084618,084752
0000000921,0000920000,012572,089683,090198,079089,084618,084752
0000000922,0000921000,005979,089003,089277,079089,084618,084752
0000000923,0000922000,000168,088414,088489,079089,084618,084752
0000000924,0000923000,003392,088740,088679,079089,084618,084752
0000000925,0000924000,011137,089529,089402,079089,084618,084752
0000000926,0000925000,013130,089751,089632,079089,084618,084752
0000000927,0000926000,007137,089179,089135,079089,084618,084752
0000000928,0000927000,001131,088608,088691,079089,084618,084752
0000000929,0000928000,002119,088735,088979,079089,084618,084752
0000000930,0000929000,007300,089276,089698,079089,084618,084752
0000000931,0000930000,008720,089434,090027,079089,084618,084752
0000000932,0000931000,004106,088981,089721,079089,084618,084752
0000000933,0000932000,-00662,088505,089354,079089,084618,084752
0000000934,0000933000,000146,088578,089489,079089,084618,084752
0000000935,0000934000,004774,089027,089951,079089,084618,084752
0000000936,0000935000,006955,089228,090116,079089,084618,084752
0000000937,0000936000,004394,088952,089765,079089,084618,084752
0000000938,0000937000,001297,088623,089333,079089,084618,084752
0000000939,0000938000,002267,088703,089294,079089,084618,084752
0000000940,0000939000,006266,089090,089562,079089,084618,084752
0000000941,0000940000,008421,089297,089663,079089,084618,084752
0000000942,0000941000,006613,089114,089395,079089,084618,084752
0000000943,0000942000,003897,088846,089073,079089,084618,084752
0000000944,0000943000,004045,088869,089075,079089,084618,084752
0000000945,0000944000,006608,089136,089356,079089,084618,084752
0000000946,0000945000,007913,089280,089541,079089,084618,084752
0000000947,0000946000,006126,089115,089440,079089,084618,084752
0000000948,0000947000,003486,088863,089267,079089,084618,084752
0000000949,0000948000,003072,088832,089317,079089,084618,084752
0000000950,0000949000,004805,089011,089574,079089,084618,084752
0000000951,0000950000,005894,089123,089749,079089,084618,084752
0000000952,0000951000,004726,089005,089676,079089,084618,084752
0000000953,0000952000,002855,088814,089506,079089,084618,084752
0000000954,0000953000,002708,088792,089484,079089,084618,084752
0000000955,0000954000,004368,088950,089620,079089,084618,084752
0000000956,0000955000,005679,089072,089702,079089,084618,084752
0000000957,0000956000,005211,089016,089597,079089,084618,084752
0000000958,0000957000,004005,088888,089413,079089,084618,084752
0000000959,0000958000,003962,088878,089349,079089,084618,084752
0000000960,0000959000,005281,089007,089431,079089,084618,084752
0000000961,0000960000,006338,089113,089502,079089,084618,084752
0000000962,0000961000,005937,089075,089443,079089,084618,084752
0000000963,0000962000,004796,088965,089328,079089,084618,084752
0000000964,0000963000,004443,088935,089308,079089,084618,084752
0000000965,0000964000,005173,089015,089410,079089,084618,084752
0000000966,0000965000,005804,089084,089511,079089,084618,084752
0000000967,0000966000,005357,089044,089509,079089,084618,084752
0000000968,0000967000,004323,088945,089447,079089,084618,084752
0000000969,0000968000,003910,088907,089443,079089,084618,084752
0000000970,0000969000,004437,088960,089523,079089,084618,084752
0000000971,0000970000,005023,089018,089599,079089,084618,084752
0000000972,0000971000,004845,088997,089586,079089,084618,084752
0000000973,0000972000,004197,088929,089514,079089,084618,084752
0000000974,0000973000,003999,088905,089478,079089,084618,084752
0000000975,0000974000,004547,088956,089509,079089,084618,084752
0000000976,0000975000,005173,089015,089543,079089,084618,084752
0000000977,0000976000,005191,089013,089516,079089,084618,084752
0000000978,0000977000,004761,088968,089446,079089,084618,084752
0000000979,0000978000,004593,088950,089408,079089,084618,084752
0000000980,0000979000,004965,088988,089431,079089,084618,084752
0000000981,0000980000,005402,089033,089469,079089,084618,084752
0000000982,0000981000,005353,089030,089466,079089,084618,084752
0000000983,0000982000,004911,088988,089431,079089,084618,084752
0000000984,0000983000,004637,088964,089418,079089,084618,084752
0000000985,0000984000,004798,088983,089452,079089,084618,084752
0000000986,0000985000,005061,089011,089498,079089,084618,084752
0000000987,0000986000,004991,089006,089510,079089,084618,084752
0000000988,0000987000,004629,088971,089490,079089,084618,084752
0000000989,0000988000,004403,088948,089479,079089,084618,084752
0000000990,0000989000,004546,088962,089499,079089,084618,084752
0000000991,0000990000,004816,088988,089527,079089,084618,084752
0000000992,0000991000,004856,088990,089527,079089,084618,084752
0000000993,0000992000,004661,088969,089498,079089,084618,084752
0000000994,0000993000,004548,088955,089475,079089,084618,084752
0000000995,0000994000,004708,088970,089478,079089,084618,084752
0000000996,0000995000,004969,088994,089491,079089,084618,084752
0000000997,0000996000,005042,089001,089486,079089,084618,084752
0000000998,0000997000,004899,088986,089463,079089,084618,084752
0000000999,0000998000,004783,088975,089446,079089,084618,084752
0000001000,0000999000,004860,088983,089452,079089,084618,084752
0000001001,0001000000,005017,089000,089470,079089,084618,084752
0000001002,0001001000,005032,089003,089476,079089,084618,084752
0000001003,0001002000,004874,088989,089468,079089,084618,084752
0000001004,0001003000,004729,088975,089462,079089,084618,084752
0000001005,0001004000,004743,088978,089472,079089,084618,084752
0000001006,0001005000,004843,088988,089491,079089,084618,084752
0000001007,0001006000,004857,088990,089499,079089,084618,084752
0000001008,0001007000,004746,088979,089493,079089,084618,084752
0000001009,0001008000,004648,088969,089485,079089,084618,084752
0000001010,0001009000,004680,088971,089488,079089,084618,084752
0000001011,0001010000,004794,088982,089496,079089,084618,084752
0000001012,0001011000,004848,088986,089497,079089,084618,084752
0000001013,0001012000,004800,088981,089487,079089,084618,084752
0000001014,0001013000,004748,088975,089475,079089,084618,084752
0000001015,0001014000,004786,088978,089473,079089,084618,084752
0000001016,0001015000,004883,088987,089478,079089,084618,084752
0000001017,0001016000,004929,088992,089479,079089,084618,084752
0000001018,0001017000,004885,088988,089472,079089,084618,084752
0000001019,0001018000,004823,088982,089466,079089,084618,084752
0000001020,0001019000,004825,088983,089467,079089,084618,084752
0000001021,0001020000,004874,088988,089475,079089,084618,084752
0000001022,0001021000,004890,088990,089480,079089,084618,084752
0000001023,0001022000,004838,088986,089479,079089,084618,084752
0000001024,0001023000,004774,088980,089477,079089,084618,084752
0000001025,0001024000,004763,088979,089479,079089,084618,084752
0000001026,0001025000,004799,088983,089486,079089,084618,084752
0000001027,0001026000,004819,088984,089490,079089,084618,084752
0000001028,0001027000,004792,088982,089488,079089,084618,084752
0000001029,0001028000,004756,088978,089484,079089,084618,084752
0000001030,0001029000,004761,088978,089483,079089,084618,084752
0000001031,0001030000,004804,088982,089485,079089,084618,084752
0000001032,0001031000,004838,088985,089485,079089,084618,084752
0000001033,0001032000,004831,088984,089482,079089,084618,084752
0000001034,0001033000,004809,088981,089477,079089,084618,084752
0000001035,0001034000,004813,088981,089475,079089,084618,084752
0000001036,0001035000,004845,088985,089477,079089,084618,084752
0000001037,0001036000,004866,088987,089478,079089,084618,084752
0000001038,0001037000,004853,088986,089477,079089,084618,084752
0000001039,0001038000,004825,088983,089475,079089,084618,084752
0000001040,0001039000,004815,088983,089475,079089,084618,084752
0000001041,0001040000,004828,088984,089478,079089,084618,084752
0000001042,0001041000,004836,088985,089481,079089,084618,084752
0000001043,0001042000,004822,088984,089481,079089,084618,084752
0000001044,0001043000,004797,088981,089481,079089,084618,084752
0000001045,0001044000,004788,088981,089481,079089,084618,084752
0000001046,0001045000,004800,088982,089483,079089,084618,084752
0000001047,0001046000,004813,088983,089484,079089,084618,084752
0000001048,0001047000,004810,088983,089484,079089,084618,084752
0000001049,0001048000,004798,088981,089482,079089,084618,084752
0000001050,0001049000,004798,088981,089480,079089,084618,084752
0000001051,0001050000,004813,088982,089481,079089,084618,084752
0000001052,0001051000,004829,088984,089481,079089,084618,084752
0000001053,0001052000,004831,088984,089480,079089,084618,084752
0000001054,0001053000,004822,088983,089478,079089,084618,084752
0000001055,0001054000,004819,088983,089477,079089,084618,084752
0000001056,0001055000,004828,088984,089478,079089,084618,084752
0000001057,0001056000,004836,088984,089479,079089,084618,084752
0000001058,0001057000,004832,088984,089479,079089,084618,084752
0000001059,0001058000,004821,088983,089478,079089,084618,084752
0000001060,0001059000,004813,088983,089479,079089,084618,084752
0000001061,0001060000,004816,088983,089480,079089,084618,084752
0000001062,0001061000,004820,088983,089481,079089,084618,084752
0000001063,0001062000,004817,088983,089481,079089,084618,084752
0000001064,0001063000,004808,088982,089481,079089,084618,084752
0000001065,0001064000,004804,088982,089481,079089,084618,084752
0000001066,0001065000,004808,088982,089481,079089,084618,084752
0000001067,0001066000,004815,088983,089482,079089,084618,084752
0000001068,0001067000,004816,088983,089481,079089,084618,084752
0000001069,0001068000,004813,088982,089481,079089,084618,084752
0000001070,0001069000,004812,088982,089480,079089,084618,084752
0000001071,0001070000,004817,088983,089480,079089,084618,084752
0000001072,0001071000,004824,088983,089480,079089,084618,084752
0000001073,0001072000,004825,088983,089480,079089,084618,084752
0000001074,0001073000,004822,088983,089479,079089,084618,084752
0000001075,0001074000,004819,088983,089479,079089,084618,084752
0000001076,0001075000,004821,088983,089479,079089,084618,084752
0000001077,0001076000,004823,088983,089480,079089,084618,084752
0000001078,0001077000,004823,088983,089480,079089,084618,084752
0000001079,0001078000,004818,088983,089480,079089,084618,084752
0000001080,0001079000,004814,088983,089480,079089,084618,084752
0000001081,0001080000,004814,088983,089480,079089,084618,084752
0000001082,0001081000,004816,088983,089481,079089,084618,084752
0000001083,0001082000,004816,088983,089481,079089,084618,084752
0000001084,0001083000,004814,088983,089481,079089,084618,084752
0000001085,0001084000,004812,088982,089480,079089,084618,084752
0000001086,0001085000,004813,088983,089480,079089,084618,084752
0000001087,0001086000,004816,088983,089481,079089,084618,084752
0000001088,0001087000,004818,088983,089480,079089,084618,084752
0000001089,0001088000,004817,088983,089480,079089,084618,084752
0000001090,0001089000,004817,088983,089480,079089,084618,084752
0000001091,0001090000,004818,088983,089480,079089,084618,084752
0000001092,0001091000,004820,088983,089480,079089,084618,084752
0000001093,0001092000,004821,088983,089480,079089,084618,084752
0000001094,0001093000,004820,088983,089480,079089,084618,084752
0000001095,0001094000,004818,088983,089480,079089,084618,084752
0000001096,0001095000,004818,088983,089480,079089,084618,084752
0000001097,0001096000,004819,088983,089480,079089,084618,084752
0000001098,0001097000,004819,088983,089480,079089,084618,084752
0000001099,0001098000,004817,088983,089480,079089,084618,084752
0000001100,0001099000,004816,088983,089480,079089,084618,084752
0000001101,0001100000,004815,088983,089480,079089,084618,084752
