0000000001,0000000000,088010,087770,071963,085638,088937,074375
0000000002,0000001000,085462,090203,072078,082623,091653,074673
0000000003,0000002000,082610,092059,073076,079325,093646,075979
0000000004,0000003000,079764,093121,074858,076067,094718,078164
0000000005,0000004000,077182,093301,077260,073166,094766,081018
0000000006,0000005000,075106,092598,080039,070903,093789,084258
0000000007,0000006000,073765,091063,082914,069510,091875,087564
0000000008,0000007000,073287,088837,085620,069115,089215,090619
0000000009,0000008000,073700,086155,087889,069755,086072,093123
0000000010,0000009000,074964,083291,089489,071375,082749,094825
0000000011,0000010000,076986,080490,090268,073810,079576,095563
0000000012,0000011000,079547,078042,090154,076826,076859,095265
0000000013,0000012000,082375,076212,089157,080124,074867,093959
0000000014,0000013000,085229,075141,087373,083383,073793,091774
0000000015,0000014000,087827,074945,084971,086285,073745,088920
0000000016,0000015000,089885,075665,082194,088543,074727,085680
0000000017,0000016000,091222,077204,079318,089941,076635,082373
0000000018,0000017000,091719,079413,076612,090335,079296,079319
0000000019,0000018000,091301,082099,074343,089691,082443,076815
0000000020,0000019000,090018,084982,072743,088075,085762,075112
0000000021,0000020000,088015,087764,071964,085640,088935,074375
0000000022,0000021000,085461,090204,072077,082622,091654,074673
0000000023,0000022000,082608,092061,073075,079324,093647,075979
0000000024,0000023000,079765,093120,074859,076068,094717,078164
0000000025,0000024000,077183,093301,077261,073164,094767,081018
0000000026,0000025000,075106,092600,080038,070903,093789,084258
0000000027,0000026000,073766,091063,082914,069510,091875,087565
0000000028,0000027000,073288,088836,085620,069114,089216,090620
0000000029,0000028000,073697,086157,087889,069755,086072,093123
0000000030,0000029000,074966,083289,089489,071373,082750,094826
0000000031,0000030000,076987,080489,090268,073809,079577,095563
0000000032,0000031000,079542,078046,090155,076825,076860,095265
0000000033,0000032000,082377,076209,089157,080123,074867,093959
0000000034,0000033000,085232,075138,087373,083382,073794,091774
0000000035,0000034000,087822,074949,084972,086283,073746,088920
0000000036,0000035000,089884,075665,082194,088543,074726,085680
0000000037,0000036000,091227,077200,079317,089940,076636,082374
0000000038,0000037000,091717,079414,076613,090334,079297,079319
0000000039,0000038000,091297,082103,074344,089691,082443,076816
0000000040,0000039000,090023,084977,072743,088075,085762,075113
0000000041,0000040000,088017,087762,071963,085639,088936,074375
0000000042,0000041000,085455,090210,072077,082622,091654,074674
0000000043,0000042000,082611,092058,073074,079325,093646,075979
0000000044,0000043000,079770,093116,074858,076067,094718,078165
0000000045,0000044000,077178,093305,077260,073164,094768,081018
0000000046,0000045000,075104,092601,080038,070904,093788,084258
0000000047,0000046000,073771,091059,082914,069510,091876,087564
0000000048,0000047000,073286,088838,085620,069113,089217,090619
0000000049,0000048000,073693,086162,087889,069756,086072,093122
0000000050,0000049000,074970,083285,089489,071374,082751,094825
0000000051,0000050000,076987,080488,090268,073808,079578,095563
0000000052,0000051000,079537,078051,090155,076824,076861,095265
0000000053,0000052000,082378,076208,089158,080123,074867,093959
0000000054,0000053000,085234,075135,087374,083380,073795,091774
0000000055,0000054000,087819,074952,084972,086282,073747,088920
0000000056,0000055000,089883,075666,082194,088543,074725,085681
0000000057,0000056000,091230,077196,079318,089939,076637,082375
0000000058,0000057000,091716,079415,076613,090333,079297,079320
0000000059,0000058000,091296,082104,074343,089691,082442,076817
0000000060,0000059000,090027,084974,072743,088075,085761,075114
0000000061,0000060000,088017,087762,071963,085638,088935,074376
0000000062,0000061000,085454,090212,072077,082622,091654,074674
0000000063,0000062000,082614,092056,073074,079325,093645,075979
0000000064,0000063000,079770,093115,074858,076067,094718,078165
0000000065,0000064000,077176,093308,077259,073164,094767,081018
0000000066,0000065000,075106,092601,080037,070905,093787,084258
0000000067,0000066000,073772,091058,082913,069510,091876,087564
0000000068,0000067000,073283,088841,085619,069113,089218,090618
0000000069,0000068000,073693,086162,087888,069756,086072,093121
0000000070,0000069000,074971,083283,089489,071373,082752,094825
0000000071,0000070000,076984,080491,090269,073808,079579,095562
0000000072,0000071000,079536,078052,090155,076824,076861,095264
0000000073,0000072000,082381,076205,089158,080122,074868,093959
0000000074,0000073000,085232,075136,087375,083379,073797,091774
0000000075,0000074000,087816,074953,084973,086281,073748,088921
0000000076,0000075000,089886,075662,082195,088542,074726,085682
0000000077,0000076000,091230,077194,079319,089937,076637,082376
0000000078,0000077000,091713,079417,076613,090332,079297,079321
0000000079,0000078000,091298,082102,074344,089690,082441,076818
0000000080,0000079000,090030,084971,072743,088074,085761,075115
0000000081,0000080000,088015,087765,071963,085638,088934,074377
0000000082,0000081000,085455,090212,072076,082623,091652,074675
0000000083,0000082000,082618,092053,073073,079326,093644,075980
0000000084,0000083000,079769,093117,074857,076068,094717,078165
0000000085,0000084000,077175,093311,077258,073166,094766,081018
0000000086,0000085000,075109,092599,080036,070906,093786,084257
0000000087,0000086000,073772,091059,082912,069511,091876,087563
0000000088,0000087000,073280,088845,085618,069115,089218,090617
0000000089,0000088000,073693,086162,087888,069757,086072,093120
0000000090,0000089000,074971,083283,089489,071373,082754,094823
0000000091,0000090000,076980,080494,090269,073808,079581,095561
0000000092,0000091000,079535,078053,090156,076824,076863,095263
0000000093,0000092000,082381,076202,089160,080121,074870,093959
0000000094,0000093000,085229,075138,087376,083377,073799,091774
0000000095,0000094000,087815,074953,084975,086279,073749,088921
0000000096,0000095000,089888,075658,082197,088540,074727,085683
0000000097,0000096000,091230,077193,079321,089934,076638,082377
0000000098,0000097000,091713,079417,076614,090330,079297,079323
0000000099,0000098000,091301,082098,074344,089689,082440,076820
0000000100,0000099000,090031,084969,072743,088073,085760,075117
0000000101,0000100000,088016,087765,071962,085638,088932,074379
0000000102,0000101000,085458,090210,072074,082623,091649,074677
0000000103,0000102000,082621,092052,073071,079327,093642,075981
0000000104,0000103000,079769,093120,074855,076070,094715,078165
0000000105,0000104000,077176,093311,077256,073169,094764,081017
0000000106,0000105000,075111,092599,080034,070909,093786,084255
0000000107,0000106000,073769,091063,082911,069513,091876,087561
0000000108,0000107000,073278,088848,085617,069117,089218,090615
0000000109,0000108000,073694,086162,087887,069759,086074,093117
0000000110,0000109000,074968,083286,089489,071374,082756,094820
0000000111,0000110000,076976,080497,090270,073808,079584,095559
0000000112,0000111000,079534,078051,090158,076823,076866,095261
0000000113,0000112000,082379,076202,089162,080118,074874,093958
0000000114,0000113000,085225,075139,087379,083374,073801,091774
0000000115,0000114000,087815,074951,084977,086276,073751,088922
0000000116,0000115000,089889,075655,082199,088536,074729,085684
0000000117,0000116000,091228,077193,079323,089931,076639,082380
0000000118,0000117000,091714,079414,076615,090328,079296,079326
0000000119,0000118000,091305,082094,074345,089687,082439,076824
0000000120,0000119000,090032,084968,072743,088071,085758,075121
0000000121,0000120000,088018,087765,071961,085638,088929,074382
0000000122,0000121000,085463,090207,072073,082624,091646,074679
0000000123,0000122000,082623,092052,073069,079329,093639,075982
0000000124,0000123000,079769,093122,074852,076073,094712,078165
0000000125,0000124000,077179,093312,077253,073172,094761,081017
0000000126,0000125000,075111,092601,080031,070912,093784,084254
0000000127,0000126000,073767,091068,082908,069516,091876,087558
0000000128,0000127000,073278,088850,085615,069120,089218,090611
0000000129,0000128000,073693,086164,087887,069761,086076,093113
0000000130,0000129000,074964,083290,089490,071375,082759,094816
0000000131,0000130000,076973,080499,090271,073808,079587,095555
0000000132,0000131000,079532,078051,090160,076821,076870,095259
0000000133,0000132000,082375,076203,089165,080116,074878,093956
0000000134,0000133000,085222,075139,087382,083371,073805,091774
0000000135,0000134000,087815,074947,084981,086272,073754,088923
0000000136,0000135000,089888,075652,082203,088532,074731,085687
0000000137,0000136000,091228,077191,079325,089927,076640,082383
0000000138,0000137000,091717,079409,076617,090324,079295,079330
0000000139,0000138000,091308,082089,074346,089684,082437,076828
0000000140,0000139000,090034,084966,072742,088070,085754,075125
0000000141,0000140000,088022,087762,071959,085638,088925,074386
0000000142,0000141000,085468,090205,072070,082626,091641,074682
0000000143,0000142000,082625,092053,073065,079331,093634,075984
0000000144,0000143000,079772,093124,074847,076077,094707,078166
0000000145,0000144000,077182,093313,077249,073177,094758,081016
0000000146,0000145000,075111,092605,080027,070917,093782,084251
0000000147,0000146000,073765,091073,082905,069521,091874,087554
0000000148,0000147000,073277,088853,085613,069124,089219,090606
0000000149,0000148000,073689,086168,087886,069763,086078,093108
0000000150,0000149000,074958,083295,089490,071376,082762,094811
0000000151,0000150000,076970,080501,090273,073808,079591,095551
0000000152,0000151000,079528,078052,090163,076819,076875,095255
0000000153,0000152000,082370,076205,089169,080112,074883,093954
0000000154,0000153000,085219,075137,087387,083367,073810,091773
0000000155,0000154000,087814,074943,084986,086267,073758,088924
0000000156,0000155000,089886,075650,082207,088526,074734,085690
0000000157,0000156000,091228,077186,079329,089922,076641,082387
0000000158,0000157000,091721,079403,076620,090320,079294,079336
0000000159,0000158000,091311,082085,074347,089681,082435,076834
0000000160,0000159000,090038,084963,072742,088069,085750,075131
0000000161,0000160000,088028,087757,071957,085639,088920,074391
0000000162,0000161000,085473,090203,072067,082628,091636,074686
0000000163,0000162000,082628,092055,073061,079335,093628,075986
0000000164,0000163000,079777,093125,074842,076082,094701,078166
0000000165,0000164000,077185,093315,077243,073182,094753,081014
0000000166,0000165000,075111,092611,080022,070923,093779,084248
0000000167,0000166000,073765,091078,082901,069527,091873,087549
0000000168,0000167000,073275,088858,085610,069129,089220,090600
0000000169,0000168000,073684,086174,087885,069767,086081,093102
0000000170,0000169000,074953,083300,089490,071378,082767,094805
0000000171,0000170000,076965,080503,090275,073807,079597,095545
0000000172,0000171000,079522,078054,090167,076817,076882,095251
0000000173,0000172000,082364,076206,089174,080108,074890,093951
0000000174,0000173000,085216,075134,087392,083361,073816,091773
0000000175,0000174000,087812,074939,084992,086260,073764,088926
0000000176,0000175000,089885,075646,082213,088519,074737,085693
0000000177,0000176000,091230,077180,079333,089915,076642,082393
0000000178,0000177000,091725,079396,076623,090314,079294,079342
0000000179,0000178000,091315,082080,074348,089676,082432,076841
0000000180,0000179000,090044,084958,072741,088067,085745,075138
0000000181,0000180000,088036,087753,071955,085639,088913,074398
0000000182,0000181000,085479,090202,072063,082630,091628,074691
0000000183,0000182000,082634,092055,073055,079340,093620,075989
0000000184,0000183000,079782,093126,074836,076089,094694,078167
0000000185,0000184000,077188,093319,077237,073190,094748,081012
0000000186,0000185000,075111,092617,080016,070931,093775,084243
0000000187,0000186000,073764,091084,082895,069535,091872,087543
0000000188,0000187000,073272,088865,085607,069136,089221,090593
0000000189,0000188000,073678,086182,087883,069771,086085,093093
0000000190,0000189000,074947,083306,089491,071381,082772,094797
0000000191,0000190000,076958,080507,090278,073807,079605,095538
0000000192,0000191000,079514,078057,090172,076814,076891,095245
0000000193,0000192000,082357,076206,089180,080103,074899,093948
0000000194,0000193000,085212,075131,087400,083353,073824,091772
0000000195,0000194000,087808,074935,084999,086251,073770,088928
0000000196,0000195000,089883,075640,082220,088510,074742,085698
0000000197,0000196000,091233,077172,079339,089906,076643,082400
0000000198,0000197000,091728,079388,076627,090306,079292,079351
0000000199,0000198000,091320,082073,074350,089671,082428,076851
0000000200,0000199000,090052,084951,072740,088064,085738,075147
0000000201,0000200000,088044,087747,071952,085639,088905,074406
0000000202,0000201000,085486,090200,072057,082633,091619,074697
0000000203,0000202000,082641,092055,073048,079346,093611,075993
0000000204,0000203000,079788,093128,074827,076097,094685,078168
0000000205,0000204000,077191,093325,077228,073199,094741,081010
0000000206,0000205000,075111,092624,080008,070941,093770,084238
0000000207,0000206000,073763,091091,082889,069544,091870,087535
0000000208,0000207000,073267,088874,085602,069143,089223,090583
0000000209,0000208000,073671,086191,087881,069777,086089,093083
0000000210,0000209000,074939,083312,089492,071383,082779,094787
0000000211,0000210000,076949,080512,090282,073806,079614,095529
0000000212,0000211000,079505,078061,090178,076810,076901,095238
0000000213,0000212000,082350,076205,089188,080097,074909,093944
0000000214,0000213000,085206,075128,087409,083344,073834,091771
0000000215,0000214000,087804,074931,085009,086241,073778,088931
0000000216,0000215000,089883,075632,082228,088499,074747,085704
0000000217,0000216000,091235,077162,079346,089896,076645,082408
0000000218,0000217000,091732,079379,076632,090298,079291,079361
0000000219,0000218000,091327,082064,074352,089665,082423,076862
0000000220,0000219000,090062,084942,072739,088061,085731,075158
0000000221,0000220000,088054,087742,071948,085639,088895,074415
0000000222,0000221000,085495,090197,072050,082637,091608,074705
0000000223,0000222000,082650,092054,073039,079353,093599,075997
0000000224,0000223000,079795,093131,074818,076106,094675,078168
0000000225,0000224000,077194,093331,077218,073211,094732,081007
0000000226,0000225000,075113,092632,079999,070953,093765,084232
0000000227,0000226000,073761,091101,082881,069555,091868,087526
0000000228,0000227000,073261,088885,085597,069153,089224,090572
0000000229,0000228000,073663,086201,087879,069784,086094,093071
0000000230,0000229000,074930,083320,089493,071387,082788,094775
0000000231,0000230000,076938,080519,090286,073806,079625,095518
0000000232,0000231000,079494,078065,090185,076806,076913,095230
0000000233,0000232000,082341,076205,089198,080089,074921,093939
0000000234,0000233000,085198,075125,087420,083334,073845,091770
0000000235,0000234000,087798,074925,085020,086228,073787,088934
0000000236,0000235000,089882,075623,082238,088486,074752,085711
0000000237,0000236000,091238,077151,079355,089884,076648,082418
0000000238,0000237000,091737,079368,076638,090287,079289,079373
0000000239,0000238000,091336,082053,074354,089658,082417,076875
0000000240,0000239000,090073,084932,072738,088057,085721,075171
0000000241,0000240000,088065,087735,071943,085640,088883,074427
0000000242,0000241000,085507,090194,072043,082642,091594,074713
0000000243,0000242000,082661,092054,073029,079361,093586,076002
0000000244,0000243000,079803,093135,074806,076118,094663,078169
0000000245,0000244000,077199,093339,077206,073224,094722,081004
0000000246,0000245000,075115,092641,079987,070967,093758,084225
0000000247,0000246000,073759,091112,082872,069569,091866,087515
0000000248,0000247000,073255,088898,085591,069164,089226,090559
0000000249,0000248000,073655,086213,087876,069792,086101,093057
0000000250,0000249000,074919,083331,089494,071390,082798,094761
0000000251,0000250000,076925,080527,090291,073805,079638,095506
0000000252,0000251000,079481,078069,090194,076801,076928,095221
0000000253,0000252000,082330,076205,089209,080080,074936,093934
0000000254,0000253000,085189,075121,087433,083321,073859,091770
0000000255,0000254000,087793,074917,085033,086214,073798,088938
0000000256,0000255000,089881,075612,082251,088471,074759,085719
0000000257,0000256000,091240,077139,079365,089870,076650,082430
0000000258,0000257000,091744,079355,076645,090275,079287,079388
0000000259,0000258000,091346,082040,074357,089649,082410,076890
0000000260,0000259000,090085,084921,072737,088053,085711,075186
0000000261,0000260000,088078,087727,071938,085640,088869,074440
0000000262,0000261000,085521,090189,072033,082648,091579,074723
0000000263,0000262000,082674,092053,073017,079371,093570,076008
0000000264,0000263000,079812,093139,074792,076131,094649,078170
0000000265,0000264000,077205,093347,077192,073240,094711,081000
0000000266,0000265000,075117,092652,079974,070983,093751,084216
0000000267,0000266000,073755,091126,082861,069584,091863,087503
0000000268,0000267000,073248,088912,085583,069177,089229,090544
0000000269,0000268000,073644,086226,087873,069801,086108,093040
0000000270,0000269000,074905,083343,089496,071395,082810,094745
0000000271,0000270000,076910,080537,090297,073805,079653,095492
0000000272,0000271000,079467,078073,090203,076795,076944,095210
0000000273,0000272000,082317,076205,089222,080069,074953,093928
0000000274,0000273000,085178,075117,087448,083307,073874,091769
0000000275,0000274000,087787,074908,085048,086198,073810,088942
0000000276,0000275000,089879,075599,082265,088454,074768,085728
0000000277,0000276000,091243,077124,079377,089853,076653,082443
0000000278,0000277000,091751,079339,076653,090262,079284,079404
0000000279,0000278000,091358,082024,074361,089640,082402,076908
0000000280,0000279000,090099,084909,072735,088048,085698,075203
0000000281,0000280000,088094,087718,071931,085641,088853,074455
0000000282,0000281000,085537,090183,072023,082654,091561,074735
0000000283,0000282000,082688,092053,073003,079382,093552,076015
0000000284,0000283000,079823,093144,074776,076146,094632,078171
0000000285,0000284000,077213,093356,077175,073257,094698,080995
0000000286,0000285000,075119,092665,079959,071001,093742,084206
0000000287,0000286000,073752,091143,082849,069601,091860,087488
0000000288,0000287000,073240,088929,085574,069192,089232,090526
0000000289,0000288000,073632,086242,087869,069811,086117,093022
0000000290,0000289000,074889,083357,089497,071400,082823,094727
0000000291,0000290000,076893,080547,090304,073804,079670,095476
0000000292,0000291000,079451,078078,090215,076788,076963,095198
0000000293,0000292000,082301,076205,089237,080057,074972,093921
0000000294,0000293000,085166,075112,087465,083291,073891,091767
0000000295,0000294000,087780,074898,085065,086179,073824,088947
0000000296,0000295000,089877,075585,082281,088434,074777,085739
0000000297,0000296000,091246,077108,079390,089835,076656,082459
0000000298,0000297000,091760,079321,076662,090246,079281,079423
0000000299,0000298000,091371,082007,074365,089629,082393,076928
0000000300,0000299000,090115,084894,072734,088043,085684,075223
0000000301,0000300000,088112,087707,071924,085642,088835,074472
0000000302,0000301000,085555,090177,072011,082661,091541,074748
0000000303,0000302000,082703,092053,072987,079395,093532,076022
0000000304,0000303000,079836,093150,074758,076164,094614,078172
0000000305,0000304000,077221,093366,077157,073277,094683,080989
0000000306,0000305000,075121,092681,079942,071022,093733,084194
0000000307,0000306000,073748,091161,082834,069621,091857,087472
0000000308,0000307000,073231,088948,085564,069208,089235,090506
0000000309,0000308000,073618,086260,087865,069823,086126,093000
0000000310,0000309000,074872,083373,089499,071405,082838,094706
0000000311,0000310000,076874,080559,090311,073803,079689,095458
0000000312,0000311000,079432,078085,090227,076780,076985,095185
0000000313,0000312000,082284,076206,089254,080043,074994,093913
0000000314,0000313000,085153,075107,087484,083272,073911,091766
0000000315,0000314000,087771,074887,085085,086157,073839,088953
0000000316,0000315000,089874,075570,082299,088412,074787,085751
0000000317,0000316000,091250,077089,079405,089814,076659,082476
0000000318,0000317000,091770,079301,076673,090229,079277,079444
0000000319,0000318000,091386,081988,074370,089616,082383,076951
0000000320,0000319000,090134,084877,072732,088037,085668,075245
0000000321,0000320000,088133,087694,071916,085644,088815,074491
0000000322,0000321000,085576,090170,071998,082669,091518,074762
0000000323,0000322000,082721,092053,072969,079410,093509,076030
0000000324,0000323000,079850,093156,074737,076183,094593,078173
0000000325,0000324000,077230,093378,077136,073300,094666,080983
0000000326,0000325000,075123,092698,079922,071046,093722,084182
0000000327,0000326000,073744,091181,082818,069643,091853,087453
0000000328,0000327000,073221,088969,085553,069226,089239,090484
0000000329,0000328000,073602,086281,087859,069836,086137,092976
0000000330,0000329000,074852,083391,089501,071411,082856,094683
0000000331,0000330000,076852,080572,090320,073801,079711,095438
0000000332,0000331000,079410,078092,090242,076772,077009,095169
0000000333,0000332000,082264,076207,089272,080028,075018,093904
0000000334,0000333000,085138,075100,087505,083252,073933,091765
0000000335,0000334000,087761,074874,085108,086133,073857,088959
0000000336,0000335000,089871,075552,082320,088387,074798,085765
0000000337,0000336000,091254,077067,079422,089791,076663,082496
0000000338,0000337000,091781,079278,076685,090209,079273,079467
0000000339,0000338000,091402,081966,074375,089603,082371,076976
0000000340,0000339000,090155,084858,072730,088031,085650,075269
0000000341,0000340000,088156,087679,071908,085645,088792,074513
0000000342,0000341000,085598,090162,071983,082679,091493,074778
0000000343,0000342000,082742,092052,072949,079426,093484,076039
0000000344,0000343000,079867,093162,074714,076205,094570,078175
0000000345,0000344000,077241,093391,077112,073325,094648,080976
0000000346,0000345000,075127,092716,079900,071072,093711,084167
0000000347,0000346000,073740,091203,082800,069668,091849,087433
0000000348,0000347000,073210,088993,085540,069247,089243,090459
0000000349,0000348000,073585,086305,087854,069850,086150,092950
0000000350,0000349000,074830,083411,089502,071418,082875,094657
0000000351,0000350000,076828,080587,090329,073799,079735,095415
0000000352,0000351000,079386,078101,090257,076762,077036,095153
0000000353,0000352000,082243,076207,089293,080010,075044,093895
0000000354,0000353000,085121,075093,087530,083229,073957,091764
0000000355,0000354000,087750,074860,085133,086107,073876,088967
0000000356,0000355000,089867,075533,082343,088360,074810,085780
0000000357,0000356000,091258,077043,079442,089765,076667,082518
0000000358,0000357000,091793,079252,076699,090188,079269,079493
0000000359,0000358000,091420,081942,074382,089588,082358,077004
0000000360,0000359000,090178,084837,072728,088024,085629,075296
0000000361,0000360000,088182,087663,071898,085647,088766,074536
0000000362,0000361000,085624,090153,071966,082689,091464,074796
0000000363,0000362000,082765,092051,072927,079445,093456,076049
0000000364,0000363000,079885,093169,074689,076229,094545,078176
0000000365,0000364000,077252,093406,077086,073353,094628,080968
0000000366,0000365000,075130,092737,079876,071101,093698,084151
0000000367,0000366000,073736,091228,082779,069695,091845,087410
0000000368,0000367000,073197,089020,085526,069269,089248,090432
0000000369,0000368000,073566,086330,087847,069866,086163,092920
0000000370,0000369000,074806,083433,089504,071425,082896,094629
0000000371,0000370000,076801,080604,090339,073797,079762,095391
0000000372,0000371000,079359,078111,090274,076750,077065,095134
0000000373,0000372000,082219,076208,089316,079991,075074,093885
0000000374,0000373000,085101,075086,087556,083203,073983,091763
0000000375,0000374000,087738,074845,085160,086077,073897,088975
0000000376,0000375000,089863,075511,082369,088329,074823,085797
0000000377,0000376000,091263,077017,079463,089737,076671,082542
0000000378,0000377000,091805,079224,076714,090164,079263,079522
0000000379,0000378000,091440,081915,074389,089572,082344,077034
0000000380,0000379000,090203,084813,072727,088017,085607,075326
0000000381,0000380000,088210,087645,071888,085649,088738,074562
0000000382,0000381000,085652,090143,071948,082701,091434,074815
0000000383,0000382000,082791,092050,072903,079465,093425,076060
0000000384,0000383000,079906,093177,074661,076256,094517,078177
0000000385,0000384000,077265,093422,077057,073384,094606,080960
0000000386,0000385000,075135,092760,079849,071132,093684,084133
0000000387,0000386000,073731,091255,082757,069724,091841,087385
0000000388,0000387000,073184,089049,085510,069294,089254,090402
0000000389,0000388000,073545,086359,087839,069883,086178,092888
0000000390,0000389000,074780,083458,089506,071433,082919,094598
0000000391,0000390000,076771,080623,090350,073795,079791,095364
0000000392,0000391000,079329,078121,090293,076738,077097,095114
0000000393,0000392000,082192,076210,089342,079970,075106,093874
0000000394,0000393000,085080,075078,087586,083175,074012,091762
0000000395,0000394000,087723,074829,085191,086045,073920,088984
0000000396,0000395000,089859,075487,082398,088296,074838,085816
0000000397,0000396000,091268,076988,079487,089706,076676,082568
0000000398,0000397000,091819,079194,076731,090139,079257,079554
0000000399,0000398000,091462,081885,074397,089554,082328,077068
0000000400,0000399000,090231,084787,072725,088009,085583,075358
0000000401,0000400000,088241,087626,071877,085652,088708,074590
0000000402,0000401000,085132,092095,073892,081524,091973,075412
0000000403,0000402000,086821,090800,071637,078453,093447,076129
0000000404,0000403000,085300,094543,076022,075053,095109,078804
0000000405,0000404000,084940,091364,074994,075489,093629,080002
0000000406,0000405000,084828,091193,078258,073500,093150,083609
0000000407,0000406000,083675,088735,080172,077458,089148,084677
0000000408,0000407000,083958,085615,081921,077970,086448,087514
0000000409,0000408000,083066,086381,087626,083185,081752,088325
0000000410,0000409000,083515,080681,086463,086128,078227,089764
0000000411,0000410000,082693,081761,091383,090380,074315,089743
0000000412,0000411000,083664,076591,088540,094732,071190,089056
0000000413,0000412000,082556,077637,090352,096470,069745,088408
0000000414,0000413000,084079,076190,088363,099935,068351,086027
0000000415,0000414000,083447,077174,087222,099034,069857,084817
0000000416,0000415000,084184,079104,085644,099998,070717,081559
0000000417,0000416000,084720,079706,082079,096679,074675,080391
0000000418,0000417000,084014,082630,080356,094727,077701,077755
0000000419,0000418000,085535,083279,076098,090046,082358,076841
0000000420,0000419000,084113,087555,075991,086121,086348,075890
0000000421,0000420000,085357,087909,072863,081607,090085,075739
0000000422,0000421000,084325,091836,074303,077030,093605,076836
0000000423,0000422000,084473,090855,072360,074528,095031,077564
0000000424,0000423000,084019,092295,074498,070905,096544,080130
0000000425,0000424000,083418,091235,075381,071242,095344,081643
0000000426,0000425000,083298,089903,077217,069969,094282,084739
0000000427,0000426000,082587,089639,081228,072780,090847,086445
0000000428,0000427000,082645,085822,082076,074569,087676,088868
0000000429,0000428000,081843,085643,086551,078489,083389,090156
0000000430,0000429000,082367,080993,086372,082606,079339,091108
0000000431,0000430000,081508,080401,089447,086245,075778,091441
0000000432,0000431000,082435,077750,089025,090876,072398,090515
0000000433,0000432000,081940,077504,089653,093021,070960,089859
0000000434,0000433000,082622,077085,088739,096166,069605,087470
0000000435,0000434000,082948,077162,086747,096100,070816,085924
0000000436,0000435000,082870,078724,085022,096569,072079,083020
0000000437,0000436000,083905,079349,081654,094158,075437,081184
0000000438,0000437000,083350,082535,080299,091793,078929,078958
0000000439,0000438000,084388,083602,076653,087879,083127,077525
0000000440,0000439000,083831,087345,076179,083532,087457,076844
0000000441,0000440000,084247,087959,073355,079601,091001,076451
0000000442,0000441000,083882,090579,073568,074841,094496,077493
0000000443,0000442000,083705,090903,072979,072363,096077,078350
0000000444,0000443000,083445,091322,073995,069027,097371,080695
0000000445,0000444000,082945,091604,076123,068744,096461,082534
0000000446,0000445000,082789,089674,077283,068194,095067,085342
0000000447,0000446000,082074,089251,080933,070085,091980,087461
0000000448,0000447000,082187,085893,082046,072554,088460,089640
0000000449,0000448000,081401,084815,085533,075905,084394,091249
0000000450,0000449000,081832,081617,086668,080309,080081,092016
0000000451,0000450000,081321,080285,088815,083944,076584,092501
0000000452,0000451000,081749,078426,089185,088468,073146,091588
0000000453,0000452000,081837,077424,089118,091050,071516,090760
0000000454,0000453000,081974,077217,088389,093956,070324,088531
0000000455,0000454000,082649,077136,086316,094492,071167,086606
0000000456,0000455000,082546,078839,084945,094695,072723,083940
0000000457,0000456000,083400,079580,081815,092928,075733,081664
0000000458,0000457000,083256,082526,080303,090306,079462,079586
0000000459,0000458000,083832,083744,077008,086904,083497,077885
0000000460,0000459000,083706,086650,075841,082417,087923,077172
0000000461,0000460000,083852,088061,073838,078648,091513,076717
0000000462,0000461000,083699,089899,073354,074024,094940,077612
0000000463,0000462000,083469,091038,073643,071223,096737,078617
0000000464,0000463000,083285,090958,074065,068262,097880,080781
0000000465,0000464000,082741,091313,076180,067378,097217,082894
0000000466,0000465000,082640,089498,077395,067211,095612,085548
0000000467,0000466000,081929,088714,080508,068578,092737,087966
0000000468,0000467000,081984,086154,082231,071218,089015,090079
0000000469,0000468000,081401,084574,085120,074368,085014,091900
0000000470,0000469000,081525,082016,086759,078726,080600,092702
0000000471,0000470000,081361,080242,088303,082489,076987,093209
0000000472,0000471000,081433,078677,088945,086873,073572,092433
0000000473,0000472000,081766,077462,088684,089820,071683,091410
0000000474,0000473000,081802,077512,088197,092580,070618,089333
0000000475,0000474000,082429,077411,086200,093602,071184,087122
0000000476,0000475000,082501,078967,084849,093683,072884,084531
0000000477,0000476000,083113,079813,081928,092386,075730,081980
0000000478,0000477000,083216,082274,080066,089725,079541,079854
0000000479,0000478000,083600,083890,077367,086579,083577,077990
0000000480,0000479000,083651,086240,075753,082201,088028,077127
0000000481,0000480000,083712,088160,074334,078351,091758,076658
0000000482,0000481000,083660,089527,073494,073956,095150,077387
0000000483,0000482000,083374,090790,073925,070797,097168,078513
0000000484,0000483000,083258,090682,074248,068048,098229,080556
0000000485,0000484000,082710,090864,076148,066743,097763,082886
0000000486,0000485000,082586,089433,077650,066642,096062,085507
0000000487,0000486000,081993,088410,080326,067708,093290,088151
0000000488,0000487000,081870,086284,082333,070260,089484,090353
0000000489,0000488000,081497,084401,084793,073322,085433,092310
0000000490,0000489000,081387,082199,086597,077531,080987,093271
0000000491,0000490000,081390,080290,087870,081425,077183,093776
0000000492,0000491000,081350,078958,088718,085683,073781,093162
0000000493,0000492000,081687,077723,088393,088941,071660,092002
0000000494,0000493000,081774,077801,087932,091641,070626,090006
0000000495,0000494000,082274,077726,086087,093055,071007,087599
0000000496,0000495000,082475,079005,084594,093177,072740,084955
0000000497,0000496000,082957,080101,082034,092200,075520,082208
0000000498,0000497000,083184,082152,079958,089696,079348,079927
0000000499,0000498000,083485,084027,077716,086660,083461,077926
0000000500,0000499000,083632,086023,075860,082501,087932,076862
0000000501,0000500000,083639,088025,074655,078528,091832,076366
0000000502,0000501000,083658,089219,073769,074305,095236,076932
0000000503,0000502000,083364,090414,074136,070875,097460,078137
0000000504,0000503000,083256,090457,074569,068156,098519,080126
0000000505,0000504000,082780,090455,076250,066551,098202,082620
0000000506,0000505000,082564,089296,077882,066326,096496,085313
0000000507,0000506000,082104,088121,080206,067165,093754,088139
0000000508,0000507000,081838,086259,082325,069511,089929,090526
0000000509,0000508000,081578,084291,084518,072493,085777,092607
0000000510,0000509000,081372,082372,086385,076512,081302,093781
0000000511,0000510000,081396,080460,087524,080506,077304,094322
0000000512,0000511000,081348,079228,088399,084667,073863,093853
0000000513,0000512000,081618,078071,088081,088177,071544,092623
0000000514,0000513000,081757,078055,087548,090920,070460,090645
0000000515,0000514000,082167,078109,085955,092638,070711,088092
0000000516,0000515000,082439,079153,084347,092947,072409,085322
0000000517,0000516000,082847,080411,082110,092209,075168,082403
0000000518,0000517000,083145,082150,079957,089972,078991,079906
0000000519,0000518000,083397,084066,077953,087028,083206,077754
0000000520,0000519000,083606,085876,076069,083102,087710,076466
0000000521,0000520000,083604,087783,074957,079059,091787,075902
0000000522,0000521000,083650,088945,074162,074926,095257,076321
0000000523,0000522000,083402,090019,074420,071302,097665,077562
0000000524,0000523000,083260,090159,074946,068491,098791,079552
0000000525,0000524000,082874,090009,076422,066637,098592,082169
0000000526,0000525000,082581,089052,078080,066181,096940,085004
0000000527,0000526000,082206,087826,080154,066800,094198,088003
0000000528,0000527000,081873,086173,082299,068870,090380,090626
0000000529,0000528000,081643,084247,084287,071741,086120,092860
0000000530,0000529000,081410,082510,086099,075551,081594,094268
0000000531,0000530000,081399,080681,087171,079592,077417,094896
0000000532,0000531000,081360,079495,087963,083698,073887,094554
0000000533,0000532000,081566,078500,087720,087393,071392,093307
0000000534,0000533000,081733,078382,087126,090270,070202,091308
0000000535,0000534000,082078,078553,085760,092241,070346,088635
0000000536,0000535000,082389,079423,084107,092829,071969,085698
0000000537,0000536000,082747,080700,082105,092325,074718,082602
0000000538,0000537000,083087,082232,080009,090405,078529,079853
0000000539,0000538000,083322,084075,078152,087600,082845,077519
0000000540,0000539000,083561,085767,076372,083896,087404,075995
0000000541,0000540000,083587,087505,075319,079851,091649,075317
0000000542,0000541000,083631,088637,074624,075755,095231,075602
0000000543,0000542000,083450,089569,074784,071988,097806,076840
0000000544,0000543000,083277,089755,075371,069016,099051,078861
0000000545,0000544000,082963,089523,076676,066925,098961,081583
0000000546,0000545000,082636,088726,078297,066172,097394,084598
0000000547,0000546000,082300,087514,080177,066542,094655,087783
0000000548,0000547000,081946,086021,082241,068290,090853,090665
0000000549,0000548000,081708,084222,084056,070996,086497,093097
0000000550,0000549000,081467,082617,085740,074587,081899,094746
0000000551,0000550000,081414,080950,086777,078608,077562,095509
0000000552,0000551000,081377,079821,087449,082692,073905,095288
0000000553,0000552000,081525,078993,087282,086520,071244,094063
0000000554,0000553000,081702,078806,086660,089585,069915,092024
0000000555,0000554000,081994,079044,085458,091798,069950,089244
0000000556,0000555000,082320,079800,083851,092716,071474,086119
0000000557,0000556000,082650,081008,082045,092483,074204,082829
0000000558,0000557000,083006,082393,080090,090908,077999,079809
0000000559,0000558000,083250,084094,078359,088308,082399,077257
0000000560,0000559000,083496,085657,076741,084829,087031,075487
0000000561,0000560000,083569,087193,075747,080845,091429,074649
0000000562,0000561000,083609,088269,075150,076767,095152,074805
0000000563,0000562000,083489,089057,075252,072889,097887,076009
0000000564,0000563000,083311,089255,075867,069721,099284,078070
0000000565,0000564000,083045,088987,077021,067385,099309,080891
0000000566,0000565000,082716,088301,078548,066291,097847,084101
0000000567,0000566000,082396,087154,080257,066368,095133,087492
0000000568,0000567000,082040,085806,082159,067760,091352,090647
0000000569,0000568000,081784,084195,083815,070230,086923,093316
0000000570,0000569000,081539,082719,085331,073588,082242,095218
0000000571,0000570000,081442,081257,086312,077522,077764,096155
0000000572,0000571000,081398,080221,086856,081591,073959,096063
0000000573,0000572000,081493,079537,086739,085516,071135,094887
0000000574,0000573000,081663,079337,086128,088791,069647,092806
0000000575,0000574000,081913,079608,085052,091257,069561,089926
0000000576,0000575000,082235,080281,083563,092534,070967,086608
0000000577,0000576000,082550,081371,081943,092624,073656,083104
0000000578,0000577000,082903,082620,080174,091423,077427,079803
0000000579,0000578000,083169,084132,078589,089099,081884,076999
0000000580,0000579000,083417,085533,077167,085867,086594,074972
0000000581,0000580000,083535,086857,076256,082003,091128,073937
0000000582,0000581000,083586,087836,075760,077951,095004,073957
0000000583,0000582000,083516,088474,075840,073990,097898,075101
0000000584,0000583000,083354,088650,076445,070613,099465,077197
0000000585,0000584000,083123,088375,077461,068016,099621,080114
0000000586,0000585000,082810,087766,078849,066555,098281,083520
0000000587,0000586000,082499,086732,080387,066284,095622,087132
0000000588,0000587000,082151,085537,082070,067285,091873,090567
0000000589,0000588000,081875,084145,083553,069447,087400,093505
0000000590,0000589000,081624,082830,084873,072541,082644,095670
0000000591,0000590000,081486,081597,085751,076325,078043,096816
0000000592,0000591000,081424,080698,086176,080358,074085,096868
0000000593,0000592000,081472,080150,086080,084353,071101,095764
0000000594,0000593000,081620,079984,085504,087836,069441,093653
0000000595,0000594000,081834,080266,084544,090572,069215,090679
0000000596,0000595000,082136,080863,083221,092227,070486,087173
0000000597,0000596000,082441,081811,081795,092694,073105,083442
0000000598,0000597000,082784,082912,080248,091903,076834,079857
0000000599,0000598000,083070,084198,078853,089924,081313,076776
0000000600,0000599000,083324,085401,077653,086981,086091,074478
0000000601,0000600000,083482,086495,076856,083299,090738,073218
0000000602,0000601000,083555,087326,076470,079301,094762,073086
0000000603,0000602000,083530,087809,076557,075287,097815,074146
0000000604,0000603000,083399,087935,077120,071709,099561,076260
0000000605,0000604000,083201,087666,078007,068837,099865,079266
0000000606,0000605000,082914,087118,079224,066990,098667,082856
0000000607,0000606000,082614,086229,080564,066319,096098,086697
0000000608,0000607000,082277,085209,081989,066889,092404,090415
0000000609,0000608000,081984,084056,083265,068671,087924,093641
0000000610,0000609000,081725,082949,084358,071451,083116,096082
0000000611,0000610000,081549,081970,085088,075019,078419,097463
0000000612,0000611000,081461,081251,085396,078975,074319,097681
0000000613,0000612000,081465,080848,085295,083006,071181,096671
0000000614,0000613000,081577,080752,084766,086681,069343,094551
0000000615,0000614000,081758,081033,083927,089696,068958,091498
0000000616,0000615000,082028,081555,082805,091744,070075,087818
0000000617,0000616000,082322,082348,081595,092636,072586,083858
0000000618,0000617000,082651,083273,080309,092299,076242,079994
0000000619,0000618000,082950,084300,079151,090737,080703,076621
0000000620,0000619000,083215,085265,078199,088140,085517,074041
0000000621,0000620000,083408,086105,077559,084707,090246,072534
0000000622,0000621000,083512,086733,077295,080816,094399,072226
0000000623,0000622000,083530,087052,077411,076785,097602,073179
0000000624,0000623000,083439,087102,077914,073031,099527,075285
0000000625,0000624000,083276,086839,078672,069879,099998,078364
0000000626,0000625000,083025,086352,079687,067635,098965,082117
0000000627,0000626000,082739,085628,080792,066516,096525,086180
0000000628,0000627000,082418,084809,081927,066610,092923,090175
0000000629,0000628000,082115,083921,082948,067938,088485,093697
0000000630,0000629000,081844,083077,083779,070338,083665,096422
0000000631,0000630000,081635,082380,084316,073620,078908,098058
0000000632,0000631000,081513,081881,084500,077435,074695,098464
0000000633,0000632000,081473,081645,084368,081458,071418,097573
0000000634,0000633000,081541,081647,083894,085289,069406,095476
0000000635,0000634000,081684,081925,083191,088582,068844,092366
0000000636,0000635000,081916,082372,082294,091030,069785,088538
0000000637,0000636000,082191,082998,081333,092390,072145,084364
0000000638,0000637000,082502,083711,080350,092555,075684,080235
0000000639,0000638000,082809,084450,079482,091482,080073,076568
0000000640,0000639000,083085,085129,078807,089304,084873,073700
0000000641,0000640000,083309,085680,078373,086198,089635,071932
0000000642,0000641000,083450,086059,078251,082485,093881,071424
0000000643,0000642000,083512,086194,078412,078492,097214,072243
0000000644,0000643000,083469,086142,078850,074604,099308,074308
0000000645,0000644000,083347,085874,079469,071182,099961,077429
0000000646,0000645000,083137,085457,080255,068537,099118,081312
0000000647,0000646000,082875,084914,081082,066934,096853,085576
0000000648,0000647000,082574,084326,081891,066501,093394,089826
0000000649,0000648000,082267,083733,082602,067305,089061,093635
0000000650,0000649000,081985,083205,083131,069243,084290,096645
0000000651,0000650000,081747,082823,083433,072155,079531,098548
0000000652,0000651000,081586,082590,083471,075748,075252,099164
0000000653,0000652000,081502,082552,083286,079698,071864,098421
0000000654,0000653000,081518,082675,082870,083633,069692,096387
0000000655,0000654000,081617,082956,082320,087183,068942,093257
0000000656,0000655000,081803,083326,081671,090028,069680,089321
0000000657,0000656000,082050,083773,081000,091886,071840,084965
0000000658,0000657000,082340,084236,080365,092602,075202,080600
0000000659,0000658000,082645,084656,079841,092090,079450,076657
0000000660,0000659000,082932,085002,079483,090418,084163,073509
0000000661,0000660000,083183,085221,079305,087729,088890,071473
0000000662,0000661000,083364,085303,079350,084286,093170,070744
0000000663,0000662000,083472,085227,079569,080406,096594,071399
0000000664,0000663000,083483,085047,079945,076450,098837,073380
0000000665,0000664000,083409,084761,080413,072790,099680,076498
0000000666,0000665000,083248,084423,080939,069756,099055,080461
0000000667,0000666000,083019,084072,081447,067645,097015,084882
0000000668,0000667000,082743,083747,081891,066638,093767,089348
0000000669,0000668000,082442,083487,082232,066845,089619,093415
0000000670,0000669000,082151,083326,082412,068230,084983,096695
0000000671,0000670000,081888,083299,082436,070675,080302,098863
0000000672,0000671000,081687,083378,082297,073943,076031,099709
0000000673,0000672000,081556,083574,082040,077731,072580,099145
0000000674,0000673000,081515,083837,081684,081694,070275,097221
0000000675,0000674000,081562,084138,081300,085454,069336,094124
0000000676,0000675000,081696,084427,080921,088675,069843,090141
0000000677,0000676000,081904,084680,080588,091044,071749,085662
0000000678,0000677000,082165,084859,080346,092355,074858,081112
0000000679,0000678000,082459,084927,080220,092475,078873,076935
0000000680,0000679000,082753,084890,080229,091403,083399,073532
0000000681,0000680000,083026,084728,080354,089235,087997,071237
0000000682,0000681000,083247,084473,080596,086176,092224,070272
0000000683,0000682000,083403,084150,080892,082513,095678,070730
0000000684,0000683000,083473,083816,081213,078577,098031,072575
0000000685,0000684000,083456,083496,081513,074742,099060,075626
0000000686,0000685000,083350,083243,081754,071352,098679,079598
0000000687,0000686000,083166,083095,081899,068731,096922,084104
0000000688,0000687000,082922,083066,081929,067114,093970,088718
0000000689,0000688000,082638,083179,081842,066656,090111,092986
0000000690,0000689000,082344,083429,081626,067393,085723,096498
0000000691,0000690000,082062,083801,081327,069257,081232,098914
0000000692,0000691000,081822,084237,080977,072076,077070,099998
0000000693,0000692000,081642,084703,080630,075586,073634,099646
0000000694,0000693000,081541,085132,080327,079468,071245,097890
0000000695,0000694000,081527,085469,080122,083359,070129,094899
0000000696,0000695000,081601,085676,080037,086908,070380,090954
0000000697,0000696000,081759,085720,080086,089777,071971,086441
0000000698,0000697000,081982,085585,080286,091710,074736,081790
0000000699,0000698000,082255,085264,080612,092523,078403,077453
0000000700,0000699000,082546,084798,081038,092147,082610,073849
0000000701,0000700000,082836,084213,081511,090619,086949,071324
0000000702,0000701000,083093,083582,081981,088079,091006,070121
0000000703,0000702000,083297,082974,082375,084764,094393,070352
0000000704,0000703000,083429,082459,082650,080974,096796,071999
0000000705,0000704000,083476,082091,082768,077063,097991,074900
0000000706,0000705000,083435,081923,082700,073384,097874,078780
0000000707,0000706000,083307,081989,082444,070282,096463,083264
0000000708,0000707000,083107,082284,082013,068039,093908,087920
0000000709,0000708000,082850,082807,081445,066862,090464,092295
0000000710,0000709000,082563,083507,080785,066857,086472,095969
0000000711,0000710000,082269,084318,080123,068021,082319,098588
0000000712,0000711000,081996,085149,079527,070247,078404,099903
0000000713,0000712000,081768,085920,079070,073330,075096,099793
0000000714,0000713000,081605,086537,078813,076991,072699,098268
0000000715,0000714000,081523,086929,078795,080891,071437,095477
0000000716,0000715000,081529,087055,079025,084678,071417,091687
0000000717,0000716000,081625,086879,079495,087997,072629,087267
0000000718,0000717000,081799,086405,080179,090549,074942,082643
0000000719,0000718000,082037,085666,081004,092099,078121,078264
0000000720,0000719000,082316,084735,081893,092507,081848,074551
0000000721,0000720000,082612,083691,082750,091741,085761,071856
0000000722,0000721000,082898,082654,083479,089869,089487,070433
0000000723,0000722000,083149,081728,083990,087066,092677,070412
0000000724,0000723000,083342,081008,084230,083583,095036,071794
0000000725,0000724000,083459,080578,084160,079740,096350,074440
0000000726,0000725000,083490,080493,083764,075886,096508,078097
0000000727,0000726000,083429,080780,083075,072377,095506,082408
0000000728,0000727000,083286,081422,082142,069532,093460,086955
0000000729,0000728000,083070,082380,081053,067611,090583,091295
0000000730,0000729000,082803,083554,079915,066788,087164,095013
0000000731,0000730000,082508,084831,078858,067131,083537,097757
0000000732,0000731000,082211,086082,077989,068611,080047,099271
0000000733,0000732000,081940,087179,077407,071090,077019,099421
0000000734,0000733000,081717,088006,077184,074349,074727,098196
0000000735,0000734000,081564,088471,077352,078089,073379,095720
0000000736,0000735000,081494,088517,077913,081972,073087,092234
0000000737,0000736000,081517,088114,078829,085641,073860,088079
0000000738,0000737000,081628,087290,080026,088762,075606,083661
0000000739,0000738000,081818,086115,081380,091051,078135,079407
0000000740,0000739000,082069,084703,082760,092303,081190,075727
0000000741,0000740000,082359,083189,084021,092410,084471,072963
0000000742,0000741000,082663,081730,085028,091361,087670,071370
0000000743,0000742000,082953,080470,085674,089255,090488,071088
0000000744,0000743000,083204,079532,085888,086278,092673,072135
0000000745,0000744000,083392,079026,085632,082698,094031,074404
0000000746,0000745000,083501,079018,084904,078841,094451,077672
0000000747,0000746000,083518,079529,083765,075057,093913,081615
0000000748,0000747000,083443,080524,082311,071693,092492,085847
0000000749,0000748000,083283,081918,080687,069052,090349,089956
0000000750,0000749000,083052,083568,079060,067372,087706,093549
0000000751,0000750000,082771,085312,077597,066798,084825,096292
0000000752,0000751000,082465,086982,076446,067382,081975,097938
0000000753,0000752000,082160,088410,075727,069070,079419,098346
0000000754,0000753000,081883,089453,075525,071712,077382,097487
0000000755,0000754000,081661,089999,075872,075073,076042,095454
0000000756,0000755000,081512,089971,076763,078849,075503,092451
0000000757,0000756000,081454,089347,078129,082699,075793,088777
0000000758,0000757000,081489,088179,079838,086270,076859,084796
0000000759,0000758000,081616,086579,081720,089242,078570,080894
0000000760,0000759000,081822,084703,083585,091347,080744,077443
0000000761,0000760000,082089,082739,085242,092402,083165,074760
0000000762,0000761000,082394,080874,086528,092313,085606,073084
0000000763,0000762000,082709,079288,087316,091092,087844,072556
0000000764,0000763000,083008,078138,087514,088844,089686,073211
0000000765,0000764000,083263,077554,087082,085768,090976,074974
0000000766,0000765000,083450,077614,086035,082141,091616,077662
0000000767,0000766000,083551,078339,084459,078289,091574,081004
0000000768,0000767000,083557,079667,082504,074563,090882,084666
0000000769,0000768000,083467,081466,080372,071300,089637,088291
0000000770,0000769000,083290,083553,078280,068790,087978,091536
0000000771,0000770000,083042,085722,076438,067254,086074,094105
0000000772,0000771000,082745,087773,075019,066826,084102,095774
0000000773,0000772000,082424,089508,074164,067543,082238,096406
0000000774,0000773000,082108,090751,073976,069343,080640,095960
0000000775,0000774000,081824,091369,074489,072068,079436,094496
0000000776,0000775000,081599,091276,075683,075478,078712,092172
0000000777,0000776000,081455,090452,077460,079265,078504,089226
0000000778,0000777000,081406,088976,079642,083085,078800,085955
0000000779,0000778000,081456,087001,081998,086596,079543,082678
0000000780,0000779000,081599,084728,084294,089482,080638,079703
0000000781,0000780000,081823,082379,086302,091493,081971,077299
0000000782,0000781000,082108,080167,087837,092450,083417,075672
0000000783,0000782000,082428,078302,088754,092273,084850,074951
0000000784,0000783000,082757,076973,088938,090975,086155,075181
0000000785,0000784000,083065,076327,088352,088667,087232,076319
0000000786,0000785000,083325,076448,087028,085554,088013,078233
0000000787,0000786000,083510,077358,085073,081911,088460,080721
0000000788,0000787000,083603,078963,082689,078069,088564,083530
0000000789,0000788000,083596,081089,080134,074375,088346,086383
0000000790,0000789000,083490,083522,077659,071158,087850,089015
0000000791,0000790000,083296,086025,075504,068698,087134,091192
0000000792,0000791000,083030,088370,073870,067213,086266,092731
0000000793,0000792000,082717,090341,072903,066830,085317,093514
0000000794,0000793000,082381,091738,072725,067583,084356,093495
0000000795,0000794000,082054,092399,073380,069411,083445,092704
0000000796,0000795000,081764,092245,074822,072154,082634,091241
0000000797,0000796000,081540,091264,076925,075572,081959,089269
0000000798,0000797000,081403,089554,079475,079355,081451,086993
0000000799,0000798000,081366,087310,082189,083162,081126,084635
0000000800,0000799000,081430,084760,084801,086654,080995,082413
0000000801,0000800000,081590,082142,087071,089526,081055,080521
0000000802,0000801000,081831,079695,088787,091527,081302,079113
0000000803,0000802000,082131,077649,089788,092482,081721,078294
0000000804,0000803000,082466,076208,089956,092309,082292,078108
0000000805,0000804000,082806,075537,089249,091018,082995,078540
0000000806,0000805000,083120,075721,087714,088720,083800,079517
0000000807,0000806000,083380,076758,085495,085616,084676,080921
0000000808,0000807000,083559,078546,082818,081981,085576,082603
0000000809,0000808000,083640,080870,079990,078148,086442,084397
0000000810,0000809000,083620,083495,077280,074455,087215,086138
0000000811,0000810000,083500,086192,074925,071226,087833,087681
0000000812,0000811000,083290,088697,073160,068744,088239,088906
0000000813,0000812000,083010,090776,072149,067224,088389,089725
0000000814,0000813000,082684,092236,071992,066798,088246,090099
0000000815,0000814000,082339,092899,072745,067506,087790,090033
0000000816,0000815000,082007,092677,074354,069291,087023,089566
0000000817,0000816000,081717,091605,076642,071999,085972,088770
0000000818,0000817000,081499,089779,079390,075392,084699,087736
0000000819,0000818000,081373,087413,082285,079162,083302,086565
0000000820,0000819000,081348,084769,085034,082971,081891,085362
0000000821,0000820000,081425,082051,087423,086489,080585,084224
0000000822,0000821000,081597,079522,089221,089406,079509,083230
0000000823,0000822000,081850,077451,090221,091470,078767,082443
0000000824,0000823000,082160,076015,090348,092501,078447,081903
0000000825,0000824000,082501,075368,089572,092410,078620,081609
0000000826,0000825000,082844,075618,087924,091197,079311,081553
0000000827,0000826000,083156,076721,085598,088966,080496,081714
0000000828,0000827000,083410,078543,082840,085910,082104,082062
0000000829,0000828000,083577,080896,079944,082306,084005,082559
0000000830,0000829000,083649,083526,077189,078478,086035,083167
0000000831,0000830000,083617,086207,074818,074757,088017,083847
0000000832,0000831000,083487,088690,073048,071473,089765,084559
0000000833,0000832000,083270,090716,072070,068907,091110,085270
0000000834,0000833000,082983,092097,071980,067285,091908,085951
0000000835,0000834000,082655,092688,072785,066746,092046,086591
0000000836,0000835000,082310,092416,074431,067342,091468,087166
0000000837,0000836000,081983,091315,076736,069025,090185,087653
0000000838,0000837000,081701,089522,079454,071653,088286,088016
0000000839,0000838000,081495,087238,082285,074990,085927,088221
0000000840,0000839000,081378,084692,084969,078735,083315,088246
0000000841,0000840000,081362,082096,087279,082562,080685,088067
0000000842,0000841000,081446,079710,088988,086133,078286,087677
0000000843,0000842000,081622,077789,089902,089141,076343,087080
0000000844,0000843000,081876,076499,089954,091323,075057,086292
0000000845,0000844000,082184,075970,089141,092492,074587,085333
0000000846,0000845000,082520,076276,087520,092543,075018,084253
0000000847,0000846000,082854,077361,085280,091466,076347,083127
0000000848,0000847000,083155,079072,082681,089351,078481,082050
0000000849,0000848000,083396,081244,079971,086385,081241,081120
0000000850,0000849000,083555,083669,077403,082834,084376,080438
0000000851,0000850000,083620,086099,075229,079011,087600,080082
0000000852,0000851000,083585,088315,073642,075251,090615,080108
0000000853,0000852000,083454,090100,072800,071881,093129,080551
0000000854,0000853000,083241,091252,072801,069192,094890,081411
0000000855,0000854000,082963,091676,073630,067416,095702,082652
0000000856,0000855000,082645,091351,075177,066710,095449,084203
0000000857,0000856000,082314,090318,077285,067138,094119,085945
0000000858,0000857000,082001,088704,079727,068669,091812,087721
0000000859,0000858000,081733,086695,082243,071168,088728,089364
0000000860,0000859000,081536,084477,084606,074415,085144,090712
0000000861,0000860000,081424,082254,086604,078120,081394,091622
0000000862,0000861000,081408,080256,088034,081960,077828,091982
0000000863,0000862000,081488,078689,088747,085598,074787,091729
0000000864,0000863000,081655,077701,088690,088723,072571,090843
0000000865,0000864000,081894,077381,087881,091063,071418,089362
0000000866,0000865000,082185,077745,086420,092416,071469,087385
0000000867,0000866000,082502,078720,084482,092661,072746,085074
0000000868,0000867000,082818,080183,082277,091772,075154,082635
0000000869,0000868000,083104,081992,080011,089826,078480,080300
0000000870,0000869000,083335,083964,077903,086993,082416,078299
0000000871,0000870000,083489,085898,076163,083526,086599,076834
0000000872,0000871000,083556,087610,074946,079728,090636,076065
0000000873,0000872000,083530,088926,074375,075932,094139,076098
0000000874,0000873000,083416,089701,074506,072465,096763,076969
0000000875,0000874000,083223,089885,075294,069626,098243,078634
0000000876,0000875000,082969,089500,076619,067660,098412,080975
0000000877,0000876000,082675,088600,078340,066739,097232,083794
0000000878,0000877000,082367,087299,080272,066947,094799,086834
0000000879,0000878000,082073,085747,082212,068269,091330,089808
0000000880,0000879000,081817,084085,083990,070589,087146,092429
0000000881,0000880000,081623,082478,085435,073700,082639,094433
0000000882,0000881000,081507,081108,086390,077331,078236,095611
0000000883,0000882000,081478,080110,086772,081163,074356,095824
0000000884,0000883000,081536,079569,086570,084865,071378,095015
0000000885,0000884000,081675,079528,085822,088119,069600,093224
0000000886,0000885000,081884,079958,084640,090644,069202,090592
0000000887,0000886000,082144,080767,083179,092221,070238,087347
0000000888,0000887000,082433,081866,081585,092711,072621,083783
0000000889,0000888000,082727,083143,080010,092069,076131,080239
0000000890,0000889000,082999,084450,078619,090351,080440,077057
0000000891,0000890000,083225,085656,077547,087709,085142,074547
0000000892,0000891000,083387,086639,076889,084375,089791,072969
0000000893,0000892000,083471,087289,076712,080641,093940,072497
0000000894,0000893000,083472,087547,077010,076829,097191,073203
0000000895,0000894000,083391,087428,077708,073267,099229,075050
0000000896,0000895000,083236,086973,078705,070262,099851,077887
0000000897,0000896000,083019,086251,079885,068073,098997,081463
0000000898,0000897000,082758,085363,081108,066891,096742,085446
0000000899,0000898000,082476,084413,082251,066819,093299,089464
0000000900,0000899000,082198,083495,083207,067865,088993,093130
0000000901,0000900000,081948,082718,083873,069935,084236,096086
0000000902,0000901000,081746,082178,084181,072850,079481,098033
0000000903,0000902000,081610,081916,084125,076351,075182,098771
0000000904,0000903000,081147,081954,083740,079723,071831,098280
0000000905,0000904000,070701,082235,083073,079723,070265,097117
0000000906,0000905000,065505,083202,082740,079723,068655,093386
0000000907,0000906000,075929,080659,078742,079723,069157,089429
0000000908,0000907000,085439,082946,079599,079723,070988,084970
0000000909,0000908000,079148,084917,089595,079723,074562,084970
0000000910,0000909000,076864,085636,099998,079723,078131,084970
0000000911,0000910000,087230,084689,088203,079723,083927,084970
0000000912,0000911000,095394,076986,073173,079723,084257,084970
0000000913,0000912000,093303,067242,080970,079723,084257,084970
0000000914,0000913000,089440,075074,091559,079723,084257,084970
0000000915,0000914000,085283,080729,071399,079723,084257,084970
0000000916,0000915000,099998,089671,064923,079723,084257,084970
0000000917,0000916000,096041,082417,071570,079723,084257,084970
0000000918,0000917000,081327,080984,078839,079723,084257,084970
0000000919,0000918000,083601,096352,075513,079723,084257,084970
0000000920,0000919000,085168,095203,059363,079723,084257,084970
0000000921,0000920000,086329,092646,070989,079723,084257,084970
0000000922,0000921000,074285,091303,086602,079723,084257,084970
0000000923,0000922000,066365,094104,081179,079723,084257,084970
0000000924,0000923000,078541,099998,075968,079723,084257,084970
0000000925,0000924000,077117,087324,078322,079723,084257,084970
0000000926,0000925000,069493,082351,094735,079723,084257,084970
0000000927,0000926000,067757,087871,097043,079723,084257,084970
0000000928,0000927000,073880,085712,082810,079723,084257,084970
0000000929,0000928000,085408,080250,087403,079723,084257,084970
0000000930,0000929000,079095,070174,096530,079723,084257,084970
0000000931,0000930000,075770,073261,095701,079723,084257,084970
0000000932,0000931000,087227,080606,084435,079723,084257,084970
0000000933,0000932000,093076,073344,076823,079723,084257,084970
0000000934,0000933000,092943,070440,087839,079723,084257,084970
0000000935,0000934000,087187,074105,086913,079723,084257,084970
0000000936,0000935000,090945,081653,071571,079723,084257,084970
0000000937,0000936000,099533,084693,067340,079723,084257,084970
0000000938,0000937000,092187,078985,073056,079723,084257,084970
0000000939,0000938000,085036,085360,078910,079723,084257,084970
0000000940,0000939000,085594,094400,069681,079723,084257,084970
0000000941,0000940000,088150,093985,062261,079723,084257,084970
0000000942,0000941000,084890,091918,074004,079723,084257,084970
0000000943,0000942000,072585,091277,081526,079723,084257,084970
0000000944,0000943000,072087,097578,077993,079723,084257,084970
0000000945,0000944000,078152,097641,074451,079723,084257,084970
0000000946,0000945000,074590,088136,082256,079723,084257,084970
0000000947,0000946000,069236,086675,094132,079723,084257,084970
0000000948,0000947000,068244,088312,090047,079723,084257,084970
0000000949,0000948000,075897,086359,084297,079723,084257,084970
0000000950,0000949000,080317,078885,090968,079723,084257,084970
0000000951,0000950000,075552,072873,097190,079723,084257,084970
0000000952,0000951000,078482,076991,093815,079723,084257,084970
0000000953,0000952000,087189,077300,083197,079723,084257,084970
0000000954,0000953000,090826,072033,083170,079723,084257,084970
0000000955,0000954000,088935,070853,089988,079723,084257,084970
0000000956,0000955000,087926,074699,083552,079723,084257,084970
0000000957,0000956000,095346,080792,072408,079723,084257,084970
0000000958,0000957000,097444,079824,071199,079723,084257,084970
0000000959,0000958000,090781,078959,076236,079723,084257,084970
0000000960,0000959000,087346,086764,075210,079723,084257,084970
0000000961,0000960000,088816,091627,066249,079723,084257,084970
0000000962,0000961000,089719,091549,066588,079723,084257,084970
0000000963,0000962000,082434,091243,075199,079723,084257,084970
0000000964,0000963000,075145,094178,076930,079723,084257,084970
0000000965,0000964000,077094,098167,073583,079723,084257,084970
0000000966,0000965000,077273,094732,075185,079723,084257,084970
0000000967,0000966000,071482,089512,086365,079723,084257,084970
0000000968,0000967000,068957,090568,089393,079723,084257,084970
0000000969,0000968000,071947,090644,084043,079723,084257,084970
0000000970,0000969000,076269,085695,086449,079723,084257,084970
0000000971,0000970000,074319,078324,095001,079723,084257,084970
0000000972,0000971000,073185,077244,096621,079723,084257,084970
0000000973,0000972000,080183,078953,089647,079723,084257,084970
0000000974,0000973000,087164,074949,084885,079723,084257,084970
0000000975,0000974000,087262,071150,089662,079723,084257,084970
0000000976,0000975000,085463,072190,090333,079723,084257,084970
0000000977,0000976000,090147,075980,080794,079723,084257,084970
0000000978,0000977000,096638,077071,074872,079723,084257,084970
0000000979,0000978000,094674,075673,076937,079723,084257,084970
0000000980,0000979000,090299,080115,077369,079723,084257,084970
0000000981,0000980000,090536,087564,070133,079723,084257,084970
0000000982,0000981000,092475,088454,066030,079723,084257,084970
0000000983,0000982000,089127,087524,071668,079723,084257,084970
0000000984,0000983000,081127,091151,075241,079723,084257,084970
0000000985,0000984000,079078,097236,071263,079723,084257,084970
0000000986,0000985000,081101,097436,069778,079723,084257,084970
0000000987,0000986000,077002,092398,077726,079723,084257,084970
0000000988,0000987000,069882,091421,086789,079723,084257,084970
0000000989,0000988000,069305,094052,084341,079723,084257,084970
0000000990,0000989000,074263,092062,081120,079723,084257,084970
0000000991,0000990000,075140,084842,088283,079723,084257,084970
0000000992,0000991000,070817,080237,096271,079723,084257,084970
0000000993,0000992000,072122,081639,094149,079723,084257,084970
0000000994,0000993000,080208,079927,087704,079723,084257,084970
0000000995,0000994000,085219,073379,088790,079723,084257,084970
0000000996,0000995000,083696,070955,093516,079723,084257,084970
0000000997,0000996000,083981,074235,089279,079723,084257,084970
0000000998,0000997000,091195,076355,080214,079723,084257,084970
0000000999,0000998000,095997,073586,078360,079723,084257,084970
0000001000,0000999000,092857,073247,081285,079723,084257,084970
0000001001,0001000000,090260,080233,077550,079723,084257,084970
0000001002,0001001000,092948,086236,068457,079723,084257,084970
0000001003,0001002000,094715,085544,067401,079723,084257,084970
0000001004,0001003000,089231,085114,073644,079723,084257,084970
0000001005,0001004000,082350,091066,074026,079723,084257,084970
0000001006,0001005000,082199,097393,068327,079723,084257,084970
0000001007,0001006000,083154,095906,068680,079723,084257,084970
0000001008,0001007000,077713,091934,077958,079723,084257,084970
0000001009,0001008000,070777,093435,083779,079723,084257,084970
0000001010,0001009000,070635,096255,080633,079723,084257,084970
0000001011,0001010000,074566,092781,080475,079723,084257,084970
0000001012,0001011000,073518,085567,088711,079723,084257,084970
0000001013,0001012000,069589,083193,094793,079723,084257,084970
0000001014,0001013000,071721,084495,091742,079723,084257,084970
0000001015,0001014000,078738,080857,088013,079723,084257,084970
0000001016,0001015000,082180,073917,091658,079723,084257,084970
0000001017,0001016000,081055,071985,094797,079723,084257,084970
0000001018,0001017000,083306,075110,089160,079723,084257,084970
0000001019,0001018000,090257,075614,082025,079723,084257,084970
0000001020,0001019000,093827,071971,081885,079723,084257,084970
0000001021,0001020000,091883,072372,083448,079723,084257,084970
0000001022,0001021000,091173,078926,077756,079723,084257,084970
0000001023,0001022000,094159,083427,070020,079723,084257,084970
0000001024,0001023000,095058,082921,069856,079723,084257,084970
0000001025,0001024000,090123,083976,073642,079723,084257,084970
0000001026,0001025000,085362,090142,072167,079723,084257,084970
0000001027,0001026000,085102,095211,067539,079723,084257,084970
0000001028,0001027000,084098,094420,069118,079723,084257,084970
0000001029,0001028000,078605,092757,076425,079723,084257,084970
0000001030,0001029000,073595,094690,079496,079723,084257,084970
0000001031,0001030000,072996,096687,077973,079723,084257,084970
0000001032,0001031000,073737,093433,080686,079723,084257,084970
0000001033,0001032000,071905,088152,087601,079723,084257,084970
0000001034,0001033000,070053,086554,091140,079723,084257,084970
0000001035,0001034000,071961,085989,089852,079723,084257,084970
0000001036,0001035000,076101,081584,089965,079723,084257,084970
0000001037,0001036000,078240,076421,093182,079723,084257,084970
0000001038,0001037000,079336,074609,093752,079723,084257,084970
0000001039,0001038000,083319,075040,089373,079723,084257,084970
0000001040,0001039000,087792,074107,085894,079723,084257,084970
0000001041,0001040000,089900,071996,085768,079723,084257,084970
0000001042,0001041000,091089,072798,083917,079723,084257,084970
0000001043,0001042000,093321,076902,077495,079723,084257,084970
0000001044,0001043000,094356,079368,074012,079723,084257,084970
0000001045,0001044000,093352,080504,073923,079723,084257,084970
0000001046,0001045000,091186,083892,072633,079723,084257,084970
0000001047,0001046000,089817,088405,069537,079723,084257,084970
0000001048,0001047000,088211,090971,068556,079723,084257,084970
0000001049,0001048000,084185,092589,070954,079723,084257,084970
0000001050,0001049000,079380,094697,073687,079723,084257,084970
0000001051,0001050000,077935,095589,074213,079723,084257,084970
0000001052,0001051000,076418,095040,076275,079723,084257,084970
0000001053,0001052000,072579,093512,081691,079723,084257,084970
0000001054,0001053000,070365,092368,084961,079723,084257,084970
0000001055,0001054000,071700,090537,085525,079723,084257,084970
0000001056,0001055000,073003,086418,088331,079723,084257,084970
0000001057,0001056000,072860,081821,093023,079723,084257,084970
0000001058,0001057000,073809,080350,093644,079723,084257,084970
0000001059,0001058000,078228,078857,090616,079723,084257,084970
0000001060,0001059000,083200,074979,089583,079723,084257,084970
0000001061,0001060000,084609,072020,091127,079723,084257,084970
0000001062,0001061000,085343,072757,089600,079723,084257,084970
0000001063,0001062000,089830,074527,083432,079723,084257,084970
0000001064,0001063000,094682,074673,078352,079723,084257,084970
0000001065,0001064000,094187,074861,078713,079723,084257,084970
0000001066,0001065000,091491,078452,077813,079723,084257,084970
0000001067,0001066000,092005,083600,072114,079723,084257,084970
0000001068,0001067000,093630,086071,068073,079723,084257,084970
0000001069,0001068000,090995,086535,070183,079723,084257,084970
0000001070,0001069000,084996,090182,072575,079723,084257,084970
0000001071,0001070000,081533,095349,070865,079723,084257,084970
0000001072,0001071000,081554,096145,070028,079723,084257,084970
0000001073,0001072000,079252,093595,074922,079723,084257,084970
0000001074,0001073000,073450,093423,080857,079723,084257,084970
0000001075,0001074000,070405,095399,081942,079723,084257,084970
0000001076,0001075000,072348,093756,081646,079723,084257,084970
0000001077,0001076000,073469,087862,086395,079723,084257,084970
0000001078,0001077000,071310,083734,092710,079723,084257,084970
0000001079,0001078000,071121,083534,093086,079723,084257,084970
0000001080,0001079000,075995,082022,089725,079723,084257,084970
0000001081,0001080000,080971,076517,090267,079723,084257,084970
0000001082,0001081000,081947,072315,093472,079723,084257,084970
0000001083,0001082000,082747,073293,091708,079723,084257,084970
0000001084,0001083000,087425,075112,085202,079723,084257,084970
0000001085,0001084000,092689,073560,081487,079723,084257,084970
0000001086,0001085000,093487,072381,081885,079723,084257,084970
0000001087,0001086000,091787,076103,079845,079723,084257,084970
0000001088,0001087000,092512,081331,073911,079723,084257,084970
0000001089,0001088000,094526,083252,069966,079723,084257,084970
0000001090,0001089000,092788,083979,070973,079723,084257,084970
0000001091,0001090000,087932,087715,072098,079723,084257,084970
0000001092,0001091000,084885,092926,069923,079723,084257,084970
0000001093,0001092000,083853,095010,068883,079723,084257,084970
0000001094,0001093000,080849,093990,072901,079723,084257,084970
0000001095,0001094000,076556,093794,077405,079723,084257,084970
0000001096,0001095000,073368,095688,078682,079723,084257,084970
0000001097,0001096000,072465,095275,080014,079723,084257,084970
0000001098,0001097000,072179,091047,084510,079723,084257,084970
0000001099,0001098000,071421,087367,088944,079723,084257,084970
0000001100,0001099000,071229,085855,090676,079723,084257,084970
0000001101,0001100000,073451,083476,090792,079723,084257,084970
