0000000001,0000000000,078208,020600,081363,017423,035555,083701
0000000002,0000001000,056858,047786,080778,027178,026272,083230
0000000003,0000002000,030491,071049,081090,038014,019276,079390
0000000004,0000003000,001912,087854,082266,048888,015235,072557
0000000005,0000004000,-26069,096517,084200,058736,014552,063391
0000000006,0000005000,-50960,096423,086697,066588,017301,052791
0000000007,0000006000,-70113,087515,089504,071678,023192,041809
0000000008,0000007000,-81546,070425,092355,073501,031668,031512
0000000009,0000008000,-84436,047086,094978,071874,041912,022893
0000000010,0000009000,-78477,019867,097105,066984,052882,016814
0000000011,0000010000,-63976,-08858,098527,059295,063514,013870
0000000012,0000011000,-42433,-36238,099111,049534,072804,014340
0000000013,0000012000,-16213,-59347,098799,038687,079812,018180
0000000014,0000013000,012293,-76075,097622,027821,083844,025014
0000000015,0000014000,040434,-84900,095690,017973,084526,034181
0000000016,0000015000,065216,-84715,093193,010117,081783,044779
0000000017,0000016000,084292,-75716,090386,005036,075883,055760
0000000018,0000017000,095944,-58841,087533,003214,067406,066058
0000000019,0000018000,098793,-35464,084911,004825,057178,074677
0000000020,0000019000,092625,-08037,082785,009721,046202,080756
0000000021,0000020000,078243,020567,081363,017423,035556,083700
0000000022,0000021000,056826,047821,080779,027175,026276,083230
0000000023,0000022000,030451,071083,081090,038019,019271,079389
0000000024,0000023000,001956,087819,082266,048892,015231,072556
0000000025,0000024000,-26059,096501,084199,058734,014554,063390
0000000026,0000025000,-50983,096456,086697,066589,017300,052791
0000000027,0000026000,-70100,087499,089504,071680,023189,041810
0000000028,0000027000,-81546,070427,092356,073501,031668,031511
0000000029,0000028000,-84465,047112,094978,071879,041908,022893
0000000030,0000029000,-78458,019852,097105,066988,052878,016813
0000000031,0000030000,-63945,-08884,098527,059294,063516,013870
0000000032,0000031000,-42466,-36208,099112,049536,072803,014340
0000000033,0000032000,-16234,-59323,098800,038692,079809,018179
0000000034,0000033000,012327,-76114,097622,027824,083843,025013
0000000035,0000034000,040435,-84898,095690,017975,084525,034179
0000000036,0000035000,065198,-84696,093193,010119,081783,044778
0000000037,0000036000,084315,-75735,090386,005038,075882,055759
0000000038,0000037000,095939,-58838,087534,003216,067406,066057
0000000039,0000038000,098768,-35440,084911,004827,057177,074675
0000000040,0000039000,092652,-08060,082785,009724,046200,080755
0000000041,0000040000,078270,020542,081362,017423,035558,083699
0000000042,0000041000,056798,047853,080779,027173,026278,083228
0000000043,0000042000,030442,071095,081090,038021,019270,079389
0000000044,0000043000,001984,087793,082266,048893,015231,072556
0000000045,0000044000,-26067,096512,084199,058733,014556,063390
0000000046,0000045000,-50990,096467,086696,066589,017298,052791
0000000047,0000046000,-70075,087480,089503,071680,023189,041811
0000000048,0000047000,-81560,070439,092356,073499,031669,031512
0000000049,0000048000,-84492,047142,094979,071881,041905,022894
0000000050,0000049000,-78439,019831,097104,066991,052874,016814
0000000051,0000050000,-63930,-08900,098527,059293,063515,013870
0000000052,0000051000,-42497,-36180,099112,049537,072801,014341
0000000053,0000052000,-16237,-59322,098800,038695,079805,018179
0000000054,0000053000,012342,-76135,097623,027827,083841,025012
0000000055,0000054000,040415,-84885,095691,017978,084523,034178
0000000056,0000055000,065196,-84696,093193,010123,081781,044776
0000000057,0000056000,084340,-75764,090386,005041,075882,055757
0000000058,0000057000,095927,-58829,087534,003217,067407,066055
0000000059,0000058000,098749,-35424,084911,004831,057176,074672
0000000060,0000059000,092680,-08086,082785,009727,046200,080752
0000000061,0000060000,078283,020529,081362,017422,035561,083697
0000000062,0000061000,056780,047874,080778,027173,026281,083226
0000000063,0000062000,030455,071088,081089,038021,019271,079388
0000000064,0000063000,001998,087781,082266,048890,015233,072555
0000000065,0000064000,-26085,096534,084199,058731,014558,063390
0000000066,0000065000,-50986,096469,086696,066589,017298,052793
0000000067,0000066000,-70054,087465,089503,071677,023190,041813
0000000068,0000067000,-81580,070460,092355,073496,031669,031515
0000000069,0000068000,-84511,047163,094978,071881,041901,022897
0000000070,0000069000,-78423,019814,097104,066991,052871,016818
0000000071,0000070000,-63935,-08898,098527,059293,063513,013873
0000000072,0000071000,-42521,-36160,099112,049540,072796,014343
0000000073,0000072000,-16231,-59333,098800,038699,079800,018181
0000000074,0000073000,012343,-76144,097624,027830,083837,025012
0000000075,0000074000,040391,-84870,095691,017983,084520,034177
0000000076,0000075000,065204,-84709,093194,010129,081777,044773
0000000077,0000076000,084360,-75790,090387,005045,075882,055753
0000000078,0000077000,095913,-58821,087535,003220,067408,066050
0000000079,0000078000,098747,-35422,084911,004835,057177,074667
0000000080,0000079000,092707,-08113,082785,009729,046203,080747
0000000081,0000080000,078287,020528,081362,017422,035566,083692
0000000082,0000081000,056776,047884,080777,027172,026285,083223
0000000083,0000082000,030479,071073,081088,038019,019275,079386
0000000084,0000083000,002005,087782,082265,048886,015239,072555
0000000085,0000084000,-26099,096558,084198,058727,014561,063391
0000000086,0000085000,-50974,096467,086695,066585,017299,052795
0000000087,0000086000,-70043,087461,089502,071671,023191,041817
0000000088,0000087000,-81602,070488,092355,073491,031669,031520
0000000089,0000088000,-84522,047177,094978,071880,041897,022903
0000000090,0000089000,-78417,019807,097105,066990,052866,016823
0000000091,0000090000,-63956,-08883,098528,059293,063508,013878
0000000092,0000091000,-42540,-36147,099113,049543,072789,014347
0000000093,0000092000,-16225,-59349,098801,038703,079793,018183
0000000094,0000093000,012331,-76145,097625,027835,083832,025013
0000000095,0000094000,040370,-84861,095693,017991,084514,034175
0000000096,0000095000,065215,-84731,093195,010138,081773,044769
0000000097,0000096000,084371,-75811,090388,005051,075881,055747
0000000098,0000097000,095904,-58818,087535,003227,067409,066043
0000000099,0000098000,098760,-35437,084912,004840,057179,074659
0000000100,0000099000,092731,-08137,082784,009732,046208,080739
0000000101,0000100000,078289,020531,081362,017422,035573,083685
0000000102,0000101000,056787,047883,080776,027171,026292,083217
0000000103,0000102000,030507,071058,081087,038014,019283,079382
0000000104,0000103000,002009,087792,082264,048878,015247,072554
0000000105,0000104000,-26104,096580,084196,058719,014566,063393
0000000106,0000105000,-50959,096467,086693,066577,017302,052800
0000000107,0000106000,-70043,087471,089501,071663,023193,041824
0000000108,0000107000,-81624,070518,092354,073484,031667,031528
0000000109,0000108000,-84527,047187,094978,071875,041892,022912
0000000110,0000109000,-78424,019812,097105,066987,052860,016833
0000000111,0000110000,-63987,-08860,098529,059294,063499,013886
0000000112,0000111000,-42557,-36141,099114,049548,072778,014353
0000000113,0000112000,-16227,-59363,098803,038709,079783,018187
0000000114,0000113000,012310,-76143,097627,027843,083823,025013
0000000115,0000114000,040355,-84863,095694,018002,084506,034172
0000000116,0000115000,065226,-84759,093197,010149,081767,044764
0000000117,0000116000,084374,-75830,090389,005061,075879,055739
0000000118,0000117000,095903,-58826,087536,003236,067410,066033
0000000119,0000118000,098784,-35464,084912,004848,057183,074648
0000000120,0000119000,092755,-08159,082784,009735,046217,080728
0000000121,0000120000,078297,020531,081361,017422,035583,083675
0000000122,0000121000,056812,047874,080775,027168,026302,083209
0000000123,0000122000,030537,071047,081085,038007,019295,079377
0000000124,0000123000,002014,087808,082262,048868,015258,072553
0000000125,0000124000,-26099,096598,084194,058709,014575,063396
0000000126,0000125000,-50945,096474,086691,066565,017308,052806
0000000127,0000126000,-70052,087497,089499,071650,023196,041833
0000000128,0000127000,-81644,070551,092353,073475,031665,031540
0000000129,0000128000,-84535,047201,094977,071868,041886,022925
0000000130,0000129000,-78445,019829,097105,066983,052851,016846
0000000131,0000130000,-64023,-08834,098530,059294,063487,013898
0000000132,0000131000,-42576,-36138,099115,049553,072764,014362
0000000133,0000132000,-16241,-59371,098805,038718,079770,018192
0000000134,0000133000,012282,-76141,097630,027855,083810,025014
0000000135,0000134000,040343,-84877,095697,018017,084494,034169
0000000136,0000135000,065233,-84791,093199,010164,081760,044756
0000000137,0000136000,084374,-75851,090391,005075,075877,055727
0000000138,0000137000,095911,-58848,087538,003249,067412,066019
0000000139,0000138000,098815,-35501,084913,004857,057190,074633
0000000140,0000139000,092780,-08182,082784,009739,046228,080713
0000000141,0000140000,078317,020524,081360,017422,035597,083661
0000000142,0000141000,056848,047858,080773,027163,026318,083199
0000000143,0000142000,030567,071042,081083,037997,019312,079371
0000000144,0000143000,002024,087828,082259,048855,015273,072551
0000000145,0000144000,-26084,096615,084191,058693,014586,063400
0000000146,0000145000,-50934,096491,086688,066547,017317,052815
0000000147,0000146000,-70067,087534,089497,071634,023200,041846
0000000148,0000147000,-81662,070586,092351,073461,031662,031556
0000000149,0000148000,-84550,047222,094976,071858,041878,022943
0000000150,0000149000,-78479,019859,097106,066977,052839,016863
0000000151,0000150000,-64063,-08807,098531,059295,063470,013913
0000000152,0000151000,-42601,-36135,099118,049560,072745,014374
0000000153,0000152000,-16269,-59374,098808,038729,079751,018199
0000000154,0000153000,012250,-76143,097633,027871,083793,025016
0000000155,0000154000,040333,-84901,095700,018036,084480,034164
0000000156,0000155000,065235,-84826,093203,010183,081751,044746
0000000157,0000156000,084373,-75878,090394,005094,075873,055712
0000000158,0000157000,095930,-58884,087539,003266,067414,066000
0000000159,0000158000,098851,-35545,084913,004869,057198,074612
0000000160,0000159000,092809,-08207,082784,009744,046242,080693
0000000161,0000160000,078350,020506,081358,017422,035614,083643
0000000162,0000161000,056894,047839,080770,027157,026338,083185
0000000163,0000162000,030600,071042,081079,037984,019333,079363
0000000164,0000163000,002044,087848,082255,048837,015293,072549
0000000165,0000164000,-26062,096633,084187,058672,014602,063405
0000000166,0000165000,-50927,096520,086685,066525,017328,052827
0000000167,0000166000,-70084,087582,089494,071612,023204,041863
0000000168,0000167000,-81681,070627,092349,073444,031659,031577
0000000169,0000168000,-84575,047255,094975,071845,041869,022966
0000000170,0000169000,-78525,019899,097106,066970,052824,016886
0000000171,0000170000,-64109,-08779,098533,059296,063449,013934
0000000172,0000171000,-42636,-36129,099121,049568,072721,014390
0000000173,0000172000,-16310,-59373,098812,038743,079728,018209
0000000174,0000173000,012215,-76152,097637,027891,083770,025018
0000000175,0000174000,040321,-84934,095705,018060,084461,034159
0000000176,0000175000,065232,-84866,093207,010208,081739,044733
0000000177,0000176000,084377,-75915,090398,005118,075868,055693
0000000178,0000177000,095957,-58934,087542,003286,067416,065976
0000000179,0000178000,098892,-35595,084914,004883,057210,074586
0000000180,0000179000,092847,-08240,082783,009752,046260,080667
0000000181,0000180000,078399,020479,081356,017422,035637,083621
0000000182,0000181000,056949,047817,080767,027148,026365,083167
0000000183,0000182000,030639,071046,081075,037967,019361,079352
0000000184,0000183000,002074,087868,082250,048815,015317,072547
0000000185,0000184000,-26035,096658,084182,058646,014622,063411
0000000186,0000185000,-50923,096562,086680,066497,017341,052841
0000000187,0000186000,-70101,087638,089490,071586,023209,041884
0000000188,0000187000,-81704,070676,092346,073421,031655,031604
0000000189,0000188000,-84612,047302,094974,071828,041857,022995
0000000190,0000189000,-78581,019948,097107,066962,052804,016914
0000000191,0000190000,-64162,-08747,098535,059298,063423,013959
0000000192,0000191000,-42685,-36118,099124,049578,072692,014409
0000000193,0000192000,-16363,-59369,098817,038761,079698,018220
0000000194,0000193000,012176,-76168,097643,027917,083743,025020
0000000195,0000194000,040304,-84974,095710,018090,084439,034151
0000000196,0000195000,065224,-84911,093212,010239,081724,044717
0000000197,0000196000,084386,-75966,090402,005148,075862,055669
0000000198,0000197000,095992,-58998,087545,003312,067420,065947
0000000199,0000198000,098937,-35653,084916,004901,057224,074554
0000000200,0000199000,092897,-08283,082782,009761,046282,080636
0000000201,0000200000,078463,020441,081353,017421,035666,083593
0000000202,0000201000,057012,047795,080763,027137,026397,083146
0000000203,0000202000,030687,071052,081070,037947,019394,079339
0000000204,0000203000,002115,087889,082243,048788,015347,072544
0000000205,0000204000,-26005,096690,084175,058613,014647,063419
0000000206,0000205000,-50921,096617,086674,066462,017358,052859
0000000207,0000206000,-70118,087703,089485,071554,023215,041911
0000000208,0000207000,-81732,070737,092343,073394,031650,031636
0000000209,0000208000,-84662,047365,094973,071808,041842,023030
0000000210,0000209000,-78647,020006,097108,066952,052779,016949
0000000211,0000210000,-64226,-08711,098538,059299,063391,013989
0000000212,0000211000,-42750,-36100,099129,049590,072657,014433
0000000213,0000212000,-16427,-59365,098823,038783,079662,018234
0000000214,0000213000,012132,-76191,097650,027948,083709,025023
0000000215,0000214000,040280,-85020,095717,018125,084412,034143
0000000216,0000215000,065214,-84965,093219,010276,081706,044697
0000000217,0000216000,084400,-76033,090407,005184,075855,055640
0000000218,0000217000,096033,-59075,087548,003342,067425,065911
0000000219,0000218000,098990,-35721,084917,004923,057240,074516
0000000220,0000219000,092961,-08338,082782,009773,046309,080598
0000000221,0000220000,078541,020394,081350,017420,035700,083559
0000000222,0000221000,057086,047771,080758,027123,026437,083120
0000000223,0000222000,030747,071057,081063,037922,019433,079324
0000000224,0000223000,002168,087912,082236,048755,015383,072541
0000000225,0000224000,-25971,096732,084168,058574,014676,063429
0000000226,0000225000,-50917,096684,086667,066421,017378,052880
0000000227,0000226000,-70136,087779,089480,071515,023222,041942
0000000228,0000227000,-81768,070812,092339,073361,031644,031675
0000000229,0000228000,-84724,047442,094972,071784,041824,023072
0000000230,0000229000,-78723,020073,097109,066940,052750,016990
0000000231,0000230000,-64303,-08668,098541,059300,063353,014026
0000000232,0000231000,-42830,-36075,099135,049604,072614,014461
0000000233,0000232000,-16501,-59362,098830,038810,079618,018251
0000000234,0000233000,012079,-76219,097658,027984,083669,025026
0000000235,0000234000,040248,-85071,095726,018168,084380,034132
0000000236,0000235000,065201,-85030,093226,010321,081685,044673
0000000237,0000236000,084420,-76115,090413,005226,075847,055606
0000000238,0000237000,096079,-59165,087552,003378,067432,065869
0000000239,0000238000,099051,-35800,084919,004948,057260,074470
0000000240,0000239000,093041,-08406,082780,009786,046341,080553
0000000241,0000240000,078633,020339,081347,017419,035741,083520
0000000242,0000241000,057171,047744,080752,027107,026483,083090
0000000243,0000242000,030822,071061,081055,037894,019480,079306
0000000244,0000243000,002232,087937,082227,048715,015426,072538
0000000245,0000244000,-25933,096784,084159,058528,014711,063440
0000000246,0000245000,-50912,096762,086659,066373,017401,052906
0000000247,0000246000,-70154,087866,089473,071469,023231,041979
0000000248,0000247000,-81812,070903,092334,073322,031638,031720
0000000249,0000248000,-84797,047535,094970,071756,041802,023122
0000000250,0000249000,-78810,020150,097110,066926,052715,017038
0000000251,0000250000,-64395,-08614,098545,059302,063309,014069
0000000252,0000251000,-42927,-36043,099141,049621,072565,014493
0000000253,0000252000,-16587,-59361,098839,038842,079568,018270
0000000254,0000253000,012016,-76253,097667,028027,083623,025030
0000000255,0000254000,040206,-85129,095736,018217,084343,034120
0000000256,0000255000,065189,-85108,093235,010373,081661,044646
0000000257,0000256000,084443,-76213,090421,005276,075838,055566
0000000258,0000257000,096131,-59268,087558,003420,067439,065820
0000000259,0000258000,099124,-35894,084921,004978,057284,074417
0000000260,0000259000,093136,-08490,082779,009801,046378,080501
0000000261,0000260000,078738,020275,081342,017417,035789,083474
0000000262,0000261000,057271,047713,080745,027088,026537,083055
0000000263,0000262000,030912,071063,081046,037860,019534,079285
0000000264,0000263000,002306,087967,082216,048669,015476,072534
0000000265,0000264000,-25890,096847,084148,058474,014751,063454
0000000266,0000265000,-50902,096851,086649,066317,017427,052936
0000000267,0000266000,-70174,087967,089464,071416,023240,042023
0000000268,0000267000,-81866,071012,092329,073277,031630,031773
0000000269,0000268000,-84881,047642,094967,071724,041777,023179
0000000270,0000269000,-78910,020239,097111,066911,052674,017094
0000000271,0000270000,-64505,-08550,098549,059304,063257,014118
0000000272,0000271000,-43039,-36005,099148,049641,072507,014531
0000000273,0000272000,-16685,-59360,098848,038878,079509,018292
0000000274,0000273000,011942,-76291,097679,028076,083570,025034
0000000275,0000274000,040157,-85194,095747,018275,084300,034105
0000000276,0000275000,065175,-85199,093246,010434,081632,044614
0000000277,0000276000,084470,-76326,090429,005333,075827,055519
0000000278,0000277000,096188,-59386,087564,003467,067448,065764
0000000279,0000278000,099209,-36005,084924,005013,057311,074355
0000000280,0000279000,093246,-08588,082778,009818,046421,080441
0000000281,0000280000,078859,020201,081338,017414,035844,083421
0000000282,0000281000,057387,047677,080737,027067,026599,083014
0000000283,0000282000,031018,071062,081036,037821,019597,079262
0000000284,0000283000,002391,088002,082204,048616,015533,072530
0000000285,0000284000,-25840,096920,084136,058412,014797,063469
0000000286,0000285000,-50889,096952,086638,066252,017457,052970
0000000287,0000286000,-70197,088084,089455,071356,023251,042073
0000000288,0000287000,-81928,071139,092323,073225,031620,031834
0000000289,0000288000,-84976,047765,094965,071688,041748,023244
0000000290,0000289000,-79025,020341,097112,066893,052628,017158
0000000291,0000290000,-64633,-08473,098555,059307,063198,014174
0000000292,0000291000,-43169,-35961,099157,049665,072441,014574
0000000293,0000292000,-16798,-59360,098860,038920,079442,018317
0000000294,0000293000,011854,-76332,097692,028132,083509,025038
0000000295,0000294000,040099,-85268,095760,018341,084251,034088
0000000296,0000295000,065159,-85306,093258,010502,081600,044577
0000000297,0000296000,084498,-76456,090439,005398,075816,055466
0000000298,0000297000,096253,-59520,087571,003522,067458,065699
0000000299,0000298000,099307,-36133,084927,005051,057342,074286
0000000300,0000299000,093373,-08701,082777,009837,046470,080373
0000000301,0000300000,078996,020118,081332,017411,035907,083361
0000000302,0000301000,057521,047633,080728,027042,026669,082969
0000000303,0000302000,031141,071059,081024,037777,019667,079236
0000000304,0000303000,002488,088043,082191,048556,015597,072526
0000000305,0000304000,-25781,097002,084122,058342,014849,063488
0000000306,0000305000,-50871,097065,086625,066180,017490,053009
0000000307,0000306000,-70224,088218,089444,071287,023263,042129
0000000308,0000307000,-81999,071285,092315,073168,031609,031903
0000000309,0000308000,-85082,047905,094961,071647,041714,023319
0000000310,0000309000,-79156,020459,097113,066873,052576,017231
0000000311,0000310000,-64780,-08384,098560,059310,063132,014237
0000000312,0000311000,-43315,-35910,099167,049691,072366,014622
0000000313,0000312000,-16926,-59359,098872,038968,079367,018345
0000000314,0000313000,011751,-76376,097706,028196,083441,025043
0000000315,0000314000,040032,-85352,095776,018415,084197,034068
0000000316,0000315000,065141,-85426,093272,010580,081565,044535
0000000317,0000316000,084529,-76602,090451,005470,075803,055406
0000000318,0000317000,096324,-59673,087579,003583,067470,065626
0000000319,0000318000,099418,-36280,084930,005095,057377,074207
0000000320,0000319000,093515,-08830,082775,009857,046526,080296
0000000321,0000320000,079151,020023,081326,017407,035978,083294
0000000322,0000321000,057675,047581,080718,027013,026748,082918
0000000323,0000322000,031281,071054,081010,037726,019747,079206
0000000324,0000323000,002597,088088,082175,048488,015670,072521
0000000325,0000324000,-25713,097094,084106,058264,014907,063508
0000000326,0000325000,-50849,097192,086610,066098,017528,053053
0000000327,0000326000,-70253,088371,089432,071210,023277,042193
0000000328,0000327000,-82078,071449,092306,073103,031597,031980
0000000329,0000328000,-85200,048062,094957,071601,041677,023402
0000000330,0000329000,-79303,020593,097115,066851,052517,017311
0000000331,0000330000,-64946,-08281,098567,059314,063057,014308
0000000332,0000331000,-43480,-35852,099177,049722,072282,014675
0000000333,0000332000,-17072,-59356,098887,039021,079283,018375
0000000334,0000333000,011634,-76423,097723,028268,083365,025047
0000000335,0000334000,039956,-85445,095792,018498,084136,034046
0000000336,0000335000,065119,-85562,093288,010666,081525,044488
0000000337,0000336000,084560,-76764,090464,005551,075790,055338
0000000338,0000337000,096404,-59844,087588,003651,067484,065544
0000000339,0000338000,099544,-36447,084934,005143,057417,074119
0000000340,0000339000,093674,-08976,082774,009880,046588,080211
0000000341,0000340000,079324,019916,081320,017403,036057,083220
0000000342,0000341000,057849,047520,080707,026982,026836,082862
0000000343,0000342000,031439,071047,080995,037670,019835,079174
0000000344,0000343000,002721,088138,082158,048413,015750,072516
0000000345,0000344000,-25633,097194,084088,058176,014971,063532
0000000346,0000345000,-50822,097333,086593,066007,017569,053103
0000000347,0000346000,-70285,088542,089418,071124,023291,042264
0000000348,0000347000,-82163,071634,092297,073032,031582,032066
0000000349,0000348000,-85330,048238,094953,071551,041635,023494
0000000350,0000349000,-79469,020746,097116,066827,052451,017401
0000000351,0000350000,-65132,-08164,098573,059319,062974,014386
0000000352,0000351000,-43664,-35787,099189,049755,072190,014734
0000000353,0000352000,-17237,-59349,098903,039080,079190,018409
0000000354,0000353000,011500,-76474,097741,028347,083280,025052
0000000355,0000354000,039870,-85549,095811,018590,084068,034021
0000000356,0000355000,065092,-85712,093306,010762,081482,044436
0000000357,0000356000,084592,-76945,090479,005641,075775,055263
0000000358,0000357000,096492,-60037,087598,003726,067499,065454
0000000359,0000358000,099682,-36635,084939,005196,057461,074022
0000000360,0000359000,093849,-09138,082773,009905,046657,080117
0000000361,0000360000,079518,019794,081313,017397,036145,083138
0000000362,0000361000,058044,047449,080694,026946,026934,082800
0000000363,0000362000,031615,071037,080978,037607,019933,079139
0000000364,0000363000,002860,088192,082139,048329,015838,072512
0000000365,0000364000,-25542,097303,084068,058080,015041,063558
0000000366,0000365000,-50790,097488,086574,065907,017614,053158
0000000367,0000366000,-70319,088732,089402,071030,023306,042343
0000000368,0000367000,-82256,071838,092285,072953,031566,032161
0000000369,0000368000,-85473,048434,094947,071496,041588,023596
0000000370,0000369000,-79653,020917,097117,066801,052378,017500
0000000371,0000370000,-65338,-08032,098581,059325,062882,014472
0000000372,0000371000,-43868,-35712,099202,049793,072087,014799
0000000373,0000372000,-17422,-59339,098920,039146,079087,018446
0000000374,0000373000,011350,-76527,097761,028435,083188,025057
0000000375,0000374000,039773,-85662,095832,018692,083995,033993
0000000376,0000375000,065059,-85877,093325,010867,081435,044378
0000000377,0000376000,084624,-77143,090496,005739,075759,055181
0000000378,0000377000,096587,-60251,087610,003808,067517,065354
0000000379,0000378000,099834,-36844,084945,005253,057511,073915
0000000380,0000379000,094041,-09320,082772,009932,046734,080013
0000000381,0000380000,079733,019656,081305,017390,036241,083048
0000000382,0000381000,058261,047368,080681,026906,027041,082733
0000000383,0000382000,031811,071024,080960,037538,020041,079101
0000000384,0000383000,003017,088249,082117,048237,015935,072507
0000000385,0000384000,-25437,097421,084046,057973,015118,063588
0000000386,0000385000,-50753,097659,086553,065797,017663,053219
0000000387,0000386000,-70353,088942,089385,070927,023322,042430
0000000388,0000387000,-82355,072064,092273,072868,031547,032265
0000000389,0000388000,-85630,048652,094941,071436,041536,023708
0000000390,0000389000,-79855,021109,097118,066773,052298,017608
0000000391,0000390000,-65564,-07884,098589,059333,062781,014566
0000000392,0000391000,-44094,-35626,099216,049835,071975,014869
0000000393,0000392000,-17628,-59325,098939,039219,078975,018485
0000000394,0000393000,011183,-76584,097784,028532,083087,025061
0000000395,0000394000,039663,-85785,095856,018803,083915,033962
0000000396,0000395000,065019,-86056,093347,010982,081384,044314
0000000397,0000396000,084657,-77361,090514,005847,075742,055090
0000000398,0000397000,096690,-60487,087624,003897,067537,065245
0000000399,0000398000,099998,-37075,084952,005315,057565,073799
0000000400,0000399000,094251,-09521,082771,009961,046818,079901
0000000401,0000400000,079969,019500,081297,017382,036347,082951
0000000402,0000401000,038400,074306,083376,039026,027565,083060
0000000403,0000402000,028257,055981,079451,053674,018618,077529
0000000404,0000403000,-04362,078238,081129,064698,018001,074499
0000000405,0000404000,-20592,093178,083645,066174,014140,062589
0000000406,0000405000,-15202,072278,084016,065286,019186,054771
0000000407,0000406000,-22475,098066,090285,056366,023187,042386
0000000408,0000407000,001553,054339,090460,042815,030586,031470
0000000409,0000408000,-04524,062579,096251,027747,041226,023631
0000000410,0000409000,003803,027106,097572,008751,048574,014132
0000000411,0000410000,-02234,-15606,097665,-07618,061053,013032
0000000412,0000411000,-14796,-29097,099695,-26609,068229,011148
0000000413,0000412000,-10566,-80549,096514,-41162,076911,016256
0000000414,0000413000,-18379,-61780,098914,-50594,081775,023423
0000000415,0000414000,002907,-85908,095576,-54615,081996,031592
0000000416,0000415000,011755,-73719,094385,-49591,081858,044296
0000000417,0000416000,024726,-52995,092849,-41224,074526,053459
0000000418,0000417000,032748,-50417,088727,-24463,068101,065519
0000000419,0000418000,025979,-02738,088638,-04881,057208,073238
0000000420,0000419000,030019,-09990,083053,016550,046463,079459
0000000421,0000420000,017045,026763,082454,038066,037272,083972
0000000422,0000421000,015491,041761,080643,054856,027027,082784
0000000423,0000422000,011485,058881,080261,070796,021893,081197
0000000424,0000423000,010368,090626,082845,079965,016400,073413
0000000425,0000424000,016665,074334,082168,084620,016059,065092
0000000426,0000425000,008156,096706,086721,082675,018422,054561
0000000427,0000426000,005221,074865,088039,073983,022812,042492
0000000428,0000427000,-07383,066180,091596,062282,031652,032875
0000000429,0000428000,-14446,045776,094358,044376,039824,022350
0000000430,0000429000,-16961,003887,094891,025670,051374,016882
0000000431,0000430000,-21921,-02060,098591,005303,061295,013041
0000000432,0000431000,-13934,-41338,097983,-12713,070365,012882
0000000433,0000432000,-08811,-44958,099591,-25955,078060,016892
0000000434,0000433000,003947,-65964,098101,-35848,081312,022377
0000000435,0000434000,012274,-76973,096159,-38305,083588,032559
0000000436,0000435000,014486,-63160,095218,-36198,080619,042461
0000000437,0000436000,020043,-70353,091040,-26890,075704,054142
0000000438,0000437000,018872,-41792,089663,-12736,068041,065088
0000000439,0000438000,023755,-35435,085545,004229,057973,073811
0000000440,0000439000,023217,-04796,083867,024520,048528,081580
0000000441,0000440000,022697,026153,082793,043870,037309,084290
0000000442,0000441000,024542,041884,081069,063331,028709,084959
0000000443,0000442000,020253,073904,082176,078461,021138,081150
0000000444,0000443000,018724,072943,081487,088702,016533,074380
0000000445,0000444000,008690,090074,084063,093626,015845,065731
0000000446,0000445000,001285,084785,085705,091348,017172,054133
0000000447,0000446000,-04477,072074,087837,084218,023180,043548
0000000448,0000447000,-10537,062454,091156,070369,030579,032237
0000000449,0000448000,-10434,031768,092723,053239,040658,023360
0000000450,0000449000,-13906,021749,096362,033984,051405,016799
0000000451,0000450000,-10344,-10511,097364,014258,061328,012651
0000000452,0000451000,-07605,-30537,098614,-02966,071243,013088
0000000453,0000452000,-04604,-48473,098820,-18075,077829,015809
0000000454,0000453000,000461,-68148,097530,-27468,082795,022888
0000000455,0000454000,002097,-65361,097023,-31676,083841,031811
0000000456,0000455000,010146,-74733,093867,-29654,081593,042524
0000000457,0000456000,014949,-60858,091953,-21470,076763,054459
0000000458,0000457000,021167,-49031,089020,-08866,068378,064914
0000000459,0000458000,025660,-28843,086393,008769,059194,074850
0000000460,0000459000,026340,000569,084718,028061,048054,081278
0000000461,0000460000,028717,016150,082184,048238,037643,085129
0000000462,0000461000,024140,046201,081911,066651,028368,085440
0000000463,0000462000,020471,059976,081206,081455,020685,081767
0000000464,0000463000,013593,076351,082219,092283,016584,075630
0000000465,0000464000,007104,084089,083753,096702,014795,065904
0000000466,0000465000,003110,078532,085262,095585,017244,055338
0000000467,0000466000,-03722,077316,088422,088024,022394,043662
0000000468,0000467000,-06331,057242,090535,075390,030252,032483
0000000469,0000468000,-10599,042854,093602,059114,040345,023241
0000000470,0000469000,-11304,016932,095559,039883,050682,015843
0000000471,0000470000,-10701,-09293,097074,020643,061784,012459
0000000472,0000471000,-10400,-27827,098430,002201,071075,011933
0000000473,0000472000,-05752,-51705,098066,-12674,078684,015422
0000000474,0000473000,-02256,-60131,097948,-23003,083439,022141
0000000475,0000474000,005119,-71378,096105,-28037,084618,031196
0000000476,0000475000,010956,-68834,094277,-26580,082927,042603
0000000477,0000476000,016198,-59523,092053,-19599,077277,053965
0000000478,0000477000,021771,-48563,089152,-06770,069482,065378
0000000479,0000478000,023846,-25058,086995,009819,059399,074869
0000000480,0000479000,026642,-07566,084262,028823,048408,081921
0000000481,0000480000,025070,019467,082938,048610,037801,086030
0000000482,0000481000,023151,040930,081840,066772,027820,086045
0000000483,0000482000,020004,058709,081552,082348,020470,083004
0000000484,0000483000,014878,074466,082448,092981,015488,076135
0000000485,0000484000,010611,077736,083430,098311,014144,066864
0000000486,0000485000,003576,082025,085816,097632,016219,055775
0000000487,0000486000,-01345,071943,087944,090874,021341,043752
0000000488,0000487000,-06446,058906,090589,079090,029667,032612
0000000489,0000488000,-10160,040644,093128,062716,039502,022608
0000000490,0000489000,-11502,016093,095113,044104,050748,015566
0000000491,0000490000,-12452,-03819,097158,024611,061677,011482
0000000492,0000491000,-09444,-29072,097794,006333,071494,011049
0000000493,0000492000,-06217,-45554,098193,-08903,079407,014517
0000000494,0000493000,-00991,-60001,097520,-20046,084123,021023
0000000495,0000494000,004658,-67378,096149,-25406,085871,030661
0000000496,0000495000,009823,-65208,094431,-25041,083710,041783
0000000497,0000496000,016088,-61462,091809,-18578,078415,053835
0000000498,0000497000,020009,-45690,089536,-06833,070301,065409
0000000499,0000498000,023829,-28950,086866,008999,059989,075247
0000000500,0000499000,025292,-06240,084798,027760,048916,082815
0000000501,0000500000,025243,017246,083201,047123,037562,086751
0000000502,0000501000,024118,037291,082009,065667,027626,087311
0000000503,0000502000,020184,058044,082032,081253,019626,083974
0000000504,0000503000,016068,069160,082400,092592,014549,077188
0000000505,0000504000,010062,078083,083836,098706,013021,067734
0000000506,0000505000,004496,077548,085611,098682,014833,056181
0000000507,0000506000,-00867,070082,087833,092903,020356,044166
0000000508,0000507000,-06037,058800,090459,081534,028532,032346
0000000509,0000508000,-09028,039181,092703,066017,038906,022261
0000000510,0000509000,-11343,019705,095060,047733,050340,014733
0000000511,0000510000,-10932,-04364,096567,028364,061644,010388
0000000512,0000511000,-09389,-25145,097598,010038,072024,009991
0000000513,0000512000,-06358,-42794,097897,-05805,080026,013157
0000000514,0000513000,-01614,-57359,097258,-17310,085296,020014
0000000515,0000514000,003294,-62949,096168,-23666,086985,029612
0000000516,0000515000,009443,-65178,094178,-24171,085023,041158
0000000517,0000516000,014595,-57849,092091,-18676,079695,053584
0000000518,0000517000,019452,-45704,089634,-07881,071240,065398
0000000519,0000518000,023162,-28601,087196,007457,060836,075830
0000000520,0000519000,024961,-07018,085178,025532,049151,083497
0000000521,0000520000,025574,013591,083394,044800,037582,087906
0000000522,0000521000,023596,036228,082531,063332,027124,088533
0000000523,0000522000,020670,053182,082187,079302,018724,085211
0000000524,0000523000,016193,066574,082711,091359,013466,078457
0000000525,0000524000,010892,074243,083904,098108,011563,068625
0000000526,0000525000,005512,074165,085578,099166,013514,056973
0000000527,0000526000,-00263,069515,087878,094256,018935,044400
0000000528,0000527000,-04674,056573,090120,083906,027376,032231
0000000529,0000528000,-08425,040493,092531,069147,038076,021742
0000000530,0000529000,-10416,019873,094600,051267,049821,013744
0000000531,0000530000,-10756,-01829,096202,032229,061733,009272
0000000532,0000531000,-09622,-21600,097272,013674,072387,008529
0000000533,0000532000,-06382,-40425,097456,-02480,080937,011786
0000000534,0000533000,-02374,-52643,097098,-14770,086477,018676
0000000535,0000534000,002920,-60555,095898,-22066,088368,028493
0000000536,0000535000,008357,-61297,094243,-23533,086567,040445
0000000537,0000536000,013708,-55730,092179,-19197,081031,053132
0000000538,0000537000,018679,-45016,089798,-09298,072505,065538
0000000539,0000538000,022108,-27957,087586,005085,061659,076304
0000000540,0000539000,024467,-09252,085467,022617,049608,084421
0000000541,0000540000,024789,012317,083912,041634,037566,089146
0000000542,0000541000,023648,032308,082876,060183,026550,089887
0000000543,0000542000,020946,049348,082554,076631,017836,086728
0000000544,0000543000,016723,062881,083019,089285,012112,079764
0000000545,0000544000,011916,069783,084014,097065,010068,069799
0000000546,0000545000,006317,071701,085711,099190,011884,057749
0000000547,0000546000,001109,066178,087689,095407,017365,044738
0000000548,0000547000,-03712,055669,089931,086159,026088,032171
0000000549,0000548000,-07510,040309,092187,072217,037046,021120
0000000550,0000549000,-09699,020912,094164,055061,049340,012798
0000000551,0000550000,-10492,001229,095802,036263,061671,007920
0000000552,0000551000,-09270,-18993,096745,017667,072874,007019
0000000553,0000552000,-06764,-35697,097125,001083,081900,010228
0000000554,0000553000,-02827,-48598,096750,-11990,087753,017156
0000000555,0000554000,002057,-56214,095720,-20218,089962,027287
0000000556,0000555000,007284,-57514,094209,-22929,088174,039508
0000000557,0000556000,012715,-53575,092213,-19782,082645,052711
0000000558,0000557000,017338,-42874,090093,-11086,073863,065580
0000000559,0000558000,021192,-28361,087893,002306,062646,076824
0000000560,0000559000,023579,-10181,085942,019160,050175,085424
0000000561,0000560000,024365,009619,084383,037750,037539,090433
0000000562,0000561000,023592,028420,083343,056373,026066,091464
0000000563,0000562000,021049,045447,083040,073194,016810,088309
0000000564,0000563000,017430,057735,083313,086642,010717,081279
0000000565,0000564000,012685,065619,084275,095470,008418,071085
0000000566,0000565000,007511,067321,085746,098786,010095,058632
0000000567,0000566000,002297,063240,087603,096347,015696,045222
0000000568,0000567000,-02552,054140,089707,088304,024581,032087
0000000569,0000568000,-06282,039640,091776,075474,035957,020570
0000000570,0000569000,-08882,022559,093728,059076,048714,011765
0000000571,0000570000,-09787,003525,095234,040684,061582,006520
0000000572,0000571000,-09150,-14864,096249,022121,073369,005419
0000000573,0000572000,-06965,-31053,096645,005095,082854,008500
0000000574,0000573000,-03367,-43711,096348,-08727,089169,015567
0000000575,0000574000,001061,-51015,095500,-18090,091618,025901
0000000576,0000575000,006198,-53513,094088,-22090,089969,038509
0000000577,0000576000,011298,-49835,092331,-20325,084389,052185
0000000578,0000577000,016078,-41089,090323,-12995,075351,065550
0000000579,0000578000,020001,-27964,088291,-00744,063801,077362
0000000580,0000579000,022588,-11281,086456,015197,050797,086398
0000000581,0000580000,023785,006617,084922,033325,037633,091824
0000000582,0000581000,023257,024632,083946,051881,025573,093084
0000000583,0000582000,021311,040150,083529,069082,015789,090011
0000000584,0000583000,017982,052462,083744,083336,009287,082931
0000000585,0000584000,013636,060211,084552,093264,006660,072468
0000000586,0000585000,008754,062449,085846,097974,008243,059677
0000000587,0000586000,003632,059761,087545,096984,013860,045765
0000000588,0000587000,-01044,051574,089422,090387,022979,032112
0000000589,0000588000,-05023,039257,091385,078821,034740,020058
0000000590,0000589000,-07778,023637,093178,063373,047976,010739
0000000591,0000590000,-09075,006438,094633,045572,061441,005125
0000000592,0000591000,-08861,-10516,095643,027090,073786,003731
0000000593,0000592000,-07050,-25941,096057,009716,083839,006734
0000000594,0000593000,-04011,-37650,095906,-04918,090590,013859
0000000595,0000594000,000133,-45413,095171,-15449,093347,024416
0000000596,0000595000,004891,-48189,093969,-20862,091862,037408
0000000597,0000596000,009850,-45747,092391,-20675,086221,051536
0000000598,0000597000,014589,-38597,090576,-14865,076994,065466
0000000599,0000598000,018533,-27022,088743,-04002,065051,077807
0000000600,0000599000,021450,-12559,087004,010880,051554,087359
0000000601,0000600000,022922,003817,085583,028354,037814,093203
0000000602,0000601000,022909,019986,084601,046721,025146,094727
0000000603,0000602000,021405,034536,084146,064260,014827,091792
0000000604,0000603000,018533,046311,084261,079293,007838,084640
0000000605,0000604000,014675,053802,084894,090428,004900,073975
0000000606,0000605000,010059,056914,086019,096614,006316,060815
0000000607,0000606000,005225,055099,087477,097258,011950,046431
0000000608,0000607000,000549,048716,089169,092310,021284,032251
0000000609,0000608000,-03492,038223,090933,082213,033397,019623
0000000610,0000609000,-06466,024619,092569,067956,047148,009806
0000000611,0000610000,-08174,009545,093952,050893,061179,003754
0000000612,0000611000,-08362,-05936,094916,032666,074134,002070
0000000613,0000612000,-07129,-19820,095398,015016,084757,004941
0000000614,0000613000,-04543,-31038,095338,-00408,091974,012093
0000000615,0000614000,-00877,-38684,094777,-12146,095089,022865
0000000616,0000615000,003495,-41965,093782,-19114,093769,036190
0000000617,0000616000,008240,-40825,092417,-20641,088134,050793
0000000618,0000617000,012830,-35178,090852,-16582,078713,065252
0000000619,0000618000,016909,-25845,089203,-07322,066414,078144
0000000620,0000619000,020022,-13411,087640,006268,052436,088227
0000000621,0000620000,021885,000743,086321,022868,038108,094497
0000000622,0000621000,022360,015011,085368,040906,024849,096342
0000000623,0000622000,021365,028298,084881,058656,013947,093550
0000000624,0000623000,019087,039081,084865,074450,006473,086389
0000000625,0000624000,015679,046597,085345,086816,003180,075545
0000000626,0000625000,011504,050168,086239,094587,004394,062048
0000000627,0000626000,006935,049614,087460,097046,010022,047230
0000000628,0000627000,002378,044989,088912,093944,019515,032517
0000000629,0000628000,-01689,036568,090439,085577,031976,019346
0000000630,0000629000,-04934,025482,091908,072741,046197,009004
0000000631,0000630000,-06990,012561,093161,056661,060790,002506
0000000632,0000631000,-07707,-00773,094093,038880,074352,000503
0000000633,0000632000,-07028,-13131,094606,021075,085540,003193
0000000634,0000633000,-05019,-23470,094661,004932,093261,010347
0000000635,0000634000,-01921,-30822,094289,-08048,096743,021266
0000000636,0000635000,002033,-34733,093510,-16650,095639,034896
0000000637,0000636000,006430,-34720,092416,-20066,090041,049925
0000000638,0000637000,010894,-31018,091107,-17977,080471,064882
0000000639,0000638000,014993,-23913,089705,-10568,067866,078318
0000000640,0000639000,018319,-13966,088344,001450,053426,088913
0000000641,0000640000,020593,-02410,087152,016937,038558,095638
0000000642,0000641000,021562,009738,086262,034414,024712,097816
0000000643,0000642000,021193,021214,085730,052223,013238,095218
0000000644,0000643000,019514,031005,085608,068697,005269,088098
0000000645,0000644000,016699,038193,085897,082289,001587,077123
0000000646,0000645000,013027,042255,086545,091740,002574,063363
0000000647,0000646000,008803,043011,087497,096163,008136,048150
0000000648,0000647000,004455,040205,088658,095140,017748,032962
0000000649,0000648000,000356,034306,089927,088768,030494,019275
0000000650,0000649000,-03079,025847,091169,077645,045132,008424
0000000651,0000650000,-05532,015624,092276,062834,060250,001482
0000000652,0000651000,-06791,004746,093142,045738,074374,-00875
0000000653,0000652000,-06730,-05743,093677,027977,086123,001603
0000000654,0000653000,-05402,-14824,093857,011219,094339,008688
0000000655,0000654000,-02914,-21856,093673,-02976,098214,019691
0000000656,0000655000,000482,-26151,093152,-13283,097364,033554
0000000657,0000656000,004477,-27442,092351,-18745,091850,048929
0000000658,0000657000,008716,-25753,091347,-18846,082204,064328
0000000659,0000658000,012782,-21134,090235,-13577,069352,078248
0000000660,0000659000,016317,-14125,089110,-03435,054531,089334
0000000661,0000660000,018963,-05421,088095,010622,039181,096501
0000000662,0000661000,020496,004059,087279,027258,024798,099033
0000000663,0000662000,020783,013451,086729,044908,012789,096680
0000000664,0000663000,019804,021866,086493,061912,004326,089659
0000000665,0000664000,017681,028514,086576,076689,000250,078646
0000000666,0000665000,014590,033041,086960,087865,000966,064707
0000000667,0000666000,010837,035014,087596,094399,006407,049196
0000000668,0000667000,006751,034307,088435,095685,016063,033619
0000000669,0000668000,002714,031088,089389,091597,029001,019484
0000000670,0000669000,-00888,025663,090365,082523,043973,008177
0000000671,0000670000,-03735,018581,091285,069318,059523,000802
0000000672,0000671000,-05548,010538,092051,053230,074142,-01917
0000000673,0000672000,-06186,002415,092599,035773,086398,000299
0000000674,0000673000,-05596,-05158,092893,018579,095087,007239
0000000675,0000674000,-03844,-11533,092917,003251,099364,018231
0000000676,0000675000,-01104,-16141,092679,-08789,098799,032209
0000000677,0000676000,002387,-18753,092206,-16425,093440,047820
0000000678,0000677000,006294,-19166,091555,-18946,083801,063546
0000000679,0000678000,010271,-17380,090776,-16118,070810,077856
0000000680,0000679000,013941,-13593,089945,-08204,055723,089364
0000000681,0000680000,016966,-08251,089145,004049,040002,096937
0000000682,0000681000,019076,-01872,088439,019492,025182,099835
0000000683,0000682000,020073,004985,087891,036673,012707,097769
0000000684,0000683000,019891,011602,087542,053989,003796,090936
0000000685,0000684000,018546,017508,087414,069831,-00673,079998
0000000686,0000685000,016174,022271,087499,082727,-00265,066015
0000000687,0000686000,012992,025505,087788,091489,004988,050352
0000000688,0000687000,009283,027011,088253,095300,014580,034523
0000000689,0000688000,005396,026728,088840,093809,027588,020067
0000000690,0000689000,001676,024748,089503,087156,042748,008395
0000000691,0000690000,-01525,021217,090181,075964,058590,000641
0000000692,0000691000,-03921,016564,090815,061280,073575,-02435
0000000693,0000692000,-05301,011233,091351,044477,086236,-00531
0000000694,0000693000,-05541,005618,091752,027120,095340,006172
0000000695,0000694000,-04636,000221,091995,010821,099998,017017
0000000696,0000695000,-02665,-04564,092062,-02912,099753,030950
0000000697,0000696000,000182,-08414,091962,-12809,094625,046619
0000000698,0000697000,003652,-11090,091709,-17959,085112,062497
0000000699,0000698000,007430,-12369,091321,-17883,072137,077043
0000000700,0000699000,011170,-12204,090838,-12591,056954,088845
0000000701,0000700000,014539,-10695,090300,-02576,041041,096754
0000000702,0000701000,017222,-07913,089750,011229,025947,099998
0000000703,0000702000,018987,-04146,089229,027539,013139,098265
0000000704,0000703000,019676,000271,088780,044842,003868,091726
0000000705,0000704000,019232,005047,088429,061532,-00963,081015
0000000706,0000705000,017704,009841,088194,076067,-00885,067183
0000000707,0000706000,015226,014294,088096,087107,004092,051577
0000000708,0000707000,012029,018091,088134,093635,013486,035712
0000000709,0000708000,008395,021026,088301,095051,026380,021133
0000000710,0000709000,004654,022830,088588,091225,041519,009254
0000000711,0000710000,001142,023358,088975,082514,057436,001224
0000000712,0000711000,-01828,022620,089430,069721,072580,-02178
0000000713,0000712000,-03984,020614,089920,054033,085477,-00626
0000000714,0000713000,-05140,017465,090418,036900,094875,005723
0000000715,0000714000,-05188,013407,090881,019907,099862,016243
0000000716,0000715000,-04132,008726,091280,004621,099954,029907
0000000717,0000716000,-02067,003699,091590,-07550,095148,045379
0000000718,0000717000,000822,-01304,091784,-15488,085920,061149
0000000719,0000718000,004273,-05879,091846,-18465,073171,075687
0000000720,0000719000,007986,-09722,091769,-16210,058144,087585
0000000721,0000720000,011624,-12484,091554,-08930,042305,095692
0000000722,0000721000,014867,-13876,091206,002706,027190,099230
0000000723,0000722000,017421,-13746,090750,017626,014268,097867
0000000724,0000723000,019056,-12048,090217,034458,004790,091744
0000000725,0000724000,019626,-08836,089642,051649,-00323,081467
0000000726,0000725000,019077,-04289,089069,067617,-00584,068049
0000000727,0000726000,017463,001245,088543,080891,004022,052802
0000000728,0000727000,014927,007404,088107,090257,013038,037216
0000000729,0000728000,011693,013735,087796,094858,025570,022807
0000000730,0000729000,008046,019680,087647,094276,040393,010970
0000000731,0000730000,004306,024734,087683,088562,056062,002838
0000000732,0000731000,000806,028426,087906,078239,071055,-00812
0000000733,0000732000,-02143,030334,088313,064248,083920,000360
0000000734,0000733000,-04272,030186,088881,047872,093413,006220
0000000735,0000734000,-05385,027939,089563,030613,098620,016186
0000000736,0000735000,-05381,023679,090309,014059,099043,029273
0000000737,0000736000,-04258,017644,091061,-00271,094659,044193
0000000738,0000737000,-02118,010315,091754,-11065,085916,059482
0000000739,0000738000,000855,002261,092321,-17339,073682,073656
0000000740,0000739000,004399,-05874,092711,-18523,059162,085346
0000000741,0000740000,008208,-13351,092876,-14511,043776,093432
0000000742,0000741000,011947,-19424,092786,-05661,029015,097156
0000000743,0000742000,015280,-23487,092438,007223,016305,096181
0000000744,0000743000,017909,-25085,091851,022970,006873,090619
0000000745,0000744000,019587,-23915,091063,040142,001622,081034
0000000746,0000745000,020160,-19996,090139,057163,001045,068380
0000000747,0000746000,019571,-13583,089158,072473,005178,053908
0000000748,0000747000,017869,-05111,088203,084672,013590,039039
0000000749,0000748000,015205,004726,087361,092651,025432,025224
0000000750,0000749000,011806,015072,086719,095688,039530,013793
0000000751,0000750000,007967,025012,086342,093506,054505,005829
0000000752,0000751000,004020,033608,086280,086300,068904,002075
0000000753,0000752000,000314,039960,086556,074713,081339,002863
0000000754,0000753000,-02811,043384,087158,059790,090619,008085
0000000755,0000754000,-05070,043458,088043,042889,095858,017209
0000000756,0000755000,-06248,040017,089140,025553,096567,029319
0000000757,0000756000,-06232,033256,090357,009370,092710,043210
0000000758,0000757000,-05016,023698,091583,-04183,084699,057508
0000000759,0000758000,-02708,012125,092704,-13874,073354,070822
0000000760,0000759000,000497,-00478,093613,-18830,059808,081869
0000000761,0000760000,004323,-12949,094215,-18602,045394,089611
0000000762,0000761000,008442,-24099,094438,-13206,031507,093339
0000000763,0000762000,012493,-32851,094249,-03116,019481,092731
0000000764,0000763000,016108,-38262,093647,010766,010465,087886
0000000765,0000764000,018954,-39670,092672,027188,005312,079307
0000000766,0000765000,020760,-36819,091404,044654,004493,067866
0000000767,0000766000,021351,-29841,089954,061569,008051,054709
0000000768,0000767000,020668,-19251,088454,076389,015589,041143
0000000769,0000768000,018765,-05954,087044,087770,026322,028495
0000000770,0000769000,015806,008857,085863,094687,039166,017976
0000000771,0000770000,012042,023857,085027,096518,052855,010567
0000000772,0000771000,007796,037643,084626,093093,066060,006935
0000000773,0000772000,003436,048846,084717,084707,077518,007381
0000000774,0000773000,-00647,056317,085308,072098,086142,011812
0000000775,0000774000,-04075,059213,086360,056395,091123,019756
0000000776,0000775000,-06524,057078,087790,039019,092014,030395
0000000777,0000776000,-07753,049960,089471,021555,088777,042651
0000000778,0000777000,-07642,038452,091243,005596,081790,055299
0000000779,0000778000,-06197,023532,092942,-07413,071793,067101
0000000780,0000779000,-03538,006534,094403,-16300,059811,076928
0000000781,0000780000,000106,-10956,095480,-20270,047033,083874
0000000782,0000781000,004425,-27337,096065,-18965,034697,087330
0000000783,0000782000,009047,-41046,096086,-12486,023982,087021
0000000784,0000783000,013565,-50656,095521,-01394,015897,083037
0000000785,0000784000,017559,-55109,094403,013328,011189,075821
0000000786,0000785000,020653,-53818,092824,030357,010270,066127
0000000787,0000786000,022541,-46719,090925,048145,013170,054949
0000000788,0000787000,023039,-34386,088884,065070,019531,043416
0000000789,0000788000,022097,-17950,086900,079597,028659,032660
0000000790,0000789000,019796,001085,085164,090422,039606,023703
0000000791,0000790000,016334,020985,083841,096579,051277,017361
0000000792,0000791000,012005,039922,083064,097516,062538,014176
0000000793,0000792000,007178,056085,082922,093137,072317,014384
0000000794,0000793000,002278,067853,083448,083811,079702,017891
0000000795,0000794000,-02250,073966,084612,070351,084020,024289
0000000796,0000795000,-05975,073613,086324,053959,084910,032894
0000000797,0000796000,-08532,066652,088428,036118,082358,042805
0000000798,0000797000,-09667,053685,090720,018454,076701,053013
0000000799,0000798000,-09274,035904,092978,002570,068575,062514
0000000800,0000799000,-07388,014971,094985,-10109,058841,070409
0000000801,0000800000,-04173,-07166,096548,-18454,048484,075992
0000000802,0000801000,000095,-28510,097519,-21723,038513,078802
0000000803,0000802000,005055,-47066,097793,-19616,029874,078652
0000000804,0000803000,010276,-60959,097321,-12296,023366,075642
0000000805,0000804000,015287,-68733,096127,-00392,019563,070147
0000000806,0000805000,019612,-69434,094306,015046,018769,062777
0000000807,0000806000,022828,-62779,092022,032628,020972,054318
0000000808,0000807000,024616,-49340,089497,050753,025855,045647
0000000809,0000808000,024807,-30440,086985,067774,032846,037618
0000000810,0000809000,023391,-07871,084725,082164,041188,030982
0000000811,0000810000,020494,016294,082928,092645,050023,026321
0000000812,0000811000,016365,039849,081766,098289,058485,024001
0000000813,0000812000,011355,060602,081358,098589,065772,024147
0000000814,0000813000,005895,076533,081761,093498,071223,026648
0000000815,0000814000,000470,085975,082961,083441,074371,031164
0000000816,0000815000,-04404,087772,084866,069294,074993,037165
0000000817,0000816000,-08255,081572,087302,052323,073133,043989
0000000818,0000817000,-10695,067918,090025,034067,069085,050916
0000000819,0000818000,-11496,048166,092763,016190,063351,057260
0000000820,0000819000,-10599,024251,095254,000297,056572,062439
0000000821,0000820000,-08089,-01616,097265,-12202,049461,066013
0000000822,0000821000,-04182,-27094,098611,-20205,042723,067726
0000000823,0000822000,000786,-49820,099156,-23002,036994,067520
0000000824,0000823000,006390,-67608,098833,-20329,032784,065527
0000000825,0000824000,012137,-78629,097648,-12397,030431,062053
0000000826,0000825000,017486,-81570,095692,000115,030065,057540
0000000827,0000826000,021922,-75977,093144,016099,031602,052515
0000000828,0000827000,024999,-62347,090260,034107,034767,047524
0000000829,0000828000,026422,-42081,087336,052500,039137,043064
0000000830,0000829000,026084,-17208,084650,069618,044200,039530
0000000831,0000830000,024029,009990,082445,083949,049403,037202
0000000832,0000831000,020431,037022,080931,094229,054217,036218
0000000833,0000832000,015604,061369,080255,099551,058191,036552
0000000834,0000833000,009963,080781,080487,099440,060986,038049
0000000835,0000834000,004002,093245,081632,093879,062404,040441
0000000836,0000835000,-01726,097293,083607,083335,062426,043370
0000000837,0000836000,-06670,092463,086220,068734,061183,046456
0000000838,0000837000,-10347,079156,089211,051388,058927,049351
0000000839,0000838000,-12396,058724,092281,032876,056003,051750
0000000840,0000839000,-12632,033323,095114,014875,052789,053468
0000000841,0000840000,-11103,005329,097478,-01023,049649,054405
0000000842,0000841000,-07889,-22884,099143,-13423,046929,054546
0000000843,0000842000,-03310,-48446,099943,-21228,044888,054008
0000000844,0000843000,002243,-69088,099805,-23759,043663,052977
0000000845,0000844000,008300,-82823,098720,-20769,043307,051692
0000000846,0000845000,014279,-87925,096772,-12502,043721,050407
0000000847,0000846000,019648,-83956,094139,000326,044712,049358
0000000848,0000847000,023846,-71241,091098,016573,046051,048693
0000000849,0000848000,026486,-51105,087948,034760,047474,048485
0000000850,0000849000,027334,-25674,085008,053241,048756,048723
0000000851,0000850000,026363,002696,082532,070369,049707,049307
0000000852,0000851000,023648,031407,080745,084649,050197,050113
0000000853,0000852000,019411,057773,079840,094820,050173,050928
0000000854,0000853000,014069,079282,079875,099998,049688,051531
0000000855,0000854000,008055,093921,080879,099724,048872,051723
0000000856,0000855000,001941,099998,082768,093995,047938,051330
0000000857,0000856000,-03714,096974,085353,083308,047147,050290
0000000858,0000857000,-08371,085173,088389,068601,046705,048654
0000000859,0000858000,-11552,065672,091553,051209,046796,046574
0000000860,0000859000,-13005,040832,094534,032712,047502,044285
0000000861,0000860000,-12614,012716,097074,014753,048803,042081
0000000862,0000861000,-10449,-16048,098947,-01084,050635,040246
0000000863,0000862000,-06678,-42544,099946,-13417,052822,039075
0000000864,0000863000,-01669,-64448,099998,-21170,055108,038847
0000000865,0000864000,004140,-79683,099104,-23674,057184,039719
0000000866,0000865000,010240,-86620,097315,-20691,058714,041764
0000000867,0000866000,016040,-84519,094823,-12472,059371,044901
0000000868,0000867000,021029,-73869,091875,000262,058951,048858
0000000869,0000868000,024701,-55593,088765,016374,057375,053258
0000000870,0000869000,026726,-31683,085803,034394,054691,057647
0000000871,0000870000,026969,-04528,083255,052715,051110,061533
0000000872,0000871000,025405,023516,081355,069723,046932,064463
0000000873,0000872000,022195,049674,080280,083927,042537,066042
0000000874,0000873000,017650,071432,080133,094098,038396,065972
0000000875,0000874000,012169,086804,080921,099359,035002,064097
0000000876,0000875000,006257,094340,082562,099250,032822,060452
0000000877,0000876000,000442,093335,084897,093772,032232,055285
0000000878,0000877000,-04734,083938,087699,083398,033436,049051
0000000879,0000878000,-08790,067249,090681,069049,036440,042354
0000000880,0000879000,-11344,045018,093539,052026,041041,035873
0000000881,0000880000,-12207,019366,096031,033856,046850,030299
0000000882,0000881000,-11314,-07339,097927,016139,053351,026235
0000000883,0000882000,-08749,-32406,099031,000435,059940,024186
0000000884,0000883000,-04792,-53419,099262,-11904,065932,024492
0000000885,0000884000,000214,-68627,098607,-19819,070661,027277
0000000886,0000885000,005790,-76469,097142,-22627,073544,032408
0000000887,0000886000,011448,-76369,095010,-20087,074128,039497
0000000888,0000887000,016683,-68552,092430,-12409,072228,047897
0000000889,0000888000,020991,-53793,089663,-00274,067909,056791
0000000890,0000889000,024010,-33725,086967,015226,061502,065291
0000000891,0000890000,025461,-10258,084601,032705,053574,072527
0000000892,0000891000,025246,014353,082780,050609,044849,077717
0000000893,0000892000,023414,037668,081667,067373,036153,080273
0000000894,0000893000,020150,057453,081369,081542,028359,079813
0000000895,0000894000,015785,071863,081885,091908,022313,076235
0000000896,0000895000,010697,079796,083148,097588,018717,069764
0000000897,0000896000,005357,080571,085021,098092,018063,060928
0000000898,0000897000,000233,074331,087314,093380,020553,050543
0000000899,0000898000,-04218,061899,089799,083861,026044,039615
0000000900,0000899000,-07586,044464,092242,070386,034086,029230
0000000901,0000900000,-09592,023812,094417,054159,043957,020435
0000000902,0000901000,-09828,-02254,095697,038360,049537,014799
0000000903,0000902000,006634,014366,099322,038360,049537,012139
0000000904,0000903000,012320,016216,097722,038360,049537,010941
0000000905,0000904000,003695,013203,096484,038360,049537,017108
0000000906,0000905000,012734,015178,096629,038360,049537,025953
0000000907,0000906000,013954,010284,095141,038360,049537,033928
0000000908,0000907000,018425,004670,092648,038360,049537,047329
0000000909,0000908000,011175,-00127,091541,038360,049537,048783
0000000910,0000909000,014203,003974,091582,038360,049537,048783
0000000911,0000910000,017168,006215,091198,038360,049537,048783
0000000912,0000911000,016354,003547,090539,038360,049537,048783
0000000913,0000912000,015944,001566,090424,038360,049537,048783
0000000914,0000913000,016115,001533,090875,038360,049537,048783
0000000915,0000914000,012948,-00455,091146,038360,049537,048783
0000000916,0000915000,008640,-03177,091022,038360,049537,048783
0000000917,0000916000,008525,-02471,090846,038360,049537,048783
0000000918,0000917000,011203,-00258,090639,038360,049537,048783
0000000919,0000918000,011866,-00901,090288,038360,049537,048783
0000000920,0000919000,010674,-03233,090104,038360,049537,048783
0000000921,0000920000,009989,-04099,090339,038360,049537,048783
0000000922,0000921000,008944,-04324,090659,038360,049537,048783
0000000923,0000922000,006818,-05307,090681,038360,049537,048783
0000000924,0000923000,006134,-05368,090509,038360,049537,048783
0000000925,0000924000,008051,-03746,090367,038360,049537,048783
0000000926,0000925000,009873,-02842,090246,038360,049537,048783
0000000927,0000926000,009745,-03800,090177,038360,049537,048783
0000000928,0000927000,008996,-04706,090313,038360,049537,048783
0000000929,0000928000,008657,-04477,090585,038360,049537,048783
0000000930,0000929000,008182,-04129,090713,038360,049537,048783
0000000931,0000930000,007960,-03882,090626,038360,049537,048783
0000000932,0000931000,009091,-02937,090504,038360,049537,048783
0000000933,0000932000,010822,-01853,090457,038360,049537,048783
0000000934,0000933000,011404,-01873,090467,038360,049537,048783
0000000935,0000934000,010844,-02566,090556,038360,049537,048783
0000000936,0000935000,010361,-02657,090726,038360,049537,048783
0000000937,0000936000,010263,-02165,090848,038360,049537,048783
0000000938,0000937000,010311,-01766,090812,038360,049537,048783
0000000939,0000938000,010816,-01377,090696,038360,049537,048783
0000000940,0000939000,011793,-00856,090633,038360,049537,048783
0000000941,0000940000,012326,-00761,090647,038360,049537,048783
0000000942,0000941000,011899,-01297,090703,038360,049537,048783
0000000943,0000942000,011181,-01746,090787,038360,049537,048783
0000000944,0000943000,010865,-01641,090853,038360,049537,048783
0000000945,0000944000,010885,-01359,090830,038360,049537,048783
0000000946,0000945000,011075,-01239,090732,038360,049537,048783
0000000947,0000946000,011451,-01184,090652,038360,049537,048783
0000000948,0000947000,011705,-01249,090645,038360,049537,048783
0000000949,0000948000,011409,-01634,090683,038360,049537,048783
0000000950,0000949000,010748,-02111,090728,038360,049537,048783
0000000951,0000950000,010308,-02249,090756,038360,049537,048783
0000000952,0000951000,010280,-02083,090738,038360,049537,048783
0000000953,0000952000,010440,-01965,090672,038360,049537,048783
0000000954,0000953000,010629,-02002,090605,038360,049537,048783
0000000955,0000954000,010749,-02113,090591,038360,049537,048783
0000000956,0000955000,010611,-02323,090623,038360,049537,048783
0000000957,0000956000,010210,-02599,090661,038360,049537,048783
0000000958,0000957000,009875,-02718,090681,038360,049537,048783
0000000959,0000958000,009869,-02581,090672,038360,049537,048783
0000000960,0000959000,010086,-02387,090636,038360,049537,048783
0000000961,0000960000,010303,-02329,090596,038360,049537,048783
0000000962,0000961000,010420,-02380,090586,038360,049537,048783
0000000963,0000962000,010392,-02465,090614,038360,049537,048783
0000000964,0000963000,010213,-02559,090653,038360,049537,048783
0000000965,0000964000,010031,-02587,090674,038360,049537,048783
0000000966,0000965000,010045,-02467,090671,038360,049537,048783
0000000967,0000966000,010255,-02270,090651,038360,049537,048783
0000000968,0000967000,010481,-02154,090629,038360,049537,048783
0000000969,0000968000,010596,-02161,090624,038360,049537,048783
0000000970,0000969000,010588,-02214,090644,038360,049537,048783
0000000971,0000970000,010492,-02252,090674,038360,049537,048783
0000000972,0000971000,010386,-02249,090692,038360,049537,048783
0000000973,0000972000,010382,-02175,090690,038360,049537,048783
0000000974,0000973000,010513,-02049,090675,038360,049537,048783
0000000975,0000974000,010679,-01961,090659,038360,049537,048783
0000000976,0000975000,010756,-01972,090654,038360,049537,048783
0000000977,0000976000,010723,-02040,090664,038360,049537,048783
0000000978,0000977000,010630,-02094,090683,038360,049537,048783
0000000979,0000978000,010538,-02109,090695,038360,049537,048783
0000000980,0000979000,010507,-02081,090692,038360,049537,048783
0000000981,0000980000,010564,-02026,090678,038360,049537,048783
0000000982,0000981000,010658,-01987,090664,038360,049537,048783
0000000983,0000982000,010700,-02008,090658,038360,049537,048783
0000000984,0000983000,010656,-02078,090663,038360,049537,048783
0000000985,0000984000,010565,-02144,090674,038360,049537,048783
0000000986,0000985000,010484,-02169,090682,038360,049537,048783
0000000987,0000986000,010452,-02159,090679,038360,049537,048783
0000000988,0000987000,010478,-02132,090667,038360,049537,048783
0000000989,0000988000,010535,-02114,090656,038360,049537,048783
0000000990,0000989000,010567,-02128,090652,038360,049537,048783
0000000991,0000990000,010539,-02176,090655,038360,049537,048783
0000000992,0000991000,010474,-02224,090663,038360,049537,048783
0000000993,0000992000,010417,-02241,090669,038360,049537,048783
0000000994,0000993000,010401,-02226,090668,038360,049537,048783
0000000995,0000994000,010427,-02199,090661,038360,049537,048783
0000000996,0000995000,010474,-02178,090653,038360,049537,048783
0000000997,0000996000,010506,-02179,090651,038360,049537,048783
0000000998,0000997000,010500,-02201,090654,038360,049537,048783
0000000999,0000998000,010463,-02226,090661,038360,049537,048783
0000001000,0000999000,010430,-02232,090666,038360,049537,048783
0000001001,0001000000,010426,-02213,090666,038360,049537,048783
0000001002,0001001000,010453,-02183,090662,038360,049537,048783
0000001003,0001002000,010493,-02162,090658,038360,049537,048783
0000001004,0001003000,010522,-02157,090656,038360,049537,048783
0000001005,0001004000,010524,-02167,090659,038360,049537,048783
0000001006,0001005000,010502,-02181,090664,038360,049537,048783
0000001007,0001006000,010480,-02184,090668,038360,049537,048783
0000001008,0001007000,010477,-02170,090669,038360,049537,048783
0000001009,0001008000,010496,-02148,090666,038360,049537,048783
0000001010,0001009000,010524,-02133,090662,038360,049537,048783
0000001011,0001010000,010543,-02131,090661,038360,049537,048783
0000001012,0001011000,010543,-02141,090663,038360,049537,048783
0000001013,0001012000,010525,-02153,090666,038360,049537,048783
0000001014,0001013000,010506,-02159,090669,038360,049537,048783
0000001015,0001014000,010499,-02153,090669,038360,049537,048783
0000001016,0001015000,010509,-02142,090667,038360,049537,048783
0000001017,0001016000,010525,-02134,090664,038360,049537,048783
0000001018,0001017000,010536,-02135,090662,038360,049537,048783
0000001019,0001018000,010532,-02146,090663,038360,049537,048783
0000001020,0001019000,010518,-02157,090665,038360,049537,048783
0000001021,0001020000,010501,-02164,090667,038360,049537,048783
0000001022,0001021000,010493,-02163,090667,038360,049537,048783
0000001023,0001022000,010498,-02156,090665,038360,049537,048783
0000001024,0001023000,010509,-02152,090663,038360,049537,048783
0000001025,0001024000,010516,-02153,090662,038360,049537,048783
0000001026,0001025000,010513,-02161,090662,038360,049537,048783
0000001027,0001026000,010503,-02169,090664,038360,049537,048783
0000001028,0001027000,010491,-02174,090665,038360,049537,048783
0000001029,0001028000,010486,-02173,090665,038360,049537,048783
0000001030,0001029000,010490,-02167,090664,038360,049537,048783
0000001031,0001030000,010499,-02163,090662,038360,049537,048783
0000001032,0001031000,010505,-02162,090662,038360,049537,048783
0000001033,0001032000,010505,-02166,090662,038360,049537,048783
0000001034,0001033000,010499,-02171,090663,038360,049537,048783
0000001035,0001034000,010492,-02173,090664,038360,049537,048783
0000001036,0001035000,010490,-02171,090664,038360,049537,048783
0000001037,0001036000,010493,-02166,090664,038360,049537,048783
0000001038,0001037000,010501,-02162,090663,038360,049537,048783
0000001039,0001038000,010507,-02160,090662,038360,049537,048783
0000001040,0001039000,010508,-02162,090663,038360,049537,048783
0000001041,0001040000,010504,-02165,090664,038360,049537,048783
0000001042,0001041000,010499,-02166,090664,038360,049537,048783
0000001043,0001042000,010498,-02164,090665,038360,049537,048783
0000001044,0001043000,010500,-02161,090664,038360,049537,048783
0000001045,0001044000,010505,-02157,090664,038360,049537,048783
0000001046,0001045000,010510,-02157,090663,038360,049537,048783
0000001047,0001046000,010510,-02158,090663,038360,049537,048783
0000001048,0001047000,010507,-02161,090664,038360,049537,048783
0000001049,0001048000,010503,-02162,090665,038360,049537,048783
0000001050,0001049000,010502,-02161,090665,038360,049537,048783
0000001051,0001050000,010503,-02159,090664,038360,049537,048783
0000001052,0001051000,010506,-02157,090664,038360,049537,048783
0000001053,0001052000,010509,-02157,090663,038360,049537,048783
0000001054,0001053000,010509,-02159,090664,038360,049537,048783
0000001055,0001054000,010506,-02161,090664,038360,049537,048783
0000001056,0001055000,010503,-02162,090664,038360,049537,048783
0000001057,0001056000,010501,-02162,090664,038360,049537,048783
0000001058,0001057000,010502,-02161,090664,038360,049537,048783
0000001059,0001058000,010504,-02160,090664,038360,049537,048783
0000001060,0001059000,010506,-02160,090663,038360,049537,048783
0000001061,0001060000,010506,-02161,090663,038360,049537,048783
0000001062,0001061000,010504,-02163,090664,038360,049537,048783
0000001063,0001062000,010502,-02164,090664,038360,049537,048783
0000001064,0001063000,010501,-02163,090664,038360,049537,048783
0000001065,0001064000,010501,-02163,090664,038360,049537,048783
0000001066,0001065000,010503,-02162,090664,038360,049537,048783
0000001067,0001066000,010504,-02161,090663,038360,049537,048783
0000001068,0001067000,010504,-02162,090663,038360,049537,048783
0000001069,0001068000,010503,-02163,090664,038360,049537,048783
0000001070,0001069000,010502,-02163,090664,038360,049537,048783
0000001071,0001070000,010501,-02163,090664,038360,049537,048783
0000001072,0001071000,010501,-02162,090664,038360,049537,048783
0000001073,0001072000,010503,-02162,090664,038360,049537,048783
0000001074,0001073000,010504,-02161,090664,038360,049537,048783
0000001075,0001074000,010504,-02162,090664,038360,049537,048783
0000001076,0001075000,010504,-02162,090664,038360,049537,048783
0000001077,0001076000,010503,-02162,090664,038360,049537,048783
0000001078,0001077000,010502,-02162,090664,038360,049537,048783
0000001079,0001078000,010503,-02162,090664,038360,049537,048783
0000001080,0001079000,010503,-02161,090664,038360,049537,048783
0000001081,0001080000,010504,-02161,090664,038360,049537,048783
0000001082,0001081000,010505,-02161,090664,038360,049537,048783
0000001083,0001082000,010504,-02161,090664,038360,049537,048783
0000001084,0001083000,010503,-02162,090664,038360,049537,048783
0000001085,0001084000,010503,-02162,090664,038360,049537,048783
0000001086,0001085000,010503,-02161,090664,038360,049537,048783
0000001087,0001086000,010504,-02161,090664,038360,049537,048783
0000001088,0001087000,010504,-02161,090664,038360,049537,048783
0000001089,0001088000,010504,-02161,090664,038360,049537,048783
0000001090,0001089000,010504,-02161,090664,038360,049537,048783
0000001091,0001090000,010503,-02162,090664,038360,049537,048783
0000001092,0001091000,010503,-02162,090664,038360,049537,048783
0000001093,0001092000,010503,-02162,090664,038360,049537,048783
0000001094,0001093000,010503,-02161,090664,038360,049537,048783
0000001095,0001094000,010504,-02161,090664,038360,049537,048783
0000001096,0001095000,010504,-02161,090664,038360,049537,048783
0000001097,0001096000,010504,-02162,090664,038360,049537,048783
0000001098,0001097000,010503,-02162,090664,038360,049537,048783
0000001099,0001098000,010503,-02162,090664,038360,049537,048783
0000001100,0001099000,010503,-02162,090664,038360,049537,048783
0000001101,0001100000,010503,-02162,090664,038360,049537,048783
