0000000001,0000000000,061926,039903,-90294,090973,089581,074024
0000000002,0000001000,036450,064239,-89161,087957,092298,074322
0000000003,0000002000,007911,082819,-79184,084659,094292,075627
0000000004,0000003000,-20532,093425,-61358,081403,095363,077812
0000000005,0000004000,-46332,095226,-37345,078500,095412,080666
0000000006,0000005000,-67083,088189,-09571,076235,094437,083906
0000000007,0000006000,-80580,072924,019193,074844,092522,087212
0000000008,0000007000,-85338,050623,046249,074448,089863,090267
0000000009,0000008000,-81159,023748,068938,075089,086718,092771
0000000010,0000009000,-68554,-04855,084946,076704,083400,094474
0000000011,0000010000,-48383,-32831,092742,079142,080224,095213
0000000012,0000011000,-22780,-57304,091622,082158,077506,094914
0000000013,0000012000,005579,-75703,081653,085454,075514,093609
0000000014,0000013000,034074,-86354,063813,088714,074440,091424
0000000015,0000014000,060037,-88307,039803,091615,074392,088571
0000000016,0000015000,080646,-81144,012031,093876,075371,085331
0000000017,0000016000,094013,-65741,-16729,095273,077281,082025
0000000018,0000017000,099003,-43677,-43790,095669,079940,078969
0000000019,0000018000,094829,-16808,-66479,095024,083088,076466
0000000020,0000019000,082011,012013,-82492,093408,086407,074763
0000000021,0000020000,061953,039871,-90289,090975,089579,074024
0000000022,0000021000,036440,064249,-89158,087956,092299,074322
0000000023,0000022000,007942,082787,-79196,084659,094292,075627
0000000024,0000023000,-20529,093429,-61364,081402,095364,077813
0000000025,0000024000,-46365,095244,-37347,078498,095413,080666
0000000026,0000025000,-67125,088229,-09567,076237,094435,083906
0000000027,0000026000,-80516,072859,019187,074843,092523,087212
0000000028,0000027000,-85313,050602,046245,074446,089864,090267
0000000029,0000028000,-81232,023824,068941,075087,086720,092771
0000000030,0000029000,-68557,-04857,084950,076705,083398,094474
0000000031,0000030000,-48343,-32867,092750,079141,080224,095213
0000000032,0000031000,-22773,-57311,091620,082156,077508,094915
0000000033,0000032000,005551,-75667,081654,085454,075514,093610
0000000034,0000033000,034084,-86370,063817,088713,074440,091425
0000000035,0000034000,060021,-88297,039810,091615,074392,088571
0000000036,0000035000,080648,-81147,012031,093875,075371,085331
0000000037,0000036000,094054,-65783,-16735,095272,077281,082025
0000000038,0000037000,098980,-43655,-43788,095667,079941,078970
0000000039,0000038000,094789,-16777,-66478,095025,083087,076466
0000000040,0000039000,082041,011986,-82491,093409,086406,074763
0000000041,0000040000,061999,039825,-90294,090973,089580,074025
0000000042,0000041000,036402,064292,-89160,087956,092300,074323
0000000043,0000042000,007927,082805,-79197,084659,094292,075627
0000000044,0000043000,-20497,093398,-61364,081402,095363,077813
0000000045,0000044000,-46365,095251,-37348,078498,095414,080666
0000000046,0000045000,-67129,088239,-09575,076237,094435,083905
0000000047,0000046000,-80507,072856,019186,074843,092523,087212
0000000048,0000047000,-85329,050614,046246,074446,089865,090267
0000000049,0000048000,-81252,023844,068941,075088,086720,092770
0000000050,0000049000,-68522,-04890,084947,076705,083399,094474
0000000051,0000050000,-48345,-32868,092750,079140,080226,095212
0000000052,0000051000,-22822,-57266,091625,082155,077508,094914
0000000053,0000052000,005557,-75680,081657,085454,075514,093610
0000000054,0000053000,034115,-86405,063823,088712,074441,091425
0000000055,0000054000,060001,-88283,039813,091613,074393,088571
0000000056,0000055000,080629,-81130,012036,093875,075371,085332
0000000057,0000056000,094075,-65810,-16729,095271,077281,082026
0000000058,0000057000,098977,-43657,-43782,095666,079941,078971
0000000059,0000058000,094788,-16773,-66478,095024,083087,076467
0000000060,0000059000,082066,011961,-82494,093408,086406,074764
0000000061,0000060000,061995,039831,-90293,090973,089580,074026
0000000062,0000061000,036384,064311,-89164,087956,092298,074323
0000000063,0000062000,007958,082782,-79205,084660,094291,075628
0000000064,0000063000,-20474,093382,-61372,081402,095363,077813
0000000065,0000064000,-46396,095289,-37356,078498,095414,080666
0000000066,0000065000,-67131,088248,-09582,076239,094435,083905
0000000067,0000066000,-80481,072834,019180,074843,092523,087211
0000000068,0000067000,-85342,050632,046242,074446,089865,090266
0000000069,0000068000,-81270,023866,068937,075088,086720,092770
0000000070,0000069000,-68515,-04897,084948,076705,083400,094473
0000000071,0000070000,-48359,-32859,092756,079140,080227,095212
0000000072,0000071000,-22843,-57250,091630,082155,077509,094914
0000000073,0000072000,005571,-75700,081664,085453,075515,093609
0000000074,0000073000,034107,-86408,063833,088710,074443,091425
0000000075,0000074000,059970,-88262,039825,091612,074394,088572
0000000076,0000075000,080640,-81151,012044,093874,075372,085333
0000000077,0000076000,094098,-65842,-16720,095269,077282,082027
0000000078,0000077000,098961,-43648,-43777,095665,079942,078972
0000000079,0000078000,094786,-16774,-66476,095023,083086,076469
0000000080,0000079000,082098,011930,-82494,093408,086405,074765
0000000081,0000080000,062001,039829,-90297,090972,089579,074027
0000000082,0000081000,036387,064319,-89173,087957,092297,074324
0000000083,0000082000,007984,082767,-79216,084660,094289,075628
0000000084,0000083000,-20469,093388,-61382,081403,095362,077813
0000000085,0000084000,-46406,095312,-37369,078500,095412,080666
0000000086,0000085000,-67112,088243,-09596,076240,094434,083904
0000000087,0000086000,-80475,072838,019170,074844,092523,087210
0000000088,0000087000,-85373,050670,046235,074447,089866,090265
0000000089,0000088000,-81277,023878,068932,075089,086721,092768
0000000090,0000089000,-68508,-04906,084949,076705,083401,094471
0000000091,0000090000,-48387,-32837,092762,079139,080229,095210
0000000092,0000091000,-22868,-57234,091639,082155,077511,094913
0000000093,0000092000,005572,-75716,081678,085452,075517,093609
0000000094,0000093000,034092,-86410,063851,088708,074445,091425
0000000095,0000094000,059951,-88260,039840,091610,074395,088572
0000000096,0000095000,080653,-81178,012059,093871,075373,085334
0000000097,0000096000,094101,-65860,-16705,095267,077283,082028
0000000098,0000097000,098952,-43648,-43766,095663,079941,078974
0000000099,0000098000,094811,-16801,-66473,095022,083085,076471
0000000100,0000099000,082128,011901,-82495,093407,086404,074767
0000000101,0000100000,062001,039835,-90304,090972,089577,074029
0000000102,0000101000,036403,064316,-89187,087958,092294,074326
0000000103,0000102000,008019,082748,-79233,084662,094287,075629
0000000104,0000103000,-20462,093400,-61401,081405,095361,077813
0000000105,0000104000,-46406,095334,-37391,078502,095411,080665
0000000106,0000105000,-67096,088247,-09616,076243,094432,083903
0000000107,0000106000,-80481,072859,019155,074846,092523,087208
0000000108,0000107000,-85395,050705,046222,074449,089866,090262
0000000109,0000108000,-81281,023889,068926,075091,086722,092765
0000000110,0000109000,-68524,-04893,084952,076706,083403,094469
0000000111,0000110000,-48428,-32806,092771,079139,080232,095208
0000000112,0000111000,-22887,-57230,091653,082154,077514,094911
0000000113,0000112000,005565,-75730,081699,085450,075520,093608
0000000114,0000113000,034062,-86405,063876,088705,074448,091425
0000000115,0000114000,059934,-88267,039864,091607,074397,088573
0000000116,0000115000,080664,-81213,012083,093868,075374,085336
0000000117,0000116000,094102,-65882,-16684,095264,077284,082031
0000000118,0000117000,098955,-43664,-43753,095660,079941,078977
0000000119,0000118000,094842,-16838,-66467,095021,083083,076474
0000000120,0000119000,082153,011876,-82496,093406,086402,074771
0000000121,0000120000,062017,039830,-90315,090972,089574,074032
0000000122,0000121000,036440,064299,-89207,087959,092291,074328
0000000123,0000122000,008053,082739,-79257,084664,094284,075631
0000000124,0000123000,-20456,093422,-61430,081407,095357,077813
0000000125,0000124000,-46393,095352,-37422,078506,095408,080664
0000000126,0000125000,-67078,088257,-09643,076246,094431,083901
0000000127,0000126000,-80495,072896,019132,074850,092523,087206
0000000128,0000127000,-85418,050745,046205,074453,089866,090259
0000000129,0000128000,-81293,023908,068918,075093,086723,092762
0000000130,0000129000,-68556,-04865,084956,076707,083406,094465
0000000131,0000130000,-48471,-32775,092783,079139,080235,095204
0000000132,0000131000,-22911,-57227,091674,082153,077517,094908
0000000133,0000132000,005538,-75733,081730,085447,075525,093606
0000000134,0000133000,034025,-86403,063910,088702,074452,091424
0000000135,0000134000,059924,-88291,039899,091604,074400,088574
0000000136,0000135000,080669,-81252,012117,093864,075376,085338
0000000137,0000136000,094098,-65906,-16656,095259,077285,082034
0000000138,0000137000,098970,-43697,-43735,095657,079940,078981
0000000139,0000138000,094881,-16886,-66459,095018,083082,076479
0000000140,0000139000,082184,011848,-82498,093404,086399,074775
0000000141,0000140000,062048,039815,-90331,090972,089570,074036
0000000142,0000141000,036488,064277,-89233,087960,092286,074331
0000000143,0000142000,008088,082737,-79290,084666,094279,075633
0000000144,0000143000,-20438,093445,-61470,081411,095353,077814
0000000145,0000144000,-46368,095370,-37464,078511,095404,080663
0000000146,0000145000,-67068,088284,-09681,076251,094429,083899
0000000147,0000146000,-80514,072947,019100,074854,092522,087202
0000000148,0000147000,-85437,050788,046181,074457,089867,090254
0000000149,0000148000,-81315,023939,068909,075096,086726,092756
0000000150,0000149000,-68603,-04822,084961,076708,083410,094460
0000000151,0000150000,-48521,-32742,092800,079139,080240,095200
0000000152,0000151000,-22945,-57222,091704,082151,077523,094905
0000000153,0000152000,005496,-75732,081770,085444,075530,093604
0000000154,0000153000,033986,-86408,063955,088697,074457,091424
0000000155,0000154000,059912,-88325,039945,091598,074404,088575
0000000156,0000155000,080666,-81294,012162,093858,075379,085341
0000000157,0000156000,094099,-65943,-16619,095254,077286,082039
0000000158,0000157000,098998,-43750,-43711,095652,079939,078986
0000000159,0000158000,094925,-16942,-66447,095014,083079,076485
0000000160,0000159000,082221,011815,-82503,093402,086395,074781
0000000161,0000160000,062097,039787,-90352,090973,089565,074041
0000000162,0000161000,036548,064251,-89267,087962,092280,074335
0000000163,0000162000,008130,082740,-79335,084670,094273,075635
0000000164,0000163000,-20407,093467,-61523,081416,095347,077814
0000000165,0000164000,-46337,095393,-37519,078517,095400,080662
0000000166,0000165000,-67062,088327,-09730,076257,094426,083895
0000000167,0000166000,-80533,073008,019058,074860,092521,087197
0000000168,0000167000,-85459,050839,046152,074462,089868,090248
0000000169,0000168000,-81353,023989,068897,075099,086729,092750
0000000170,0000169000,-68664,-04767,084967,076710,083415,094454
0000000171,0000170000,-48577,-32708,092822,079139,080245,095194
0000000172,0000171000,-22996,-57211,091744,082148,077530,094900
0000000173,0000172000,005438,-75726,081823,085439,075537,093602
0000000174,0000173000,033941,-86423,064014,088692,074463,091423
0000000175,0000174000,059894,-88368,040006,091591,074410,088577
0000000176,0000175000,080656,-81342,012219,093851,075383,085345
0000000177,0000176000,094105,-65996,-16573,095247,077287,082044
0000000178,0000177000,099035,-43819,-43679,095647,079938,078993
0000000179,0000178000,094973,-17005,-66432,095010,083076,076492
0000000180,0000179000,082273,011770,-82509,093400,086390,074788
0000000181,0000180000,062166,039745,-90379,090973,089558,074047
0000000182,0000181000,036618,064224,-89310,087965,092273,074340
0000000183,0000182000,008181,082746,-79392,084674,094266,075638
0000000184,0000183000,-20362,093489,-61590,081423,095340,077815
0000000185,0000184000,-46302,095426,-37587,078524,095394,080660
0000000186,0000185000,-67058,088386,-09793,076265,094422,083891
0000000187,0000186000,-80551,073079,019005,074868,092519,087191
0000000188,0000187000,-85487,050904,046115,074469,089869,090241
0000000189,0000188000,-81406,024056,068883,075104,086732,092742
0000000190,0000189000,-68737,-04702,084974,076712,083421,094445
0000000191,0000190000,-48645,-32668,092851,079138,080253,095187
0000000192,0000191000,-23066,-57191,091793,082145,077538,094895
0000000193,0000192000,005366,-75719,081887,085434,075546,093598
0000000194,0000193000,033892,-86446,064087,088685,074471,091423
0000000195,0000194000,059867,-88418,040083,091583,074416,088579
0000000196,0000195000,080643,-81399,012291,093842,075387,085349
0000000197,0000196000,094119,-66068,-16515,095239,077289,082051
0000000198,0000197000,099080,-43905,-43638,095639,079937,079002
0000000199,0000198000,095030,-17079,-66414,095005,083072,076501
0000000200,0000199000,082342,011710,-82518,093398,086383,074797
0000000201,0000200000,062253,039691,-90412,090973,089549,074055
0000000202,0000201000,036699,064196,-89363,087968,092264,074346
0000000203,0000202000,008247,082752,-79464,084680,094256,075642
0000000204,0000203000,-20302,093512,-61673,081431,095331,077816
0000000205,0000204000,-46263,095470,-37670,078534,095387,080658
0000000206,0000205000,-67054,088460,-09871,076275,094417,083886
0000000207,0000206000,-80568,073162,018939,074878,092517,087183
0000000208,0000207000,-85525,050986,046071,074476,089870,090231
0000000209,0000208000,-81475,024143,068864,075109,086737,092731
0000000210,0000209000,-68821,-04626,084982,076715,083428,094435
0000000211,0000210000,-48729,-32620,092886,079138,080262,095178
0000000212,0000211000,-23155,-57162,091854,082142,077548,094888
0000000213,0000212000,005282,-75713,081966,085427,075556,093594
0000000214,0000213000,033833,-86478,064177,088676,074480,091422
0000000215,0000214000,059830,-88475,040176,091572,074424,088582
0000000216,0000215000,080627,-81470,012377,093831,075392,085355
0000000217,0000216000,094140,-66159,-16445,095228,077290,082059
0000000218,0000217000,099131,-44005,-43589,095631,079935,079012
0000000219,0000218000,095096,-17168,-66393,094998,083067,076512
0000000220,0000219000,082430,011632,-82528,093395,086375,074808
0000000221,0000220000,062356,039627,-90451,090974,089539,074065
0000000222,0000221000,036795,064166,-89428,087972,092252,074354
0000000223,0000222000,008331,082755,-79551,084687,094245,075646
0000000224,0000223000,-20229,093538,-61773,081441,095321,077816
0000000225,0000224000,-46220,095528,-37771,078545,095378,080655
0000000226,0000225000,-67047,088548,-09965,076287,094412,083880
0000000227,0000226000,-80587,073259,018861,074889,092515,087174
0000000228,0000227000,-85574,051088,046018,074486,089872,090220
0000000229,0000228000,-81557,024248,068842,075116,086742,092719
0000000230,0000229000,-68918,-04539,084992,076718,083436,094424
0000000231,0000230000,-48833,-32560,092930,079138,080273,095168
0000000232,0000231000,-23265,-57124,091926,082137,077561,094880
0000000233,0000232000,005185,-75710,082060,085420,075569,093590
0000000234,0000233000,033763,-86516,064285,088665,074492,091421
0000000235,0000234000,059783,-88539,040288,091560,074433,088585
0000000236,0000235000,080611,-81556,012479,093818,075398,085362
0000000237,0000236000,094166,-66270,-16360,095216,077292,082069
0000000238,0000237000,099189,-44122,-43529,095620,079934,079024
0000000239,0000238000,095177,-17273,-66368,094991,083062,076525
0000000240,0000239000,082538,011537,-82540,093391,086366,074821
0000000241,0000240000,062476,039553,-90497,090974,089527,074076
0000000242,0000241000,036907,064131,-89506,087976,092239,074362
0000000243,0000242000,008434,082756,-79655,084696,094231,075651
0000000244,0000243000,-20143,093571,-61891,081452,095309,077817
0000000245,0000244000,-46171,095600,-37892,078558,095369,080651
0000000246,0000245000,-67036,088649,-10078,076301,094405,083872
0000000247,0000246000,-80608,073373,018768,074902,092513,087163
0000000248,0000247000,-85634,051211,045955,074497,089874,090207
0000000249,0000248000,-81652,024371,068814,075124,086749,092705
0000000250,0000249000,-69030,-04438,085004,076722,083446,094410
0000000251,0000250000,-48957,-32486,092981,079137,080286,095155
0000000252,0000251000,-23394,-57079,092011,082132,077575,094871
0000000253,0000252000,005074,-75709,082170,085411,075583,093584
0000000254,0000253000,033677,-86558,064413,088653,074505,091420
0000000255,0000254000,059725,-88612,040419,091546,074444,088589
0000000256,0000255000,080594,-81660,012600,093803,075405,085370
0000000257,0000256000,094196,-66400,-16260,095202,077295,082081
0000000258,0000257000,099253,-44256,-43460,095608,079932,079038
0000000259,0000258000,095274,-17399,-66338,094983,083055,076541
0000000260,0000259000,082665,011423,-82554,093387,086355,074836
0000000261,0000260000,062614,039469,-90551,090975,089514,074089
0000000262,0000261000,037040,064090,-89597,087982,092224,074372
0000000263,0000262000,008557,082753,-79775,084706,094215,075657
0000000264,0000263000,-20045,093610,-62028,081466,095294,077818
0000000265,0000264000,-46114,095684,-38033,078574,095357,080647
0000000266,0000265000,-67020,088764,-10209,076317,094398,083863
0000000267,0000266000,-80633,073506,018660,074917,092510,087150
0000000268,0000267000,-85707,051358,045881,074510,089877,090192
0000000269,0000268000,-81761,024513,068781,075133,086756,092689
0000000270,0000269000,-69162,-04321,085018,076727,083458,094394
0000000271,0000270000,-49105,-32397,093039,079136,080301,095141
0000000272,0000271000,-23543,-57028,092108,082126,077592,094860
0000000273,0000272000,004945,-75709,082299,085400,075600,093578
0000000274,0000273000,033575,-86605,064562,088638,074520,091419
0000000275,0000274000,059657,-88697,040571,091529,074456,088593
0000000276,0000275000,080577,-81784,012740,093786,075413,085379
0000000277,0000276000,094229,-66550,-16143,095186,077298,082095
0000000278,0000277000,099327,-44410,-43379,095594,079929,079055
0000000279,0000278000,095387,-17547,-66304,094973,083047,076558
0000000280,0000279000,082812,011291,-82569,093382,086342,074853
0000000281,0000280000,062771,039374,-90613,090976,089498,074105
0000000282,0000281000,037195,064040,-89702,087988,092206,074384
0000000283,0000282000,008700,082749,-79914,084717,094197,075663
0000000284,0000283000,-19934,093657,-62187,081481,095278,077819
0000000285,0000284000,-46047,095780,-38196,078591,095344,080643
0000000286,0000285000,-66999,088895,-10361,076335,094389,083853
0000000287,0000286000,-80664,073662,018535,074935,092507,087136
0000000288,0000287000,-85790,051527,045794,074524,089879,090174
0000000289,0000288000,-81884,024674,068743,075144,086765,092670
0000000290,0000289000,-69313,-04185,085033,076732,083471,094375
0000000291,0000290000,-49276,-32293,093106,079135,080318,095125
0000000292,0000291000,-23713,-56970,092220,082119,077611,094848
0000000293,0000292000,004796,-75709,082447,085388,075619,093571
0000000294,0000293000,033456,-86656,064732,088622,074538,091418
0000000295,0000294000,059581,-88794,040746,091510,074470,088598
0000000296,0000295000,080557,-81925,012902,093766,075422,085390
0000000297,0000296000,094264,-66719,-16009,095167,077301,082110
0000000298,0000297000,099410,-44587,-43286,095579,079926,079074
0000000299,0000298000,095519,-17719,-66263,094962,083038,076579
0000000300,0000299000,082977,011141,-82584,093377,086328,074873
0000000301,0000300000,062950,039265,-90683,090977,089480,074122
0000000302,0000301000,037374,063980,-89822,087996,092186,074397
0000000303,0000302000,008863,082744,-80072,084730,094177,075671
0000000304,0000303000,-19807,093712,-62368,081498,095260,077820
0000000305,0000304000,-45968,095888,-38382,078612,095329,080637
0000000306,0000305000,-66973,089043,-10534,076356,094380,083842
0000000307,0000306000,-80700,073840,018393,074954,092504,087120
0000000308,0000307000,-85883,051720,045695,074541,089883,090154
0000000309,0000308000,-82021,024856,068699,075155,086774,092648
0000000310,0000309000,-69487,-04028,085050,076737,083486,094354
0000000311,0000310000,-49471,-32173,093181,079134,080337,095107
0000000312,0000311000,-23904,-56905,092346,082112,077632,094834
0000000313,0000312000,004626,-75707,082615,085374,075641,093563
0000000314,0000313000,033319,-86712,064926,088604,074557,091417
0000000315,0000314000,059494,-88905,040943,091489,074486,088604
0000000316,0000315000,080534,-82086,013086,093744,075432,085402
0000000317,0000316000,094301,-66910,-15856,095146,077305,082127
0000000318,0000317000,099505,-44788,-43180,095561,079922,079095
0000000319,0000318000,095668,-17915,-66216,094950,083027,076601
0000000320,0000319000,083163,010972,-82601,093371,086312,074895
0000000321,0000320000,063153,039141,-90762,090978,089459,074141
0000000322,0000321000,037578,063910,-89956,088004,092163,074411
0000000323,0000322000,009047,082737,-80250,084745,094154,075679
0000000324,0000323000,-19664,093773,-62572,081518,095239,077822
0000000325,0000324000,-45877,096007,-38593,078634,095313,080631
0000000326,0000325000,-66944,089209,-10729,076380,094369,083829
0000000327,0000326000,-80740,074043,018230,074976,092500,087101
0000000328,0000327000,-85986,051936,045581,074559,089887,090132
0000000329,0000328000,-82176,025061,068647,075168,086785,092625
0000000330,0000329000,-69683,-03850,085068,076743,083503,094331
0000000331,0000330000,-49690,-32037,093264,079133,080359,095087
0000000332,0000331000,-24119,-56831,092487,082103,077656,094819
0000000333,0000332000,004433,-75702,082804,085359,075665,093555
0000000334,0000333000,033163,-86773,065142,088583,074579,091416
0000000335,0000334000,059396,-89031,041166,091465,074503,088610
0000000336,0000335000,080505,-82265,013293,093719,075443,085416
0000000337,0000336000,094341,-67122,-15683,095123,077308,082147
0000000338,0000337000,099612,-45014,-43060,095542,079918,079118
0000000339,0000338000,095834,-18136,-66161,094936,083016,076626
0000000340,0000339000,083371,010782,-82619,093365,086294,074919
0000000341,0000340000,063382,039000,-90849,090979,089436,074162
0000000342,0000341000,037808,063830,-90106,088013,092137,074427
0000000343,0000342000,009253,082730,-80448,084761,094129,075688
0000000344,0000343000,-19502,093840,-62801,081540,095216,077823
0000000345,0000344000,-45772,096139,-38829,078660,095295,080624
0000000346,0000345000,-66911,089395,-10949,076406,094358,083815
0000000347,0000346000,-80784,074269,018048,075001,092497,087080
0000000348,0000347000,-86098,052177,045452,074580,089891,090107
0000000349,0000348000,-82348,025291,068589,075183,086797,092598
0000000350,0000349000,-69903,-03648,085086,076750,083523,094305
0000000351,0000350000,-49933,-31885,093355,079131,080383,095064
0000000352,0000351000,-24359,-56748,092644,082093,077683,094802
0000000353,0000352000,004215,-75694,083014,085341,075692,093545
0000000354,0000353000,032989,-86840,065384,088560,074603,091415
0000000355,0000354000,059287,-89170,041415,091438,074522,088618
0000000356,0000355000,080471,-82463,013526,093691,075455,085431
0000000357,0000356000,094384,-67359,-15489,095097,077312,082169
0000000358,0000357000,099730,-45268,-42924,095521,079913,079144
0000000359,0000358000,096017,-18382,-66099,094921,083003,076654
0000000360,0000359000,083600,010570,-82636,093358,086274,074946
0000000361,0000360000,063637,038840,-90945,090981,089411,074186
0000000362,0000361000,038064,063738,-90270,088024,092109,074445
0000000363,0000362000,009482,082720,-80668,084779,094101,075698
0000000364,0000363000,-19320,093912,-63056,081564,095191,077824
0000000365,0000364000,-45654,096283,-39092,078688,095274,080616
0000000366,0000365000,-66873,089601,-11193,076435,094345,083799
0000000367,0000366000,-80830,074520,017843,075028,092493,087058
0000000368,0000367000,-86221,052444,045308,074602,089896,090080
0000000369,0000368000,-82538,025548,068522,075198,086811,092569
0000000370,0000369000,-70146,-03423,085104,076757,083544,094277
0000000371,0000370000,-50202,-31715,093454,079129,080410,095040
0000000372,0000371000,-24627,-56653,092816,082082,077712,094784
0000000373,0000372000,003973,-75683,083245,085322,075721,093535
0000000374,0000373000,032795,-86914,065651,088534,074630,091414
0000000375,0000374000,059163,-89322,041691,091409,074543,088626
0000000376,0000375000,080429,-82680,013784,093661,075469,085448
0000000377,0000376000,094430,-67620,-15274,095069,077316,082193
0000000378,0000377000,099859,-45550,-42772,095497,079908,079173
0000000379,0000378000,096217,-18654,-66027,094905,082988,076685
0000000380,0000379000,083853,010335,-82654,093350,086252,074976
0000000381,0000380000,063920,038661,-91049,090984,089383,074211
0000000382,0000381000,038347,063635,-90450,088036,092078,074464
0000000383,0000382000,009736,082708,-80910,084799,094070,075708
0000000384,0000383000,-19116,093989,-63336,081591,095163,077825
0000000385,0000384000,-45520,096439,-39381,078718,095253,080607
0000000386,0000385000,-66829,089828,-11464,076466,094331,083781
0000000387,0000386000,-80878,074796,017615,075057,092488,087032
0000000388,0000387000,-86353,052738,045147,074627,089902,090050
0000000389,0000388000,-82746,025833,068446,075215,086826,092537
0000000390,0000389000,-70412,-03173,085121,076765,083567,094246
0000000391,0000390000,-50498,-31526,093561,079126,080439,095013
0000000392,0000391000,-24922,-56545,093004,082069,077745,094764
0000000393,0000392000,003704,-75667,083498,085301,075753,093524
0000000394,0000393000,032580,-86992,065944,088506,074659,091413
0000000395,0000394000,059024,-89487,041995,091377,074566,088635
0000000396,0000395000,080381,-82916,014069,093628,075483,085467
0000000397,0000396000,094478,-67907,-15035,095038,077321,082219
0000000398,0000397000,099998,-45859,-42601,095472,079902,079204
0000000399,0000398000,096434,-18952,-65945,094887,082972,076719
0000000400,0000399000,084129,010074,-82670,093343,086227,075008
0000000401,0000400000,064230,038461,-91159,090986,089352,074239
0000000402,0000401000,-00814,099998,-54115,090694,092115,074557
0000000403,0000402000,-09459,069761,-94031,088659,093449,075130
0000000404,0000403000,-16413,088812,-68503,086154,095008,077697
0000000405,0000404000,-16591,085542,-50103,081160,094826,080182
0000000406,0000405000,-30350,056729,-44617,077183,094546,083979
0000000407,0000406000,-52117,084838,027387,072352,092506,087016
0000000408,0000407000,001092,030645,022509,068379,090126,090217
0000000409,0000408000,-17324,037407,079220,065218,087915,093541
0000000410,0000409000,-21426,-12247,074583,063065,084265,094865
0000000411,0000410000,-11624,-41553,082165,063121,081708,096231
0000000412,0000411000,004898,-51003,097104,063537,078807,095809
0000000413,0000412000,017792,-96020,060392,066067,077246,095056
0000000414,0000413000,-01374,-69970,079853,069779,075900,092774
0000000415,0000414000,039279,-87127,041885,074408,075237,089477
0000000416,0000415000,048149,-56421,038394,079456,076597,086766
0000000417,0000416000,038172,-45452,006187,084225,077713,082794
0000000418,0000417000,034275,-37515,-33428,089256,080262,079715
0000000419,0000418000,031556,007574,-37246,092727,082725,076575
0000000420,0000419000,039314,004344,-85474,094928,086000,074843
0000000421,0000420000,001821,049761,-75696,095934,089076,073971
0000000422,0000421000,003510,058225,-91058,095296,091107,073484
0000000423,0000422000,008435,082927,-76110,093462,093527,075086
0000000424,0000423000,-08800,099747,-52882,089813,094450,076968
0000000425,0000424000,-18198,078370,-53178,085890,094892,080041
0000000426,0000425000,-31228,090134,-08546,081422,093913,083127
0000000427,0000426000,-14191,052215,-04087,076590,092327,086645
0000000428,0000427000,-31129,041225,033037,072501,090365,090305
0000000429,0000428000,-31851,010029,049876,069061,087116,092653
0000000430,0000429000,-10877,-17649,066115,067327,084311,094891
0000000431,0000430000,-03981,-25322,094722,066438,081226,095791
0000000432,0000431000,008370,-63948,079470,067367,078785,095887
0000000433,0000432000,005195,-60787,091010,069899,076710,094683
0000000434,0000433000,031160,-82124,063895,073340,075301,092370
0000000435,0000434000,033387,-76699,049111,077884,075403,089850
0000000436,0000435000,027380,-66907,025583,082491,075825,086204
0000000437,0000436000,038486,-61190,-10442,087582,077503,082773
0000000438,0000437000,037289,-22491,-18129,091809,079747,079348
0000000439,0000438000,040260,-11619,-55184,095173,082622,076562
0000000440,0000439000,020641,026494,-60773,097542,085771,074630
0000000441,0000440000,020638,043994,-78091,098242,088465,073291
0000000442,0000441000,014645,062661,-83050,097666,091375,073607
0000000443,0000442000,-06280,082736,-72357,095308,093240,074590
0000000444,0000443000,-11991,076500,-72165,092075,094477,076731
0000000445,0000444000,-20908,089330,-39184,087835,094735,079593
0000000446,0000445000,-17367,071040,-25705,083051,093984,082919
0000000447,0000446000,-28499,062116,007017,078522,092576,086657
0000000448,0000447000,-26699,040922,032571,074289,089983,089747
0000000449,0000448000,-14708,011177,049383,071159,087322,092771
0000000450,0000449000,-15745,-05963,075357,068998,084191,094782
0000000451,0000450000,-06122,-42428,074274,068418,081165,095835
0000000452,0000451000,000394,-52671,086816,069376,078543,095842
0000000453,0000452000,017993,-71807,076306,071551,076377,094615
0000000454,0000453000,023962,-77314,065335,075136,075345,092715
0000000455,0000454000,026892,-71759,050954,079428,074855,089620
0000000456,0000455000,040086,-69712,020713,084299,075610,086296
0000000457,0000456000,038425,-45559,004417,088983,077214,082740
0000000458,0000457000,038002,-34470,-29954,093174,079520,079298
0000000459,0000458000,029663,-05000,-47327,096617,082453,076477
0000000460,0000459000,027755,018917,-65973,098613,085416,074247
0000000461,0000460000,020874,040006,-78997,099337,088641,073325
0000000462,0000461000,004540,066059,-76097,098460,091234,073223
0000000463,0000462000,000414,073055,-78202,096288,093303,074328
0000000464,0000463000,-09900,087343,-57804,092879,094610,076486
0000000465,0000464000,-15990,080436,-45221,088521,094871,079339
0000000466,0000465000,-24942,073102,-21409,083947,094282,082853
0000000467,0000466000,-26152,059238,005252,079248,092544,086317
0000000468,0000467000,-20565,034235,025539,075150,090296,089853
0000000469,0000468000,-22464,016748,053558,071879,087384,092752
0000000470,0000469000,-13085,-14294,064715,069897,084188,094828
0000000471,0000470000,-04767,-32423,080977,069385,081155,096002
0000000472,0000471000,006823,-53997,081689,070209,078357,095950
0000000473,0000472000,014482,-69077,075243,072602,076335,094953
0000000474,0000473000,021248,-72729,066249,076069,074936,092736
0000000475,0000474000,033621,-76619,042955,080425,074643,089849
0000000476,0000475000,034772,-62594,025749,085129,075342,086434
0000000477,0000476000,037526,-52015,-03042,089768,076883,082737
0000000478,0000477000,036235,-29127,-24608,093993,079321,079318
0000000479,0000478000,033897,-04804,-45798,097158,082178,076287
0000000480,0000479000,027543,016912,-65423,099198,085449,074212
0000000481,0000480000,015292,043652,-72124,099758,088535,073003
0000000482,0000481000,009633,058509,-79897,098862,091308,072955
0000000483,0000482000,-01650,075927,-71185,096560,093521,074106
0000000484,0000483000,-10693,079938,-61315,093030,094795,076171
0000000485,0000484000,-18238,079278,-43170,088798,095205,079165
0000000486,0000485000,-22385,073160,-18944,084073,094480,082586
0000000487,0000486000,-22285,054924,002181,079476,092924,086320
0000000488,0000487000,-24841,038532,029664,075388,090515,089826
0000000489,0000488000,-18625,011902,047335,072224,087510,092791
0000000490,0000489000,-12200,-10278,066255,070326,084330,095050
0000000491,0000490000,-04073,-33691,076106,069771,081098,096191
0000000492,0000491000,005240,-53939,077549,070796,078307,096292
0000000493,0000492000,014247,-64516,075590,073150,076048,095163
0000000494,0000493000,025756,-74047,060814,076677,074703,093056
0000000495,0000494000,030177,-70021,045923,081014,074347,090114
0000000496,0000495000,035437,-63826,021994,085702,074945,086550
0000000497,0000496000,037725,-48662,-00971,090355,076607,082870
0000000498,0000497000,036222,-28165,-23710,094385,079005,079266
0000000499,0000498000,032366,-07350,-46936,097547,082043,076244
0000000500,0000499000,024273,019077,-60518,099444,085305,073972
0000000501,0000500000,018309,039108,-73047,099905,088547,072735
0000000502,0000501000,007580,059897,-74138,098908,091482,072696
0000000503,0000502000,-02303,072151,-70185,096493,093702,073734
0000000504,0000503000,-10349,077894,-58910,092995,095143,075900
0000000505,0000504000,-17557,078567,-40107,088644,095527,078866
0000000506,0000505000,-21306,068124,-21030,083965,094906,082445
0000000507,0000506000,-24775,055693,004535,079396,093279,086218
0000000508,0000507000,-21868,034813,025889,075361,090795,089811
0000000509,0000508000,-17849,013284,047288,072300,087784,092966
0000000510,0000509000,-11972,-10074,063677,070442,084412,095237
0000000511,0000510000,-03046,-33296,072427,070069,081124,096520
0000000512,0000511000,005923,-49816,076916,071133,078149,096612
0000000513,0000512000,016461,-64727,070414,073572,075833,095549
0000000514,0000513000,023490,-69527,060390,077159,074397,093419
0000000515,0000514000,030855,-69224,042432,081494,073927,090370
0000000516,0000515000,035750,-61196,021579,086200,074585,086805
0000000517,0000516000,036600,-46210,-00278,090741,076206,082958
0000000518,0000517000,035630,-28542,-24340,094748,078707,079288
0000000519,0000518000,030814,-04823,-42855,097787,081798,076111
0000000520,0000519000,025318,016728,-59813,099556,085194,073747
0000000521,0000520000,016072,039133,-68849,099915,088600,072461
0000000522,0000521000,006559,057125,-71766,098778,091600,072302
0000000523,0000522000,-02036,069106,-67668,096310,094002,073383
0000000524,0000523000,-10945,076302,-55235,092695,095498,075529
0000000525,0000524000,-17130,074040,-39984,088341,095971,078580
0000000526,0000525000,-22028,067308,-18241,083676,095357,082230
0000000527,0000526000,-22610,052587,003375,079133,093693,086097
0000000528,0000527000,-21296,034176,025442,075199,091197,089865
0000000529,0000528000,-17618,012892,045438,072213,088028,093085
0000000530,0000529000,-10351,-10600,059953,070516,084571,095509
0000000531,0000530000,-02372,-30564,070479,070236,081119,096861
0000000532,0000531000,007322,-49223,071993,071420,078014,097023
0000000533,0000532000,015915,-60927,068288,073973,075576,095983
0000000534,0000533000,024521,-66984,057035,077603,074003,093798
0000000535,0000534000,031242,-66149,040390,081987,073518,090742
0000000536,0000535000,034605,-57831,021113,086648,074112,087043
0000000537,0000536000,036295,-45145,-01526,091162,075775,083100
0000000538,0000537000,034377,-25901,-22110,095065,078334,079292
0000000539,0000538000,030454,-05442,-41834,097970,081528,075980
0000000540,0000539000,023422,016768,-56391,099622,085080,073517
0000000541,0000540000,015064,037676,-65439,099819,088594,072096
0000000542,0000541000,006412,054404,-68427,098571,091784,071915
0000000543,0000542000,-03190,067062,-63181,095971,094302,072952
0000000544,0000543000,-10977,071982,-53245,092296,095913,075125
0000000545,0000544000,-17463,071589,-36783,087916,096458,078240
0000000546,0000545000,-20984,063636,-17540,083245,095858,081971
0000000547,0000546000,-22157,050202,003504,078779,094202,085990
0000000548,0000547000,-20710,032853,024626,074927,091601,089861
0000000549,0000548000,-15776,011608,042602,072087,088346,093244
0000000550,0000549000,-09438,-09209,057701,070523,084741,095787
0000000551,0000550000,-00993,-29814,065883,070395,081127,097239
0000000552,0000551000,007880,-46262,068511,071733,077873,097476
0000000553,0000552000,016949,-57948,064210,074380,075271,096439
0000000554,0000553000,024967,-63656,053347,078101,073611,094263
0000000555,0000554000,030591,-62064,038322,082501,073025,091121
0000000556,0000555000,034596,-55221,018975,087155,073600,087331
0000000557,0000556000,035318,-41680,-01005,091596,075287,083264
0000000558,0000557000,033512,-24576,-21474,095381,077906,079305
0000000559,0000558000,028885,-04553,-39265,098159,081229,075862
0000000560,0000559000,022152,016460,-52907,099634,084906,073243
0000000561,0000560000,014193,035648,-61807,099676,088606,071737
0000000562,0000561000,004865,052266,-63495,098267,091951,071474
0000000563,0000562000,-03683,063034,-59547,095548,094620,072482
0000000564,0000563000,-11417,068614,-49070,091796,096361,074682
0000000565,0000564000,-17175,067413,-34137,087372,096976,077848
0000000566,0000565000,-20591,059898,-15962,082737,096425,081695
0000000567,0000566000,-21447,047544,004051,078335,094731,085826
0000000568,0000567000,-19080,030356,023007,074609,092070,089859
0000000569,0000568000,-14716,011215,040600,071919,088698,093390
0000000570,0000569000,-07905,-09199,053620,070528,084935,096064
0000000571,0000570000,000283,-27886,061702,070585,081159,097640
0000000572,0000571000,009133,-43435,063813,072072,077720,097940
0000000573,0000572000,017803,-54490,059331,074860,074973,096948
0000000574,0000573000,025029,-59081,049626,078658,073171,094744
0000000575,0000574000,030842,-58195,034814,083091,072502,091543
0000000576,0000575000,033886,-50863,017500,087716,073046,087656
0000000577,0000576000,034360,-38600,-01630,092068,074741,083448
0000000578,0000577000,032151,-22314,-20266,095730,077442,079347
0000000579,0000578000,027389,-03408,-36435,098330,080873,075738
0000000580,0000579000,020776,015777,-49359,099621,084715,072986
0000000581,0000580000,012422,034205,-56729,099470,088585,071357
0000000582,0000581000,003852,048913,-58649,097888,092107,071009
0000000583,0000582000,-04561,059302,-54300,095035,094949,071990
0000000584,0000583000,-11810,064029,-44684,091187,096815,074196
0000000585,0000584000,-17076,062581,-30811,086743,097532,077430
0000000586,0000585000,-20065,055765,-13671,082137,097013,081369
0000000587,0000586000,-20148,043638,004205,077832,095308,085640
0000000588,0000587000,-17883,028084,022085,074251,092578,089826
0000000589,0000588000,-13003,009865,037614,071742,089081,093508
0000000590,0000589000,-06178,-08734,049537,070560,085168,096340
0000000591,0000590000,001855,-25944,056691,070814,081205,098031
0000000592,0000591000,010486,-40427,058074,072491,077588,098423
0000000593,0000592000,018559,-49976,054071,075419,074666,097465
0000000594,0000593000,025641,-54415,044520,079307,072724,095253
0000000595,0000594000,030591,-52959,031228,083766,071962,091998
0000000596,0000595000,033196,-46166,015101,088346,072454,088005
0000000597,0000596000,033245,-34634,-02267,092597,074167,083671
0000000598,0000597000,030581,-19377,-18879,096094,076929,079411
0000000599,0000598000,025701,-02288,-33691,098497,080484,075645
0000000600,0000599000,018778,015672,-44763,099568,084481,072740
0000000601,0000600000,010840,032072,-51408,099197,088531,070981
0000000602,0000601000,002416,045550,-52560,097422,092247,070549
0000000603,0000602000,-05584,054751,-48364,094415,095258,071478
0000000604,0000603000,-12192,058628,-39485,090481,097274,073694
0000000605,0000604000,-16962,057221,-26477,086013,098090,076977
0000000606,0000605000,-19207,050404,-11280,081458,097623,081013
0000000607,0000606000,-19006,039405,005062,077272,095912,085416
0000000608,0000607000,-16159,024870,020789,073865,093113,089750
0000000609,0000608000,-11046,008350,034504,071576,089506,093599
0000000610,0000609000,-04253,-08390,044888,070627,085430,096580
0000000611,0000610000,003744,-24047,050698,071117,081287,098405
0000000612,0000611000,011939,-36629,051756,072998,077479,098890
0000000613,0000612000,019697,-45169,047495,076083,074376,097983
0000000614,0000613000,026018,-48636,038828,080064,072287,095775
0000000615,0000614000,030385,-47013,026674,084537,071413,092468
0000000616,0000615000,032427,-40545,012164,089058,071854,088388
0000000617,0000616000,031810,-29734,-03051,093173,073566,083926
0000000618,0000617000,028807,-16067,-17766,096478,076390,079516
0000000619,0000618000,023550,-00432,-30327,098646,080057,075590
0000000620,0000619000,016707,015426,-39830,099461,084207,072529
0000000621,0000620000,008841,029954,-45080,098843,088442,070640
0000000622,0000621000,000744,041704,-45553,096850,092346,070103
0000000623,0000622000,-06633,049415,-41493,093682,095540,070979
0000000624,0000623000,-12695,052565,-33094,089657,097709,073185
0000000625,0000624000,-16687,050646,-21585,085178,098638,076507
0000000626,0000625000,-18355,044325,-08037,080698,098233,080629
0000000627,0000626000,-17467,034131,006101,076660,096522,085149
0000000628,0000627000,-14160,021018,019566,073467,093673,089631
0000000629,0000628000,-08847,006443,031137,071432,089956,093635
0000000630,0000629000,-01902,-08370,039468,070758,085731,096771
0000000631,0000630000,005844,-21773,044056,071512,081409,098732
0000000632,0000631000,013719,-32573,044183,073620,077410,099319
0000000633,0000632000,020833,-39491,039978,076874,074127,098478
0000000634,0000633000,026487,-42004,032028,080942,071878,096283
0000000635,0000634000,030156,-40067,021176,085419,070890,092948
0000000636,0000635000,031379,-33770,008676,089852,071262,088792
0000000637,0000636000,030193,-24072,-04378,093800,072963,084219
0000000638,0000637000,026638,-11801,-16510,096872,075835,079672
0000000639,0000638000,021142,001794,-26791,098761,079600,075592
0000000640,0000639000,014212,015424,-34180,099283,083896,072382
0000000641,0000640000,006520,027700,-37824,098383,088303,070354
0000000642,0000641000,-01075,037295,-37545,096152,092394,069710
0000000643,0000642000,-07902,043447,-33303,092812,095770,070516
0000000644,0000643000,-13163,045367,-25727,088700,098096,072695
0000000645,0000644000,-16386,043114,-15594,084230,099147,076038
0000000646,0000645000,-17239,037067,-04121,079851,098813,080222
0000000647,0000646000,-15656,027825,007562,076003,097122,084844
0000000648,0000647000,-11872,016403,018461,073066,094235,089453
0000000649,0000648000,-06183,003866,027340,071333,090428,093601
0000000650,0000649000,000760,-08450,033515,070974,086068,096885
0000000651,0000650000,008316,-19466,036333,072026,081579,098980
0000000652,0000651000,015696,-27946,035513,074386,077401,099680
0000000653,0000652000,022136,-33018,031213,077814,073938,098915
0000000654,0000653000,027006,-34379,023970,081966,071532,096758
0000000655,0000654000,029748,-31858,014705,086422,070420,093415
0000000656,0000655000,030178,-25916,004284,090735,070712,089209
0000000657,0000656000,028223,-17210,-06068,094472,072387,084551
0000000658,0000657000,024122,-06688,-15410,097260,075285,079887
0000000659,0000658000,018299,004652,-22923,098823,079129,075675
0000000660,0000659000,011311,015709,-27797,099006,083546,072324
0000000661,0000660000,003910,025250,-29629,097790,088108,070163
0000000662,0000661000,-03214,032462,-28223,095298,092372,069405
0000000663,0000662000,-09272,036537,-23867,091779,095919,070126
0000000664,0000663000,-13663,037129,-17006,087591,098403,072258
0000000665,0000664000,-15945,034319,-08495,083154,099579,075592
0000000666,0000665000,-15881,028505,000647,078918,099331,079809
0000000667,0000666000,-13536,020384,009597,075307,097677,084498
0000000668,0000667000,-09117,010743,017389,072681,094775,089205
0000000669,0000668000,-03125,000682,023307,071302,090905,093474
0000000670,0000669000,003863,-08887,026796,071307,086437,096887
0000000671,0000670000,011139,-17010,027571,072695,081810,099111
0000000672,0000671000,017942,-22778,025561,075325,077471,099926
0000000673,0000672000,023597,-25703,021006,078933,073845,099254
0000000674,0000673000,027481,-25523,014587,083154,071286,097157
0000000675,0000674000,029243,-22378,006953,087560,070046,093839
0000000676,0000675000,028683,-16653,-00990,091707,070248,089623
0000000677,0000676000,025884,-09096,-08356,095177,071875,084917
0000000678,0000677000,021162,-00517,-14461,097623,074773,080177
0000000679,0000678000,014978,008277,-18709,098801,078662,075863
0000000680,0000679000,007993,016281,-20722,098595,083166,072397
0000000681,0000680000,000882,022753,-20287,097025,087850,070115
0000000682,0000681000,-05597,027044,-17587,094251,092255,069241
0000000683,0000682000,-10784,028721,-12918,090553,095953,069863
0000000684,0000683000,-14151,027663,-06822,086306,098582,071918
0000000685,0000684000,-15332,024093,-00120,081940,099886,075207
0000000686,0000685000,-14240,018528,006467,077898,099734,079410
0000000687,0000686000,-10976,011538,012212,074586,098139,084120
0000000688,0000687000,-05911,003988,016525,072337,095256,088878
0000000689,0000688000,000445,-03328,018950,071376,091361,093224
0000000690,0000689000,007442,-09701,019329,071798,086831,096735
0000000691,0000690000,014348,-14446,017682,073559,082106,099069
0000000692,0000691000,020475,-17094,014163,076480,077647,099998
0000000693,0000692000,025164,-17391,009285,080266,073886,099433
0000000694,0000693000,027950,-15412,003621,084531,071193,097428
0000000695,0000694000,028531,-11392,-02157,088843,069830,094180
0000000696,0000695000,026850,-05866,-07344,092764,069930,090005
0000000697,0000696000,023107,000451,-11333,095898,071484,085310
0000000698,0000697000,017676,006894,-13693,097930,074344,080551
0000000699,0000698000,011141,012721,-14231,098655,078231,076188
0000000700,0000699000,004160,017306,-12858,098003,082770,072647
0000000701,0000700000,-02536,020174,-09806,096040,087520,070270
0000000702,0000701000,-08258,021076,-05477,092968,092019,069287
0000000703,0000702000,-12420,019919,-00343,089098,095828,069794
0000000704,0000703000,-14573,016852,004947,084824,098577,071740
0000000705,0000704000,-14506,012345,009730,080580,099998,074933
0000000706,0000705000,-12211,006908,013408,076799,099952,079061
0000000707,0000706000,-07944,001203,015565,073864,098444,083721
0000000708,0000707000,-02147,-04051,015884,072071,095622,088460
0000000709,0000708000,004578,-08256,014319,071601,091758,092819
0000000710,0000709000,011521,-10958,011115,072499,087229,096376
0000000711,0000710000,017977,-11862,006595,074671,082475,098785
0000000712,0000711000,023263,-10841,001303,077896,077957,099817
0000000713,0000712000,026840,-08090,-04111,081845,074114,099371
0000000714,0000713000,028325,-03926,-08995,086116,071321,097495
0000000715,0000714000,027553,001188,-12763,090273,069849,094374
0000000716,0000715000,024612,006578,-14900,093891,069840,090314
0000000717,0000716000,019794,011587,-15058,096603,071293,085713
0000000718,0000717000,013614,015609,-13208,098134,074066,081018
0000000719,0000718000,006713,018134,-09482,098328,077886,076687
0000000720,0000719000,-00184,018814,-04259,097170,082382,073136
0000000721,0000720000,-06359,017584,001840,094779,087117,070707
0000000722,0000721000,-11173,014581,008128,091400,091631,069634
0000000723,0000722000,-14114,010100,013884,087379,095486,070016
0000000724,0000723000,-14877,004687,018406,083126,098309,071812
0000000725,0000724000,-13365,-01035,021091,079077,099825,074843
0000000726,0000725000,-09729,-06401,021581,075646,099889,078811
0000000727,0000726000,-04343,-10733,019704,073183,098498,083325
0000000728,0000727000,002234,-13445,015529,071940,095793,087945
0000000729,0000728000,009301,-14158,009481,072042,092038,092222
0000000730,0000729000,016126,-12746,002175,073476,087601,095743
0000000731,0000730000,021986,-09270,-05612,076093,082915,098173
0000000732,0000731000,026273,-04101,-13006,079623,078433,099280
0000000733,0000732000,028537,002184,-19132,083705,074590,098963
0000000734,0000733000,028524,008924,-23267,087921,071757,097258
0000000735,0000734000,026226,015359,-24888,091838,070208,094336
0000000736,0000735000,021862,020715,-23660,095055,070090,090489
0000000737,0000736000,015883,024313,-19597,097239,071410,086095
0000000738,0000737000,008913,025678,-13028,098168,074032,081584
0000000739,0000738000,001688,024522,-04550,097747,077696,077396
0000000740,0000739000,-05029,020857,004985,096023,082042,073933
0000000741,0000740000,-10536,015033,014547,093175,086645,071524
0000000742,0000741000,-14249,007623,023080,089498,091061,070395
0000000743,0000742000,-15779,-00613,029646,085369,094861,070648
0000000744,0000743000,-14945,-08777,033432,081212,097682,072250
0000000745,0000744000,-11815,-15951,033911,077454,099250,075038
0000000746,0000745000,-06695,-21323,030923,074484,099419,078735
0000000747,0000746000,-00106,-24207,024617,072609,098179,082972
0000000748,0000747000,007254,-24134,015515,072022,095660,087333
0000000749,0000748000,014613,-21013,004499,072783,092116,091394
0000000750,0000749000,021189,-15046,-07320,074809,087897,094765
0000000751,0000750000,026290,-06753,-18741,077889,083416,097127
0000000752,0000751000,029381,003022,-28509,081705,079106,098264
0000000753,0000752000,030124,013270,-35516,085863,075384,098074
0000000754,0000753000,028422,022930,-38959,089935,072605,096586
0000000755,0000754000,024422,030933,-38321,093501,071035,093955
0000000756,0000755000,018519,036326,-33499,096191,070820,090445
0000000757,0000756000,011318,038448,-24860,097724,071972,086407
0000000758,0000757000,003577,036932,-13179,097940,074366,082241
0000000759,0000758000,-03883,031771,000452,096820,077759,078352
0000000760,0000759000,-10273,023391,014663,094481,081811,075113
0000000761,0000760000,-14918,012581,027969,091170,086124,072827
0000000762,0000761000,-17331,000379,038993,087229,090281,071702
0000000763,0000762000,-17239,-11987,046513,083064,093884,071832
0000000764,0000763000,-14625,-23198,049613,079107,096589,073194
0000000765,0000764000,-09726,-32039,047824,075768,098139,075642
0000000766,0000765000,-03025,-37500,041166,073395,098392,078928
0000000767,0000766000,004784,-38857,030159,072239,097336,082719
0000000768,0000767000,012880,-35824,015811,072420,095089,086640
0000000769,0000768000,020401,-28591,-00470,073919,091883,090308
0000000770,0000769000,026551,-17771,-17073,076576,088044,093370
0000000771,0000770000,030685,-04368,-32321,080112,083949,095545
0000000772,0000771000,032365,010311,-44622,084160,079996,096637
0000000773,0000772000,031393,024800,-52638,088302,076561,096559
0000000774,0000773000,027831,037611,-55423,092109,073970,095334
0000000775,0000774000,022014,047341,-52509,095182,072466,093096
0000000776,0000775000,014514,052850,-43986,097198,072184,090076
0000000777,0000776000,006115,053431,-30593,097944,073138,086581
0000000778,0000777000,-02296,048889,-13598,097338,075215,082961
0000000779,0000778000,-09825,039544,005351,095447,078195,079572
0000000780,0000779000,-15675,026253,024351,092471,081773,076735
0000000781,0000780000,-19238,010280,041495,088722,085593,074712
0000000782,0000781000,-20133,-06877,055065,084591,089285,073678
0000000783,0000782000,-18240,-23519,063603,080504,092498,073712
0000000784,0000783000,-13709,-37906,066060,076889,094931,074791
0000000785,0000784000,-06967,-48513,062025,074124,096357,076793
0000000786,0000785000,001314,-54102,051693,072504,096654,079505
0000000787,0000786000,010268,-53902,035942,072203,095809,082649
0000000788,0000787000,018940,-47823,016315,073254,093927,085907
0000000789,0000788000,026410,-36400,-05224,075547,091212,088960
0000000790,0000789000,031891,-20679,-26546,078838,087948,091515
0000000791,0000790000,034821,-02152,-45549,082780,084463,093344
0000000792,0000791000,034883,017420,-60328,086964,081094,094290
0000000793,0000792000,032039,036136,-69336,090954,078161,094289
0000000794,0000793000,026529,052083,-71498,094334,075936,093363
0000000795,0000794000,018876,063544,-66379,096746,074621,091625
0000000796,0000795000,009852,069171,-54274,097931,074327,089263
0000000797,0000796000,000402,068210,-36263,097757,075060,086525
0000000798,0000797000,-08460,060644,-14131,096241,076725,083690
0000000799,0000798000,-15789,047175,009896,093544,079133,081038
0000000800,0000799000,-20826,029105,033412,089952,082029,078820
0000000801,0000800000,-23062,008153,054129,085843,085117,077234
0000000802,0000801000,-22251,-13731,070037,081645,088098,076407
0000000803,0000802000,-18437,-34422,079473,077796,090689,076391
0000000804,0000803000,-11960,-51809,081315,074699,092653,077159
0000000805,0000804000,-03434,-64060,075166,072685,093816,078610
0000000806,0000805000,006273,-69718,061414,071975,094089,080580
0000000807,0000806000,016138,-67993,041275,072649,093467,082857
0000000808,0000807000,025096,-58991,016806,074640,092042,085206
0000000809,0000808000,032194,-43606,-09477,077735,089980,087394
0000000810,0000809000,036708,-23334,-34985,081606,087507,089215
0000000811,0000810000,038191,-00108,-57259,085846,084878,090511
0000000812,0000811000,036475,023883,-74134,090013,082353,091184
0000000813,0000812000,031691,046353,-83898,093671,080167,091200
0000000814,0000813000,024278,065049,-85429,096435,078519,090591
0000000815,0000814000,014941,077972,-78314,098006,077548,089448
0000000816,0000815000,004640,083593,-63042,098208,077321,087908
0000000817,0000816000,-05531,081150,-41012,097014,077833,086143
0000000818,0000817000,-14475,070814,-14479,094546,079001,084339
0000000819,0000818000,-21237,053660,013783,091068,080680,082677
0000000820,0000819000,-25146,031418,040982,086951,082679,081310
0000000821,0000820000,-25825,006180,064558,082624,084787,080354
0000000822,0000821000,-23184,-19680,082227,078540,086794,079871
0000000823,0000822000,-17452,-43665,092192,075127,088511,079874
0000000824,0000823000,-09158,-63434,093370,072747,089787,080327
0000000825,0000824000,000899,-76889,085392,071661,090524,081148
0000000826,0000825000,011672,-82403,068796,071994,090679,082226
0000000827,0000826000,022012,-79261,045161,073718,090271,083433
0000000828,0000827000,030822,-67745,016918,076654,089375,084637
0000000829,0000828000,037136,-49039,-12942,080487,088110,085717
0000000830,0000829000,040353,-25109,-41463,084809,086630,086575
0000000831,0000830000,040188,001798,-66027,089169,085099,087146
0000000832,0000831000,036623,029188,-84227,093113,083671,087404
0000000833,0000832000,029985,054352,-94246,096225,082480,087358
0000000834,0000833000,020886,074914,-95032,098171,081628,087056
0000000835,0000834000,010234,088687,-86289,098736,081168,086567
0000000836,0000835000,-00859,093991,-68606,097848,081111,085974
0000000837,0000836000,-11220,090206,-43724,095594,081427,085360
0000000838,0000837000,-19732,077673,-14264,092213,082044,084800
0000000839,0000838000,-25501,057732,016792,088064,082868,084350
0000000840,0000839000,-27930,032450,046140,083590,083791,084047
0000000841,0000840000,-26911,004312,071308,079257,084699,083906
0000000842,0000841000,-22431,-24208,089768,075515,085497,083907
0000000843,0000842000,-14938,-50175,099630,072762,086111,084017
0000000844,0000843000,-05174,-71137,099998,071295,086492,084180
0000000845,0000844000,005941,-84999,090557,071281,086636,084336
0000000846,0000845000,017173,-89961,072112,072733,086566,084430
0000000847,0000846000,027386,-85594,046407,075502,086330,084427
0000000848,0000847000,035443,-72256,016206,079295,085994,084312
0000000849,0000848000,040528,-51370,-15413,083707,085622,084095
0000000850,0000849000,042146,-25249,-45165,088271,085284,083805
0000000851,0000850000,040192,003731,-70414,092511,085034,083482
0000000852,0000851000,034876,032799,-88813,095986,084906,083192
0000000853,0000852000,026611,059129,-98285,098325,084913,082996
0000000854,0000853000,016306,080110,-98171,099271,085040,082956
0000000855,0000854000,004932,093704,-88196,098715,085246,083127
0000000856,0000855000,-06272,098260,-69225,096703,085468,083532
0000000857,0000856000,-16102,093300,-43247,093445,085643,084162
0000000858,0000857000,-23579,079444,-12849,089287,085706,084969
0000000859,0000858000,-27843,057986,018692,084674,085620,085872
0000000860,0000859000,-28580,031488,048251,080091,085361,086781
0000000861,0000860000,-25734,002282,073094,076016,084931,087592
0000000862,0000861000,-19591,-26869,090977,072874,084364,088197
0000000863,0000862000,-10712,-52966,099922,071002,083710,088501
0000000864,0000863000,000006,-73546,099168,070608,083045,088436
0000000865,0000864000,011411,-86529,088833,071743,082463,087954
0000000866,0000865000,022372,-90532,069702,074298,082064,087060
0000000867,0000866000,031648,-85046,043894,078005,081933,085812
0000000868,0000867000,038333,-70869,014015,082465,082127,084316
0000000869,0000868000,041714,-49373,-16842,087208,082663,082720
0000000870,0000869000,041487,-22892,-45561,091731,083517,081184
0000000871,0000870000,037783,005898,-69467,095567,084628,079872
0000000872,0000871000,030887,034442,-86327,098312,085900,078937
0000000873,0000872000,021516,059819,-94498,099670,087214,078503
0000000874,0000873000,010620,079477,-93135,099490,088431,078654
0000000875,0000874000,-00652,091514,-82443,097778,089406,079423
0000000876,0000875000,-11105,094746,-63587,094711,090001,080779
0000000877,0000876000,-19645,088881,-38481,090612,090110,082621
0000000878,0000877000,-25369,074574,-09726,085920,089680,084784
0000000879,0000878000,-27749,053433,019753,081131,088718,087055
0000000880,0000879000,-26556,027663,046887,076749,087288,089209
0000000881,0000880000,-21996,-00159,069260,073230,085510,091024
0000000882,0000881000,-14463,-27484,084755,070943,083543,092297
0000000883,0000882000,-04756,-51477,091776,070137,081575,092876
0000000884,0000883000,006099,-69678,089722,070904,079805,092665
0000000885,0000884000,017005,-80491,078923,073173,078431,091641
0000000886,0000885000,026746,-82785,060642,076708,077628,089860
0000000887,0000886000,034321,-76485,036735,081131,077518,087466
0000000888,0000887000,038966,-62384,009735,085973,078154,084679
0000000889,0000888000,040230,-42010,-17539,090719,079510,081768
0000000890,0000889000,038060,-17527,-42509,094873,081480,079023
0000000891,0000890000,032672,008725,-62739,098000,083891,076724
0000000892,0000891000,024645,034096,-76324,099773,086520,075115
0000000893,0000892000,014800,056057,-81958,099998,089119,074380
0000000894,0000893000,004159,072403,-79158,098644,091424,074625
0000000895,0000894000,-06108,081527,-68406,095849,093191,075866
0000000896,0000895000,-14923,082754,-50976,091906,094210,078021
0000000897,0000896000,-21346,076084,-28837,087236,094342,080907
0000000898,0000897000,-24764,062407,-04263,082338,093533,084257
0000000899,0000898000,-24860,043228,020239,077729,091830,087749
0000000900,0000899000,-21669,020521,042280,073892,089373,091036
0000000901,0000900000,-15569,-03406,059762,071228,086384,093788
0000000902,0000901000,-02084,012957,075973,069805,084903,095491
0000000903,0000902000,011669,012323,074322,070572,084903,096799
0000000904,0000903000,012961,013296,074857,071596,084903,095953
0000000905,0000904000,013680,011291,059573,075495,084903,094557
0000000906,0000905000,043735,015293,045593,079094,084903,091620
0000000907,0000906000,035354,010742,029324,084046,084903,088620
0000000908,0000907000,007015,-10966,-16664,085056,084903,084619
0000000909,0000908000,006442,-15314,-16388,085056,084903,084619
0000000910,0000909000,011005,-13788,-12353,085056,084903,084619
0000000911,0000910000,018946,-08339,-04054,085056,084903,084619
0000000912,0000911000,026205,-02940,004442,085056,084903,084619
0000000913,0000912000,029304,-01002,009455,085056,084903,084619
0000000914,0000913000,027030,-03736,009623,085056,084903,084619
0000000915,0000914000,020744,-09812,006131,085056,084903,084619
0000000916,0000915000,013515,-16229,001820,085056,084903,084619
0000000917,0000916000,008501,-19930,-00286,085056,084903,084619
0000000918,0000917000,007392,-19339,001287,085056,084903,084619
0000000919,0000918000,009674,-15108,005926,085056,084903,084619
0000000920,0000919000,013247,-09468,011395,085056,084903,084619
0000000921,0000920000,015634,-05029,015156,085056,084903,084619
0000000922,0000921000,015249,-03494,015591,085056,084903,084619
0000000923,0000922000,012153,-04902,012745,085056,084903,084619
0000000924,0000923000,007888,-07793,008214,085056,084903,084619
0000000925,0000924000,004549,-10124,004131,085056,084903,084619
0000000926,0000925000,003658,-10400,002120,085056,084903,084619
0000000927,0000926000,005505,-08336,002556,085056,084903,084619
0000000928,0000927000,009079,-04920,004540,085056,084903,084619
0000000929,0000928000,012677,-01815,006480,085056,084903,084619
0000000930,0000929000,014819,-00444,006989,085056,084903,084619
0000000931,0000930000,014937,-01306,005604,085056,084903,084619
0000000932,0000931000,013540,-03817,002900,085056,084903,084619
0000000933,0000932000,011824,-06706,000142,085056,084903,084619
0000000934,0000933000,011007,-08679,-01419,085056,084903,084619
0000000935,0000934000,011687,-09073,-01166,085056,084903,084619
0000000936,0000935000,013590,-08106,000628,085056,084903,084619
0000000937,0000936000,015799,-06654,003019,085056,084903,084619
0000000938,0000937000,017262,-05738,004928,085056,084903,084619
0000000939,0000938000,017336,-05986,005657,085056,084903,084619
0000000940,0000939000,016068,-07353,005202,085056,084903,084619
0000000941,0000940000,014121,-09189,004160,085056,084903,084619
0000000942,0000941000,012382,-10630,003362,085056,084903,084619
0000000943,0000942000,011515,-11046,003412,085056,084903,084619
0000000944,0000943000,011665,-10331,004403,085056,084903,084619
0000000945,0000944000,012450,-08910,005912,085056,084903,084619
0000000946,0000945000,013216,-07480,007250,085056,084903,084619
0000000947,0000946000,013399,-06646,007835,085056,084903,084619
0000000948,0000947000,012814,-06630,007471,085056,084903,084619
0000000949,0000948000,011709,-07215,006410,085056,084903,084619
0000000950,0000949000,010605,-07904,005184,085056,084903,084619
0000000951,0000950000,010011,-08202,004324,085056,084903,084619
0000000952,0000951000,010172,-07873,004103,085056,084903,084619
0000000953,0000952000,010963,-07039,004427,085056,084903,084619
0000000954,0000953000,011991,-06087,004939,085056,084903,084619
0000000955,0000954000,012807,-05450,005223,085056,084903,084619
0000000956,0000955000,013130,-05390,005030,085056,084903,084619
0000000957,0000956000,012961,-05884,004392,085056,084903,084619
0000000958,0000957000,012552,-06656,003582,085056,084903,084619
0000000959,0000958000,012242,-07342,002958,085056,084903,084619
0000000960,0000959000,012277,-07673,002776,085056,084903,084619
0000000961,0000960000,012690,-07596,003076,085056,084903,084619
0000000962,0000961000,013304,-07270,003675,085056,084903,084619
0000000963,0000962000,013835,-06967,004285,085056,084903,084619
0000000964,0000963000,014048,-06913,004656,085056,084903,084619
0000000965,0000964000,013867,-07182,004698,085056,084903,084619
0000000966,0000965000,013402,-07663,004501,085056,084903,084619
0000000967,0000966000,012875,-08141,004268,085056,084903,084619
0000000968,0000967000,012504,-08405,004198,085056,084903,084619
0000000969,0000968000,012399,-08356,004383,085056,084903,084619
0000000970,0000969000,012521,-08047,004767,085056,084903,084619
0000000971,0000970000,012720,-07641,005187,085056,084903,084619
0000000972,0000971000,012827,-07322,005466,085056,084903,084619
0000000973,0000972000,012740,-07203,005495,085056,084903,084619
0000000974,0000973000,012476,-07280,005289,085056,084903,084619
0000000975,0000974000,012148,-07448,004963,085056,084903,084619
0000000976,0000975000,011903,-07568,004669,085056,084903,084619
0000000977,0000976000,011844,-07541,004516,085056,084903,084619
0000000978,0000977000,011985,-07356,004527,085056,084903,084619
0000000979,0000978000,012247,-07089,004635,085056,084903,084619
0000000980,0000979000,012510,-06857,004731,085056,084903,084619
0000000981,0000980000,012672,-06759,004723,085056,084903,084619
0000000982,0000981000,012697,-06823,004585,085056,084903,084619
0000000983,0000982000,012623,-07005,004365,085056,084903,084619
0000000984,0000983000,012534,-07212,004154,085056,084903,084619
0000000985,0000984000,012511,-07355,004037,085056,084903,084619
0000000986,0000985000,012590,-07391,004054,085056,084903,084619
0000000987,0000986000,012748,-07337,004183,085056,084903,084619
0000000988,0000987000,012918,-07256,004354,085056,084903,084619
0000000989,0000988000,013025,-07217,004493,085056,084903,084619
0000000990,0000989000,013028,-07260,004552,085056,084903,084619
0000000991,0000990000,012934,-07377,004533,085056,084903,084619
0000000992,0000991000,012792,-07520,004479,085056,084903,084619
0000000993,0000992000,012664,-07628,004446,085056,084903,084619
0000000994,0000993000,012596,-07658,004474,085056,084903,084619
0000000995,0000994000,012596,-07606,004565,085056,084903,084619
0000000996,0000995000,012636,-07504,004686,085056,084903,084619
0000000997,0000996000,012672,-07402,004790,085056,084903,084619
0000000998,0000997000,012665,-07340,004834,085056,084903,084619
0000000999,0000998000,012607,-07333,004809,085056,084903,084619
0000001000,0000999000,012517,-07365,004734,085056,084903,084619
0000001001,0001000000,012432,-07401,004646,085056,084903,084619
0000001002,0001001000,012388,-07408,004583,085056,084903,084619
0000001003,0001002000,012401,-07371,004562,085056,084903,084619
0000001004,0001003000,012459,-07301,004577,085056,084903,084619
0000001005,0001004000,012534,-07227,004601,085056,084903,084619
0000001006,0001005000,012594,-07179,004608,085056,084903,084619
0000001007,0001006000,012621,-07175,004581,085056,084903,084619
0000001008,0001007000,012616,-07210,004525,085056,084903,084619
0000001009,0001008000,012596,-07265,004460,085056,084903,084619
0000001010,0001009000,012585,-07314,004411,085056,084903,084619
0000001011,0001010000,012598,-07339,004396,085056,084903,084619
0000001012,0001011000,012636,-07338,004417,085056,084903,084619
0000001013,0001012000,012686,-07320,004459,085056,084903,084619
0000001014,0001013000,012727,-07307,004503,085056,084903,084619
0000001015,0001014000,012743,-07311,004531,085056,084903,084619
0000001016,0001015000,012730,-07337,004537,085056,084903,084619
0000001017,0001016000,012696,-07377,004528,085056,084903,084619
0000001018,0001017000,012658,-07414,004519,085056,084903,084619
0000001019,0001018000,012630,-07434,004521,085056,084903,084619
0000001020,0001019000,012619,-07431,004542,085056,084903,084619
0000001021,0001020000,012624,-07409,004575,085056,084903,084619
0000001022,0001021000,012632,-07380,004609,085056,084903,084619
0000001023,0001022000,012634,-07357,004631,085056,084903,084619
0000001024,0001023000,012622,-07348,004634,085056,084903,084619
0000001025,0001024000,012599,-07351,004620,085056,084903,084619
0000001026,0001025000,012572,-07359,004597,085056,084903,084619
0000001027,0001026000,012553,-07363,004576,085056,084903,084619
0000001028,0001027000,012548,-07357,004564,085056,084903,084619
0000001029,0001028000,012558,-07340,004562,085056,084903,084619
0000001030,0001029000,012577,-07318,004567,085056,084903,084619
0000001031,0001030000,012597,-07300,004570,085056,084903,084619
0000001032,0001031000,012609,-07292,004565,085056,084903,084619
0000001033,0001032000,012613,-07296,004551,085056,084903,084619
0000001034,0001033000,012610,-07309,004532,085056,084903,084619
0000001035,0001034000,012607,-07324,004515,085056,084903,084619
0000001036,0001035000,012609,-07334,004506,085056,084903,084619
0000001037,0001036000,012618,-07338,004506,085056,084903,084619
0000001038,0001037000,012631,-07335,004515,085056,084903,084619
0000001039,0001038000,012645,-07332,004527,085056,084903,084619
0000001040,0001039000,012653,-07331,004537,085056,084903,084619
0000001041,0001040000,012654,-07337,004542,085056,084903,084619
0000001042,0001041000,012647,-07347,004542,085056,084903,084619
0000001043,0001042000,012637,-07359,004540,085056,084903,084619
0000001044,0001043000,012628,-07367,004540,085056,084903,084619
0000001045,0001044000,012622,-07370,004545,085056,084903,084619
0000001046,0001045000,012621,-07367,004553,085056,084903,084619
0000001047,0001046000,012622,-07360,004563,085056,084903,084619
0000001048,0001047000,012623,-07352,004572,085056,084903,084619
0000001049,0001048000,012621,-07348,004576,085056,084903,084619
0000001050,0001049000,012615,-07347,004574,085056,084903,084619
0000001051,0001050000,012607,-07348,004569,085056,084903,084619
0000001052,0001051000,012600,-07349,004563,085056,084903,084619
0000001053,0001052000,012597,-07348,004558,085056,084903,084619
0000001054,0001053000,012597,-07344,004556,085056,084903,084619
0000001055,0001054000,012601,-07338,004557,085056,084903,084619
0000001056,0001055000,012607,-07332,004557,085056,084903,084619
0000001057,0001056000,012611,-07328,004556,085056,084903,084619
0000001058,0001057000,012614,-07328,004553,085056,084903,084619
0000001059,0001058000,012614,-07330,004548,085056,084903,084619
0000001060,0001059000,012613,-07334,004543,085056,084903,084619
0000001061,0001060000,012614,-07337,004538,085056,084903,084619
0000001062,0001061000,012616,-07339,004537,085056,084903,084619
0000001063,0001062000,012619,-07340,004538,085056,084903,084619
0000001064,0001063000,012624,-07339,004541,085056,084903,084619
0000001065,0001064000,012627,-07339,004544,085056,084903,084619
0000001066,0001065000,012628,-07340,004546,085056,084903,084619
0000001067,0001066000,012627,-07342,004547,085056,084903,084619
0000001068,0001067000,012625,-07346,004547,085056,084903,084619
0000001069,0001068000,012622,-07349,004547,085056,084903,084619
0000001070,0001069000,012620,-07351,004548,085056,084903,084619
0000001071,0001070000,012619,-07350,004550,085056,084903,084619
0000001072,0001071000,012619,-07349,004553,085056,084903,084619
0000001073,0001072000,012619,-07347,004556,085056,084903,084619
0000001074,0001073000,012619,-07345,004558,085056,084903,084619
0000001075,0001074000,012617,-07345,004558,085056,084903,084619
0000001076,0001075000,012615,-07345,004557,085056,084903,084619
0000001077,0001076000,012613,-07345,004556,085056,084903,084619
0000001078,0001077000,012611,-07345,004554,085056,084903,084619
0000001079,0001078000,012611,-07344,004553,085056,084903,084619
0000001080,0001079000,012611,-07342,004553,085056,084903,084619
0000001081,0001080000,012613,-07340,004553,085056,084903,084619
0000001082,0001081000,012614,-07339,004553,085056,084903,084619
0000001083,0001082000,012615,-07338,004552,085056,084903,084619
0000001084,0001083000,012616,-07338,004551,085056,084903,084619
0000001085,0001084000,012616,-07339,004549,085056,084903,084619
0000001086,0001085000,012616,-07340,004548,085056,084903,084619
0000001087,0001086000,012616,-07341,004547,085056,084903,084619
0000001088,0001087000,012617,-07341,004547,085056,084903,084619
0000001089,0001088000,012618,-07341,004547,085056,084903,084619
0000001090,0001089000,012620,-07341,004548,085056,084903,084619
0000001091,0001090000,012620,-07341,004549,085056,084903,084619
0000001092,0001091000,012620,-07342,004549,085056,084903,084619
0000001093,0001092000,012620,-07343,004549,085056,084903,084619
0000001094,0001093000,012619,-07344,004549,085056,084903,084619
0000001095,0001094000,012619,-07345,004550,085056,084903,084619
0000001096,0001095000,012618,-07345,004550,085056,084903,084619
0000001097,0001096000,012618,-07345,004551,085056,084903,084619
0000001098,0001097000,012618,-07344,004552,085056,084903,084619
0000001099,0001098000,012618,-07344,004553,085056,084903,084619
0000001100,0001099000,012617,-07343,004553,085056,084903,084619
0000001101,0001100000,012617,-07343,004553,085056,084903,084619
