0000000001,0000000000,089732,087617,075184,092172,089720,074078
0000000002,0000001000,087183,090050,075298,089157,092436,074376
0000000003,0000002000,084332,091905,076296,085857,094431,075682
0000000004,0000003000,081486,092967,078079,082602,095500,077867
0000000005,0000004000,078902,093150,080481,079698,095550,080722
0000000006,0000005000,076830,092443,083259,077437,094571,083961
0000000007,0000006000,075484,090913,086134,076044,092658,087268
0000000008,0000007000,075011,088681,088840,075648,089999,090323
0000000009,0000008000,075419,086003,091109,076289,086854,092826
0000000010,0000009000,076687,083137,092710,077907,083534,094529
0000000011,0000010000,078706,080338,093488,080345,080359,095266
0000000012,0000011000,081268,077889,093375,083359,077643,094968
0000000013,0000012000,084096,076058,092378,086658,075650,093662
0000000014,0000013000,086950,074988,090593,089916,074577,091477
0000000015,0000014000,089548,074792,088192,092818,074528,088623
0000000016,0000015000,091607,075511,085414,095077,075510,085383
0000000017,0000016000,092942,077052,082538,096475,077419,082076
0000000018,0000017000,093441,079259,079833,096869,080080,079021
0000000019,0000018000,093022,081946,077564,096225,083226,076518
0000000020,0000019000,091740,084829,075964,094608,086546,074815
0000000021,0000020000,089737,087610,075184,092174,089717,074078
0000000022,0000021000,087182,090052,075298,089155,092438,074376
0000000023,0000022000,084331,091906,076295,085858,094430,075682
0000000024,0000023000,081486,092967,078079,082601,095501,077868
0000000025,0000024000,078905,093147,080481,079698,095550,080722
0000000026,0000025000,076827,092446,083258,077436,094572,083961
0000000027,0000026000,075487,090910,086134,076043,092658,087268
0000000028,0000027000,075009,088683,088840,075647,089999,090323
0000000029,0000028000,075419,086004,091109,076289,086855,092826
0000000030,0000029000,076688,083136,092709,077907,083534,094529
0000000031,0000030000,078708,080336,093489,080343,080360,095267
0000000032,0000031000,081263,077894,093375,083359,077643,094968
0000000033,0000032000,084099,076055,092377,086657,075650,093662
0000000034,0000033000,086952,074986,090593,089915,074577,091477
0000000035,0000034000,089544,074796,088193,092817,074530,088623
0000000036,0000035000,091605,075512,085414,095077,075509,085383
0000000037,0000036000,092948,077046,082538,096473,077420,082077
0000000038,0000037000,093438,079261,079833,096868,080080,079022
0000000039,0000038000,093018,081950,077564,096225,083226,076519
0000000040,0000039000,091745,084824,075963,094609,086545,074816
0000000041,0000040000,089739,087609,075184,092172,089719,074078
0000000042,0000041000,087177,090057,075298,089155,092438,074377
0000000043,0000042000,084333,091905,076295,085858,094429,075682
0000000044,0000043000,081491,092962,078079,082601,095501,077868
0000000045,0000044000,078900,093152,080481,079697,095551,080722
0000000046,0000045000,076825,092448,083258,077438,094571,083961
0000000047,0000046000,075492,090905,086134,076043,092659,087268
0000000048,0000047000,075008,088684,088840,075647,090001,090322
0000000049,0000048000,075414,086009,091109,076289,086855,092825
0000000050,0000049000,076691,083132,092709,077907,083534,094528
0000000051,0000050000,078709,080335,093489,080342,080361,095266
0000000052,0000051000,081259,077898,093376,083358,077644,094968
0000000053,0000052000,084099,076055,092378,086657,075650,093662
0000000054,0000053000,086955,074982,090594,089914,074578,091477
0000000055,0000054000,089541,074798,088193,092816,074531,088623
0000000056,0000055000,091605,075512,085415,095077,075509,085384
0000000057,0000056000,092951,077043,082539,096472,077420,082077
0000000058,0000057000,093437,079261,079833,096867,080081,079023
0000000059,0000058000,093017,081951,077564,096225,083226,076520
0000000060,0000059000,091748,084821,075964,094608,086544,074817
0000000061,0000060000,089739,087609,075184,092172,089719,074079
0000000062,0000061000,087176,090059,075297,089155,092437,074377
0000000063,0000062000,084335,091903,076294,085859,094428,075682
0000000064,0000063000,081492,092962,078078,082601,095501,077868
0000000065,0000064000,078898,093155,080480,079698,095551,080721
0000000066,0000065000,076828,092447,083257,077438,094571,083961
0000000067,0000066000,075493,090905,086134,076043,092659,087267
0000000068,0000067000,075004,088688,088840,075647,090001,090322
0000000069,0000068000,075414,086009,091108,076290,086855,092824
0000000070,0000069000,076693,083130,092709,077907,083535,094528
0000000071,0000070000,078705,080338,093489,080342,080363,095265
0000000072,0000071000,081257,077899,093376,083358,077645,094967
0000000073,0000072000,084102,076051,092379,086656,075651,093662
0000000074,0000073000,086953,074983,090595,089912,074580,091477
0000000075,0000074000,089538,074800,088194,092815,074531,088624
0000000076,0000075000,091608,075509,085416,095076,075509,085385
0000000077,0000076000,092952,077041,082540,096470,077421,082079
0000000078,0000077000,093434,079264,079834,096865,080080,079024
0000000079,0000078000,093020,081948,077564,096224,083225,076521
0000000080,0000079000,091751,084817,075963,094607,086544,074818
0000000081,0000080000,089737,087611,075184,092171,089718,074080
0000000082,0000081000,087177,090059,075296,089156,092435,074378
0000000083,0000082000,084340,091899,076293,085859,094427,075683
0000000084,0000083000,081491,092964,078077,082602,095500,077868
0000000085,0000084000,078897,093157,080478,079700,095549,080721
0000000086,0000085000,076830,092446,083256,077440,094570,083960
0000000087,0000086000,075493,090906,086133,076044,092660,087266
0000000088,0000087000,075001,088692,088839,075648,090001,090320
0000000089,0000088000,075415,086009,091108,076291,086856,092823
0000000090,0000089000,076693,083130,092709,077907,083537,094526
0000000091,0000090000,078701,080341,093490,080341,080365,095264
0000000092,0000091000,081256,077900,093377,083358,077646,094966
0000000093,0000092000,084102,076049,092380,086655,075654,093662
0000000094,0000093000,086950,074984,090597,089911,074582,091477
0000000095,0000094000,089536,074800,088195,092813,074532,088624
0000000096,0000095000,091609,075505,085417,095074,075510,085386
0000000097,0000096000,092951,077040,082541,096468,077422,082080
0000000098,0000097000,093434,079263,079835,096864,080080,079026
0000000099,0000098000,093023,081945,077565,096223,083224,076523
0000000100,0000099000,091753,084816,075964,094606,086543,074820
0000000101,0000100000,089737,087612,075183,092172,089716,074082
0000000102,0000101000,087180,090057,075295,089157,092433,074380
0000000103,0000102000,084342,091899,076292,085860,094425,075684
0000000104,0000103000,081491,092967,078075,082603,095498,077868
0000000105,0000104000,078898,093158,080476,079702,095547,080721
0000000106,0000105000,076832,092446,083254,077442,094569,083959
0000000107,0000106000,075491,090910,086131,076046,092659,087264
0000000108,0000107000,075000,088695,088837,075651,090001,090318
0000000109,0000108000,075415,086009,091108,076292,086857,092820
0000000110,0000109000,076690,083133,092710,077907,083539,094523
0000000111,0000110000,078698,080344,093491,080341,080367,095262
0000000112,0000111000,081256,077898,093378,083357,077649,094964
0000000113,0000112000,084100,076049,092383,086652,075657,093661
0000000114,0000113000,086947,074986,090599,089908,074585,091477
0000000115,0000114000,089537,074797,088198,092810,074534,088625
0000000116,0000115000,091610,075502,085420,095070,075512,085387
0000000117,0000116000,092950,077040,082543,096465,077422,082083
0000000118,0000117000,093436,079261,079836,096862,080079,079029
0000000119,0000118000,093027,081940,077565,096221,083222,076527
0000000120,0000119000,091754,084815,075963,094605,086541,074824
0000000121,0000120000,089739,087611,075182,092172,089713,074085
0000000122,0000121000,087185,090054,075293,089158,092429,074382
0000000123,0000122000,084344,091899,076289,085862,094422,075685
0000000124,0000123000,081491,092969,078072,082606,095495,077868
0000000125,0000124000,078901,093158,080473,079706,095544,080720
0000000126,0000125000,076833,092448,083252,077446,094567,083957
0000000127,0000126000,075489,090915,086129,076050,092659,087261
0000000128,0000127000,074999,088697,088836,075654,090002,090314
0000000129,0000128000,075414,086011,091107,076294,086859,092816
0000000130,0000129000,076685,083137,092710,077908,083542,094520
0000000131,0000130000,078694,080346,093492,080341,080370,095258
0000000132,0000131000,081254,077898,093381,083355,077653,094962
0000000133,0000132000,084096,076050,092386,086650,075661,093659
0000000134,0000133000,086944,074986,090603,089905,074588,091477
0000000135,0000134000,089537,074794,088201,092806,074537,088626
0000000136,0000135000,091609,075499,085423,095065,075514,085390
0000000137,0000136000,092949,077037,082546,096461,077423,082086
0000000138,0000137000,093439,079256,079838,096858,080079,079033
0000000139,0000138000,093030,081936,077566,096218,083221,076531
0000000140,0000139000,091756,084813,075963,094604,086538,074828
0000000141,0000140000,089744,087608,075180,092172,089708,074089
0000000142,0000141000,087190,090052,075291,089159,092425,074385
0000000143,0000142000,084346,091900,076286,085865,094418,075687
0000000144,0000143000,081494,092971,078068,082611,095490,077869
0000000145,0000144000,078904,093159,080469,079710,095541,080719
0000000146,0000145000,076833,092452,083248,077450,094565,083954
0000000147,0000146000,075487,090919,086125,076055,092658,087257
0000000148,0000147000,074998,088700,088833,075658,090002,090310
0000000149,0000148000,075411,086015,091106,076297,086861,092811
0000000150,0000149000,076680,083142,092710,077910,083545,094514
0000000151,0000150000,078691,080348,093494,080341,080375,095254
0000000152,0000151000,081250,077899,093384,083353,077659,094958
0000000153,0000152000,084091,076052,092390,086646,075667,093657
0000000154,0000153000,086941,074984,090607,089900,074593,091476
0000000155,0000154000,089536,074790,088206,092801,074542,088627
0000000156,0000155000,091608,075497,085428,095060,075517,085393
0000000157,0000156000,092950,077033,082549,096456,077424,082090
0000000158,0000157000,093442,079250,079841,096853,080078,079039
0000000159,0000158000,093033,081932,077568,096214,083218,076537
0000000160,0000159000,091760,084810,075962,094602,086534,074834
0000000161,0000160000,089750,087604,075178,092172,089703,074094
0000000162,0000161000,087195,090050,075287,089161,092419,074389
0000000163,0000162000,084350,091901,076281,085869,094411,075690
0000000164,0000163000,081498,092972,078063,082616,095485,077869
0000000165,0000164000,078907,093162,080464,079716,095536,080717
0000000166,0000165000,076832,092457,083243,077457,094562,083951
0000000167,0000166000,075486,090925,086121,076061,092656,087252
0000000168,0000167000,074997,088705,088831,075663,090003,090303
0000000169,0000168000,075406,086021,091105,076301,086864,092805
0000000170,0000169000,076674,083147,092711,077912,083550,094508
0000000171,0000170000,078686,080350,093496,080341,080381,095248
0000000172,0000171000,081244,077901,093388,083351,077665,094954
0000000173,0000172000,084085,076053,092395,086642,075673,093654
0000000174,0000173000,086938,074981,090613,089895,074599,091476
0000000175,0000174000,089533,074786,088212,092794,074547,088629
0000000176,0000175000,091606,075493,085433,095052,075521,085396
0000000177,0000176000,092952,077027,082554,096449,077425,082096
0000000178,0000177000,093446,079243,079844,096847,080077,079045
0000000179,0000178000,093037,081927,077569,096210,083215,076544
0000000180,0000179000,091766,084805,075962,094600,086528,074841
0000000181,0000180000,089757,087599,075175,092172,089696,074101
0000000182,0000181000,087200,090048,075283,089164,092412,074394
0000000183,0000182000,084355,091902,076275,085874,094404,075693
0000000184,0000183000,081504,092973,078056,082622,095477,077870
0000000185,0000184000,078909,093166,080457,079724,095531,080715
0000000186,0000185000,076832,092464,083236,077465,094558,083947
0000000187,0000186000,075486,090931,086116,076069,092655,087246
0000000188,0000187000,074993,088711,088827,075669,090004,090296
0000000189,0000188000,075399,086029,091103,076305,086868,092796
0000000190,0000189000,076668,083153,092711,077914,083556,094500
0000000191,0000190000,078679,080354,093499,080341,080388,095241
0000000192,0000191000,081236,077904,093393,083348,077674,094948
0000000193,0000192000,084078,076053,092401,086637,075682,093651
0000000194,0000193000,086933,074978,090621,089887,074607,091475
0000000195,0000194000,089529,074782,088220,092785,074554,088631
0000000196,0000195000,091605,075487,085440,095044,075525,085401
0000000197,0000196000,092954,077018,082560,096440,077427,082103
0000000198,0000197000,093450,079235,079848,096840,080076,079054
0000000199,0000198000,093042,081920,077571,096205,083211,076554
0000000200,0000199000,091774,084798,075961,094598,086522,074850
0000000201,0000200000,089766,087594,075172,092173,089688,074109
0000000202,0000201000,087208,090046,075278,089167,092402,074400
0000000203,0000202000,084363,091901,076268,085880,094394,075696
0000000204,0000203000,081510,092974,078048,082630,095469,077871
0000000205,0000204000,078912,093171,080449,079733,095524,080713
0000000206,0000205000,076833,092471,083228,077475,094554,083941
0000000207,0000206000,075485,090938,086109,076078,092653,087238
0000000208,0000207000,074989,088721,088823,075677,090006,090287
0000000209,0000208000,075393,086038,091101,076311,086872,092786
0000000210,0000209000,076661,083159,092712,077917,083563,094490
0000000211,0000210000,078670,080359,093503,080340,080397,095232
0000000212,0000211000,081226,077908,093399,083344,077684,094941
0000000213,0000212000,084071,076052,092409,086630,075692,093647
0000000214,0000213000,086927,074975,090630,089878,074617,091474
0000000215,0000214000,089525,074778,088229,092775,074561,088634
0000000216,0000215000,091604,075479,085449,095033,075530,085407
0000000217,0000216000,092956,077009,082567,096430,077429,082111
0000000218,0000217000,093454,079226,079853,096831,080074,079064
0000000219,0000218000,093049,081911,077573,096199,083206,076565
0000000220,0000219000,091783,084789,075960,094595,086514,074861
0000000221,0000220000,089775,087588,075168,092173,089678,074118
0000000222,0000221000,087217,090044,075271,089171,092391,074408
0000000223,0000222000,084372,091901,076259,085887,094382,075700
0000000224,0000223000,081517,092977,078038,082640,095458,077871
0000000225,0000224000,078916,093178,080438,079744,095515,080710
0000000226,0000225000,076835,092479,083219,077487,094548,083935
0000000227,0000226000,075483,090948,086102,076089,092651,087229
0000000228,0000227000,074983,088732,088817,075687,090008,090275
0000000229,0000228000,075385,086048,091099,076318,086878,092774
0000000230,0000229000,076651,083167,092713,077920,083571,094478
0000000231,0000230000,078659,080366,093507,080340,080408,095222
0000000232,0000231000,081215,077912,093406,083340,077696,094933
0000000233,0000232000,084062,076052,092418,086623,075705,093642
0000000234,0000233000,086920,074972,090641,089868,074628,091473
0000000235,0000234000,089520,074772,088240,092762,074570,088637
0000000236,0000235000,091603,075470,085459,095020,075536,085414
0000000237,0000236000,092959,076998,082576,096418,077431,082121
0000000238,0000237000,093459,079215,079859,096821,080073,079076
0000000239,0000238000,093057,081900,077575,096192,083200,076578
0000000240,0000239000,091794,084779,075959,094591,086505,074874
0000000241,0000240000,089786,087582,075164,092173,089666,074130
0000000242,0000241000,087229,090040,075263,089176,092378,074416
0000000243,0000242000,084383,091900,076249,085895,094369,075706
0000000244,0000243000,081525,092981,078026,082651,095446,077872
0000000245,0000244000,078921,093185,080426,079758,095506,080707
0000000246,0000245000,076836,092488,083208,077501,094542,083928
0000000247,0000246000,075480,090959,086093,076102,092649,087218
0000000248,0000247000,074976,088745,088811,075698,090010,090262
0000000249,0000248000,075376,086060,091096,076326,086884,092760
0000000250,0000249000,076640,083177,092715,077924,083581,094464
0000000251,0000250000,078646,080374,093512,080339,080421,095209
0000000252,0000251000,081203,077916,093414,083335,077711,094924
0000000253,0000252000,084051,076052,092429,086613,075719,093637
0000000254,0000253000,086910,074968,090653,089855,074642,091472
0000000255,0000254000,089514,074764,088253,092748,074581,088641
0000000256,0000255000,091602,075459,085471,095005,075543,085422
0000000257,0000256000,092961,076985,082586,096403,077433,082133
0000000258,0000257000,093465,079202,079866,096809,080070,079090
0000000259,0000258000,093068,081886,077578,096183,083193,076593
0000000260,0000259000,091807,084768,075958,094587,086494,074889
0000000261,0000260000,089800,087574,075158,092174,089653,074143
0000000262,0000261000,087242,090035,075254,089181,092362,074426
0000000263,0000262000,084395,091900,076237,085905,094353,075711
0000000264,0000263000,081534,092986,078012,082664,095432,077873
0000000265,0000264000,078927,093193,080412,079773,095494,080703
0000000266,0000265000,076838,092499,083195,077517,094534,083919
0000000267,0000266000,075477,090973,086082,076117,092646,087206
0000000268,0000267000,074969,088759,088803,075711,090012,090247
0000000269,0000268000,075366,086073,091093,076335,086891,092744
0000000270,0000269000,076626,083190,092716,077929,083593,094448
0000000271,0000270000,078631,080384,093518,080338,080436,095195
0000000272,0000271000,081189,077920,093424,083329,077727,094913
0000000273,0000272000,084038,076052,092442,086603,075736,093631
0000000274,0000273000,086900,074964,090668,089841,074657,091471
0000000275,0000274000,089508,074755,088269,092731,074593,088645
0000000276,0000275000,091600,075446,085485,094988,075551,085431
0000000277,0000276000,092964,076971,082597,096387,077436,082146
0000000278,0000277000,093473,079186,079874,096795,080068,079107
0000000279,0000278000,093080,081871,077582,096173,083186,076611
0000000280,0000279000,091821,084755,075956,094582,086482,074906
0000000281,0000280000,089815,087564,075152,092175,089637,074158
0000000282,0000281000,087259,090030,075244,089188,092344,074438
0000000283,0000282000,084409,091900,076223,085916,094336,075718
0000000284,0000283000,081545,092991,077997,082680,095416,077874
0000000285,0000284000,078934,093202,080396,079791,095481,080698
0000000286,0000285000,076840,092512,083180,077535,094526,083909
0000000287,0000286000,075473,090989,086069,076135,092643,087191
0000000288,0000287000,074961,088776,088795,075725,090015,090229
0000000289,0000288000,075354,086089,091089,076345,086900,092725
0000000290,0000289000,076611,083204,092718,077934,083606,094430
0000000291,0000290000,078614,080394,093524,080338,080453,095179
0000000292,0000291000,081172,077925,093435,083322,077746,094901
0000000293,0000292000,084023,076052,092457,086591,075755,093624
0000000294,0000293000,086888,074959,090685,089825,074674,091470
0000000295,0000294000,089501,074745,088286,092712,074607,088650
0000000296,0000295000,091598,075432,085502,094968,075560,085442
0000000297,0000296000,092967,076954,082611,096368,077439,082162
0000000298,0000297000,093482,079168,079883,096780,080064,079126
0000000299,0000298000,093093,081854,077586,096162,083176,076631
0000000300,0000299000,091837,084741,075954,094577,086467,074926
0000000301,0000300000,089834,087553,075145,092176,089618,074175
0000000302,0000301000,087277,090023,075232,089195,092324,074451
0000000303,0000302000,084425,091900,076208,085929,094315,075725
0000000304,0000303000,081557,092997,077978,082697,095397,077875
0000000305,0000304000,078943,093213,080377,079811,095466,080693
0000000306,0000305000,076843,092527,083162,077556,094516,083898
0000000307,0000306000,075470,091008,086055,076155,092640,087175
0000000308,0000307000,074953,088795,088785,075742,090018,090210
0000000309,0000308000,075340,086107,091085,076357,086909,092703
0000000310,0000309000,076593,083220,092719,077939,083622,094409
0000000311,0000310000,078595,080406,093532,080336,080472,095161
0000000312,0000311000,081153,077932,093448,083314,077768,094888
0000000313,0000312000,084005,076053,092474,086577,075777,093616
0000000314,0000313000,086874,074953,090704,089806,074694,091469
0000000315,0000314000,089492,074734,088306,092691,074623,088656
0000000316,0000315000,091595,075416,085520,094946,075570,085454
0000000317,0000316000,092971,076935,082626,096348,077443,082179
0000000318,0000317000,093491,079147,079894,096762,080061,079147
0000000319,0000318000,093107,081834,077591,096150,083166,076654
0000000320,0000319000,091855,084724,075953,094571,086451,074948
0000000321,0000320000,089854,087541,075137,092177,089598,074194
0000000322,0000321000,087297,090017,075218,089203,092301,074465
0000000323,0000322000,084443,091899,076190,085944,094292,075734
0000000324,0000323000,081572,093002,077958,082717,095376,077877
0000000325,0000324000,078952,093224,080356,079834,095450,080686
0000000326,0000325000,076845,092544,083143,077579,094506,083885
0000000327,0000326000,075466,091028,086039,076177,092636,087157
0000000328,0000327000,074943,088816,088773,075760,090022,090187
0000000329,0000328000,075324,086128,091080,076370,086920,092679
0000000330,0000329000,076573,083238,092721,077945,083639,094386
0000000331,0000330000,078574,080419,093540,080335,080494,095141
0000000332,0000331000,081131,077939,093462,083305,077792,094872
0000000333,0000332000,083986,076053,092493,086561,075801,093607
0000000334,0000333000,086859,074947,090726,089786,074716,091468
0000000335,0000334000,089483,074721,088328,092667,074640,088662
0000000336,0000335000,091592,075399,085541,094921,075581,085468
0000000337,0000336000,092975,076914,082643,096324,077447,082199
0000000338,0000337000,093502,079124,079906,096743,080057,079170
0000000339,0000338000,093124,081813,077596,096136,083155,076679
0000000340,0000339000,091876,084705,075951,094565,086433,074972
0000000341,0000340000,089878,087526,075128,092179,089575,074216
0000000342,0000341000,087320,090009,075203,089213,092276,074481
0000000343,0000342000,084463,091899,076170,085960,094267,075743
0000000344,0000343000,081589,093009,077935,082739,095353,077878
0000000345,0000344000,078962,093238,080333,079859,095431,080679
0000000346,0000345000,076848,092563,083121,077606,094494,083870
0000000347,0000346000,075462,091050,086020,076201,092632,087136
0000000348,0000347000,074931,088840,088761,075781,090027,090162
0000000349,0000348000,075306,086152,091074,076384,086933,092653
0000000350,0000349000,076552,083258,092723,077952,083658,094360
0000000351,0000350000,078549,080434,093549,080333,080518,095118
0000000352,0000351000,081107,077948,093478,083295,077819,094856
0000000353,0000352000,083964,076054,092514,086544,075828,093598
0000000354,0000353000,086842,074940,090750,089762,074740,091467
0000000355,0000354000,089471,074707,088353,092640,074659,088670
0000000356,0000355000,091589,075379,085564,094893,075593,085483
0000000357,0000356000,092980,076890,082662,096299,077450,082221
0000000358,0000357000,093514,079099,079919,096722,080052,079196
0000000359,0000358000,093142,081788,077602,096121,083142,076707
0000000360,0000359000,091899,084684,075949,094558,086413,074999
0000000361,0000360000,089903,087510,075119,092181,089550,074239
0000000362,0000361000,087345,090000,075187,089223,092248,074499
0000000363,0000362000,084487,091898,076148,085978,094239,075752
0000000364,0000363000,081607,093016,077910,082763,095328,077879
0000000365,0000364000,078974,093252,080306,079887,095411,080672
0000000366,0000365000,076852,092584,083096,077634,094481,083854
0000000367,0000366000,075457,091075,086000,076228,092628,087113
0000000368,0000367000,074919,088867,088746,075803,090032,090135
0000000369,0000368000,075287,086177,091067,076400,086946,092624
0000000370,0000369000,076527,083280,092725,077959,083679,094332
0000000371,0000370000,078522,080451,093559,080331,080545,095094
0000000372,0000371000,081080,077958,093495,083284,077848,094837
0000000373,0000372000,083940,076055,092537,086525,075857,093588
0000000374,0000373000,086822,074932,090777,089737,074767,091466
0000000375,0000374000,089459,074692,088381,092611,074680,088678
0000000376,0000375000,091585,075358,085590,094863,075606,085500
0000000377,0000376000,092984,076864,082684,096270,077455,082245
0000000378,0000377000,093527,079071,079935,096698,080047,079225
0000000379,0000378000,093162,081761,077609,096105,083127,076737
0000000380,0000379000,091925,084660,075947,094550,086391,075029
0000000381,0000380000,089931,087492,075108,092183,089522,074265
0000000382,0000381000,087373,089990,075169,089235,092217,074518
0000000383,0000382000,084512,091896,076124,085998,094208,075763
0000000384,0000383000,081627,093023,077882,082790,095300,077880
0000000385,0000384000,078987,093268,080277,079918,095390,080663
0000000386,0000385000,076856,092607,083069,077666,094467,083836
0000000387,0000386000,075453,091102,085977,076258,092624,087088
0000000388,0000387000,074905,088896,088730,075827,090037,090105
0000000389,0000388000,075266,086206,091060,076416,086962,092591
0000000390,0000389000,076501,083305,092726,077967,083702,094301
0000000391,0000390000,078493,080470,093570,080329,080574,095067
0000000392,0000391000,081050,077968,093514,083272,077880,094817
0000000393,0000392000,083913,076057,092562,086504,075889,093577
0000000394,0000393000,086801,074925,090806,089709,074795,091465
0000000395,0000394000,089445,074676,088411,092579,074703,088687
0000000396,0000395000,091580,075334,085618,094830,075621,085518
0000000397,0000396000,092989,076835,082708,096240,077459,082271
0000000398,0000397000,093541,079040,079952,096673,080041,079257
0000000399,0000398000,093183,081731,077617,096088,083111,076771
0000000400,0000399000,091953,084634,075946,094542,086366,075061
0000000401,0000400000,089962,087472,075097,092186,089491,074293
0000000402,0000401000,081194,093441,078619,091934,092049,074407
0000000403,0000402000,083497,089537,073747,089823,093114,074711
0000000404,0000403000,082388,093485,078355,087262,094879,077481
0000000405,0000404000,079912,092731,079773,082934,094638,079902
0000000406,0000405000,081693,090887,081358,079456,094285,083625
0000000407,0000406000,080121,092555,087414,075059,092737,087154
0000000408,0000407000,080953,084316,084110,071539,090915,090916
0000000409,0000408000,078656,086287,091073,068580,088211,093749
0000000410,0000409000,084059,080970,090243,066526,085437,095951
0000000411,0000410000,081238,080505,093465,066519,083177,097621
0000000412,0000411000,084021,078079,093460,067142,080084,097011
0000000413,0000412000,086587,075046,091240,069787,078903,096654
0000000414,0000413000,083470,076361,091891,072775,077298,094130
0000000415,0000414000,089040,074044,087496,077062,076941,091155
0000000416,0000415000,087073,079266,089290,081712,077696,087855
0000000417,0000416000,088201,077263,082982,086153,078689,083767
0000000418,0000417000,087608,081365,082340,090535,080921,080369
0000000419,0000418000,087345,083287,079386,093332,083160,076998
0000000420,0000419000,086273,084942,076549,095725,086110,074926
0000000421,0000420000,085066,090392,078450,096282,088406,073258
0000000422,0000421000,085894,089302,074982,095856,091083,073399
0000000423,0000422000,080992,092958,077683,093941,092816,074292
0000000424,0000423000,083356,091284,076666,090712,093723,076134
0000000425,0000424000,080699,092757,080250,087068,094465,079484
0000000426,0000425000,080065,091415,082184,082598,093435,082505
0000000427,0000426000,081665,089282,084298,078732,092401,086567
0000000428,0000427000,079470,088188,088008,074785,090236,090022
0000000429,0000428000,081468,083024,087620,071948,087715,093102
0000000430,0000429000,081368,083429,092409,070117,085012,095455
0000000431,0000430000,083554,078871,091445,069542,082239,096682
0000000432,0000431000,083375,078180,093068,070662,079940,096950
0000000433,0000432000,085660,076484,092204,072631,077794,095701
0000000434,0000433000,086314,074899,090016,076087,076920,093955
0000000435,0000434000,086109,076694,089773,079942,076230,090676
0000000436,0000435000,089127,076264,086021,084472,076899,087304
0000000437,0000436000,086818,079717,085323,088881,078268,083576
0000000438,0000437000,088246,080003,080984,092723,080074,079708
0000000439,0000438000,087235,083751,079948,095919,082847,076810
0000000440,0000439000,086064,085830,077692,097654,085364,074227
0000000441,0000440000,085815,088033,076441,098482,088229,073029
0000000442,0000441000,084093,091293,077354,097627,090560,072733
0000000443,0000442000,083485,090687,075830,095691,092548,073806
0000000444,0000443000,081331,092938,078748,092554,093672,075798
0000000445,0000444000,082005,091398,079222,088582,094000,078699
0000000446,0000445000,080101,091356,082360,084447,093616,082372
0000000447,0000446000,080638,089493,084666,080115,092011,085898
0000000448,0000447000,081104,086858,086675,076528,090221,089789
0000000449,0000448000,080279,085053,089494,073490,087499,092767
0000000450,0000449000,082643,081393,090132,071759,084746,095175
0000000451,0000450000,082542,080502,092744,071271,082042,096577
0000000452,0000451000,084339,077253,091727,072123,079456,096654
0000000453,0000452000,085180,076829,092146,074396,077609,095789
0000000454,0000453000,086336,075826,090577,077501,076263,093616
0000000455,0000454000,087090,075727,088462,081602,075993,090780
0000000456,0000455000,087479,077705,087225,085859,076356,087093
0000000457,0000456000,088414,078251,083752,090217,077814,083403
0000000458,0000457000,087029,081411,082374,094030,079834,079670
0000000459,0000458000,087739,082923,079234,096948,082337,076406
0000000460,0000459000,086143,086087,078196,098850,085298,074144
0000000461,0000460000,085269,088188,076906,099281,087928,072587
0000000462,0000461000,084646,090070,076491,098563,090581,072506
0000000463,0000462000,082736,091841,077405,096379,092479,073399
0000000464,0000463000,082343,091442,077641,093253,093752,075475
0000000465,0000464000,081011,092291,080429,089314,094156,078436
0000000466,0000465000,080992,090455,081717,085007,093614,081975
0000000467,0000466000,080321,089422,084738,080879,092302,085853
0000000468,0000467000,080903,087100,086896,077087,090126,089463
0000000469,0000468000,081256,084405,088722,074297,087641,092811
0000000470,0000469000,081707,082396,090915,072483,084655,095123
0000000471,0000470000,083519,079472,091366,072088,081880,096590
0000000472,0000471000,083767,078331,092401,073006,079318,096823
0000000473,0000472000,085577,076334,091260,075178,077226,095803
0000000474,0000473000,086271,076268,090624,078470,076032,093832
0000000475,0000474000,087040,076227,088605,082374,075520,090770
0000000476,0000475000,087777,077152,086436,086758,076082,087251
0000000477,0000476000,087714,079178,084553,090935,077402,083337
0000000478,0000477000,087826,080626,081561,094708,079553,079623
0000000479,0000478000,086879,083689,080124,097575,082169,076331
0000000480,0000479000,086614,085551,077914,099289,085072,073849
0000000481,0000480000,085098,088235,077275,099761,088028,072462
0000000482,0000481000,084281,090005,076827,098789,090552,072122
0000000483,0000482000,083215,091165,077179,096665,092713,073168
0000000484,0000483000,081802,091949,078559,093387,093964,075160
0000000485,0000484000,081545,091315,079807,089462,094430,078177
0000000486,0000485000,080579,090908,082460,085173,093940,081809
0000000487,0000486000,080745,088803,084266,080980,092519,085667
0000000488,0000487000,080756,087131,086926,077344,090424,089499
0000000489,0000488000,081353,084574,088774,074490,087690,092765
0000000490,0000489000,082128,082047,090314,072868,084776,095324
0000000491,0000490000,083058,080111,091626,072468,081767,096734
0000000492,0000491000,084447,077885,091528,073484,079141,097056
0000000493,0000492000,085140,077052,091529,075724,077004,096098
0000000494,0000493000,086578,076127,090022,078990,075630,094009
0000000495,0000494000,087023,076624,088611,083000,075215,091052
0000000496,0000495000,087613,077419,086426,087258,075642,087342
0000000497,0000496000,087889,078977,084178,091481,077100,083459
0000000498,0000497000,087443,081201,082104,095111,079238,079585
0000000499,0000498000,087176,083192,079768,097918,081987,076242
0000000500,0000499000,086132,085953,078582,099545,085013,073684
0000000501,0000500000,085342,087819,077226,099859,088030,072171
0000000502,0000501000,084036,089902,077194,098861,090782,071895
0000000503,0000502000,083093,091009,077529,096563,092921,072793
0000000504,0000503000,082056,091474,078557,093304,094368,074917
0000000505,0000504000,081184,091434,080354,089291,094806,077904
0000000506,0000505000,080978,090259,082148,085028,094346,081621
0000000507,0000506000,080529,089006,084647,080872,092925,085597
0000000508,0000507000,081015,086738,086553,077253,090696,089468
0000000509,0000508000,081389,084655,088734,074546,087942,092914
0000000510,0000509000,082226,082173,090152,072950,084820,095479
0000000511,0000510000,083288,080012,091102,072718,081760,097049
0000000512,0000511000,084299,078376,091528,073780,078937,097353
0000000513,0000512000,085516,076941,090884,076120,076726,096447
0000000514,0000513000,086309,076697,090054,079447,075274,094351
0000000515,0000514000,087250,076676,088203,083448,074760,091300
0000000516,0000515000,087508,077744,086404,087746,075262,087596
0000000517,0000516000,087748,079190,084172,091863,076670,083534
0000000518,0000517000,087524,081154,082015,095469,078954,079627
0000000519,0000518000,086860,083477,080201,098132,081770,076131
0000000520,0000519000,086232,085613,078538,099662,084947,073491
0000000521,0000520000,085043,087955,077797,099858,088117,071911
0000000522,0000521000,084094,089491,077334,098717,090978,071551
0000000523,0000522000,082928,090819,077924,096362,093292,072482
0000000524,0000523000,082027,091234,078884,092985,094766,074559
0000000525,0000524000,081292,091004,080444,088983,095322,077661
0000000526,0000525000,080827,090193,082481,084691,094823,081406
0000000527,0000526000,080828,088569,084435,080593,093385,085505
0000000528,0000527000,080919,086809,086679,077053,091084,089501
0000000529,0000528000,081637,084445,088390,074428,088177,093025
0000000530,0000529000,082320,082311,089957,072989,084962,095748
0000000531,0000530000,083379,080171,090784,072845,081693,097351
0000000532,0000531000,084490,078476,091053,074064,078767,097754
0000000533,0000532000,085473,077395,090695,076474,076391,096833
0000000534,0000533000,086500,076811,089533,079884,074858,094740
0000000535,0000534000,087100,077168,088143,083918,074290,091636
0000000536,0000535000,087600,077903,086126,088188,074763,087827
0000000537,0000536000,087597,079477,084184,092279,076249,083700
0000000538,0000537000,087404,081313,082114,095762,078572,079626
0000000539,0000538000,086816,083444,080315,098336,081559,076053
0000000540,0000539000,085962,085701,078960,099704,084857,073270
0000000541,0000540000,085050,087643,077999,099770,088202,071615
0000000542,0000541000,083860,089397,077882,098494,091231,071203
0000000543,0000542000,082923,090397,078190,096014,093663,072091
0000000544,0000543000,081944,090950,079286,092582,095271,074217
0000000545,0000544000,081292,090667,080733,088517,095855,077338
0000000546,0000545000,080918,089803,082571,084262,095399,081201
0000000547,0000546000,080829,088430,084588,080199,093892,085385
0000000548,0000547000,081154,086503,086460,076764,091516,089521
0000000549,0000548000,081664,084502,088299,074268,088478,093171
0000000550,0000549000,082565,082275,089546,072965,085085,095994
0000000551,0000550000,083487,080377,090441,072992,081670,097720
0000000552,0000551000,084601,078732,090627,074330,078544,098151
0000000553,0000552000,085621,077672,090210,076878,076050,097283
0000000554,0000553000,086470,077272,089244,080350,074385,095153
0000000555,0000554000,087185,077430,087737,084427,073762,092003
0000000556,0000555000,087472,078358,086044,088681,074225,088107
0000000557,0000556000,087566,079678,084047,092699,075741,083856
0000000558,0000557000,087231,081535,082243,096089,078178,079672
0000000559,0000558000,086666,083524,080543,098503,081278,075943
0000000560,0000559000,085829,085608,079249,099727,084767,073066
0000000561,0000560000,084825,087543,078498,099612,088274,071292
0000000562,0000561000,083808,089030,078259,098191,091490,070824
0000000563,0000562000,082746,090126,078732,095584,094077,071688
0000000564,0000563000,081948,090477,079635,092060,095790,073818
0000000565,0000564000,081271,090289,081101,087973,096462,077011
0000000566,0000565000,080969,089424,082774,083722,096000,080942
0000000567,0000566000,080963,088081,084613,079746,094468,085260
0000000568,0000567000,081253,086351,086435,076416,091982,089512
0000000569,0000568000,081892,084341,087983,074080,088810,093305
0000000570,0000569000,082686,082398,089253,072950,085242,096253
0000000571,0000570000,083711,080500,089934,073149,081632,098073
0000000572,0000571000,084717,079057,090150,074661,078336,098586
0000000573,0000572000,085729,078059,089703,077329,075662,097730
0000000574,0000573000,086551,077679,088764,080900,073891,095604
0000000575,0000574000,087135,077927,087426,085000,073182,092386
0000000576,0000575000,087464,078718,085750,089234,073636,088409
0000000577,0000576000,087403,080080,084033,093169,075194,084043
0000000578,0000577000,087109,081718,082286,096424,077722,079720
0000000579,0000578000,086461,083653,080817,098678,080978,075865
0000000580,0000579000,085636,085561,079637,099703,084631,072848
0000000581,0000580000,084654,087325,078968,099408,088345,070982
0000000582,0000581000,083618,088754,078844,097803,091740,070430
0000000583,0000582000,082675,089660,079226,095062,094500,071269
0000000584,0000583000,081846,090046,080181,091448,096341,073407
0000000585,0000584000,081314,089761,081457,087327,097085,076644
0000000586,0000585000,081019,088992,083048,083114,096652,080672
0000000587,0000586000,081089,087699,084700,079222,095066,085092
0000000588,0000587000,081442,086071,086326,076045,092495,089486
0000000589,0000588000,082065,084261,087747,073883,089167,093408
0000000590,0000589000,082931,082399,088794,072962,085422,096490
0000000591,0000590000,083880,080742,089449,073364,081613,098416
0000000592,0000591000,084913,079368,089524,075058,078117,099001
0000000593,0000592000,085831,078528,089128,077875,075276,098189
0000000594,0000593000,086614,078190,088227,081531,073363,096048
0000000595,0000594000,087137,078445,086978,085664,072583,092792
0000000596,0000595000,087364,079245,085493,089853,073005,088725
0000000597,0000596000,087295,080459,083899,093688,074607,084253
0000000598,0000597000,086891,082040,082411,096783,077232,079798
0000000599,0000598000,086265,083760,081067,098837,080631,075805
0000000600,0000599000,085395,085535,080100,099647,084473,072665
0000000601,0000600000,084439,087107,079534,099128,088381,070680
0000000602,0000601000,083447,088378,079466,097335,091983,070057
0000000603,0000602000,082530,089196,079891,094438,094914,070849
0000000604,0000603000,081808,089457,080739,090734,096897,072991
0000000605,0000604000,081303,089212,081956,086591,097726,076269
0000000606,0000605000,081126,088427,083337,082426,097315,080371
0000000607,0000606000,081227,087254,084834,078655,095699,084902
0000000608,0000607000,081649,085748,086233,075648,093026,089414
0000000609,0000608000,082310,084102,087441,073707,089558,093476
0000000610,0000609000,083162,082451,088339,073017,085623,096681
0000000611,0000610000,084132,080943,088818,073654,081615,098721
0000000612,0000611000,085086,079786,088860,075552,077917,099387
0000000613,0000612000,085981,079030,088414,078524,074892,098619
0000000614,0000613000,086666,078804,087604,082274,072842,096486
0000000615,0000614000,087121,079073,086458,086420,071967,093191
0000000616,0000615000,087272,079830,085141,090552,072363,089059
0000000617,0000616000,087116,080971,083778,094251,073994,084483
0000000618,0000617000,086684,082378,082478,097156,076714,079912
0000000619,0000618000,085991,083953,081394,098975,080255,075790
0000000620,0000619000,085143,085487,080591,099531,084278,072523
0000000621,0000620000,084181,086882,080196,098768,088392,070431
0000000622,0000621000,083242,087958,080200,096757,092191,069719
0000000623,0000622000,082394,088626,080637,093703,095308,070466
0000000624,0000623000,081734,088815,081441,089907,097432,072590
0000000625,0000624000,081339,088516,082500,085757,098357,075896
0000000626,0000625000,081220,087796,083733,081665,097980,080059
0000000627,0000626000,081422,086691,084979,078043,096334,084677
0000000628,0000627000,081884,085365,086154,075249,093576,089302
0000000629,0000628000,082590,083904,087114,073560,089965,093482
0000000630,0000629000,083452,082469,087800,073144,085856,096811
0000000631,0000630000,084390,081200,088128,074041,081645,098956
0000000632,0000631000,085317,080221,088053,076165,077747,099711
0000000633,0000632000,086118,079646,087620,079302,074540,098997
0000000634,0000633000,086739,079498,086846,083138,072342,096883
0000000635,0000634000,087086,079821,085852,087286,071372,093575
0000000636,0000635000,087153,080530,084722,091327,071727,089392
0000000637,0000636000,086918,081565,083597,094860,073383,084741
0000000638,0000637000,086414,082821,082566,097530,076181,080069
0000000639,0000638000,085698,084165,081724,099075,079856,075838
0000000640,0000639000,084825,085480,081173,099339,084051,072456
0000000641,0000640000,083904,086617,080932,098298,088358,070258
0000000642,0000641000,083004,087489,081057,096054,092356,069461
0000000643,0000642000,082239,087973,081509,092830,095652,070143
0000000644,0000643000,081673,088052,082246,088954,097925,072240
0000000645,0000644000,081370,087724,083171,084814,098947,075547
0000000646,0000645000,081362,087023,084183,080829,098614,079745
0000000647,0000646000,081634,086047,085191,077396,096953,084424
0000000648,0000647000,082176,084881,086068,074860,094120,089133
0000000649,0000648000,082911,083658,086765,073471,090387,093412
0000000650,0000649000,083785,082473,087195,073366,086114,096843
0000000651,0000650000,084696,081467,087327,074558,081719,099090
0000000652,0000651000,085559,080732,087145,076925,077627,099931
0000000653,0000652000,086287,080334,086675,080232,074244,099284
0000000654,0000653000,086795,080326,085979,084144,071901,097210
0000000655,0000654000,087046,080680,085122,088267,070828,093914
0000000656,0000655000,086999,081361,084226,092184,071136,089714
0000000657,0000656000,086677,082276,083366,095501,072800,085018
0000000658,0000657000,086104,083345,082633,097889,075663,080284
0000000659,0000658000,085344,084449,082098,099109,079448,075969
0000000660,0000659000,084474,085478,081806,099040,083794,072497
0000000661,0000660000,083574,086346,081786,097689,088275,070206
0000000662,0000661000,082748,086945,082029,095192,092453,069323
0000000663,0000662000,082067,087231,082522,091799,095920,069933
0000000664,0000663000,081614,087170,083186,087854,098334,071977
0000000665,0000664000,081427,086788,083953,083756,099458,075257
0000000666,0000665000,081527,086127,084737,079918,099178,079450
0000000667,0000666000,081903,085267,085443,076727,097517,084149
0000000668,0000667000,082510,084311,086010,074502,094633,088900
0000000669,0000668000,083293,083337,086377,073465,090801,093239
0000000670,0000669000,084163,082459,086523,073718,086395,096744
0000000671,0000670000,085043,081756,086421,075235,081840,099072
0000000672,0000671000,085834,081300,086101,077865,077583,099998
0000000673,0000672000,086459,081133,085596,081340,074040,099428
0000000674,0000673000,086855,081271,084960,085310,071560,097420
0000000675,0000674000,086974,081692,084278,089372,070386,094171
0000000676,0000675000,086814,082329,083625,093115,070637,089999
0000000677,0000676000,086384,083123,083079,096162,072291,085311
0000000678,0000677000,085738,083975,082686,098207,075190,080562
0000000679,0000678000,084936,084799,082498,099045,079056,076214
0000000680,0000679000,084064,085512,082519,098594,083515,072688
0000000681,0000680000,083209,086045,082741,096901,088133,070329
0000000682,0000681000,082456,086345,083146,094135,092459,069367
0000000683,0000682000,081890,086377,083678,090578,096070,069895
0000000684,0000683000,081560,086156,084277,086590,098612,071859
0000000685,0000684000,081510,085701,084869,082575,099834,075067
0000000686,0000685000,081737,085075,085388,078941,099616,079203
0000000687,0000686000,082221,084354,085766,076054,097975,083863
0000000688,0000687000,082910,083619,085963,074207,095071,088593
0000000689,0000688000,083730,082949,085967,073583,091183,092935
0000000690,0000689000,084602,082410,085771,074244,086688,096467
0000000691,0000690000,085430,082065,085408,076120,082023,098846
0000000692,0000691000,086137,081935,084917,079023,077641,099842
0000000693,0000692000,086643,082039,084358,082657,073975,099359
0000000694,0000693000,086899,082361,083792,086653,071380,097446
0000000695,0000694000,086877,082855,083291,090605,070113,094295
0000000696,0000695000,086578,083463,082921,094111,070298,090214
0000000697,0000696000,086037,084112,082719,096815,071919,085604
0000000698,0000697000,085305,084726,082722,098445,074818,080915
0000000699,0000698000,084465,085229,082924,098836,078713,076602
0000000700,0000699000,083599,085577,083303,097952,083229,073081
0000000701,0000700000,082798,085730,083814,095884,087924,070695
0000000702,0000701000,082144,085672,084401,092842,092343,069672
0000000703,0000702000,081703,085417,084995,089136,096053,070109
0000000704,0000703000,081526,084994,085523,085143,098691,071961
0000000705,0000704000,081626,084453,085928,081270,099998,075042
0000000706,0000705000,082000,083858,086150,077912,099848,079048
0000000707,0000706000,082603,083288,086157,075411,098255,083584
0000000708,0000707000,083376,082807,085943,074020,095374,088207
0000000709,0000708000,084236,082473,085527,073878,091488,092468
0000000710,0000709000,085094,082330,084951,074998,086975,095955
0000000711,0000710000,085863,082387,084280,077264,082272,098334
0000000712,0000711000,086460,082640,083593,080443,077838,099377
0000000713,0000712000,086828,083057,082962,084212,074105,098987
0000000714,0000713000,086923,083595,082465,088186,071437,097206
0000000715,0000714000,086736,084187,082165,091959,070096,094214
0000000716,0000715000,086286,084764,082101,095145,070213,090308
0000000717,0000716000,085618,085258,082293,097419,071771,085875
0000000718,0000717000,084803,085599,082731,098548,074618,081349
0000000719,0000718000,083925,085746,083376,098420,078474,077170
0000000720,0000719000,083078,085679,084156,097051,082962,073740
0000000721,0000720000,082348,085399,084994,094582,087645,071388
0000000722,0000721000,081811,084936,085794,091267,092069,070336
0000000723,0000722000,081523,084345,086463,087446,095804,070680
0000000724,0000723000,081516,083688,086926,083507,098483,072381
0000000725,0000724000,081793,083037,087124,079856,099849,075265
0000000726,0000725000,082325,082474,087023,076867,099768,079044
0000000727,0000726000,083059,082067,086618,074848,098253,083342
0000000728,0000727000,083917,081870,085946,074004,095456,087738
0000000729,0000728000,084809,081916,085066,074420,091655,091801
0000000730,0000729000,085642,082210,084066,076050,087223,095143
0000000731,0000730000,086328,082724,083054,078724,082590,097446
0000000732,0000731000,086798,083404,082140,082168,078209,098495
0000000733,0000732000,086999,084182,081425,086028,074502,098196
0000000734,0000733000,086912,084969,080993,089908,071830,096587
0000000735,0000734000,086541,085679,080904,093410,070453,093833
0000000736,0000735000,085923,086230,081177,096172,070501,090211
0000000737,0000736000,085123,086551,081798,097909,071964,086085
0000000738,0000737000,084223,086594,082717,098441,074692,081862
0000000739,0000738000,083320,086344,083843,097718,078411,077952
0000000740,0000739000,082507,085817,085067,095817,082754,074733
0000000741,0000740000,081870,085058,086261,092936,087297,072506
0000000742,0000741000,081475,084146,087297,089372,091600,071476
0000000743,0000742000,081364,083177,088058,085491,095247,071733
0000000744,0000743000,081552,082252,088457,081693,097884,073240
0000000745,0000744000,082022,081475,088439,078370,099258,075841
0000000746,0000745000,082727,080938,087989,075867,099240,079271
0000000747,0000746000,083595,080708,087141,074443,097839,083184
0000000748,0000747000,084534,080821,085972,074246,095202,087192
0000000749,0000748000,085444,081283,084592,075293,091597,090903
0000000750,0000749000,086231,082056,083137,077473,087383,093961
0000000751,0000750000,086812,083066,081759,080558,082972,096082
0000000752,0000751000,087126,084216,080600,084229,078792,097074
0000000753,0000752000,087139,085387,079787,088107,075245,096855
0000000754,0000753000,086845,086454,079420,091792,072672,095460
0000000755,0000754000,086273,087299,079550,094903,071320,093038
0000000756,0000755000,085479,087825,080178,097113,071314,089837
0000000757,0000756000,084546,087962,081255,098193,072645,086182
0000000758,0000757000,083572,087683,082682,098029,075168,082440
0000000759,0000758000,082659,087004,084320,096641,078624,078977
0000000760,0000759000,081906,085983,086005,094177,082665,076125
0000000761,0000760000,081388,084714,087572,090896,086894,074145
0000000762,0000761000,081162,083321,088855,087136,090903,073212
0000000763,0000762000,081253,081946,089715,083287,094305,073400
0000000764,0000763000,081655,080733,090052,079748,096777,074673
0000000765,0000764000,082332,079816,089813,076887,098084,076892
0000000766,0000765000,083214,079303,089004,075005,098107,079825
0000000767,0000766000,084211,079261,087695,074301,096858,083171
0000000768,0000767000,085216,079707,086012,074849,094474,086594
0000000769,0000768000,086122,080608,084117,076589,091206,089755
0000000770,0000769000,086835,081882,082200,079336,087387,092355
0000000771,0000770000,087281,083409,080452,082802,083393,094155
0000000772,0000771000,087413,085046,079047,086626,079613,095003
0000000773,0000772000,087213,086627,078138,090413,076406,094837
0000000774,0000773000,086699,087984,077833,093768,074076,093695
0000000775,0000774000,085918,088973,078182,096339,072842,091706
0000000776,0000775000,084948,089474,079167,097855,072810,089083
0000000777,0000776000,083894,089419,080705,098152,073971,086097
0000000778,0000777000,082866,088803,082643,097199,076189,083052
0000000779,0000778000,081973,087682,084786,095098,079227,080250
0000000780,0000779000,081310,086157,086926,092074,082771,077956
0000000781,0000780000,080943,084372,088851,088443,086470,076376
0000000782,0000781000,080912,082498,090370,084583,089963,075641
0000000783,0000782000,081224,080718,091323,080896,092918,075795
0000000784,0000783000,081852,079217,091597,077767,095060,076799
0000000785,0000784000,082737,078160,091141,075527,096192,078533
0000000786,0000785000,083788,077674,089982,074415,096218,080806
0000000787,0000786000,084894,077825,088225,074553,095155,083379
0000000788,0000787000,085936,078607,086045,075926,093131,085987
0000000789,0000788000,086805,079948,083663,078389,090366,088371
0000000790,0000789000,087409,081716,081315,081678,087151,090306
0000000791,0000790000,087689,083747,079228,085448,083811,091621
0000000792,0000791000,087613,085851,077603,089306,080670,092214
0000000793,0000792000,087186,087820,076614,092850,078025,092058
0000000794,0000793000,086445,089452,076375,095708,076121,091197
0000000795,0000794000,085461,090573,076932,097575,075127,089742
0000000796,0000795000,084336,091043,078253,098247,075120,087859
0000000797,0000796000,083188,090795,080218,097650,076080,085751
0000000798,0000797000,082143,089851,082622,095846,077885,083638
0000000799,0000798000,081310,088304,085221,093027,080333,081733
0000000800,0000799000,080774,086304,087758,089494,083160,080212
0000000801,0000800000,080590,084041,089990,085618,086078,079207
0000000802,0000801000,080776,081727,091702,081804,088801,078787
0000000803,0000802000,081319,079585,092717,078449,091074,078960
0000000804,0000803000,082169,077834,092920,075910,092689,079676
0000000805,0000804000,083245,076661,092265,074459,093509,080833
0000000806,0000805000,084434,076213,090795,074257,093479,082290
0000000807,0000806000,085611,076552,088647,075331,092626,083884
0000000808,0000807000,086646,077649,086042,077568,091065,085445
0000000809,0000808000,087431,079390,083254,080728,088977,086815
0000000810,0000809000,087887,081599,080559,084475,086593,087869
0000000811,0000810000,087971,084070,078208,088415,084161,088521
0000000812,0000811000,087671,086572,076427,092138,081920,088736
0000000813,0000812000,087014,088861,075400,095252,080081,088530
0000000814,0000813000,086060,090710,075239,097425,078808,087959
0000000815,0000814000,084902,091922,075982,098421,078200,087116
0000000816,0000815000,083663,092343,077584,098126,078287,086116
0000000817,0000816000,082473,091915,079890,096565,079032,085078
0000000818,0000817000,081462,090680,082659,093903,080328,084118
0000000819,0000818000,080740,088769,085597,090426,082017,083334
0000000820,0000819000,080373,086377,088415,086505,083906,082795
0000000821,0000820000,080395,083728,090855,082548,085792,082537
0000000822,0000821000,080810,081070,092678,078970,087489,082556
0000000823,0000822000,081577,078666,093699,076149,088835,082814
0000000824,0000823000,082625,076745,093814,074388,089717,083245
0000000825,0000824000,083851,075513,092990,073881,090076,083764
0000000826,0000825000,085124,075127,091279,074692,089911,084285
0000000827,0000826000,086308,075637,088852,076740,089271,084734
0000000828,0000827000,087276,076991,085966,079806,088258,085052
0000000829,0000828000,087926,079047,082913,083565,087002,085208
0000000830,0000829000,088191,081589,080020,087614,085652,085192
0000000831,0000830000,088061,084369,077532,091531,084365,085020
0000000832,0000831000,087531,087148,075697,094906,083269,084739
0000000833,0000832000,086662,089631,074698,097381,082466,084412
0000000834,0000833000,085532,091588,074638,098688,082022,084115
0000000835,0000834000,084255,092818,075536,098678,081947,083923
0000000836,0000835000,082970,093159,077325,097342,082212,083893
0000000837,0000836000,081809,092575,079837,094819,082751,084054
0000000838,0000837000,080903,091121,082792,091377,083472,084403
0000000839,0000838000,080340,088961,085895,087385,084272,084906
0000000840,0000839000,080182,086312,088818,083265,085044,085509
0000000841,0000840000,080427,083436,091309,079448,085691,086139
0000000842,0000841000,081062,080596,093123,076334,086142,086705
0000000843,0000842000,082029,078072,094071,074256,086355,087118
0000000844,0000843000,083221,076116,094078,073441,086324,087292
0000000845,0000844000,084531,074916,093112,073987,086084,087161
0000000846,0000845000,085806,074632,091271,075844,085700,086700
0000000847,0000846000,086920,075279,088729,078819,085252,085922
0000000848,0000847000,087748,076803,085758,082593,084827,084894
0000000849,0000848000,088206,079041,082664,086764,084498,083716
0000000850,0000849000,088256,081739,079763,090890,084327,082510
0000000851,0000850000,087893,084658,077328,094541,084351,081404
0000000852,0000851000,087159,087509,075572,097334,084578,080536
0000000853,0000852000,086110,090022,074694,098968,084986,080023
0000000854,0000853000,084872,091936,074756,099261,085521,079958
0000000855,0000854000,083557,093071,075770,098172,086101,080398
0000000856,0000855000,082310,093297,077636,095808,086622,081341
0000000857,0000856000,081271,092584,080157,092419,086991,082725
0000000858,0000857000,080536,091022,083086,088366,087125,084426
0000000859,0000858000,080194,088757,086101,084083,086980,086276
0000000860,0000859000,080261,086055,088916,080020,086541,088088
0000000861,0000860000,080736,083158,091247,076601,085831,089674
0000000862,0000861000,081565,080352,092895,074188,084909,090855
0000000863,0000862000,082674,077908,093685,073040,083862,091481
0000000864,0000863000,083941,076076,093543,073289,082805,091453
0000000865,0000864000,085235,075037,092493,074918,081871,090724
0000000866,0000865000,086426,074885,090640,077760,081196,089325
0000000867,0000866000,087372,075649,088186,081515,080895,087361
0000000868,0000867000,087990,077228,085369,085779,081038,085012
0000000869,0000868000,088210,079469,082491,090102,081648,082512
0000000870,0000869000,088017,082122,079839,094026,082689,080108
0000000871,0000870000,087440,084928,077661,097143,084081,078049
0000000872,0000871000,086526,087631,076168,099123,085699,076558
0000000873,0000872000,085377,089945,075495,099751,087386,075808
0000000874,0000873000,084106,091645,075720,098950,088968,075912
0000000875,0000874000,082855,092563,076793,096799,090263,076901
0000000876,0000875000,081751,092622,078596,093520,091101,078721
0000000877,0000876000,080916,091821,080940,089462,091352,081221
0000000878,0000877000,080433,090249,083581,085059,090950,084171
0000000879,0000878000,080345,088083,086248,080778,089900,087280
0000000880,0000879000,080662,085543,088671,077070,088279,090240
0000000881,0000880000,081340,082882,090634,074322,086227,092749
0000000882,0000881000,082319,080356,091933,072824,083935,094542
0000000883,0000882000,083491,078231,092453,072743,081623,095419
0000000884,0000883000,084736,076710,092147,074092,079526,095261
0000000885,0000884000,085918,075940,091067,076737,077876,094046
0000000886,0000885000,086911,075987,089342,080398,076870,091855
0000000887,0000886000,087613,076822,087159,084686,076653,088878
0000000888,0000887000,087947,078350,084759,089142,077287,085392
0000000889,0000888000,087894,080401,082370,093295,078743,081735
0000000890,0000889000,087456,082773,080232,096709,080903,078273
0000000891,0000890000,086686,085217,078552,099025,083571,075354
0000000892,0000891000,085661,087495,077492,099998,086498,073281
0000000893,0000892000,084487,089382,077146,099520,089400,072276
0000000894,0000893000,083295,090674,077540,097637,091983,072469
0000000895,0000894000,082209,091260,078618,094542,093975,073869
0000000896,0000895000,081350,091104,080226,090565,095147,076369
0000000897,0000896000,080803,090245,082194,086130,095344,079750
0000000898,0000897000,080626,088781,084312,081710,094509,083691
0000000899,0000898000,080828,086884,086359,077773,092696,087812
0000000900,0000899000,081382,084748,088140,074732,090054,091704
0000000901,0000900000,082234,082578,089486,072906,086831,094977
0000000902,0000901000,083353,080104,090274,072432,083562,097256
0000000903,0000902000,087097,069939,091230,073310,083667,098660
0000000904,0000903000,085604,068859,093670,075402,086099,097633
0000000905,0000904000,087249,077310,087825,078554,086270,095248
0000000906,0000905000,087635,080051,086223,082659,084652,093136
0000000907,0000906000,087096,075638,088233,086947,084479,088837
0000000908,0000907000,097338,079022,082727,088245,086309,084146
0000000909,0000908000,097676,085072,070571,084650,086018,082012
0000000910,0000909000,088284,092286,066591,085196,086775,086436
0000000911,0000910000,084728,096348,079654,085377,084022,086081
0000000912,0000911000,079819,087304,077827,086471,084381,083672
0000000913,0000912000,084805,094217,075812,086805,087174,084586
0000000914,0000913000,078695,099998,076725,083643,084551,085220
0000000915,0000914000,067867,093459,085390,085907,083957,087410
0000000916,0000915000,073474,089369,096742,087515,084088,084802
0000000917,0000916000,075550,083885,088554,086400,084936,082848
0000000918,0000917000,076596,087655,087855,086274,085860,086119
0000000919,0000918000,074498,084443,097439,085444,082801,085999
0000000920,0000919000,075316,071843,099803,087913,083786,084653
0000000921,0000920000,088279,073000,096543,088042,085909,083010
0000000922,0000921000,089423,075210,086052,085476,085263,083433
0000000923,0000922000,087232,075537,087733,086576,084930,086249
0000000924,0000923000,091715,072509,092386,087072,083900,084054
0000000925,0000924000,095935,070011,081789,087261,085962,082470
0000000926,0000925000,099998,081113,074720,086003,087130,084073
0000000927,0000926000,093001,085793,073895,084577,084775,085030
0000000928,0000927000,088930,083640,077207,086810,085015,085366
0000000929,0000928000,093446,086773,076150,086595,085791,083287
0000000930,0000929000,089323,091797,067757,084929,086352,084010
0000000931,0000930000,082284,098748,072947,084942,085612,086665
0000000932,0000931000,076241,095675,082004,085563,083626,085533
0000000933,0000932000,076219,090592,082826,087060,085160,084428
0000000934,0000933000,078774,094883,082152,085807,085801,084535
0000000935,0000934000,071552,094237,084399,084796,084292,086024
0000000936,0000935000,069084,088434,095019,086785,083719,086571
0000000937,0000936000,074565,081212,098711,087312,083905,083894
0000000938,0000937000,078888,078724,092246,086901,085517,083778
0000000939,0000938000,080824,081430,092782,086076,084937,085418
0000000940,0000939000,079684,075207,096544,086484,083350,085267
0000000941,0000940000,086138,068931,096547,088111,084719,084010
0000000942,0000941000,094414,071231,088943,086898,085867,082719
0000000943,0000942000,093760,075472,081050,085798,085796,084271
0000000944,0000943000,093047,077676,083451,086366,084830,085366
0000000945,0000944000,094740,075257,082442,086804,084754,083642
0000000946,0000945000,097633,079019,074519,086621,086687,083266
0000000947,0000946000,095686,088785,069942,085038,086331,084427
0000000948,0000947000,087684,091137,071991,085116,084867,085675
0000000949,0000948000,085606,090544,077198,086451,085031,085092
0000000950,0000949000,085566,092427,075124,085906,085728,083726
0000000951,0000950000,080968,097238,072867,085164,085963,085191
0000000952,0000951000,074823,098723,080554,085150,084390,086491
0000000953,0000952000,071072,092072,088244,086271,083789,085500
0000000954,0000953000,074010,088913,089728,086994,085134,084381
0000000955,0000954000,075159,089857,088458,085837,085029,084678
0000000956,0000955000,072095,086596,092502,085939,084010,086149
0000000957,0000956000,074065,079655,099998,087117,083655,085409
0000000958,0000957000,080030,073881,098037,087459,084615,083473
0000000959,0000958000,085628,074722,091811,086911,085584,083901
0000000960,0000959000,087031,075563,090971,086135,084602,084986
0000000961,0000960000,087941,071229,092262,086937,084261,084735
0000000962,0000961000,094266,070332,088718,087514,085468,083270
0000000963,0000962000,098171,074935,079316,086314,086144,083137
0000000964,0000963000,096041,080366,075491,085621,085769,084877
0000000965,0000964000,093385,082267,077824,085970,084978,084926
0000000966,0000965000,093197,082989,075527,086499,085592,083738
0000000967,0000966000,093430,089132,070380,085879,086434,083949
0000000968,0000967000,087723,095074,069960,084744,085618,085311
0000000969,0000968000,080385,095537,075897,085433,084764,085948
0000000970,0000969000,078809,094129,080372,086334,084862,084793
0000000971,0000970000,078171,094598,079218,085915,085422,084440
0000000972,0000971000,074454,096325,081852,085319,085064,085849
0000000973,0000972000,070023,092998,089931,085777,083880,086102
0000000974,0000973000,070856,086116,094888,087043,084017,084981
0000000975,0000974000,075882,082922,094308,086984,084849,084230
0000000976,0000975000,077284,081717,093240,086128,084740,084898
0000000977,0000976000,077456,078234,096706,086578,084108,085494
0000000978,0000977000,082103,072574,098354,087485,084084,084276
0000000979,0000978000,089017,070098,092860,087351,085233,083375
0000000980,0000979000,092674,073095,087140,086397,085687,084019
0000000981,0000980000,092378,074654,085427,086193,084944,084648
0000000982,0000981000,094216,073816,084216,086969,084987,084162
0000000983,0000982000,098080,076119,078810,086695,085882,083342
0000000984,0000983000,097297,082474,072355,085599,086353,083954
0000000985,0000984000,092626,088145,071957,085378,085593,085139
0000000986,0000985000,089066,089187,074365,085923,084998,084902
0000000987,0000986000,087844,090698,073650,086072,085709,084276
0000000988,0000987000,084706,095814,072403,085268,085978,084729
0000000989,0000988000,078126,098411,075737,085109,084976,085795
0000000990,0000989000,073964,095742,082881,085961,084267,085869
0000000991,0000990000,073743,092167,086806,086374,084654,084839
0000000992,0000991000,073539,091481,087183,086056,085121,084829
0000000993,0000992000,071898,090248,090673,085930,084386,085695
0000000994,0000993000,071869,083907,096614,086657,083615,085601
0000000995,0000994000,076165,077697,098622,087266,084388,084419
0000000996,0000995000,081191,076209,095363,086921,085060,083924
0000000997,0000996000,083731,075485,093039,086576,084714,084679
0000000998,0000997000,086400,072311,094010,086900,084305,084825
0000000999,0000998000,091063,069606,091818,087209,084947,083724
0000001000,0000999000,095732,072095,084579,086860,085935,083249
0000001001,0001000000,096822,076866,079077,086045,085680,084217
0000001002,0001001000,095221,078770,078336,086030,085163,084748
0000001003,0001002000,095105,080521,077009,086387,085610,084041
0000001004,0001003000,094915,085689,071965,085989,086209,083698
0000001005,0001004000,091395,091621,069350,085321,085869,084824
0000001006,0001005000,085582,094212,072935,085225,085132,085614
0000001007,0001006000,081317,094233,076850,085834,085066,085027
0000001008,0001007000,079629,095579,077354,085976,085451,084605
0000001009,0001008000,076492,097184,078944,085431,085092,085395
0000001010,0001009000,071702,095072,085602,085543,084297,086149
0000001011,0001010000,070419,090434,091820,086495,084217,085276
0000001012,0001011000,072948,086677,092840,086811,084566,084547
0000001013,0001012000,075047,084195,093263,086415,084577,085026
0000001014,0001013000,075601,080391,096643,086385,084166,085389
0000001015,0001014000,078430,075234,098739,087161,084192,084616
0000001016,0001015000,084948,072029,095651,087492,084779,083727
0000001017,0001016000,089812,071963,090737,086700,085218,084009
0000001018,0001017000,091161,072646,088670,086398,085073,084536
0000001019,0001018000,093242,072574,086818,086864,085038,084053
0000001020,0001019000,097076,074003,081350,086890,085586,083482
0000001021,0001020000,098397,078621,075571,086036,086042,083922
0000001022,0001021000,095254,083873,073420,085485,085820,084629
0000001023,0001022000,091855,087030,073577,085896,085413,084683
0000001024,0001023000,090552,089503,072568,086056,085589,084324
0000001025,0001024000,087608,093549,071301,085384,085873,084692
0000001026,0001025000,081456,097284,073810,085112,085407,085482
0000001027,0001026000,076641,097048,078888,085735,084649,085559
0000001028,0001027000,075020,094626,082807,086138,084678,085164
0000001029,0001028000,073737,093520,085350,085887,084969,085123
0000001030,0001029000,071303,092239,088952,085859,084586,085501
0000001031,0001030000,070808,087679,094029,086526,083925,085545
0000001032,0001031000,074003,081394,097191,087008,084092,084854
0000001033,0001032000,077804,078098,096566,086808,084792,084369
0000001034,0001033000,080480,076696,095401,086689,084695,084600
0000001035,0001034000,083861,073355,095309,087043,084265,084641
0000001036,0001035000,088925,069958,093618,087187,084730,084069
0000001037,0001036000,093351,070683,088548,086835,085567,083562
0000001038,0001037000,095415,074230,082840,086425,085652,083886
0000001039,0001038000,096017,076434,080106,086341,085220,084424
0000001040,0001039000,096595,077917,078029,086354,085478,084120
0000001041,0001040000,096199,082608,073696,085975,086231,083775
0000001042,0001041000,093411,088891,070270,085586,085915,084466
0000001043,0001042000,089135,091943,071414,085469,085281,085214
0000001044,0001043000,084913,093262,074366,085570,085339,085073
0000001045,0001044000,081405,095698,075444,085696,085566,084696
0000001046,0001045000,077912,097830,076766,085578,085188,085210
0000001047,0001046000,073875,096492,082206,085548,084428,085997
0000001048,0001047000,071215,092611,088675,086100,084404,085453
0000001049,0001048000,071689,089854,090973,086517,084686,084780
0000001050,0001049000,073030,087252,092276,086428,084408,085123
0000001051,0001050000,074021,082346,096134,086465,084023,085482
0000001052,0001051000,076343,077225,099004,086903,084296,084779
0000001053,0001052000,081353,074192,096979,087328,084709,083921
0000001054,0001053000,086836,072731,092941,087012,084844,084124
0000001055,0001054000,089707,071595,091252,086565,084839,084561
0000001056,0001055000,091964,071048,089494,086799,085090,084078
0000001057,0001056000,095910,072890,083748,087018,085617,083343
0000001058,0001057000,098337,076481,077726,086305,085700,083957
0000001059,0001058000,096782,080236,075491,085726,085702,084545
0000001060,0001059000,093932,084196,074427,085846,085762,084363
0000001061,0001060000,092411,088211,071895,086078,085726,084159
0000001062,0001061000,090123,092075,070332,085575,085705,084698
0000001063,0001062000,084265,095537,072734,084950,085567,085446
0000001064,0001063000,078794,096912,076810,085707,085011,085256
0000001065,0001064000,076949,096204,079401,086064,084855,085050
0000001066,0001065000,074809,095175,082548,085675,084848,085445
0000001067,0001066000,071222,093588,087724,085672,084665,085636
0000001068,0001067000,069973,090172,092382,086433,084221,085313
0000001069,0001068000,072713,084779,095022,086956,084021,084994
0000001070,0001069000,076007,080253,096285,086667,084500,084803
0000001071,0001070000,077784,077779,096975,086552,084638,084775
0000001072,0001071000,081109,074611,096818,087169,084333,084473
0000001073,0001072000,087178,070876,094481,087312,084550,084103
0000001074,0001073000,091624,070160,090721,086761,085267,083942
0000001075,0001074000,093572,072465,086507,086516,085535,083922
0000001076,0001075000,095547,074625,082362,086682,085288,083995
0000001077,0001076000,097634,076161,078741,086507,085415,084053
0000001078,0001077000,097476,080074,074996,085914,086059,083995
0000001079,0001078000,094244,086538,071729,085591,086078,084297
0000001080,0001079000,091088,090239,071201,085793,085372,084808
0000001081,0001080000,088225,091903,072421,085671,085381,084916
0000001082,0001081000,083617,095128,073778,085264,085780,084926
0000001083,0001082000,078755,098123,075667,085566,085263,085145
0000001084,0001083000,075445,097271,079806,085769,084549,085645
0000001085,0001084000,072833,093818,085875,085855,084442,085677
0000001086,0001085000,071360,091788,089399,086118,084872,084976
0000001087,0001086000,071314,089906,091313,086381,084471,085120
0000001088,0001087000,072906,084395,095223,086707,083698,085564
0000001089,0001088000,075488,078400,098639,086711,084384,084876
0000001090,0001089000,078741,076229,097563,086959,084849,084158
0000001091,0001090000,083677,074325,094545,087237,084537,084198
0000001092,0001091000,088322,071180,093041,086883,084482,084602
0000001093,0001092000,091341,069652,091525,086737,085119,084116
0000001094,0001093000,094562,072091,085859,086933,085771,083263
0000001095,0001094000,097449,075672,079416,086497,085496,083979
0000001096,0001095000,097417,077659,077485,086028,085350,084588
0000001097,0001096000,095690,081128,075726,085908,086005,084060
0000001098,0001097000,093776,087191,071560,086005,086006,083957
0000001099,0001098000,091690,091297,069505,085705,085535,084729
0000001100,0001099000,086817,093510,072203,085071,085433,085466
0000001101,0001100000,080678,096054,075829,085515,085415,085040
