0000000001,0000000000,088619,087537,074937,085163,089175,074307
0000000002,0000001000,086070,089971,075052,082146,091894,074606
0000000003,0000002000,083223,091822,076050,078851,093884,075911
0000000004,0000003000,080370,092890,077832,075595,094954,078097
0000000005,0000004000,077789,093070,080234,072688,095007,080951
0000000006,0000005000,075716,092363,083013,070427,094028,084190
0000000007,0000006000,074374,090830,085888,069035,092114,087497
0000000008,0000007000,073896,088603,088593,068641,089453,090552
0000000009,0000008000,074306,085924,090863,069280,086311,093055
0000000010,0000009000,075573,083057,092463,070898,082990,094758
0000000011,0000010000,077596,080256,093242,073336,079814,095496
0000000012,0000011000,080154,077810,093128,076351,077097,095197
0000000013,0000012000,082983,075978,092131,079648,075106,093892
0000000014,0000013000,085837,074908,090347,082907,074033,091706
0000000015,0000014000,088436,074711,087945,085809,073984,088852
0000000016,0000015000,090494,075431,085168,088069,074964,085612
0000000017,0000016000,091829,076972,082292,089466,076874,082306
0000000018,0000017000,092328,079179,079586,089860,079535,079251
0000000019,0000018000,091910,081865,077317,089216,082682,076748
0000000020,0000019000,090627,084749,075717,087601,086000,075045
0000000021,0000020000,088623,087531,074938,085165,089173,074307
0000000022,0000021000,086069,089972,075051,082146,091894,074606
0000000023,0000022000,083218,091827,076049,078849,093886,075911
0000000024,0000023000,080373,092887,077833,075593,094956,078097
0000000025,0000024000,077791,093068,080235,072689,095006,080951
0000000026,0000025000,075714,092367,083012,070428,094028,084190
0000000027,0000026000,074374,090830,085888,069034,092114,087497
0000000028,0000027000,073897,088602,088594,068639,089455,090552
0000000029,0000028000,074305,085924,090863,069280,086310,093055
0000000030,0000029000,075575,083056,092463,070898,082990,094758
0000000031,0000030000,077595,080256,093242,073334,079816,095496
0000000032,0000031000,080151,077813,093129,076350,077099,095197
0000000033,0000032000,082986,075976,092131,079648,075106,093892
0000000034,0000033000,085840,074906,090347,082906,074033,091706
0000000035,0000034000,088431,074715,087946,085808,073985,088852
0000000036,0000035000,090493,075432,085168,088069,074964,085613
0000000037,0000036000,091835,076967,082291,089465,076875,082306
0000000038,0000037000,092326,079181,079587,089859,079535,079251
0000000039,0000038000,091906,081870,077317,089216,082681,076748
0000000040,0000039000,090632,084744,075717,087600,086000,075045
0000000041,0000040000,088625,087529,074937,085164,089174,074308
0000000042,0000041000,086064,089977,075051,082146,091893,074606
0000000043,0000042000,083220,091825,076048,078850,093885,075911
0000000044,0000043000,080378,092883,077832,075592,094957,078097
0000000045,0000044000,077787,093072,080234,072689,095006,080951
0000000046,0000045000,075713,092368,083012,070429,094027,084190
0000000047,0000046000,074379,090826,085888,069034,092115,087497
0000000048,0000047000,073894,088604,088594,068638,089456,090552
0000000049,0000048000,074301,085929,090863,069280,086310,093055
0000000050,0000049000,075578,083052,092463,070899,082989,094758
0000000051,0000050000,077596,080255,093242,073333,079817,095496
0000000052,0000051000,080146,077818,093129,076349,077100,095197
0000000053,0000052000,082987,075974,092132,079648,075106,093892
0000000054,0000053000,085842,074902,090348,082905,074034,091706
0000000055,0000054000,088428,074718,087946,085807,073986,088853
0000000056,0000055000,090492,075432,085168,088068,074964,085613
0000000057,0000056000,091838,076962,082292,089463,076875,082307
0000000058,0000057000,092324,079182,079587,089858,079536,079252
0000000059,0000058000,091904,081871,077317,089216,082681,076749
0000000060,0000059000,090635,084741,075717,087600,086000,075046
0000000061,0000060000,088626,087529,074937,085163,089174,074308
0000000062,0000061000,086062,089979,075051,082147,091892,074607
0000000063,0000062000,083222,091823,076047,078850,093884,075912
0000000064,0000063000,080379,092882,077832,075592,094956,078097
0000000065,0000064000,077785,093075,080233,072689,095006,080951
0000000066,0000065000,075714,092368,083011,070430,094026,084190
0000000067,0000066000,074380,090825,085887,069035,092115,087496
0000000068,0000067000,073892,088608,088593,068638,089457,090551
0000000069,0000068000,074301,085929,090862,069281,086311,093054
0000000070,0000069000,075580,083050,092463,070898,082991,094757
0000000071,0000070000,077593,080257,093243,073333,079818,095495
0000000072,0000071000,080144,077819,093129,076349,077100,095196
0000000073,0000072000,082989,075971,092132,079647,075107,093892
0000000074,0000073000,085841,074903,090349,082904,074035,091707
0000000075,0000074000,088425,074720,087947,085806,073987,088853
0000000076,0000075000,090495,075429,085169,088067,074965,085614
0000000077,0000076000,091839,076961,082293,089462,076876,082308
0000000078,0000077000,092322,079184,079587,089857,079536,079253
0000000079,0000078000,091907,081869,077317,089215,082680,076750
0000000080,0000079000,090638,084738,075717,087599,085999,075048
0000000081,0000080000,088624,087531,074937,085163,089173,074310
0000000082,0000081000,086064,089979,075050,082148,091890,074608
0000000083,0000082000,083226,091820,076046,078851,093883,075912
0000000084,0000083000,080378,092884,077831,075593,094956,078097
0000000085,0000084000,077784,093077,080232,072691,095005,080950
0000000086,0000085000,075717,092366,083010,070431,094025,084189
0000000087,0000086000,074380,090826,085886,069036,092115,087495
0000000088,0000087000,073888,088612,088592,068640,089457,090549
0000000089,0000088000,074302,085929,090862,069282,086311,093052
0000000090,0000089000,075580,083050,092463,070898,082992,094755
0000000091,0000090000,077588,080261,093243,073332,079820,095493
0000000092,0000091000,080143,077819,093130,076349,077102,095195
0000000093,0000092000,082990,075969,092134,079646,075109,093891
0000000094,0000093000,085838,074904,090350,082902,074038,091706
0000000095,0000094000,088424,074720,087949,085804,073988,088854
0000000096,0000095000,090497,075425,085171,088065,074966,085615
0000000097,0000096000,091838,076960,082294,089459,076877,082310
0000000098,0000097000,092321,079184,079588,089855,079535,079255
0000000099,0000098000,091910,081865,077318,089214,082679,076753
0000000100,0000099000,090640,084736,075717,087598,085998,075050
0000000101,0000100000,088624,087532,074936,085163,089171,074311
0000000102,0000101000,086067,089977,075048,082148,091888,074609
0000000103,0000102000,083229,091819,076045,078852,093880,075913
0000000104,0000103000,080377,092887,077829,075595,094954,078097
0000000105,0000104000,077785,093078,080230,072693,095003,080950
0000000106,0000105000,075719,092366,083008,070434,094024,084188
0000000107,0000106000,074378,090830,085885,069038,092115,087493
0000000108,0000107000,073887,088615,088591,068642,089457,090547
0000000109,0000108000,074302,085929,090861,069284,086313,093049
0000000110,0000109000,075577,083053,092463,070899,082995,094753
0000000111,0000110000,077585,080264,093244,073332,079822,095491
0000000112,0000111000,080143,077818,093132,076348,077105,095193
0000000113,0000112000,082987,075969,092136,079643,075112,093890
0000000114,0000113000,085834,074906,090353,082899,074040,091706
0000000115,0000114000,088424,074717,087951,085801,073990,088854
0000000116,0000115000,090497,075422,085173,088061,074968,085617
0000000117,0000116000,091837,076959,082296,089456,076878,082312
0000000118,0000117000,092323,079181,079589,089853,079535,079258
0000000119,0000118000,091914,081861,077319,089212,082678,076756
0000000120,0000119000,090641,084735,075717,087596,085996,075053
0000000121,0000120000,088626,087531,074935,085163,089168,074314
0000000122,0000121000,086071,089974,075047,082149,091885,074611
0000000123,0000122000,083231,091819,076043,078854,093877,075915
0000000124,0000123000,080378,092889,077826,075598,094950,078098
0000000125,0000124000,077788,093079,080227,072697,095000,080949
0000000126,0000125000,075720,092368,083005,070437,094023,084186
0000000127,0000126000,074376,090835,085882,069041,092114,087490
0000000128,0000127000,073886,088617,088589,068645,089457,090543
0000000129,0000128000,074301,085931,090861,069285,086314,093046
0000000130,0000129000,075572,083057,092464,070899,082997,094749
0000000131,0000130000,077581,080266,093245,073333,079826,095488
0000000132,0000131000,080141,077818,093134,076346,077109,095191
0000000133,0000132000,082983,075970,092139,079641,075117,093888
0000000134,0000133000,085831,074906,090356,082896,074044,091706
0000000135,0000134000,088424,074714,087955,085797,073993,088855
0000000136,0000135000,090497,075419,085177,088057,074970,085619
0000000137,0000136000,091836,076957,082299,089452,076878,082315
0000000138,0000137000,092326,079176,079591,089849,079534,079263
0000000139,0000138000,091917,081856,077320,089209,082676,076761
0000000140,0000139000,090643,084733,075716,087595,085993,075057
0000000141,0000140000,088630,087529,074933,085163,089164,074318
0000000142,0000141000,086076,089972,075044,082151,091880,074615
0000000143,0000142000,083233,091820,076039,078856,093873,075916
0000000144,0000143000,080381,092891,077821,075602,094946,078098
0000000145,0000144000,077791,093080,080223,072702,094996,080948
0000000146,0000145000,075720,092372,083001,070442,094021,084183
0000000147,0000146000,074374,090839,085879,069046,092113,087486
0000000148,0000147000,073885,088620,088587,068649,089458,090539
0000000149,0000148000,074298,085935,090860,069288,086317,093041
0000000150,0000149000,075567,083062,092464,070901,083001,094744
0000000151,0000150000,077578,080268,093247,073333,079830,095483
0000000152,0000151000,080137,077819,093137,076344,077114,095187
0000000153,0000152000,082978,075971,092143,079637,075122,093886
0000000154,0000153000,085828,074904,090361,082891,074049,091706
0000000155,0000154000,088423,074710,087960,085792,073997,088857
0000000156,0000155000,090495,075416,085181,088051,074973,085622
0000000157,0000156000,091837,076953,082303,089447,076879,082320
0000000158,0000157000,092329,079170,079594,089845,079533,079268
0000000159,0000158000,091920,081852,077321,089206,082674,076766
0000000160,0000159000,090647,084730,075716,087594,085989,075063
0000000161,0000160000,088637,087524,074931,085164,089158,074324
0000000162,0000161000,086082,089970,075041,082153,091874,074619
0000000163,0000162000,083237,091821,076035,078860,093867,075919
0000000164,0000163000,080385,092892,077816,075607,094940,078099
0000000165,0000164000,077794,093082,080217,072707,094992,080946
0000000166,0000165000,075719,092377,082996,070448,094018,084180
0000000167,0000166000,074373,090845,085875,069052,092112,087481
0000000168,0000167000,073883,088625,088584,068654,089459,090533
0000000169,0000168000,074293,085941,090859,069292,086320,093034
0000000170,0000169000,075561,083067,092464,070903,083005,094737
0000000171,0000170000,077573,080270,093249,073332,079836,095477
0000000172,0000171000,080131,077821,093141,076342,077121,095183
0000000173,0000172000,082972,075972,092148,079633,075129,093884
0000000174,0000173000,085825,074901,090366,082886,074055,091705
0000000175,0000174000,088420,074706,087966,085785,074002,088858
0000000176,0000175000,090493,075413,085187,088044,074976,085626
0000000177,0000176000,091839,076947,082307,089440,076880,082325
0000000178,0000177000,092333,079163,079597,089839,079532,079275
0000000179,0000178000,091924,081847,077322,089201,082671,076774
0000000180,0000179000,090653,084725,075715,087592,085984,075071
0000000181,0000180000,088644,087519,074929,085164,089152,074330
0000000182,0000181000,086087,089968,075036,082155,091867,074624
0000000183,0000182000,083242,091822,076029,078865,093859,075922
0000000184,0000183000,080391,092893,077809,075614,094933,078099
0000000185,0000184000,077796,093086,080211,072715,094986,080944
0000000186,0000185000,075719,092384,082990,070456,094014,084176
0000000187,0000186000,074372,090851,085869,069060,092110,087475
0000000188,0000187000,073880,088631,088581,068660,089460,090525
0000000189,0000188000,074286,085949,090857,069296,086324,093026
0000000190,0000189000,075555,083073,092465,070905,083011,094729
0000000191,0000190000,077566,080274,093252,073332,079844,095470
0000000192,0000191000,080123,077824,093146,076339,077130,095177
0000000193,0000192000,082966,075973,092154,079628,075137,093880
0000000194,0000193000,085820,074898,090374,082878,074063,091704
0000000195,0000194000,088417,074702,087973,085776,074009,088861
0000000196,0000195000,090492,075407,085194,088035,074980,085631
0000000197,0000196000,091841,076939,082313,089431,076882,082332
0000000198,0000197000,092337,079155,079601,089831,079531,079283
0000000199,0000198000,091929,081840,077324,089196,082666,076783
0000000200,0000199000,090661,084718,075714,087589,085977,075080
0000000201,0000200000,088653,087514,074926,085164,089144,074338
0000000202,0000201000,086095,089967,075031,082158,091858,074630
0000000203,0000202000,083250,091822,076021,078871,093849,075925
0000000204,0000203000,080397,092895,077801,075622,094924,078100
0000000205,0000204000,077799,093091,080202,072724,094979,080942
0000000206,0000205000,075720,092391,082982,070466,094009,084171
0000000207,0000206000,074371,090858,085863,069069,092109,087468
0000000208,0000207000,073876,088640,088576,068668,089462,090516
0000000209,0000208000,074280,085958,090855,069302,086328,093016
0000000210,0000209000,075548,083079,092466,070908,083018,094719
0000000211,0000210000,077558,080279,093256,073331,079853,095461
0000000212,0000211000,080113,077828,093152,076335,077140,095171
0000000213,0000212000,082958,075972,092162,079621,075148,093876
0000000214,0000213000,085814,074895,090383,082869,074072,091704
0000000215,0000214000,088412,074698,087983,085766,074017,088863
0000000216,0000215000,090491,075399,085202,088024,074985,085636
0000000217,0000216000,091844,076929,082320,089421,076884,082341
0000000218,0000217000,092341,079146,079606,089822,079530,079294
0000000219,0000218000,091936,081831,077326,089190,082661,076794
0000000220,0000219000,090670,084709,075713,087586,085969,075090
0000000221,0000220000,088662,087508,074922,085164,089134,074348
0000000222,0000221000,086104,089964,075024,082162,091846,074637
0000000223,0000222000,083259,091821,076013,078878,093838,075930
0000000224,0000223000,080404,092898,077791,075631,094914,078101
0000000225,0000224000,077803,093098,080192,072736,094971,080939
0000000226,0000225000,075721,092399,082972,070478,094004,084164
0000000227,0000226000,074370,090868,085855,069080,092107,087458
0000000228,0000227000,073870,088652,088571,068678,089463,090504
0000000229,0000228000,074272,085968,090853,069309,086333,093003
0000000230,0000229000,075538,083087,092467,070912,083027,094707
0000000231,0000230000,077546,080286,093260,073331,079864,095451
0000000232,0000231000,080102,077831,093159,076331,077152,095163
0000000233,0000232000,082949,075972,092172,079614,075160,093872
0000000234,0000233000,085807,074892,090394,082859,074084,091703
0000000235,0000234000,088407,074692,087994,085753,074026,088866
0000000236,0000235000,090490,075390,085212,088011,074991,085643
0000000237,0000236000,091846,076918,082329,089409,076886,082351
0000000238,0000237000,092346,079135,079612,089812,079528,079306
0000000239,0000238000,091944,081820,077328,089183,082656,076807
0000000240,0000239000,090681,084699,075712,087582,085960,075103
0000000241,0000240000,088673,087502,074917,085165,089122,074359
0000000242,0000241000,086116,089960,075016,082167,091833,074646
0000000243,0000242000,083270,091820,076002,078886,093824,075935
0000000244,0000243000,080412,092901,077780,075643,094902,078102
0000000245,0000244000,077808,093105,080180,072749,094961,080936
0000000246,0000245000,075723,092408,082961,070492,093997,084157
0000000247,0000246000,074367,090879,085846,069094,092104,087448
0000000248,0000247000,073863,088664,088564,068689,089465,090491
0000000249,0000248000,074263,085980,090850,069317,086339,092989
0000000250,0000249000,075527,083097,092468,070915,083037,094693
0000000251,0000250000,077533,080294,093265,073330,079877,095439
0000000252,0000251000,080090,077835,093168,076326,077166,095153
0000000253,0000252000,082938,075971,092183,079604,075175,093866
0000000254,0000253000,085798,074888,090407,082846,074097,091702
0000000255,0000254000,088401,074684,088007,085739,074036,088870
0000000256,0000255000,090489,075379,085225,087996,074998,085651
0000000257,0000256000,091848,076905,082339,089394,076889,082362
0000000258,0000257000,092352,079122,079619,089800,079526,079320
0000000259,0000258000,091955,081807,077331,089174,082649,076823
0000000260,0000259000,090694,084688,075711,087578,085949,075118
0000000261,0000260000,088687,087494,074912,085165,089108,074372
0000000262,0000261000,086129,089956,075007,082173,091817,074656
0000000263,0000262000,083282,091820,075990,078896,093809,075941
0000000264,0000263000,080421,092906,077766,075656,094887,078102
0000000265,0000264000,077814,093113,080166,072764,094949,080932
0000000266,0000265000,075725,092419,082948,070508,093990,084148
0000000267,0000266000,074364,090893,085835,069109,092102,087435
0000000268,0000267000,073856,088679,088557,068702,089468,090476
0000000269,0000268000,074253,085993,090847,069326,086347,092973
0000000270,0000269000,075513,083109,092470,070920,083049,094677
0000000271,0000270000,077518,080303,093271,073330,079892,095424
0000000272,0000271000,080076,077840,093177,076320,077183,095143
0000000273,0000272000,082925,075971,092196,079594,075192,093860
0000000274,0000273000,085787,074884,090422,082832,074113,091701
0000000275,0000274000,088395,074675,088022,085722,074049,088874
0000000276,0000275000,090488,075366,085239,087979,075006,085661
0000000277,0000276000,091851,076891,082351,089378,076892,082376
0000000278,0000277000,092360,079106,079627,089787,079523,079336
0000000279,0000278000,091967,081791,077335,089165,082641,076840
0000000280,0000279000,090708,084675,075709,087573,085937,075136
0000000281,0000280000,088702,087485,074905,085166,089092,074387
0000000282,0000281000,086145,089950,074997,082179,091800,074667
0000000283,0000282000,083296,091820,075977,078908,093791,075947
0000000284,0000283000,080432,092911,077750,075671,094871,078104
0000000285,0000284000,077821,093123,080149,072782,094936,080927
0000000286,0000285000,075727,092432,082933,070526,093981,084138
0000000287,0000286000,074360,090909,085823,069126,092099,087421
0000000288,0000287000,073848,088696,088548,068716,089470,090459
0000000289,0000288000,074241,086009,090843,069336,086355,092954
0000000290,0000289000,075498,083124,092471,070925,083062,094659
0000000291,0000290000,077501,080314,093278,073329,079909,095408
0000000292,0000291000,080059,077845,093189,076313,077202,095131
0000000293,0000292000,082910,075972,092211,079582,075211,093853
0000000294,0000293000,085775,074879,090438,082816,074130,091700
0000000295,0000294000,088388,074665,088039,085704,074063,088879
0000000296,0000295000,090485,075352,085255,087959,075015,085671
0000000297,0000296000,091854,076874,082364,089360,076895,082391
0000000298,0000297000,092369,079088,079636,089771,079520,079355
0000000299,0000298000,091980,081774,077339,089154,082632,076860
0000000300,0000299000,090724,084661,075708,087568,085923,075155
0000000301,0000300000,088721,087474,074898,085167,089074,074404
0000000302,0000301000,086164,089944,074985,082186,091779,074680
0000000303,0000302000,083312,091820,075961,078920,093771,075955
0000000304,0000303000,080444,092917,077732,075689,094852,078105
0000000305,0000304000,077829,093133,080131,072802,094922,080922
0000000306,0000305000,075729,092447,082916,070547,093972,084127
0000000307,0000306000,074357,090928,085808,069146,092095,087404
0000000308,0000307000,073839,088715,088538,068733,089474,090439
0000000309,0000308000,074227,086027,090839,069348,086365,092933
0000000310,0000309000,075480,083140,092473,070930,083077,094638
0000000311,0000310000,077482,080325,093285,073328,079928,095390
0000000312,0000311000,080040,077852,093201,076305,077224,095117
0000000313,0000312000,082892,075973,092228,079568,075232,093845
0000000314,0000313000,085761,074873,090458,082797,074149,091699
0000000315,0000314000,088380,074654,088059,085682,074078,088885
0000000316,0000315000,090483,075336,085273,087937,075025,085683
0000000317,0000316000,091858,076855,082379,089339,076898,082409
0000000318,0000317000,092379,079067,079647,089754,079516,079376
0000000319,0000318000,091994,081755,077344,089141,082621,076883
0000000320,0000319000,090742,084644,075706,087562,085906,075177
0000000321,0000320000,088741,087461,074890,085169,089053,074424
0000000322,0000321000,086184,089937,074972,082194,091757,074694
0000000323,0000322000,083330,091820,075943,078935,093748,075963
0000000324,0000323000,080459,092923,077711,075708,094832,078106
0000000325,0000324000,077839,093145,080110,072825,094905,080916
0000000326,0000325000,075732,092464,082896,070571,093961,084114
0000000327,0000326000,074353,090948,085792,069168,092092,087386
0000000328,0000327000,073829,088736,088527,068751,089478,090416
0000000329,0000328000,074211,086048,090833,069361,086376,092909
0000000330,0000329000,075460,083158,092475,070936,083094,094615
0000000331,0000330000,077461,080339,093294,073326,079950,095370
0000000332,0000331000,080018,077859,093215,076296,077248,095102
0000000333,0000332000,082873,075973,092246,079552,075257,093837
0000000334,0000333000,085746,074867,090479,082777,074171,091698
0000000335,0000334000,088370,074641,088082,085658,074096,088892
0000000336,0000335000,090479,075319,085294,087912,075037,085697
0000000337,0000336000,091862,076834,082396,089316,076902,082428
0000000338,0000337000,092389,079044,079659,089734,079512,079400
0000000339,0000338000,092011,081733,077349,089128,082610,076908
0000000340,0000339000,090763,084625,075704,087556,085888,075202
0000000341,0000340000,088764,087446,074882,085170,089030,074445
0000000342,0000341000,086207,089929,074957,082204,091731,074710
0000000343,0000342000,083350,091819,075923,078952,093722,075972
0000000344,0000343000,080475,092929,077688,075730,094809,078107
0000000345,0000344000,077849,093158,080086,072850,094887,080909
0000000346,0000345000,075735,092483,082874,070597,093949,084099
0000000347,0000346000,074349,090970,085774,069193,092088,087365
0000000348,0000347000,073818,088760,088514,068772,089482,090392
0000000349,0000348000,074193,086071,090828,069375,086388,092882
0000000350,0000349000,075438,083178,092476,070943,083113,094589
0000000351,0000350000,077436,080354,093303,073324,079974,095348
0000000352,0000351000,079994,077868,093231,076286,077274,095085
0000000353,0000352000,082851,075974,092267,079535,075283,093827
0000000354,0000353000,085729,074860,090504,082754,074195,091697
0000000355,0000354000,088359,074627,088106,085632,074115,088899
0000000356,0000355000,090476,075299,085317,087885,075049,085712
0000000357,0000356000,091867,076810,082416,089290,076906,082450
0000000358,0000357000,092401,079019,079673,089713,079507,079426
0000000359,0000358000,092029,081709,077355,089113,082597,076936
0000000360,0000359000,090786,084604,075702,087549,085868,075229
0000000361,0000360000,088790,087430,074872,085172,089005,074468
0000000362,0000361000,086232,089920,074940,082214,091703,074728
0000000363,0000362000,083373,091818,075901,078970,093694,075982
0000000364,0000363000,080494,092936,077663,075754,094783,078108
0000000365,0000364000,077861,093172,080060,072878,094867,080901
0000000366,0000365000,075739,092504,082850,070626,093937,084083
0000000367,0000366000,074344,090995,085753,069220,092084,087342
0000000368,0000367000,073806,088787,088500,068794,089487,090364
0000000369,0000368000,074174,086097,090821,069391,086402,092853
0000000370,0000369000,075414,083200,092478,070950,083135,094561
0000000371,0000370000,077410,080371,093313,073322,080000,095323
0000000372,0000371000,079967,077877,093248,076275,077304,095067
0000000373,0000372000,082827,075975,092290,079516,075313,093817
0000000374,0000373000,085710,074852,090530,082728,074222,091696
0000000375,0000374000,088346,074612,088134,085602,074136,088907
0000000376,0000375000,090472,075278,085343,087854,075062,085729
0000000377,0000376000,091872,076784,082437,089262,076910,082474
0000000378,0000377000,092414,078991,079688,089689,079502,079455
0000000379,0000378000,092049,081682,077363,089097,082582,076967
0000000380,0000379000,090812,084580,075701,087542,085846,075258
0000000381,0000380000,088818,087412,074862,085174,088977,074494
0000000382,0000381000,086260,089910,074922,082226,091672,074747
0000000383,0000382000,083399,091817,075877,078990,093663,075992
0000000384,0000383000,080514,092944,077635,075781,094756,078109
0000000385,0000384000,077874,093188,080031,072909,094845,080892
0000000386,0000385000,075743,092527,082823,070657,093923,084066
0000000387,0000386000,074339,091022,085731,069249,092080,087317
0000000388,0000387000,073792,088816,088484,068819,089493,090334
0000000389,0000388000,074153,086126,090813,069408,086417,092821
0000000390,0000389000,075388,083225,092480,070958,083158,094530
0000000391,0000390000,077380,080389,093323,073320,080030,095296
0000000392,0000391000,079937,077888,093267,076263,077336,095047
0000000393,0000392000,082800,075977,092316,079495,075345,093806
0000000394,0000393000,085688,074844,090560,082700,074251,091695
0000000395,0000394000,088332,074596,088164,085570,074159,088917
0000000396,0000395000,090467,075254,085372,087821,075076,085748
0000000397,0000396000,091876,076755,082461,089231,076914,082500
0000000398,0000397000,092428,078960,079705,089664,079496,079486
0000000399,0000398000,092070,081652,077371,089079,082566,077000
0000000400,0000399000,090840,084554,075699,087534,085822,075290
0000000401,0000400000,088849,087392,074851,085177,088947,074522
0000000402,0000401000,080888,091340,076345,079641,092174,075307
0000000403,0000402000,083071,089989,074032,079131,093662,076037
0000000404,0000403000,086137,094900,079584,073465,095374,078761
0000000405,0000404000,080445,091090,077927,073970,094037,080101
0000000406,0000405000,083399,090539,080809,073927,093756,083902
0000000407,0000406000,084472,091449,086093,075139,090562,085777
0000000408,0000407000,080300,084962,084499,077649,087756,088531
0000000409,0000408000,083523,087761,092288,082534,083845,090137
0000000410,0000409000,083418,081491,090532,085456,079913,091164
0000000411,0000410000,080239,080165,092966,089672,076896,092057
0000000412,0000411000,084245,077934,093148,094982,073467,091077
0000000413,0000412000,082657,076652,092662,095656,072164,090559
0000000414,0000413000,081369,076530,091916,099998,070506,087929
0000000415,0000414000,084709,076084,089399,099442,071577,086314
0000000416,0000415000,082439,078111,087972,098727,072710,083336
0000000417,0000416000,082871,076754,082340,097421,075423,080935
0000000418,0000417000,084797,082546,083441,093578,078990,078863
0000000419,0000418000,082829,082104,078126,089933,082269,076563
0000000420,0000419000,083505,086227,077782,084954,086883,076213
0000000421,0000420000,084645,088572,076584,080980,089830,075264
0000000422,0000421000,082781,088457,074057,075525,093380,076363
0000000423,0000422000,083628,092472,077097,073341,095027,077273
0000000424,0000423000,084081,091115,076378,069994,096150,079427
0000000425,0000424000,082096,092699,079995,068836,095925,081898
0000000426,0000425000,083589,090432,080947,069855,094263,084358
0000000427,0000426000,082930,089741,084497,070281,092157,087383
0000000428,0000427000,081969,086879,086374,074175,088367,089205
0000000429,0000428000,083137,085152,089382,077149,085210,091625
0000000430,0000429000,082294,083231,091902,081727,080898,092319
0000000431,0000430000,082161,079196,091503,085749,077686,093028
0000000432,0000431000,082991,079406,094031,090025,074638,092456
0000000433,0000432000,082529,075736,091235,093103,072519,091129
0000000434,0000433000,082533,076974,091928,095143,071911,089519
0000000435,0000434000,083514,076426,089353,096702,071855,086748
0000000436,0000435000,082866,077056,086693,095266,073779,084532
0000000437,0000436000,083353,079195,084735,094519,075909,081498
0000000438,0000437000,083937,080097,081046,090838,079592,079491
0000000439,0000438000,083213,083653,079869,087182,083196,077460
0000000440,0000439000,083935,084973,076870,082948,087151,076388
0000000441,0000440000,083791,088449,076868,078043,090877,076159
0000000442,0000441000,083405,089067,075115,074239,093603,076392
0000000443,0000442000,083704,091234,076333,070364,096031,078048
0000000444,0000443000,083382,091642,077328,068338,096619,079651
0000000445,0000444000,083023,091147,078772,066618,096688,082432
0000000446,0000445000,083124,091475,082231,067372,095000,084905
0000000447,0000446000,082836,088471,083310,068505,092606,087699
0000000448,0000447000,082449,087823,087243,071330,089336,090126
0000000449,0000448000,082791,084536,088577,075290,085442,091900
0000000450,0000449000,082340,082767,091125,078933,081787,093335
0000000451,0000450000,082455,080370,092251,083919,077893,093444
0000000452,0000451000,082713,078278,092441,087469,075205,093296
0000000453,0000452000,082495,077357,092428,091149,072867,091788
0000000454,0000453000,082910,076008,090559,093358,072097,090026
0000000455,0000454000,083022,077092,089681,094527,072305,087510
0000000456,0000455000,083150,076934,086377,094286,073711,084736
0000000457,0000456000,083389,079273,084761,092571,076393,082182
0000000458,0000457000,083597,080523,081514,090051,079516,079530
0000000459,0000458000,083567,082942,079334,085884,083573,077855
0000000460,0000459000,083755,085620,077829,082095,087278,076419
0000000461,0000460000,083749,087195,075975,077219,091115,076193
0000000462,0000461000,083539,089910,076360,073253,094042,076545
0000000463,0000462000,083659,090322,075870,069770,096191,077857
0000000464,0000463000,083313,091616,077702,067044,097252,079896
0000000465,0000464000,083210,091074,079003,066071,096888,082256
0000000466,0000465000,083054,090591,081579,065862,095640,085217
0000000467,0000466000,082783,089125,084070,067558,092933,087775
0000000468,0000467000,082700,086990,086342,069963,089800,090454
0000000469,0000468000,082556,085209,089076,073777,085850,092307
0000000470,0000469000,082510,082217,090294,077789,081967,093644
0000000471,0000470000,082465,080794,092268,082216,078302,094108
0000000472,0000471000,082605,078318,092035,086430,075150,093606
0000000473,0000472000,082613,077449,092096,089655,073121,092475
0000000474,0000473000,082836,076648,090785,092495,071945,090338
0000000475,0000474000,083010,076613,088856,093447,072313,087979
0000000476,0000475000,083134,077777,087018,093620,073606,085039
0000000477,0000476000,083417,078680,084078,092093,076217,082317
0000000478,0000477000,083478,081077,082094,089467,079527,079731
0000000479,0000478000,083661,082744,079318,085948,083353,077679
0000000480,0000479000,083692,085412,077921,081635,087423,076446
0000000481,0000480000,083711,087306,076454,077382,091036,075848
0000000482,0000481000,083652,089242,076132,073003,094288,076402
0000000483,0000482000,083545,090581,076599,069657,096362,077544
0000000484,0000483000,083419,090889,077394,066836,097529,079643
0000000485,0000484000,083198,091264,079547,065574,097296,082144
0000000486,0000485000,083075,090000,081253,065474,095897,085012
0000000487,0000486000,082825,089098,084160,066672,093435,087921
0000000488,0000487000,082719,086959,086273,069349,090010,090459
0000000489,0000488000,082578,084935,088638,072634,086233,092657
0000000490,0000489000,082505,082699,090475,076944,082104,093923
0000000491,0000490000,082523,080415,091464,081158,078427,094548
0000000492,0000491000,082532,078930,092177,085423,075179,094094
0000000493,0000492000,082678,077339,091504,088952,072961,092871
0000000494,0000493000,082777,077082,090744,091608,071858,090856
0000000495,0000494000,082991,076842,088696,093119,071955,088221
0000000496,0000495000,083146,077820,086804,093150,073420,085386
0000000497,0000496000,083342,079045,084306,092092,075839,082353
0000000498,0000497000,083505,080831,081862,089474,079294,079755
0000000499,0000498000,083603,083098,079860,086183,083128,077520
0000000500,0000499000,083708,084994,077813,081988,087245,076131
0000000501,0000500000,083682,087411,076970,077642,091058,075545
0000000502,0000501000,083676,088852,076251,073480,094267,075893
0000000503,0000502000,083548,090293,076840,069741,096616,077191
0000000504,0000503000,083429,090774,077765,067106,097711,079162
0000000505,0000504000,083251,090725,079440,065416,097675,081867
0000000506,0000505000,083060,090053,081627,065261,096236,084762
0000000507,0000506000,082901,088604,083813,066259,093797,087825
0000000508,0000507000,082709,087072,086377,068653,090382,090556
0000000509,0000508000,082623,084751,088291,071978,086443,092801
0000000510,0000509000,082518,082825,090263,075989,082352,094326
0000000511,0000510000,082521,080606,091188,080398,078417,094905
0000000512,0000511000,082552,078998,091714,084504,075178,094636
0000000513,0000512000,082642,077801,091393,088307,072750,093327
0000000514,0000513000,082788,077128,090231,091023,071589,091321
0000000515,0000514000,082938,077373,088767,092754,071613,088609
0000000516,0000515000,083142,077864,086513,093094,072978,085596
0000000517,0000516000,083296,079345,084414,092098,075476,082505
0000000518,0000517000,083482,080915,081947,089903,078850,079635
0000000519,0000518000,083587,083023,079974,086570,082865,077350
0000000520,0000519000,083673,085076,078233,082653,086982,075720
0000000521,0000520000,083700,087052,077093,078252,090979,075092
0000000522,0000521000,083650,088788,076778,074088,094292,075346
0000000523,0000522000,083585,089813,076974,070287,096749,076609
0000000524,0000523000,083431,090570,078152,067405,098009,078675
0000000525,0000524000,083287,090327,079571,065636,097973,081383
0000000526,0000525000,083094,089762,081724,065098,096679,084499
0000000527,0000526000,082924,088450,083864,066016,094158,087632
0000000528,0000527000,082758,086788,086118,068059,090779,090608
0000000529,0000528000,082629,084869,088235,071295,086729,092983
0000000530,0000529000,082557,082723,089780,075172,082539,094669
0000000531,0000530000,082514,080917,090973,079490,078500,095392
0000000532,0000531000,082564,079156,091249,083736,075070,095140
0000000533,0000532000,082625,078140,091046,087519,072579,093919
0000000534,0000533000,082766,077509,089949,090545,071220,091798
0000000535,0000534000,082919,077626,088459,092391,071224,089064
0000000536,0000535000,083093,078288,086506,093068,072482,085861
0000000537,0000536000,083280,079458,084277,092294,074990,082628
0000000538,0000537000,083430,081177,082187,090341,078399,079575
0000000539,0000538000,083572,082954,080093,087250,082457,077072
0000000540,0000539000,083645,085068,078604,083389,086733,075329
0000000541,0000540000,083689,086850,077457,079151,090803,074510
0000000542,0000541000,083656,088466,077143,074849,094323,074743
0000000543,0000542000,083586,089548,077434,071038,096872,075933
0000000544,0000543000,083465,090070,078370,067913,098292,078073
0000000545,0000544000,083304,090047,079934,065930,098344,080861
0000000546,0000545000,083143,089317,081753,065146,097101,084110
0000000547,0000546000,082952,088243,083932,065730,094625,087453
0000000548,0000547000,082802,086573,085964,067593,091172,090580
0000000549,0000548000,082661,084798,087974,070530,087099,093203
0000000550,0000549000,082576,082833,089468,074341,082747,095017
0000000551,0000550000,082538,081031,090488,078529,078607,095918
0000000552,0000551000,082552,079534,090889,082840,075004,095729
0000000553,0000552000,082627,078424,090518,086723,072365,094538
0000000554,0000553000,082734,077995,089650,089917,070886,092396
0000000555,0000554000,082893,077981,088126,092064,070754,089534
0000000556,0000555000,083053,078682,086361,092959,071983,086223
0000000557,0000556000,083237,079775,084275,092562,074427,082763
0000000558,0000557000,083395,081313,082265,090825,077900,079540
0000000559,0000558000,083530,083086,080414,088018,082005,076801
0000000560,0000559000,083628,084922,078890,084304,086408,074885
0000000561,0000560000,083663,086708,077971,080142,090623,073918
0000000562,0000561000,083661,088093,077568,075855,094286,074039
0000000563,0000562000,083591,089175,077924,071891,097020,075225
0000000564,0000563000,083489,089608,078772,068629,098548,077366
0000000565,0000564000,083341,089564,080220,066330,098749,080285
0000000566,0000565000,083176,088944,081965,065293,097552,083658
0000000567,0000566000,083003,087847,083899,065524,095122,087214
0000000568,0000567000,082838,086408,085898,067098,091641,090551
0000000569,0000568000,082706,084658,087635,069788,087491,093385
0000000570,0000569000,082601,082937,089104,073381,083041,095416
0000000571,0000570000,082559,081219,089986,077519,078733,096451
0000000572,0000571000,082556,079866,090354,081784,074997,096393
0000000573,0000572000,082615,078887,090027,085819,072167,095214
0000000574,0000573000,082717,078436,089159,089176,070560,093062
0000000575,0000574000,082852,078521,087828,091613,070296,090090
0000000576,0000575000,083018,079089,086106,092826,071443,086627
0000000577,0000576000,083184,080177,084277,092756,073860,082978
0000000578,0000577000,083352,081527,082369,091372,077334,079513
0000000579,0000578000,083487,083193,080709,088811,081527,076570
0000000580,0000579000,083593,084863,079321,085346,086018,074422
0000000581,0000580000,083646,086453,078467,081261,090400,073306
0000000582,0000581000,083651,087767,078169,077010,094214,073300
0000000583,0000582000,083605,088664,078436,072934,097122,074450
0000000584,0000583000,083507,089112,079305,069471,098808,076618
0000000585,0000584000,083380,088993,080567,066910,099130,079623
0000000586,0000585000,083218,088462,082202,065511,098039,083169
0000000587,0000586000,083054,087435,083949,065414,095634,086909
0000000588,0000587000,082889,086116,085750,066606,092163,090494
0000000589,0000588000,082748,084568,087345,069016,087936,093549
0000000590,0000589000,082642,082963,088615,072360,083389,095808
0000000591,0000590000,082578,081481,089454,076370,078935,097018
0000000592,0000591000,082569,080225,089701,080617,075030,097078
0000000593,0000592000,082605,079412,089437,084727,072038,095962
0000000594,0000593000,082695,078993,088608,088305,070258,093775
0000000595,0000594000,082816,079103,087402,091003,069872,090726
0000000596,0000595000,082970,079645,085861,092591,070904,087094
0000000597,0000596000,083134,080595,084189,092881,073279,083252
0000000598,0000597000,083295,081859,082530,091883,076747,079546
0000000599,0000598000,083442,083301,081003,089654,080994,076362
0000000600,0000599000,083550,084824,079831,086439,085590,073993
0000000601,0000600000,083621,086191,079059,082528,090104,072680
0000000602,0000601000,083638,087359,078836,078298,094094,072555
0000000603,0000602000,083609,088125,079102,074163,097163,073631
0000000604,0000603000,083531,088477,079884,070485,099028,075825
0000000605,0000604000,083414,088377,081045,067646,099486,078909
0000000606,0000605000,083269,087846,082465,065877,098508,082613
0000000607,0000606000,083107,086961,084053,065379,096168,086558
0000000608,0000607000,082948,085757,085596,066180,092705,090375
0000000609,0000608000,082800,084422,087007,068213,088443,093688
0000000610,0000609000,082686,083010,088092,071288,083794,096171
0000000611,0000610000,082610,081727,088791,075096,079218,097587
0000000612,0000611000,082582,080678,088988,079295,075144,097779
0000000613,0000612000,082604,079972,088699,083463,071984,096740
0000000614,0000613000,082671,079674,087979,087233,070032,094545
0000000615,0000614000,082781,079776,086873,090229,069492,091415
0000000616,0000615000,082918,080299,085549,092185,070410,087641
0000000617,0000616000,083077,081124,084084,092907,072703,083589
0000000618,0000617000,083235,082236,082659,092321,076154,079653
0000000619,0000618000,083383,083486,081369,090498,080422,076210
0000000620,0000619000,083502,084764,080377,087589,085106,073606
0000000621,0000620000,083584,085940,079774,083897,089740,072084
0000000622,0000621000,083622,086879,079597,079752,093886,071811
0000000623,0000622000,083609,087513,079896,075563,097129,072809
0000000624,0000623000,083552,087751,080580,071713,099163,074993
0000000625,0000624000,083451,087636,081604,068565,099786,078156
0000000626,0000625000,083321,087147,082827,066422,098931,081994
0000000627,0000626000,083169,086361,084167,065474,096687,086144
0000000628,0000627000,083011,085348,085471,065829,093260,090193
0000000629,0000628000,082864,084204,086616,067436,088987,093762
0000000630,0000629000,082739,083053,087510,070159,084273,096490
0000000631,0000630000,082651,081994,088026,073726,079583,098115
0000000632,0000631000,082604,081177,088150,077804,075367,098472
0000000633,0000632000,082606,080633,087852,082009,072035,097520
0000000634,0000633000,082653,080440,087206,085938,069915,095347
0000000635,0000634000,082743,080588,086264,089237,069206,092152
0000000636,0000635000,082867,081047,085139,091582,069985,088250
0000000637,0000636000,083012,081775,083948,092764,072173,084006
0000000638,0000637000,083167,082691,082777,092660,075566,079837
0000000639,0000638000,083315,083723,081771,091286,079830,076145
0000000640,0000639000,083444,084734,081006,088771,084558,073290
0000000641,0000640000,083539,085653,080578,085352,089292,071554
0000000642,0000641000,083594,086360,080506,081361,093568,071108
0000000643,0000642000,083604,086795,080806,077162,096976,072005
0000000644,0000643000,083567,086931,081421,073162,099182,074157
0000000645,0000644000,083489,086762,082268,069723,099975,077368
0000000646,0000645000,083374,086326,083280,067177,099274,081326
0000000647,0000646000,083235,085653,084334,065758,097149,085653
0000000648,0000647000,083084,084839,085346,065601,093802,089931
0000000649,0000648000,082936,083939,086204,066725,089554,093745
0000000650,0000649000,082804,083060,086836,069017,084819,096723
0000000651,0000650000,082701,082296,087166,072268,080052,098570
0000000652,0000651000,082637,081720,087168,076161,075719,099107
0000000653,0000652000,082615,081392,086869,080338,072237,098272
0000000654,0000653000,082640,081322,086293,084403,069946,096143
0000000655,0000654000,082707,081523,085528,087978,069065,092921
0000000656,0000655000,082812,081937,084646,090731,069678,088914
0000000657,0000656000,082943,082538,083744,092399,071730,084507
0000000658,0000657000,083090,083257,082896,092832,075019,080123
0000000659,0000658000,083238,084015,082198,091980,079231,076193
0000000660,0000659000,083372,084739,081720,089932,083957,073092
0000000661,0000660000,083482,085346,081494,086877,088740,071129
0000000662,0000661000,083556,085781,081555,083106,093114,070498
0000000663,0000662000,083589,085990,081871,078973,096658,071262
0000000664,0000663000,083577,085982,082401,074861,099029,073354
0000000665,0000664000,083522,085760,083073,071159,099998,076574
0000000666,0000665000,083429,085357,083824,068206,099475,080616
0000000667,0000666000,083306,084826,084569,066284,097507,085088
0000000668,0000667000,083165,084219,085232,065569,094287,089564
0000000669,0000668000,083018,083604,085759,066132,090124,093606
0000000670,0000669000,082881,083041,086082,067916,085422,096822
0000000671,0000670000,082765,082607,086181,070754,080638,098898
0000000672,0000671000,082681,082330,086049,074380,076233,099628
0000000673,0000672000,082636,082240,085719,078451,072635,098938
0000000674,0000673000,082634,082338,085231,082593,070188,096890
0000000675,0000674000,082676,082594,084649,086416,069129,093682
0000000676,0000675000,082757,082977,084046,089567,069556,089617
0000000677,0000676000,082871,083438,083472,091750,071428,085088
0000000678,0000677000,083005,083932,082996,092762,074562,080531
0000000679,0000678000,083150,084391,082663,092509,078654,076387
0000000680,0000679000,083289,084773,082508,091014,083309,073060
0000000681,0000680000,083411,085032,082540,088421,088073,070872
0000000682,0000681000,083505,085138,082750,084970,092487,070041
0000000683,0000682000,083562,085091,083104,080987,096124,070646
0000000684,0000683000,083578,084903,083545,076839,098636,072635
0000000685,0000684000,083550,084609,084026,072913,099783,075816
0000000686,0000685000,083482,084239,084485,069574,099456,079885
0000000687,0000686000,083380,083851,084874,067131,097692,084450
0000000688,0000687000,083252,083483,085146,065814,094659,089072
0000000689,0000688000,083112,083182,085278,065742,090656,093303
0000000690,0000689000,082971,082988,085251,066925,086071,096731
0000000691,0000690000,082843,082925,085071,069247,081348,099025
0000000692,0000691000,082740,082998,084776,072494,076944,099959
0000000693,0000692000,082670,083190,084399,076363,073283,099442
0000000694,0000693000,082639,083482,083997,080495,070715,097523
0000000695,0000694000,082652,083822,083621,084508,069482,094385
0000000696,0000695000,082706,084172,083320,088027,069703,090329
0000000697,0000696000,082796,084489,083126,090730,071348,085745
0000000698,0000697000,082915,084728,083067,092363,074258,081077
0000000699,0000698000,083051,084855,083157,092777,078145,076775
0000000700,0000699000,083192,084849,083377,091933,082633,073257
0000000701,0000700000,083324,084710,083708,089912,087285,070864
0000000702,0000701000,083437,084444,084103,086903,091651,069826
0000000703,0000702000,083520,084092,084508,083184,095314,070245
0000000704,0000703000,083566,083696,084866,079100,097923,072079
0000000705,0000704000,083569,083302,085135,075026,099233,075155
0000000706,0000705000,083531,082964,085276,071342,099123,079173
0000000707,0000706000,083454,082725,085260,068387,097608,083748
0000000708,0000707000,083345,082621,085091,066435,094841,088438
0000000709,0000708000,083215,082671,084773,065666,091094,092788
0000000710,0000709000,083075,082888,084341,066148,086735,096378
0000000711,0000710000,082938,083247,083844,067838,082185,098860
0000000712,0000711000,082817,083713,083347,070575,077886,099998
0000000713,0000712000,082721,084235,082909,074110,074246,099682
0000000714,0000713000,082660,084751,082588,078115,071611,097945
0000000715,0000714000,082639,085200,082433,082222,070229,094954
0000000716,0000715000,082661,085526,082464,086052,070227,090997
0000000717,0000716000,082723,085689,082692,089251,071596,086457
0000000718,0000717000,082820,085652,083106,091525,074197,081775
0000000719,0000718000,082943,085409,083668,092664,077772,077403
0000000720,0000719000,083081,084976,084320,092566,081967,073762
0000000721,0000720000,083221,084388,084990,091242,086375,071204
0000000722,0000721000,083351,083708,085603,088814,090571,069970
0000000723,0000722000,083459,083008,086076,085506,094157,070176
0000000724,0000723000,083536,082367,086357,081621,096794,071799
0000000725,0000724000,083574,081854,086402,077516,098235,074682
0000000726,0000725000,083570,081535,086193,073568,098351,078545
0000000727,0000726000,083524,081455,085737,070142,097139,083012
0000000728,0000727000,083440,081634,085071,067552,094726,087652
0000000729,0000728000,083326,082073,084256,066035,091358,092013
0000000730,0000729000,083192,082736,083369,065729,087366,095676
0000000731,0000730000,083050,083561,082515,066658,083140,098291
0000000732,0000731000,082913,084463,081785,068737,079086,099613
0000000733,0000732000,082793,085352,081266,071776,075589,099520
0000000734,0000733000,082700,086128,081023,075498,072976,098025
0000000735,0000734000,082644,086706,081094,079561,071489,095277
0000000736,0000735000,082629,087021,081486,083595,071261,091541
0000000737,0000736000,082657,087021,082174,087227,072303,087184
0000000738,0000737000,082726,086691,083105,090125,074499,082629
0000000739,0000738000,082830,086050,084186,092025,077626,078317
0000000740,0000739000,082958,085153,085310,092754,081370,074663
0000000741,0000740000,083101,084083,086358,092251,085364,072014
0000000742,0000741000,083244,082949,087213,090561,089228,070614
0000000743,0000742000,083376,081870,087778,087839,092595,070591
0000000744,0000743000,083484,080952,087985,084332,095152,071941
0000000745,0000744000,083559,080299,087801,080358,096665,074526
0000000746,0000745000,083593,079990,087221,076281,097001,078094
0000000747,0000746000,083584,080071,086293,072474,096141,082295
0000000748,0000747000,083531,080550,085095,069287,094185,086718
0000000749,0000748000,083440,081398,083740,067008,091339,090934
0000000750,0000749000,083319,082536,082369,065843,087890,094538
0000000751,0000750000,083178,083852,081126,065894,084177,097192
0000000752,0000751000,083030,085221,080141,067156,080555,098652
0000000753,0000752000,082888,086500,079524,069513,077364,098790
0000000754,0000753000,082764,087562,079350,072753,074899,097602
0000000755,0000754000,082671,088290,079650,076585,073383,095209
0000000756,0000755000,082616,088599,080415,080657,072946,091849
0000000757,0000756000,082606,088437,081588,084600,073614,087855
0000000758,0000757000,082641,087803,083060,088052,075302,083618
0000000759,0000758000,082718,086750,084689,090700,077827,079550
0000000760,0000759000,082830,085373,086307,092307,080929,076041
0000000761,0000760000,082967,083807,087750,092731,084304,073417
0000000762,0000761000,083118,082205,088865,091936,087627,071915
0000000763,0000762000,083269,080727,089534,089994,090589,071665
0000000764,0000763000,083406,079519,089679,087079,092920,072678
0000000765,0000764000,083518,078711,089267,083451,094411,074846
0000000766,0000765000,083593,078403,088314,079441,094937,077951
0000000767,0000766000,083625,078644,086900,075413,094468,081684
0000000768,0000767000,083609,079428,085157,071733,093072,085674
0000000769,0000768000,083548,080687,083255,068737,090909,089533
0000000770,0000769000,083447,082300,081391,066691,088204,092895
0000000771,0000770000,083315,084107,079755,065776,085227,095448
0000000772,0000771000,083164,085939,078509,066072,082262,096965
0000000773,0000772000,083006,087615,077785,067551,079584,097319
0000000774,0000773000,082856,088965,077668,070083,077434,096493
0000000775,0000774000,082727,089851,078190,073441,076001,094580
0000000776,0000775000,082632,090161,079322,077325,075401,091776
0000000777,0000776000,082579,089841,080974,081381,075666,088365
0000000778,0000777000,082574,088911,082983,085241,076746,084687
0000000779,0000778000,082617,087455,085146,088555,078508,081100
0000000780,0000779000,082704,085617,087246,091028,080762,077944
0000000781,0000780000,082828,083577,089069,092441,083282,075509
0000000782,0000781000,082978,081528,090439,092671,085825,074006
0000000783,0000782000,083140,079664,091217,091700,088159,073558
0000000784,0000783000,083301,078175,091309,089612,090077,074187
0000000785,0000784000,083446,077216,090683,086592,091415,075816
0000000786,0000785000,083561,076904,089378,082908,092069,078270
0000000787,0000786000,083636,077297,087504,078893,092006,081298
0000000788,0000787000,083662,078367,085244,074913,091262,084596
0000000789,0000788000,083638,080008,082834,071326,089937,087841
0000000790,0000789000,083567,082055,080515,068453,088182,090726
0000000791,0000790000,083453,084310,078517,066545,086179,092992
0000000792,0000791000,083308,086561,077032,065771,084119,094443
0000000793,0000792000,083144,088597,076204,066197,082189,094969
0000000794,0000793000,082975,090213,076138,067785,080556,094541
0000000795,0000794000,082816,091238,076859,070398,079355,093224
0000000796,0000795000,082682,091550,078323,073806,078670,091164
0000000797,0000796000,082586,091087,080404,077702,078535,088580
0000000798,0000797000,082538,089890,082890,081733,078930,085733
0000000799,0000798000,082541,088084,085522,085536,079786,082902
0000000800,0000799000,082595,085849,088036,088770,080996,080353
0000000801,0000800000,082695,083405,090188,091154,082429,078312
0000000802,0000801000,082833,080977,091774,092479,083946,076950
0000000803,0000802000,082996,078789,092644,092628,085412,076369
0000000804,0000803000,083170,077063,092689,091590,086705,076594
0000000805,0000804000,083341,075984,091879,089453,087728,077578
0000000806,0000805000,083491,075677,090274,086402,088413,079200
0000000807,0000806000,083607,076200,088015,082710,088734,081283
0000000808,0000807000,083678,077509,085332,078710,088694,083612
0000000809,0000808000,083696,079457,082513,074763,088329,085957
0000000810,0000809000,083661,081848,079836,071221,087702,088102
0000000811,0000810000,083577,084451,077554,068394,086887,089859
0000000812,0000811000,083449,087025,075887,066528,085966,091087
0000000813,0000812000,083291,089333,074988,065787,085019,091698
0000000814,0000813000,083115,091147,074963,066233,084117,091669
0000000815,0000814000,082936,092265,075850,067833,083318,091035
0000000816,0000815000,082772,092560,077575,070448,082664,089885
0000000817,0000816000,082637,091986,079977,073847,082175,088355
0000000818,0000817000,082545,090585,082818,077727,081860,086608
0000000819,0000818000,082505,088523,085782,081736,081719,084814
0000000820,0000819000,082519,086020,088576,085516,081738,083140
0000000821,0000820000,082586,083294,090956,088738,081897,081724
0000000822,0000821000,082699,080609,092686,091120,082178,080676
0000000823,0000822000,082850,078220,093595,092455,082559,080064
0000000824,0000823000,083024,076351,093596,092628,083022,079909
0000000825,0000824000,083207,075208,092652,091620,083554,080185
0000000826,0000825000,083382,074935,090830,089517,084143,080835
0000000827,0000826000,083533,075554,088326,086500,084774,081770
0000000828,0000827000,083645,077014,085380,082838,085431,082881
0000000829,0000828000,083707,079159,082317,078861,086079,084064
0000000830,0000829000,083714,081737,079449,074927,086681,085207
0000000831,0000830000,083668,084531,077018,071376,087203,086224
0000000832,0000831000,083571,087285,075256,068521,087593,087045
0000000833,0000832000,083432,089713,074347,066608,087816,087625
0000000834,0000833000,083264,091600,074381,065803,087832,087946
0000000835,0000834000,083081,092739,075369,066178,087605,088026
0000000836,0000835000,082898,092990,077251,067704,087119,087891
0000000837,0000836000,082735,092331,079816,070253,086372,087583
0000000838,0000837000,082605,090833,082810,073597,085397,087148
0000000839,0000838000,082522,088657,085908,077442,084254,086626
0000000840,0000839000,082493,086050,088792,081433,083032,086065
0000000841,0000840000,082517,083238,091236,085231,081824,085497
0000000842,0000841000,082595,080466,092993,088499,080744,084948
0000000843,0000842000,082718,078052,093878,090955,079895,084436
0000000844,0000843000,082877,076187,093806,092389,079369,083972
0000000845,0000844000,083056,075076,092790,092669,079257,083549
0000000846,0000845000,083240,074860,090885,091776,079607,083164
0000000847,0000846000,083413,075548,088307,089774,080431,082832
0000000848,0000847000,083557,077054,085332,086845,081693,082564
0000000849,0000848000,083660,079217,082259,083242,083303,082389
0000000850,0000849000,083711,081807,079411,079297,085126,082327
0000000851,0000850000,083709,084577,077014,075350,087008,082404
0000000852,0000851000,083653,087299,075307,071747,088777,082640
0000000853,0000852000,083548,089659,074464,068803,090261,083045
0000000854,0000853000,083404,091451,074577,066767,091312,083624
0000000855,0000854000,083234,092498,075617,065823,091788,084371
0000000856,0000855000,083052,092671,077499,066048,091609,085260
0000000857,0000856000,082875,091970,080033,067434,090743,086232
0000000858,0000857000,082720,090479,082933,069859,089237,087210
0000000859,0000858000,082600,088376,085903,073111,087204,088100
0000000860,0000859000,082528,085866,088650,076899,084818,088810
0000000861,0000860000,082507,083187,090947,080886,082291,089257
0000000862,0000861000,082540,080583,092564,084728,079856,089369
0000000863,0000862000,082623,078338,093328,088088,077745,089105
0000000864,0000863000,082748,076662,093176,090679,076168,088446
0000000865,0000864000,082906,075708,092133,092274,075311,087406
0000000866,0000865000,083079,075594,090302,092735,075293,086039
0000000867,0000866000,083256,076302,087869,092018,076157,084447
0000000868,0000867000,083418,077740,085119,090177,077857,082772
0000000869,0000868000,083551,079742,082318,087379,080257,081168
0000000870,0000869000,083643,082123,079728,083866,083151,079801
0000000871,0000870000,083686,084644,077601,079955,086269,078813
0000000872,0000871000,083678,087056,076127,075983,089330,078325
0000000873,0000872000,083619,089136,075460,072300,092038,078414
0000000874,0000873000,083516,090648,075656,069222,094125,079116
0000000875,0000874000,083376,091466,076698,067012,095366,080409
0000000876,0000875000,083215,091515,078439,065867,095605,082211
0000000877,0000876000,083045,090815,080702,065884,094784,084383
0000000878,0000877000,082881,089453,083249,067072,092946,086725
0000000879,0000878000,082738,087585,085814,069324,090247,089017
0000000880,0000879000,082629,085403,088162,072447,086923,091032
0000000881,0000880000,082565,083103,090067,076160,083280,092565
0000000882,0000881000,082548,080929,091357,080139,079660,093445
0000000883,0000882000,082581,079094,091889,084038,076405,093557
0000000884,0000883000,082659,077791,091633,087517,073838,092855
0000000885,0000884000,082775,077130,090632,090282,072223,091357
0000000886,0000885000,082920,077161,089010,092089,071749,089172
0000000887,0000886000,083079,077857,086955,092782,072488,086479
0000000888,0000887000,083240,079111,084682,092295,074398,083525
0000000889,0000888000,083387,080800,082422,090669,077319,080588
0000000890,0000889000,083509,082744,080376,088045,080985,077956
0000000891,0000890000,083593,084755,078756,084654,085058,075895
0000000892,0000891000,083634,086621,077709,080797,089155,074618
0000000893,0000892000,083629,088159,077330,076805,092886,074280
0000000894,0000893000,083579,089210,077651,073030,095883,074946
0000000895,0000894000,083489,089676,078608,069792,097846,076591
0000000896,0000895000,083366,089555,080071,067371,098563,079090
0000000897,0000896000,083224,088877,081866,065979,097941,082230
0000000898,0000897000,083071,087738,083815,065738,096021,085723
0000000899,0000898000,082924,086267,085711,066675,092968,089236
0000000900,0000899000,082794,084616,087378,068704,089062,092431
0000000901,0000900000,082692,082949,088661,071653,084667,094990
0000000902,0000901000,082454,093249,092276,074017,084496,096840
0000000903,0000902000,082042,099998,089586,079248,084496,097021
0000000904,0000903000,074653,085094,086471,079248,084496,098086
0000000905,0000904000,070712,079285,094490,079248,084496,095502
0000000906,0000905000,072752,081779,084625,079248,084496,091578
0000000907,0000906000,082291,084350,081595,079248,084496,089228
0000000908,0000907000,080230,071202,082968,079248,084496,084902
0000000909,0000908000,086337,073059,099370,079248,084496,084902
0000000910,0000909000,085289,074097,097449,079248,084496,084902
0000000911,0000910000,085811,072800,080428,079248,084496,084902
0000000912,0000911000,099998,080507,084469,079248,084496,084902
0000000913,0000912000,090026,069523,080264,079248,084496,084902
0000000914,0000913000,091304,077734,082898,079248,084496,084902
0000000915,0000914000,095611,087705,076133,079248,084496,084902
0000000916,0000915000,090536,082846,066597,079248,084496,084902
0000000917,0000916000,093476,088493,080254,079248,084496,084902
0000000918,0000917000,082263,086653,076367,079248,084496,084902
0000000919,0000918000,082404,094581,070459,079248,084496,084902
0000000920,0000919000,086683,099608,073555,079248,084496,084902
0000000921,0000920000,075226,088758,077603,079248,084496,084902
0000000922,0000921000,074563,093688,090605,079248,084496,084902
0000000923,0000922000,071789,094615,083581,079248,084496,084902
0000000924,0000923000,073752,092126,079379,079248,084496,084902
0000000925,0000924000,077166,089109,092765,079248,084496,084902
0000000926,0000925000,068135,079003,096439,079248,084496,084902
0000000927,0000926000,073794,084264,097270,079248,084496,084902
0000000928,0000927000,080051,082936,090302,079248,084496,084902
0000000929,0000928000,080962,073557,090284,079248,084496,084902
0000000930,0000929000,084399,073327,099998,079248,084496,084902
0000000931,0000930000,082218,071811,091786,079248,084496,084902
0000000932,0000931000,090572,076638,084961,079248,084496,084902
0000000933,0000932000,095337,075154,084567,079248,084496,084902
0000000934,0000933000,090698,070407,084265,079248,084496,084902
0000000935,0000934000,093514,079301,083406,079248,084496,084902
0000000936,0000935000,093318,082915,071878,079248,084496,084902
0000000937,0000936000,094320,084030,071471,079248,084496,084902
0000000938,0000937000,091564,085291,078695,079248,084496,084902
0000000939,0000938000,084043,087296,075054,079248,084496,084902
0000000940,0000939000,086420,096542,071700,079248,084496,084902
0000000941,0000940000,083980,095182,071028,079248,084496,084902
0000000942,0000941000,077892,091126,079442,079248,084496,084902
0000000943,0000942000,074795,094086,086328,079248,084496,084902
0000000944,0000943000,072086,094819,080634,079248,084496,084902
0000000945,0000944000,075587,094588,082975,079248,084496,084902
0000000946,0000945000,073386,087385,091028,079248,084496,084902
0000000947,0000946000,069636,082799,095552,079248,084496,084902
0000000948,0000947000,073929,085722,094810,079248,084496,084902
0000000949,0000948000,077115,081390,090151,079248,084496,084902
0000000950,0000949000,080696,075959,095133,079248,084496,084902
0000000951,0000950000,081505,072977,098328,079248,084496,084902
0000000952,0000951000,083197,073410,091549,079248,084496,084902
0000000953,0000952000,090328,076216,087049,079248,084496,084902
0000000954,0000953000,091716,072122,085853,079248,084496,084902
0000000955,0000954000,091830,071910,086959,079248,084496,084902
0000000956,0000955000,093555,077881,081782,079248,084496,084902
0000000957,0000956000,094145,081193,073344,079248,084496,084902
0000000958,0000957000,095051,082984,074731,079248,084496,084902
0000000959,0000958000,090651,083118,076831,079248,084496,084902
0000000960,0000959000,087463,088265,074254,079248,084496,084902
0000000961,0000960000,087594,094560,071003,079248,084496,084902
0000000962,0000961000,083869,093529,071914,079248,084496,084902
0000000963,0000962000,079714,092866,079462,079248,084496,084902
0000000964,0000963000,075730,094088,081506,079248,084496,084902
0000000965,0000964000,074277,095736,079640,079248,084496,084902
0000000966,0000965000,074573,094387,083869,079248,084496,084902
0000000967,0000966000,071637,088321,089952,079248,084496,084902
0000000968,0000967000,071366,086509,093556,079248,084496,084902
0000000969,0000968000,073423,086039,092354,079248,084496,084902
0000000970,0000969000,075531,081763,092347,079248,084496,084902
0000000971,0000970000,078220,077380,096786,079248,084496,084902
0000000972,0000971000,079789,074231,096416,079248,084496,084902
0000000973,0000972000,084134,074704,092117,079248,084496,084902
0000000974,0000973000,088200,074482,089375,079248,084496,084902
0000000975,0000974000,089335,071712,088807,079248,084496,084902
0000000976,0000975000,091805,072740,087389,079248,084496,084902
0000000977,0000976000,094013,076215,080627,079248,084496,084902
0000000978,0000977000,094795,079143,076700,079248,084496,084902
0000000979,0000978000,093910,080815,077354,079248,084496,084902
0000000980,0000979000,091461,082848,075869,079248,084496,084902
0000000981,0000980000,090759,088064,072724,079248,084496,084902
0000000982,0000981000,088685,091378,071108,079248,084496,084902
0000000983,0000982000,084329,092319,073811,079248,084496,084902
0000000984,0000983000,080606,093811,077534,079248,084496,084902
0000000985,0000984000,078236,094852,077414,079248,084496,084902
0000000986,0000985000,076633,095602,079011,079248,084496,084902
0000000987,0000986000,073341,093718,084349,079248,084496,084902
0000000988,0000987000,071020,090842,088544,079248,084496,084902
0000000989,0000988000,072451,089463,089833,079248,084496,084902
0000000990,0000989000,073463,086433,090884,079248,084496,084902
0000000991,0000990000,073859,082245,094909,079248,084496,084902
0000000992,0000991000,075258,079272,097012,079248,084496,084902
0000000993,0000992000,078956,077087,094438,079248,084496,084902
0000000994,0000993000,083948,075145,092433,079248,084496,084902
0000000995,0000994000,085752,072655,092584,079248,084496,084902
0000000996,0000995000,086974,072129,091764,079248,084496,084902
0000000997,0000996000,090996,073698,086870,079248,084496,084902
0000000998,0000997000,094706,074989,080918,079248,084496,084902
0000000999,0000998000,094766,076223,080347,079248,084496,084902
0000001000,0000999000,092634,078659,079845,079248,084496,084902
0000001001,0001000000,092528,082977,075298,079248,084496,084902
0000001002,0001001000,093313,086851,071352,079248,084496,084902
0000001003,0001002000,090346,088117,072302,079248,084496,084902
0000001004,0001003000,085152,090692,075336,079248,084496,084902
0000001005,0001004000,081764,094395,075068,079248,084496,084902
0000001006,0001005000,080957,095693,074136,079248,084496,084902
0000001007,0001006000,078639,094563,078228,079248,084496,084902
0000001008,0001007000,073396,093299,084223,079248,084496,084902
0000001009,0001008000,071056,093514,086493,079248,084496,084902
0000001010,0001009000,072906,092070,086307,079248,084496,084902
0000001011,0001010000,073715,087267,089826,079248,084496,084902
0000001012,0001011000,072472,082981,095860,079248,084496,084902
0000001013,0001012000,072937,081537,096568,079248,084496,084902
0000001014,0001013000,077705,080093,093196,079248,084496,084902
0000001015,0001014000,082583,075796,092922,079248,084496,084902
0000001016,0001015000,083733,071877,095257,079248,084496,084902
0000001017,0001016000,084895,072553,093761,079248,084496,084902
0000001018,0001017000,089412,074498,087207,079248,084496,084902
0000001019,0001018000,094153,074044,082758,079248,084496,084902
0000001020,0001019000,094460,073572,083257,079248,084496,084902
0000001021,0001020000,092397,076783,081756,079248,084496,084902
0000001022,0001021000,093154,082222,075760,079248,084496,084902
0000001023,0001022000,094611,084996,071559,079248,084496,084902
0000001024,0001023000,092080,085489,073371,079248,084496,084902
0000001025,0001024000,086888,088737,075629,079248,084496,084902
0000001026,0001025000,083689,093864,073446,079248,084496,084902
0000001027,0001026000,082969,095810,072297,079248,084496,084902
0000001028,0001027000,080316,093945,076934,079248,084496,084902
0000001029,0001028000,075070,093237,082649,079248,084496,084902
0000001030,0001029000,072091,095034,084083,079248,084496,084902
0000001031,0001030000,072854,094088,084118,079248,084496,084902
0000001032,0001031000,073492,089003,088541,079248,084496,084902
0000001033,0001032000,071980,084687,094528,079248,084496,084902
0000001034,0001033000,071839,083613,095528,079248,084496,084902
0000001035,0001034000,075741,082238,093183,079248,084496,084902
0000001036,0001035000,080079,077400,093626,079248,084496,084902
0000001037,0001036000,081851,072916,096258,079248,084496,084902
0000001038,0001037000,083508,072884,094796,079248,084496,084902
0000001039,0001038000,087404,074479,089123,079248,084496,084902
0000001040,0001039000,091900,073597,085621,079248,084496,084902
0000001041,0001040000,093568,072264,085295,079248,084496,084902
0000001042,0001041000,093097,075001,082921,079248,084496,084902
0000001043,0001042000,093526,080053,077603,079248,084496,084902
0000001044,0001043000,094557,082705,073777,079248,084496,084902
0000001045,0001044000,093311,083760,074020,079248,084496,084902
0000001046,0001045000,089613,086870,074654,079248,084496,084902
0000001047,0001046000,086400,091713,072907,079248,084496,084902
0000001048,0001047000,084427,094553,072175,079248,084496,084902
0000001049,0001048000,081481,094146,075438,079248,084496,084902
0000001050,0001049000,077878,093691,079512,079248,084496,084902
0000001051,0001050000,074658,095116,081363,079248,084496,084902
0000001052,0001051000,072893,095031,083120,079248,084496,084902
0000001053,0001052000,072423,091476,087227,079248,084496,084902
0000001054,0001053000,072243,087582,091256,079248,084496,084902
0000001055,0001054000,072206,085539,093330,079248,084496,084902
0000001056,0001055000,073701,083392,094028,079248,084496,084902
0000001057,0001056000,076542,079755,094771,079248,084496,084902
0000001058,0001057000,079662,075865,095583,079248,084496,084902
0000001059,0001058000,082658,073727,094716,079248,084496,084902
0000001060,0001059000,085511,073479,092077,079248,084496,084902
0000001061,0001060000,088304,073364,089443,079248,084496,084902
0000001062,0001061000,091524,072708,086846,079248,084496,084902
0000001063,0001062000,094014,073767,083299,079248,084496,084902
0000001064,0001063000,094131,076635,080362,079248,084496,084902
0000001065,0001064000,093440,079760,077867,079248,084496,084902
0000001066,0001065000,093517,082592,075001,079248,084496,084902
0000001067,0001066000,092707,085636,072754,079248,084496,084902
0000001068,0001067000,089895,088347,072815,079248,084496,084902
0000001069,0001068000,085854,091495,073780,079248,084496,084902
0000001070,0001069000,082458,094236,074366,079248,084496,084902
0000001071,0001070000,080789,094982,075341,079248,084496,084902
0000001072,0001071000,078342,094525,078241,079248,084496,084902
0000001073,0001072000,074080,094429,082553,079248,084496,084902
0000001074,0001073000,071346,093777,086009,079248,084496,084902
0000001075,0001074000,072322,091498,087236,079248,084496,084902
0000001076,0001075000,073416,087743,089946,079248,084496,084902
0000001077,0001076000,072627,084194,094277,079248,084496,084902
0000001078,0001077000,073017,081971,096081,079248,084496,084902
0000001079,0001078000,076752,079870,094510,079248,084496,084902
0000001080,0001079000,081375,075965,093724,079248,084496,084902
0000001081,0001080000,083815,072677,094615,079248,084496,084902
0000001082,0001081000,084955,072716,093425,079248,084496,084902
0000001083,0001082000,088387,073942,088738,079248,084496,084902
0000001084,0001083000,093166,073624,084326,079248,084496,084902
0000001085,0001084000,094712,073448,082915,079248,084496,084902
0000001086,0001085000,093096,076268,081737,079248,084496,084902
0000001087,0001086000,092933,080977,077193,079248,084496,084902
0000001088,0001087000,094326,084186,072570,079248,084496,084902
0000001089,0001088000,093064,085394,072643,079248,084496,084902
0000001090,0001089000,088408,087849,074822,079248,084496,084902
0000001091,0001090000,084408,092604,074082,079248,084496,084902
0000001092,0001091000,082947,095566,072581,079248,084496,084902
0000001093,0001092000,081274,094593,075224,079248,084496,084902
0000001094,0001093000,076971,093464,080668,079248,084496,084902
0000001095,0001094000,072636,094640,083812,079248,084496,084902
0000001096,0001095000,072006,094645,084444,079248,084496,084902
0000001097,0001096000,073351,090796,086942,079248,084496,084902
0000001098,0001097000,072775,086132,092180,079248,084496,084902
0000001099,0001098000,071638,083981,095475,079248,084496,084902
0000001100,0001099000,073793,082770,094530,079248,084496,084902
0000001101,0001100000,078353,079247,093498,079248,084496,084902
