0000000001,0000000000,092329,087838,075197,033067,034601,084899
0000000002,0000001000,090195,090555,074612,042819,025323,084426
0000000003,0000002000,087554,092887,074924,053659,018325,080583
0000000004,0000003000,084698,094564,076100,064538,014282,073748
0000000005,0000004000,081905,095426,078033,074381,013606,064579
0000000006,0000005000,079417,095418,080530,082229,016359,053979
0000000007,0000006000,077495,094532,083337,087316,022253,042998
0000000008,0000007000,076352,092823,086190,089139,030729,032700
0000000009,0000008000,076066,090485,088811,087514,040970,024084
0000000010,0000009000,076663,087763,090937,082617,051944,018006
0000000011,0000010000,078112,084893,092359,074923,062579,015066
0000000012,0000011000,080265,082154,092944,065164,071864,015538
0000000013,0000012000,082887,079846,092632,054315,078871,019381
0000000014,0000013000,085738,078171,091455,043450,082901,026217
0000000015,0000014000,088552,077288,089523,033606,083576,035385
0000000016,0000015000,091032,077306,087026,025748,080836,045984
0000000017,0000016000,092938,078206,084218,020669,074933,056966
0000000018,0000017000,094101,079896,081367,018850,066453,067264
0000000019,0000018000,094386,082233,078745,020466,056222,075880
0000000020,0000019000,093773,084973,076618,025365,045246,081957
0000000021,0000020000,092335,087833,075196,033066,034603,084899
0000000022,0000021000,090189,090562,074612,042817,025325,084425
0000000023,0000022000,087552,092888,074924,053667,018318,080583
0000000024,0000023000,084706,094558,076100,064538,014282,073747
0000000025,0000024000,081903,095428,078033,074378,013609,064579
0000000026,0000025000,079410,095424,080530,082233,016355,053979
0000000027,0000026000,077502,094525,083337,087321,022249,042998
0000000028,0000027000,076354,092821,086189,089136,030732,032700
0000000029,0000028000,076059,090493,088812,087515,040968,024084
0000000030,0000029000,076664,087762,090937,082624,051938,018006
0000000031,0000030000,078118,084886,092359,074923,062579,015065
0000000032,0000031000,080260,082160,092944,065163,071865,015538
0000000033,0000032000,082884,079848,092632,054321,078867,019380
0000000034,0000033000,085743,078165,091455,043454,082898,026216
0000000035,0000034000,088552,077289,089523,033605,083579,035384
0000000036,0000035000,091027,077311,087026,025751,080833,045983
0000000037,0000036000,092942,078203,084219,020673,074930,056964
0000000038,0000037000,094103,079894,081367,018851,066454,067262
0000000039,0000038000,094382,082237,078744,020466,056223,075878
0000000040,0000039000,093774,084972,076618,025368,045243,081956
0000000041,0000040000,092338,087830,075196,033066,034604,084897
0000000042,0000041000,090187,090565,074612,042817,025327,084424
0000000043,0000042000,087552,092888,074923,053668,018318,080582
0000000044,0000043000,084708,094555,076100,064539,014282,073747
0000000045,0000044000,081901,095430,078033,074377,013611,064579
0000000046,0000045000,079409,095425,080529,082234,016354,053980
0000000047,0000046000,077504,094524,083337,087320,022248,042999
0000000048,0000047000,076352,092822,086189,089135,030731,032701
0000000049,0000048000,076058,090495,088811,087517,040966,024085
0000000050,0000049000,076667,087760,090937,082624,051936,018007
0000000051,0000050000,078117,084887,092360,074923,062578,015066
0000000052,0000051000,080258,082162,092945,065167,071862,015538
0000000053,0000052000,082886,079846,092632,054324,078863,019380
0000000054,0000053000,085744,078164,091456,043455,082897,026215
0000000055,0000054000,088548,077292,089524,033609,083577,035382
0000000056,0000055000,091029,077309,087026,025756,080830,045981
0000000057,0000056000,092945,078200,084219,020674,074931,056962
0000000058,0000057000,094099,079897,081368,018853,066455,067259
0000000059,0000058000,094382,082238,078745,020471,056221,075875
0000000060,0000059000,093779,084967,076618,025369,045245,081953
0000000061,0000060000,092336,087831,075196,033065,034608,084895
0000000062,0000061000,090185,090568,074612,042819,025327,084422
0000000063,0000062000,087556,092885,074923,053668,018319,080581
0000000064,0000063000,084709,094555,076100,064534,014286,073746
0000000065,0000064000,081897,095435,078032,074376,013612,064579
0000000066,0000065000,079411,095424,080529,082234,016352,053981
0000000067,0000066000,077506,094521,083336,087316,022250,043001
0000000068,0000067000,076348,092826,086189,089132,030731,032704
0000000069,0000068000,076057,090496,088811,087518,040962,024088
0000000070,0000069000,076670,087757,090937,082624,051933,018010
0000000071,0000070000,078114,084890,092360,074923,062576,015068
0000000072,0000071000,080255,082165,092945,065170,071856,015541
0000000073,0000072000,082889,079842,092633,054328,078858,019381
0000000074,0000073000,085743,078164,091457,043457,082895,026215
0000000075,0000074000,088545,077295,089524,033614,083573,035381
0000000076,0000075000,091030,077306,087027,025763,080826,045979
0000000077,0000076000,092946,078197,084220,020678,074931,056958
0000000078,0000077000,094097,079899,081368,018856,066456,067255
0000000079,0000078000,094383,082236,078745,020476,056221,075870
0000000080,0000079000,093781,084964,076618,025371,045248,081948
0000000081,0000080000,092335,087833,075196,033065,034613,084890
0000000082,0000081000,090185,090568,074611,042819,025330,084418
0000000083,0000082000,087559,092882,074922,053665,018324,080579
0000000084,0000083000,084709,094556,076099,064530,014292,073746
0000000085,0000084000,081896,095437,078031,074372,013614,064580
0000000086,0000085000,079414,095423,080528,082229,016354,053984
0000000087,0000086000,077506,094523,083336,087311,022252,043005
0000000088,0000087000,076346,092830,086188,089129,030730,032709
0000000089,0000088000,076058,090495,088811,087516,040958,024094
0000000090,0000089000,076669,087757,090938,082621,051930,018016
0000000091,0000090000,078111,084892,092361,074923,062570,015073
0000000092,0000091000,080255,082164,092945,065174,071848,015545
0000000093,0000092000,082889,079841,092634,054331,078852,019384
0000000094,0000093000,085740,078166,091458,043463,082889,026216
0000000095,0000094000,088544,077294,089525,033622,083566,035379
0000000096,0000095000,091033,077303,087028,025770,080823,045975
0000000097,0000096000,092945,078197,084221,020684,074931,056953
0000000098,0000097000,094096,079899,081369,018864,066455,067248
0000000099,0000098000,094386,082233,078745,020481,056223,075863
0000000100,0000099000,093782,084963,076618,025372,045255,081940
0000000101,0000100000,092334,087834,075195,033066,034619,084883
0000000102,0000101000,090188,090566,074610,042818,025337,084413
0000000103,0000102000,087562,092881,074921,053659,018333,080575
0000000104,0000103000,084707,094559,076097,064523,014300,073745
0000000105,0000104000,081898,095437,078030,074366,013619,064582
0000000106,0000105000,079416,095422,080527,082220,016359,053988
0000000107,0000106000,077504,094526,083334,087302,022254,043012
0000000108,0000107000,076345,092832,086187,089123,030727,032717
0000000109,0000108000,076059,090494,088811,087511,040954,024103
0000000110,0000109000,076667,087759,090938,082618,051924,018025
0000000111,0000110000,078107,084895,092361,074925,062561,015081
0000000112,0000111000,080255,082163,092947,065179,071837,015551
0000000113,0000112000,082888,079840,092636,054337,078843,019387
0000000114,0000113000,085737,078167,091460,043472,082880,026216
0000000115,0000114000,088544,077292,089527,033634,083557,035377
0000000116,0000115000,091034,077300,087030,025780,080818,045969
0000000117,0000116000,092944,078197,084223,020694,074929,056944
0000000118,0000117000,094097,079897,081369,018874,066456,067237
0000000119,0000118000,094390,082229,078745,020487,056228,075851
0000000120,0000119000,093783,084963,076618,025375,045263,081929
0000000121,0000120000,092336,087834,075194,033067,034628,084873
0000000122,0000121000,090192,090564,074608,042814,025348,084405
0000000123,0000122000,087563,092881,074919,053652,018345,080570
0000000124,0000123000,084708,094561,076095,064514,014310,073743
0000000125,0000124000,081900,095437,078027,074355,013627,064585
0000000126,0000125000,079416,095423,080525,082207,016366,053995
0000000127,0000126000,077502,094530,083333,087290,022256,043021
0000000128,0000127000,076344,092834,086186,089114,030724,032729
0000000129,0000128000,076058,090495,088810,087503,040948,024116
0000000130,0000129000,076663,087762,090938,082614,051915,018038
0000000131,0000130000,078105,084897,092362,074926,062548,015093
0000000132,0000131000,080254,082162,092948,065183,071824,015560
0000000133,0000132000,082885,079841,092638,054345,078830,019393
0000000134,0000133000,085734,078167,091462,043484,082866,026217
0000000135,0000134000,088545,077289,089530,033648,083546,035373
0000000136,0000135000,091033,077298,087033,025794,080812,045962
0000000137,0000136000,092943,078196,084225,020709,074926,056933
0000000138,0000137000,094100,079893,081371,018887,066457,067223
0000000139,0000138000,094392,082226,078746,020495,056236,075836
0000000140,0000139000,093784,084962,076618,025380,045274,081914
0000000141,0000140000,092339,087832,075193,033067,034641,084859
0000000142,0000141000,090196,090561,074606,042809,025365,084394
0000000143,0000142000,087564,092883,074917,053642,018362,080564
0000000144,0000143000,084709,094563,076092,064501,014324,073742
0000000145,0000144000,081903,095437,078024,074338,013640,064589
0000000146,0000145000,079416,095426,080522,082189,016375,054003
0000000147,0000146000,077500,094534,083330,087274,022259,043034
0000000148,0000147000,076344,092836,086184,089100,030722,032746
0000000149,0000148000,076056,090498,088810,087492,040942,024134
0000000150,0000149000,076659,087766,090939,082609,051903,018056
0000000151,0000150000,078103,084898,092363,074927,062531,015109
0000000152,0000151000,080251,082162,092951,065189,071806,015572
0000000153,0000152000,082880,079842,092641,054356,078811,019400
0000000154,0000153000,085732,078166,091466,043501,082848,026219
0000000155,0000154000,088544,077286,089533,033666,083532,035369
0000000156,0000155000,091032,077296,087036,025814,080803,045951
0000000157,0000156000,092944,078193,084227,020729,074921,056918
0000000158,0000157000,094103,079888,081373,018903,066459,067205
0000000159,0000158000,094394,082223,078747,020507,056245,075815
0000000160,0000159000,093787,084960,076617,025386,045288,081893
0000000161,0000160000,092344,087828,075191,033067,034659,084842
0000000162,0000161000,090200,090560,074604,042801,025386,084381
0000000163,0000162000,087567,092884,074913,053629,018383,080555
0000000164,0000163000,084713,094563,076088,064484,014343,073740
0000000165,0000164000,081905,095439,078020,074317,013656,064594
0000000166,0000165000,079415,095431,080518,082167,016386,054015
0000000167,0000166000,077499,094538,083327,087254,022262,043051
0000000168,0000167000,076343,092839,086182,089082,030719,032767
0000000169,0000168000,076052,090503,088809,087479,040932,024157
0000000170,0000169000,076655,087770,090939,082603,051886,018078
0000000171,0000170000,078099,084899,092365,074928,062510,015129
0000000172,0000171000,080246,082164,092954,065196,071783,015588
0000000173,0000172000,082876,079843,092645,054371,078787,019409
0000000174,0000173000,085730,078163,091470,043521,082825,026221
0000000175,0000174000,088543,077283,089538,033690,083515,035363
0000000176,0000175000,091030,077293,087040,025839,080791,045938
0000000177,0000176000,092945,078188,084231,020753,074916,056898
0000000178,0000177000,094106,079883,081375,018923,066463,067181
0000000179,0000178000,094397,082219,078748,020521,056256,075789
0000000180,0000179000,093791,084956,076617,025395,045305,081868
0000000181,0000180000,092350,087824,075189,033067,034682,084819
0000000182,0000181000,090204,090559,074601,042792,025413,084363
0000000183,0000182000,087571,092884,074909,053613,018409,080545
0000000184,0000183000,084717,094564,076083,064462,014368,073738
0000000185,0000184000,081907,095442,078015,074290,013677,064600
0000000186,0000185000,079415,095436,080514,082139,016399,054029
0000000187,0000186000,077499,094542,083323,087228,022267,043073
0000000188,0000187000,076340,092844,086180,089059,030716,032793
0000000189,0000188000,076047,090509,088808,087463,040920,024185
0000000190,0000189000,076650,087774,090940,082595,051865,018107
0000000191,0000190000,078095,084902,092368,074928,062484,015154
0000000192,0000191000,080240,082167,092958,065206,071754,015607
0000000193,0000192000,082871,079843,092650,054390,078756,019421
0000000194,0000193000,085728,078161,091476,043546,082798,026223
0000000195,0000194000,088540,077280,089544,033719,083493,035356
0000000196,0000195000,091029,077289,087045,025870,080775,045922
0000000197,0000196000,092947,078182,084235,020783,074910,056875
0000000198,0000197000,094109,079877,081378,018948,066467,067152
0000000199,0000198000,094401,082214,078749,020540,056270,075757
0000000200,0000199000,093798,084951,076616,025404,045327,081837
0000000201,0000200000,092356,087820,075187,033065,034711,084791
0000000202,0000201000,090209,090558,074597,042781,025445,084341
0000000203,0000202000,087576,092884,074903,053593,018442,080532
0000000204,0000203000,084722,094565,076077,064434,014398,073735
0000000205,0000204000,081908,095447,078009,074257,013702,064608
0000000206,0000205000,079415,095441,080508,082105,016415,054047
0000000207,0000206000,077498,094547,083318,087195,022273,043099
0000000208,0000207000,076337,092851,086176,089031,030712,032825
0000000209,0000208000,076041,090516,088806,087443,040904,024221
0000000210,0000209000,076645,087779,090940,082586,051841,018141
0000000211,0000210000,078088,084906,092371,074929,062453,015185
0000000212,0000211000,080233,082169,092962,065218,071718,015631
0000000213,0000212000,082865,079843,092656,054413,078720,019435
0000000214,0000213000,085723,078158,091483,043577,082765,026226
0000000215,0000214000,088536,077277,089551,033754,083466,035347
0000000216,0000215000,091029,077283,087052,025908,080757,045902
0000000217,0000216000,092949,078174,084240,020818,074903,056846
0000000218,0000217000,094112,079870,081382,018978,066473,067116
0000000219,0000218000,094406,082208,078750,020562,056286,075719
0000000220,0000219000,093805,084944,076615,025415,045353,081799
0000000221,0000220000,092363,087816,075184,033064,034746,084758
0000000222,0000221000,090216,090556,074591,042768,025484,084316
0000000223,0000222000,087583,092884,074897,053569,018481,080517
0000000224,0000223000,084727,094568,076070,064400,014435,073732
0000000225,0000224000,081911,095452,078001,074218,013731,064618
0000000226,0000225000,079416,095447,080500,082065,016434,054069
0000000227,0000226000,077497,094554,083313,087156,022281,043131
0000000228,0000227000,076332,092859,086173,088998,030706,032864
0000000229,0000228000,076035,090524,088805,087420,040885,024263
0000000230,0000229000,076638,087785,090941,082573,051811,018183
0000000231,0000230000,078079,084911,092374,074930,062416,015221
0000000232,0000231000,080225,082172,092967,065233,071675,015658
0000000233,0000232000,082859,079842,092663,054440,078676,019451
0000000234,0000233000,085718,078156,091491,043613,082726,026229
0000000235,0000234000,088532,077272,089559,033797,083434,035337
0000000236,0000235000,091028,077276,087059,025953,080736,045879
0000000237,0000236000,092951,078166,084246,020861,074895,056811
0000000238,0000237000,094116,079862,081386,019014,066479,067074
0000000239,0000238000,094413,082199,078752,020588,056306,075673
0000000240,0000239000,093813,084937,076614,025428,045386,081754
0000000241,0000240000,092372,087812,075180,033062,034787,084718
0000000242,0000241000,090225,090554,074585,042753,025530,084285
0000000243,0000242000,087591,092884,074889,053540,018528,080499
0000000244,0000243000,084733,094571,076061,064360,014478,073729
0000000245,0000244000,081914,095457,077992,074172,013765,064629
0000000246,0000245000,079418,095454,080492,082016,016456,054094
0000000247,0000246000,077495,094563,083306,087110,022290,043168
0000000248,0000247000,076327,092869,086168,088959,030699,032909
0000000249,0000248000,076029,090532,088803,087392,040864,024312
0000000250,0000249000,076629,087792,090942,082559,051777,018231
0000000251,0000250000,078069,084917,092378,074932,062371,015264
0000000252,0000251000,080215,082175,092974,065251,071625,015691
0000000253,0000252000,082851,079842,092671,054471,078626,019471
0000000254,0000253000,085711,078153,091501,043655,082679,026233
0000000255,0000254000,088528,077267,089569,033847,083396,035324
0000000256,0000255000,091028,077268,087068,026006,080711,045851
0000000257,0000256000,092953,078157,084254,020910,074886,056771
0000000258,0000257000,094121,079852,081391,019056,066486,067025
0000000259,0000258000,094421,082189,078754,020618,056329,075620
0000000260,0000259000,093823,084928,076613,025442,045423,081702
0000000261,0000260000,092382,087806,075176,033061,034835,084672
0000000262,0000261000,090235,090550,074578,042734,025583,084250
0000000263,0000262000,087601,092883,074880,053506,018583,080479
0000000264,0000263000,084739,094574,076050,064315,014528,073725
0000000265,0000264000,081919,095464,077982,074119,013805,064643
0000000266,0000265000,079419,095462,080482,081960,016483,054124
0000000267,0000266000,077492,094574,083298,087056,022300,043211
0000000268,0000267000,076322,092880,086162,088915,030691,032962
0000000269,0000268000,076021,090542,088800,087360,040838,024369
0000000270,0000269000,076619,087801,090944,082543,051737,018287
0000000271,0000270000,078058,084924,092382,074934,062320,015313
0000000272,0000271000,080205,082178,092981,065271,071567,015729
0000000273,0000272000,082841,079842,092681,054507,078568,019493
0000000274,0000273000,085702,078150,091512,043705,082626,026237
0000000275,0000274000,088524,077260,089580,033905,083353,035309
0000000276,0000275000,091027,077258,087079,026066,080683,045819
0000000277,0000276000,092955,078146,084263,020967,074876,056724
0000000278,0000277000,094126,079841,081397,019104,066495,066968
0000000279,0000278000,094430,082178,078757,020652,056356,075559
0000000280,0000279000,093833,084919,076612,025459,045466,081642
0000000281,0000280000,092394,087799,075171,033058,034890,084619
0000000282,0000281000,090247,090546,074570,042712,025645,084210
0000000283,0000282000,087611,092883,074869,053467,018645,080455
0000000284,0000283000,084747,094578,076038,064262,014585,073721
0000000285,0000284000,081924,095470,077969,074057,013851,064659
0000000286,0000285000,079421,095472,080471,081896,016513,054158
0000000287,0000286000,077489,094586,083289,086996,022311,043261
0000000288,0000287000,076316,092893,086156,088864,030681,033023
0000000289,0000288000,076012,090554,088798,087323,040809,024435
0000000290,0000289000,076607,087812,090945,082526,051691,018351
0000000291,0000290000,078045,084932,092387,074937,062260,015369
0000000292,0000291000,080192,082182,092990,065294,071501,015771
0000000293,0000292000,082830,079842,092693,054549,078501,019517
0000000294,0000293000,085693,078146,091525,043761,082565,026241
0000000295,0000294000,088518,077252,089593,033971,083304,035292
0000000296,0000295000,091025,077247,087091,026134,080651,045782
0000000297,0000296000,092958,078133,084273,021031,074865,056671
0000000298,0000297000,094133,079827,081404,019159,066505,066903
0000000299,0000298000,094440,082164,078760,020691,056387,075489
0000000300,0000299000,093845,084908,076610,025478,045516,081574
0000000301,0000300000,092407,087791,075166,033055,034953,084560
0000000302,0000301000,090261,090541,074561,042687,025716,084165
0000000303,0000302000,087623,092883,074857,053422,018716,080429
0000000304,0000303000,084757,094583,076024,064202,014649,073716
0000000305,0000304000,081931,095478,077955,073988,013903,064677
0000000306,0000305000,079422,095484,080458,081823,016547,054198
0000000307,0000306000,077486,094600,083278,086927,022323,043318
0000000308,0000307000,076309,092907,086148,088806,030670,033092
0000000309,0000308000,076001,090568,088794,087282,040776,024509
0000000310,0000309000,076593,087824,090946,082506,051638,018423
0000000311,0000310000,078031,084940,092393,074941,062194,015432
0000000312,0000311000,080178,082187,092999,065321,071427,015819
0000000313,0000312000,082816,079842,092705,054596,078426,019545
0000000314,0000313000,085683,078142,091539,043825,082497,026245
0000000315,0000314000,088512,077243,089609,034045,083250,035273
0000000316,0000315000,091023,077235,087105,026211,080616,045741
0000000317,0000316000,092961,078119,084284,021104,074852,056611
0000000318,0000317000,094141,079811,081412,019220,066517,066830
0000000319,0000318000,094451,082150,078764,020734,056423,075410
0000000320,0000319000,093859,084896,076609,025499,045571,081497
0000000321,0000320000,092423,087781,075160,033051,035023,084493
0000000322,0000321000,090277,090536,074551,042659,025795,084114
0000000323,0000322000,087637,092883,074844,053372,018796,080400
0000000324,0000323000,084768,094587,076009,064134,014721,073712
0000000325,0000324000,081938,095487,077939,073909,013961,064698
0000000326,0000325000,079424,095497,080443,081741,016584,054242
0000000327,0000326000,077483,094615,083265,086851,022336,043381
0000000328,0000327000,076301,092923,086140,088741,030657,033169
0000000329,0000328000,075989,090584,088791,087237,040739,024592
0000000330,0000329000,076578,087838,090948,082484,051579,018504
0000000331,0000330000,078014,084950,092399,074945,062119,015503
0000000332,0000331000,080161,082193,093010,065351,071343,015873
0000000333,0000332000,082801,079843,092720,054649,078342,019576
0000000334,0000333000,085672,078137,091556,043897,082421,026250
0000000335,0000334000,088505,077234,089626,034128,083189,035251
0000000336,0000335000,091020,077222,087121,026298,080576,045694
0000000337,0000336000,092964,078103,084297,021185,074838,056544
0000000338,0000337000,094149,079794,081421,019288,066530,066749
0000000339,0000338000,094463,082133,078768,020782,056463,075322
0000000340,0000339000,093875,084881,076608,025522,045633,081412
0000000341,0000340000,092441,087770,075153,033047,035102,084418
0000000342,0000341000,090294,090530,074540,042627,025883,084058
0000000343,0000342000,087652,092883,074829,053316,018884,080367
0000000344,0000343000,084781,094592,075991,064059,014801,073707
0000000345,0000344000,081946,095497,077921,073821,014025,064721
0000000346,0000345000,079427,095511,080426,081650,016626,054291
0000000347,0000346000,077480,094632,083251,086765,022350,043452
0000000348,0000347000,076293,092941,086130,088670,030643,033255
0000000349,0000348000,075976,090602,088786,087186,040697,024685
0000000350,0000349000,076562,087853,090949,082460,051514,018594
0000000351,0000350000,077996,084962,092406,074950,062035,015581
0000000352,0000351000,080143,082199,093022,065385,071250,015932
0000000353,0000352000,082785,079844,092735,054709,078249,019609
0000000354,0000353000,085659,078131,091574,043977,082336,026255
0000000355,0000354000,088496,077223,089645,034220,083122,035226
0000000356,0000355000,091018,077207,087139,026393,080533,045641
0000000357,0000356000,092967,078084,084312,021275,074823,056469
0000000358,0000357000,094158,079774,081432,019363,066546,066658
0000000359,0000358000,094477,082115,078773,020835,056507,075225
0000000360,0000359000,093893,084865,076606,025547,045703,081318
0000000361,0000360000,092460,087757,075146,033041,035190,084336
0000000362,0000361000,090313,090523,074528,042591,025981,083996
0000000363,0000362000,087670,092882,074812,053253,018982,080332
0000000364,0000363000,084795,094597,075972,063975,014890,073703
0000000365,0000364000,081955,095508,077901,073724,014095,064748
0000000366,0000365000,079430,095527,080408,081550,016671,054347
0000000367,0000366000,077477,094651,083236,086671,022365,043531
0000000368,0000367000,076284,092962,086119,088591,030626,033350
0000000369,0000368000,075962,090621,088781,087131,040650,024787
0000000370,0000369000,076544,087870,090950,082434,051441,018693
0000000371,0000370000,077975,084975,092414,074956,061944,015667
0000000372,0000371000,080122,082207,093035,065423,071148,015996
0000000373,0000372000,082766,079845,092753,054775,078146,019646
0000000374,0000373000,085644,078126,091594,044064,082244,026259
0000000375,0000374000,088486,077212,089666,034322,083048,035198
0000000376,0000375000,091014,077191,087158,026499,080486,045583
0000000377,0000376000,092971,078064,084329,021374,074808,056386
0000000378,0000377000,094167,079753,081444,019445,066564,066559
0000000379,0000378000,094492,082094,078778,020892,056556,075118
0000000380,0000379000,093912,084847,076605,025574,045779,081214
0000000381,0000380000,092482,087743,075139,033034,035287,084247
0000000382,0000381000,090335,090515,074514,042551,026088,083929
0000000383,0000382000,087689,092881,074794,053184,019089,080294
0000000384,0000383000,084811,094603,075951,063883,014986,073698
0000000385,0000384000,081965,095520,077879,073618,014172,064777
0000000386,0000385000,079433,095544,080387,081440,016720,054408
0000000387,0000386000,077474,094672,083218,086568,022381,043618
0000000388,0000387000,076274,092984,086106,088506,030608,033454
0000000389,0000388000,075946,090643,088774,087072,040598,024898
0000000390,0000389000,076524,087889,090951,082406,051361,018800
0000000391,0000390000,077953,084990,092422,074964,061843,015761
0000000392,0000391000,080099,082216,093049,065464,071036,016067
0000000393,0000392000,082746,079846,092772,054847,078034,019686
0000000394,0000393000,085627,078120,091617,044161,082143,026264
0000000395,0000394000,088475,077200,089689,034433,082968,035167
0000000396,0000395000,091010,077173,087180,026614,080435,045519
0000000397,0000396000,092974,078042,084347,021481,074791,056295
0000000398,0000397000,094178,079730,081457,019534,066583,066450
0000000399,0000398000,094508,082071,078785,020954,056610,075002
0000000400,0000399000,093933,084826,076604,025603,045863,081102
0000000401,0000400000,092505,087728,075130,033026,035392,084149
0000000402,0000401000,085933,093034,077032,047350,025765,083405
0000000403,0000402000,089563,090791,072692,059010,016789,077837
0000000404,0000403000,086670,094972,076321,068666,014735,073343
0000000405,0000404000,084618,093432,075796,071850,013734,064271
0000000406,0000405000,084766,094127,078953,071642,019432,057091
0000000407,0000406000,082014,094534,083037,065616,027344,048616
0000000408,0000407000,082542,089370,082405,057182,038610,041675
0000000409,0000408000,080128,090926,088888,045463,050259,034893
0000000410,0000409000,082117,084684,087527,032191,063583,031471
0000000411,0000410000,078694,085680,092991,018611,075295,029646
0000000412,0000411000,083041,081888,092528,005190,085146,030445
0000000413,0000412000,081213,080741,093282,-03804,093117,034968
0000000414,0000413000,083217,079427,092593,-11209,094526,038830
0000000415,0000414000,085828,077999,090242,-12303,094856,047203
0000000416,0000415000,083837,080103,089849,-11117,088854,054195
0000000417,0000416000,089079,079263,085480,-04423,080493,062504
0000000418,0000417000,086918,083437,085360,005860,069712,070195
0000000419,0000418000,089901,082397,079424,019002,055933,074946
0000000420,0000419000,089097,087029,079233,034519,043228,079113
0000000421,0000420000,089278,087842,075842,049011,030242,079610
0000000422,0000421000,088770,090575,075189,063369,020489,078644
0000000423,0000422000,087960,093429,075913,074212,012882,074385
0000000424,0000423000,087488,092416,074356,082930,010021,068969
0000000425,0000424000,084700,095006,077827,086470,010001,060693
0000000426,0000425000,085565,092479,077518,085961,015096,052753
0000000427,0000426000,081459,093547,082124,080676,023374,044496
0000000428,0000427000,083100,090799,083733,071218,033903,036529
0000000429,0000428000,080871,089571,087215,059880,047437,031511
0000000430,0000429000,080604,086751,089184,045777,059289,026499
0000000431,0000430000,081700,084021,090781,032390,072225,025817
0000000432,0000431000,080214,082923,092949,018964,081849,026431
0000000433,0000432000,083123,079906,091942,008458,088996,030180
0000000434,0000433000,082640,080734,093445,001316,092411,036109
0000000435,0000434000,085139,078127,089979,-01778,091268,043168
0000000436,0000435000,085454,079927,089487,-00029,086496,051568
0000000437,0000436000,087422,079873,086072,005305,077701,059558
0000000438,0000437000,087955,081659,083657,015255,066847,067367
0000000439,0000438000,088974,084345,081624,027361,053505,072769
0000000440,0000439000,089907,085410,078022,042219,040790,077093
0000000441,0000440000,088523,088886,077329,056695,027881,077812
0000000442,0000441000,089888,089589,074690,070499,017811,076691
0000000443,0000442000,087126,092628,075641,081845,010693,072972
0000000444,0000443000,087690,092789,075172,089565,006859,066564
0000000445,0000444000,085672,094089,077225,093901,008131,059525
0000000446,0000445000,084297,093369,078632,093006,012253,050469
0000000447,0000446000,083602,092312,080937,088420,020959,042385
0000000448,0000447000,081589,091472,084263,079186,031806,034476
0000000449,0000448000,081847,088566,085946,067458,044638,028465
0000000450,0000449000,080577,087714,089777,053733,057779,024449
0000000451,0000450000,081483,084050,090313,039672,070066,022867
0000000452,0000451000,080938,082976,092475,026630,080413,024058
0000000453,0000452000,082518,080659,092235,015403,087416,027557
0000000454,0000453000,083025,079720,092013,007936,091202,033825
0000000455,0000454000,084432,079580,091082,003981,090054,040974
0000000456,0000455000,086236,079196,088587,005108,085645,049915
0000000457,0000456000,086460,080711,086909,010102,076870,058136
0000000458,0000457000,088757,081259,083356,019224,065755,065974
0000000459,0000458000,088343,084090,081620,031302,052954,072287
0000000460,0000459000,089683,085464,078477,045079,039350,076058
0000000461,0000460000,089281,088351,077237,059808,027185,077843
0000000462,0000461000,088915,090021,075598,073211,016423,076325
0000000463,0000462000,088357,091595,075117,084888,009260,072743
0000000464,0000463000,086917,093153,075965,092852,005527,066485
0000000465,0000464000,086218,093016,076461,097159,006254,058866
0000000466,0000465000,084325,093751,079223,096872,010831,050085
0000000467,0000466000,083801,092057,080725,092311,019209,041356
0000000468,0000467000,081916,091302,083948,083856,030410,033424
0000000469,0000468000,081782,089005,086120,072050,043119,026858
0000000470,0000469000,080956,087049,088724,058660,056767,022889
0000000471,0000470000,080966,084965,090723,044269,069037,020893
0000000472,0000471000,081726,082679,091652,031111,079844,022236
0000000473,0000472000,081769,081424,092511,019668,087136,025799
0000000474,0000473000,083537,079680,091518,011562,090842,031902
0000000475,0000474000,084056,079831,090989,007336,090371,039810
0000000476,0000475000,085890,079378,088597,007415,085526,048505
0000000477,0000476000,086840,080636,086800,012099,077296,057583
0000000478,0000477000,088053,081734,083943,020475,065874,065557
0000000479,0000478000,088849,083494,081319,032256,052989,072285
0000000480,0000479000,089150,085819,079248,045723,039320,076492
0000000481,0000480000,089524,087556,076919,060137,026743,078361
0000000482,0000481000,088742,090112,076234,073694,015924,077200
0000000483,0000482000,088606,091203,075273,085362,008334,073450
0000000484,0000483000,087017,092771,076041,093951,004597,067308
0000000485,0000484000,086276,093000,076805,098471,004879,059207
0000000486,0000485000,084755,093067,078778,098871,009674,050406
0000000487,0000486000,083502,092324,081033,094625,017828,041057
0000000488,0000487000,082667,090904,083404,086679,029241,032847
0000000489,0000488000,081443,089403,086239,075315,042207,025956
0000000490,0000489000,081397,086936,088176,061990,055883,021398
0000000491,0000490000,080905,085293,090491,047825,068790,019502
0000000492,0000491000,081571,082914,091310,034220,079598,020405
0000000493,0000492000,081993,081610,092133,022631,087473,024228
0000000494,0000493000,083136,080303,091611,013888,091317,030344
0000000495,0000494000,084235,079749,090513,009175,091092,038572
0000000496,0000495000,085439,079954,088956,008556,086396,047647
0000000497,0000496000,086899,080400,086498,012511,078156,057126
0000000498,0000497000,087665,082005,084341,020346,066737,065673
0000000499,0000498000,088909,083357,081509,031512,053552,072733
0000000500,0000499000,089008,085627,079510,044847,039815,077532
0000000501,0000500000,089409,087455,077373,058962,026677,079482
0000000502,0000501000,088981,089542,076301,072736,015745,078727
0000000503,0000502000,088336,091094,075786,084546,007673,074842
0000000504,0000503000,087527,092180,075990,093617,003693,068629
0000000505,0000504000,086157,092937,077187,098760,003828,060329
0000000506,0000505000,085143,092605,078595,099720,008351,050971
0000000507,0000506000,083645,092265,081035,096247,016691,041348
0000000508,0000507000,082794,090798,083169,088724,028033,032455
0000000509,0000508000,081728,089360,085884,077945,041367,025207
0000000510,0000509000,081367,087300,088037,064805,055254,020119
0000000511,0000510000,081149,085314,089887,050802,068587,017975
0000000512,0000511000,081360,083479,091208,037017,079751,018663
0000000513,0000512000,082124,081740,091582,025045,088015,022477
0000000514,0000513000,082810,080827,091513,015801,092229,028800
0000000515,0000514000,084212,080021,090316,010320,092152,037233
0000000516,0000515000,085202,080226,088932,009077,087762,046886
0000000517,0000516000,086620,080653,086646,012150,079376,056720
0000000518,0000517000,087629,081927,084399,019392,068006,065986
0000000519,0000518000,088517,083448,081950,029911,054520,073502
0000000520,0000519000,089120,085280,079671,042902,040485,078808
0000000521,0000520000,089183,087366,077940,056896,027002,081179
0000000522,0000521000,089113,089029,076533,070718,015573,080544
0000000523,0000522000,088362,090781,076198,082932,007205,076796
0000000524,0000523000,087664,091742,076211,092434,002769,070346
0000000525,0000524000,086393,092493,077291,098343,002734,061819
0000000526,0000525000,085292,092419,078754,099998,007029,051919
0000000527,0000526000,084005,091911,080788,097375,015408,041815
0000000528,0000527000,082865,090860,083120,090537,026815,032274
0000000529,0000528000,082078,089250,085426,080333,040407,024440
0000000530,0000529000,081356,087583,087748,067598,054671,018875
0000000531,0000530000,081318,085544,089410,053673,068336,016263
0000000532,0000531000,081339,083872,090816,039851,080059,016830
0000000533,0000532000,081998,082206,091234,027428,088644,020495
0000000534,0000533000,082770,081190,091139,017663,093325,027073
0000000535,0000534000,083878,080525,090241,011370,093492,035787
0000000536,0000535000,085101,080437,088750,009293,089294,045937
0000000537,0000536000,086266,081017,086857,011500,080964,056389
0000000538,0000537000,087476,081915,084513,017908,069453,066260
0000000539,0000538000,088259,083465,082337,027809,055788,074461
0000000540,0000539000,088993,085078,080047,040288,041336,080275
0000000541,0000540000,089116,087018,078356,054146,027484,083147
0000000542,0000541000,089067,088689,077056,067996,015525,082697
0000000543,0000542000,088531,090227,076505,080613,006756,079064
0000000544,0000543000,087706,091357,076631,090682,001873,072428
0000000545,0000544000,086720,091937,077402,097372,001537,063558
0000000546,0000545000,085446,092120,078888,099935,005669,053176
0000000547,0000546000,084336,091598,080651,098192,013939,042395
0000000548,0000547000,083114,090755,082925,092265,025519,032237
0000000549,0000548000,082275,089295,085089,082719,039290,023656
0000000550,0000549000,081583,087725,087257,070520,053969,017552
0000000551,0000550000,081336,085932,088992,056775,068047,014444
0000000552,0000551000,081427,084218,090236,042893,080277,014744
0000000553,0000552000,081850,082801,090867,030099,089340,018350
0000000554,0000553000,082679,081638,090710,019693,094431,025066
0000000555,0000554000,083608,081056,090053,012594,094970,034161
0000000556,0000555000,084860,080835,088641,009519,090946,044800
0000000557,0000556000,085980,081290,086914,010767,082731,055959
0000000558,0000557000,087165,082090,084787,016194,071087,066493
0000000559,0000558000,088076,083388,082642,025338,057228,075451
0000000560,0000559000,088732,084952,080572,037238,042380,081882
0000000561,0000560000,089085,086603,078819,050825,028075,085255
0000000562,0000561000,088987,088280,077642,064726,015633,085126
0000000563,0000562000,088643,089650,076948,077673,006323,081547
0000000564,0000563000,087855,090809,077053,088411,001029,074808
0000000565,0000564000,086941,091402,077675,095928,000295,065531
0000000566,0000565000,085759,091640,078960,099527,004223,054640
0000000567,0000566000,084601,091312,080630,098815,012377,043157
0000000568,0000567000,083467,090524,082635,093911,024051,032258
0000000569,0000568000,082492,089366,084757,085217,038045,022922
0000000570,0000569000,081840,087870,086709,073633,053075,016142
0000000571,0000570000,081423,086317,088460,060226,067635,012520
0000000572,0000571000,081480,084696,089635,046306,080351,012457
0000000573,0000572000,081782,083375,090317,033193,089961,016001
0000000574,0000573000,082497,082263,090291,022107,095489,022816
0000000575,0000574000,083408,081604,089715,014132,096445,032297
0000000576,0000575000,084514,081377,088545,009979,092663,043477
0000000577,0000576000,085701,081607,086926,010101,084562,055337
0000000578,0000577000,086799,082321,085067,014445,072881,066655
0000000579,0000578000,087810,083363,083009,022634,058790,076376
0000000580,0000579000,088490,084775,081118,033855,043608,083543
0000000581,0000580000,088938,086227,079431,047034,028821,087450
0000000582,0000581000,088956,087745,078251,060923,015884,087705
0000000583,0000582000,088678,089062,077563,074176,006019,084234
0000000584,0000583000,088049,090112,077510,085579,000248,077384
0000000585,0000584000,087152,090807,078053,094015,-00900,067739
0000000586,0000585000,086107,091064,079086,098723,002733,056287
0000000587,0000586000,084920,090923,080616,099215,010759,044101
0000000588,0000587000,083833,090282,082382,095460,022441,032378
0000000589,0000588000,082810,089347,084332,087806,036646,022257
0000000590,0000589000,082082,088069,086158,076981,051987,014715
0000000591,0000590000,081615,086680,087786,064043,067016,010514
0000000592,0000591000,081512,085275,088975,050198,080235,010051
0000000593,0000592000,081762,084003,089641,036792,090380,013451
0000000594,0000593000,082312,082991,089777,025057,096422,020372
0000000595,0000594000,083174,082268,089302,016125,097800,030189
0000000596,0000595000,084177,081988,088362,010823,094347,041945
0000000597,0000596000,085335,082054,086951,009668,086404,054507
0000000598,0000597000,086431,082573,085296,012777,074751,066656
0000000599,0000598000,087448,083424,083460,019841,060482,077199
0000000600,0000599000,088229,084563,081694,030204,045000,085145
0000000601,0000600000,088721,085849,080156,042847,029778,089669
0000000602,0000601000,088899,087149,078964,056589,016326,090345
0000000603,0000602000,088697,088377,078284,070106,005928,087059
0000000604,0000603000,088214,089343,078101,082140,-00375,080110
0000000605,0000604000,087408,090071,078489,091553,-01965,070146
0000000606,0000605000,086437,090416,079321,097451,001302,058127
0000000607,0000606000,085322,090404,080605,099285,009132,045226
0000000608,0000607000,084216,090000,082161,096855,020760,032665
0000000609,0000608000,083205,089261,083855,090411,035085,021695
0000000610,0000609000,082377,088263,085547,080548,050704,013361
0000000611,0000610000,081849,087076,087020,068227,066133,008498
0000000612,0000611000,081607,085892,088182,054608,079848,007595
0000000613,0000612000,081743,084742,088874,040984,090515,010778
0000000614,0000613000,082167,083794,089111,028640,097099,017762
0000000615,0000614000,082903,083079,088818,018724,098942,027879
0000000616,0000615000,083841,082684,088076,012187,095877,040183
0000000617,0000616000,084910,082622,086945,009632,088183,053456
0000000618,0000617000,086019,082904,085510,011322,076622,066434
0000000619,0000618000,087030,083531,083940,017083,062282,077849
0000000620,0000619000,087892,084383,082354,026375,046561,086598
0000000621,0000620000,088469,085432,080957,038306,030981,091811
0000000622,0000621000,088765,086520,079823,051740,017050,092962
0000000623,0000622000,088709,087580,079112,065414,006135,089922
0000000624,0000623000,088341,088490,078840,078032,-00705,082941
0000000625,0000624000,087681,089200,079024,088424,-02792,072699
0000000626,0000625000,086785,089651,079654,095599,000056,060163
0000000627,0000626000,085760,089778,080649,098890,007590,046551
0000000628,0000627000,084663,089615,081943,097971,019074,033169
0000000629,0000628000,083646,089131,083372,092933,033406,021323
0000000630,0000629000,082759,088413,084846,084255,049210,012167
0000000631,0000630000,082126,087510,086171,072758,064948,006592
0000000632,0000631000,081776,086543,087247,059542,079096,005183
0000000633,0000632000,081750,085580,087979,045840,090262,008086
0000000634,0000633000,082053,084706,088300,032951,097377,015054
0000000635,0000634000,082637,084013,088209,022071,099736,025420
0000000636,0000635000,083477,083518,087701,014228,097118,038201
0000000637,0000636000,084462,083300,086860,010159,089779,052156
0000000638,0000637000,085535,083351,085719,010249,078421,065940
0000000639,0000638000,086562,083689,084428,014494,064137,078227
0000000640,0000639000,087468,084251,083095,022485,048305,087805
0000000641,0000640000,088156,084995,081852,033468,032470,093744
0000000642,0000641000,088565,085844,080823,046395,018154,095439
0000000643,0000642000,088671,086697,080090,060057,006766,092710
0000000644,0000643000,088444,087515,079720,073167,-00594,085789
0000000645,0000644000,087935,088206,079708,084503,-03219,075342
0000000646,0000645000,087161,088735,080084,093003,-00853,062368
0000000647,0000646000,086219,089037,080780,097865,006273,048106
0000000648,0000647000,085178,089109,081743,098633,017478,033944
0000000649,0000648000,084146,088929,082879,095228,031675,021245
0000000650,0000649000,083222,088521,084074,087979,047504,011251
0000000651,0000650000,082481,087948,085214,077567,063421,004942
0000000652,0000651000,082009,087246,086180,064981,077882,002959
0000000653,0000652000,081823,086497,086917,051398,089481,005508
0000000654,0000653000,081964,085747,087339,038091,097098,012363
0000000655,0000654000,082395,085073,087441,026303,099998,022879
0000000656,0000655000,083094,084507,087213,017131,097905,036042
0000000657,0000656000,083988,084111,086680,011441,091033,050590
0000000658,0000657000,084993,083921,085893,009761,080034,065118
0000000659,0000658000,086023,083936,084929,012256,065977,078226
0000000660,0000659000,086966,084165,083894,018683,050221,088629
0000000661,0000660000,087753,084568,082864,028435,034294,095310
0000000662,0000661000,088294,085114,081960,040594,019743,097606
0000000663,0000662000,088558,085740,081240,054017,007979,095270
0000000664,0000663000,088510,086414,080763,067456,000140,088518
0000000665,0000664000,088161,087075,080560,079652,-03031,077990
0000000666,0000665000,087544,087665,080646,089474,-01229,064695
0000000667,0000666000,086708,088149,081007,095998,005367,049906
0000000668,0000667000,085743,088474,081597,098617,016116,035055
0000000669,0000668000,084725,088623,082377,097084,029979,021576
0000000670,0000669000,083764,088579,083249,091544,045616,010781
0000000671,0000670000,082935,088366,084142,082523,061505,003732
0000000672,0000671000,082323,087991,084973,070865,076102,001127
0000000673,0000672000,081978,087492,085678,057662,088003,003233
0000000674,0000673000,081929,086910,086199,044141,096057,009857
0000000675,0000674000,082187,086278,086500,031563,099498,020374
0000000676,0000675000,082718,085654,086572,021095,098007,033769
0000000677,0000676000,083485,085085,086394,013714,091737,048759
0000000678,0000677000,084405,084626,086003,010109,081295,063901
0000000679,0000678000,085403,084300,085431,010614,067697,077724
0000000680,0000679000,086379,084145,084740,015180,052269,088887
0000000681,0000680000,087247,084166,083987,023373,036503,096297
0000000682,0000681000,087928,084355,083244,034428,021932,099229
0000000683,0000682000,088358,084709,082568,047312,009961,097382
0000000684,0000683000,088505,085198,082000,060830,001735,090932
0000000685,0000684000,088347,085792,081596,073725,-01967,080493
0000000686,0000685000,087909,086437,081375,084802,-00798,067064
0000000687,0000686000,087220,087091,081355,093030,005117,051938
0000000688,0000687000,086352,087692,081530,097642,015194,036573
0000000689,0000688000,085381,088192,081886,098215,028454,022458
0000000690,0000689000,084397,088556,082381,094694,043603,010962
0000000691,0000690000,083494,088749,082970,087416,059167,003212
0000000692,0000691000,082746,088752,083615,077057,073640,-00038
0000000693,0000692000,082228,088556,084258,064581,085632,001530
0000000694,0000693000,081979,088178,084857,051143,093998,007773
0000000695,0000694000,082030,087631,085367,037986,097947,018093
0000000696,0000695000,082369,086964,085750,026331,097121,031497
0000000697,0000696000,082971,086231,085972,017256,091611,046695
0000000698,0000697000,083777,085488,086022,011604,081966,062224
0000000699,0000698000,084713,084799,085904,009894,069136,076573
0000000700,0000699000,085697,084222,085620,012283,054377,088354
0000000701,0000700000,086632,083810,085202,018540,039122,096424
0000000702,0000701000,087443,083597,084675,028085,024848,099998
0000000703,0000702000,088050,083621,084076,040033,012924,098732
0000000704,0000703000,088402,083884,083445,053280,004476,092751
0000000705,0000704000,088466,084370,082836,066605,000301,082628
0000000706,0000705000,088233,085046,082294,078776,000782,069334
0000000707,0000706000,087728,085860,081856,088666,005849,054155
0000000708,0000707000,086994,086743,081567,095362,014990,038558
0000000709,0000708000,086101,087619,081441,098248,027301,024054
0000000710,0000709000,085128,088422,081492,097063,041569,012050
0000000711,0000710000,084165,089067,081720,091923,056402,003707
0000000712,0000711000,083296,089495,082120,083305,070375,-00176
0000000713,0000712000,082600,089658,082662,072002,082151,000769
0000000714,0000713000,082141,089530,083311,059056,090619,006450
0000000715,0000714000,081959,089112,084021,045655,094989,016314
0000000716,0000715000,082076,088432,084728,033035,094867,029410
0000000717,0000716000,082476,087547,085380,022361,090291,044474
0000000718,0000717000,083127,086522,085924,014616,081735,060043
0000000719,0000718000,083966,085449,086312,010510,070059,074607
0000000720,0000719000,084921,084423,086504,010412,056417,086758
0000000721,0000720000,085903,083537,086478,014326,042140,095331
0000000722,0000721000,086825,082879,086225,021887,028603,099507
0000000723,0000722000,087606,082520,085750,032401,017092,098901
0000000724,0000723000,088173,082504,085089,044905,008684,093582
0000000725,0000724000,088477,082838,084290,058254,004163,084066
0000000726,0000725000,088485,083510,083417,071221,003932,071276
0000000727,0000726000,088199,084465,082541,082612,007976,056455
0000000728,0000727000,087642,085624,081739,091380,015866,041042
0000000729,0000728000,086867,086890,081079,096724,026798,026535
0000000730,0000729000,085944,088148,080625,098163,039680,014336
0000000731,0000730000,084952,089281,080433,095573,053253,005609
0000000732,0000731000,083984,090175,080528,089195,066217,001171
0000000733,0000732000,083121,090744,080918,079612,077344,001429
0000000734,0000733000,082445,090919,081579,067696,085597,006342
0000000735,0000734000,082016,090675,082464,054535,090219,015425
0000000736,0000735000,081877,090024,083499,041333,090803,027793
0000000737,0000736000,082040,089011,084599,029302,087334,042240
0000000738,0000737000,082491,087718,085672,019546,080201,057354
0000000739,0000738000,083190,086262,086613,012953,070148,071665
0000000740,0000739000,084072,084775,087335,010116,058183,083798
0000000741,0000740000,085061,083393,087761,011283,045481,092603
0000000742,0000741000,086068,082254,087839,016342,033260,097262
0000000743,0000742000,087004,081472,087544,024834,022664,097361
0000000744,0000743000,087786,081125,086896,035988,014676,092915
0000000745,0000744000,088341,081261,085939,048794,010025,084366
0000000746,0000745000,088617,081883,084745,062081,009111,072555
0000000747,0000746000,088586,082945,083421,074635,011967,058646
0000000748,0000747000,088251,084358,082081,085306,018257,044000
0000000749,0000748000,087642,085999,080849,093125,027306,030046
0000000750,0000749000,086815,087715,079847,097391,038192,018123
0000000751,0000750000,085841,089341,079179,097727,049845,009349
0000000752,0000751000,084808,090726,078916,094111,061152,004527
0000000753,0000752000,083805,091733,079096,086869,071056,004078
0000000754,0000753000,082923,092257,079719,076653,078652,008013
0000000755,0000754000,082242,092239,080740,064384,083254,015929
0000000756,0000755000,081827,091662,082080,051176,084476,027039
0000000757,0000756000,081718,090564,083625,038236,082265,040241
0000000758,0000757000,081926,089038,085235,026743,076913,054230
0000000759,0000758000,082432,087225,086756,017739,069011,067643
0000000760,0000759000,083191,085294,088039,012030,059379,079198
0000000761,0000760000,084135,083426,088959,010120,048969,087822
0000000762,0000761000,085181,081799,089418,012172,038772,092738
0000000763,0000762000,086238,080569,089362,018000,029735,093527
0000000764,0000763000,087213,079857,088782,027083,022677,090155
0000000765,0000764000,088016,079746,087714,038608,018223,082980
0000000766,0000765000,088571,080267,086239,051534,016736,072728
0000000767,0000766000,088826,081385,084485,064685,018280,060429
0000000768,0000767000,088754,083005,082615,076863,022616,047305
0000000769,0000768000,088363,084976,080807,086967,029239,034641
0000000770,0000769000,087688,087109,079241,094095,037445,023640
0000000771,0000770000,086789,089203,078069,097618,046419,015312
0000000772,0000771000,085746,091065,077404,097229,055306,010394
0000000773,0000772000,084649,092518,077322,092967,063288,009296
0000000774,0000773000,083594,093416,077846,085209,069651,012069
0000000775,0000774000,082675,093665,078944,074643,073849,018401
0000000776,0000775000,081981,093217,080535,062218,075550,027637
0000000777,0000776000,081578,092093,082484,049059,074687,038833
0000000778,0000777000,081505,090398,084602,036361,071447,050865
0000000779,0000778000,081770,088293,086682,025272,066236,062559
0000000780,0000779000,082346,085980,088524,016778,059630,072807
0000000781,0000780000,083182,083678,089947,011629,052293,080680
0000000782,0000781000,084205,081599,090818,010274,044921,085498
0000000783,0000782000,085325,079932,091050,012828,038188,086870
0000000784,0000783000,086447,078846,090599,019067,032688,084727
0000000785,0000784000,087469,078456,089488,028444,028874,079339
0000000786,0000785000,088296,078820,087802,040123,027027,071283
0000000787,0000786000,088847,079927,085685,053052,027215,061398
0000000788,0000787000,089070,081674,083341,066058,029303,050690
0000000789,0000788000,088942,083887,081005,077970,032988,040206
0000000790,0000789000,088480,086350,078905,087726,037838,030930
0000000791,0000790000,087724,088831,077240,094470,043354,023690
0000000792,0000791000,086741,091108,076162,097611,049012,019098
0000000793,0000792000,085618,092971,075775,096877,054301,017513
0000000794,0000793000,084447,094237,076138,092332,058767,019011
0000000795,0000794000,083337,094769,077239,084369,062066,023368
0000000796,0000795000,082387,094500,078995,073691,063980,030092
0000000797,0000796000,081691,093430,081252,061253,064449,038461
0000000798,0000797000,081318,091661,083791,048178,063557,047609
0000000799,0000798000,081300,089376,086351,035646,061497,056643
0000000800,0000799000,081635,086799,088686,024771,058542,064728
0000000801,0000800000,082292,084172,090579,016506,055017,071150
0000000802,0000801000,083214,081729,091855,011573,051257,075384
0000000803,0000802000,084320,079692,092401,010403,047598,077113
0000000804,0000803000,085516,078261,092138,013097,044336,076261
0000000805,0000804000,086696,077589,091068,019428,041693,073008
0000000806,0000805000,087753,077755,089275,028842,039806,067758
0000000807,0000806000,088585,078765,086914,040506,038724,061097
0000000808,0000807000,089108,080525,084221,053370,038408,053733
0000000809,0000808000,089277,082842,081474,066274,038780,046387
0000000810,0000809000,089081,085490,078937,078071,039735,039721
0000000811,0000810000,088540,088222,076838,087728,041132,034310
0000000812,0000811000,087699,090792,075377,094402,042832,030585
0000000813,0000812000,086635,092970,074679,097512,044697,028800
0000000814,0000813000,085437,094546,074829,096787,046598,029027
0000000815,0000814000,084210,095349,075846,092282,048449,031128
0000000816,0000815000,083066,095289,077645,084384,050208,034787
0000000817,0000816000,082113,094364,080059,073786,051846,039569
0000000818,0000817000,081444,092647,082866,061432,053352,044947
0000000819,0000818000,081125,090339,085751,048438,054702,050384
0000000820,0000819000,081172,087680,088441,035961,055817,055420
0000000821,0000820000,081583,084887,090714,025090,056641,059637
0000000822,0000821000,082320,082228,092350,016775,057128,062702
0000000823,0000822000,083318,079957,093183,011739,057199,064441
0000000824,0000823000,084491,078266,093150,010419,056794,064809
0000000825,0000824000,085737,077338,092220,012935,055865,063885
0000000826,0000825000,086945,077295,090444,019080,054350,061896
0000000827,0000826000,087999,078123,088018,028322,052232,059137
0000000828,0000827000,088803,079745,085170,039845,049586,055915
0000000829,0000828000,089271,082000,082196,052611,046543,052569
0000000830,0000829000,089376,084629,079393,065480,043335,049363
0000000831,0000830000,089111,087412,076996,077328,040234,046530
0000000832,0000831000,088496,090108,075220,087121,037493,044268
0000000833,0000832000,087591,092436,074249,094008,035387,042688
0000000834,0000833000,086468,094201,074175,097393,034180,041794
0000000835,0000834000,085235,095221,075007,096978,034082,041541
0000000836,0000835000,083990,095382,076706,092787,035251,041807
0000000837,0000836000,082858,094667,079091,085173,037739,042462
0000000838,0000837000,081937,093160,081933,074801,041447,043393
0000000839,0000838000,081326,091025,084921,062599,046125,044495
0000000840,0000839000,081070,088488,087770,049663,051383,045719
0000000841,0000840000,081178,085761,090258,037121,056752,047016
0000000842,0000841000,081655,083089,092135,026070,061778,048323
0000000843,0000842000,082442,080767,093212,017466,065965,049636
0000000844,0000843000,083485,078964,093399,012056,068849,050983
0000000845,0000844000,084676,077871,092688,010310,070073,052373
0000000846,0000845000,085925,077613,091095,012389,069358,053827
0000000847,0000846000,087108,078196,088804,018130,066609,055325
0000000848,0000847000,088120,079542,086050,027038,061964,056755
0000000849,0000848000,088863,081516,083105,038324,055771,057992
0000000850,0000849000,089269,083912,080264,050974,048556,058877
0000000851,0000850000,089322,086505,077759,063879,040983,059254
0000000852,0000851000,088999,089084,075826,075912,033722,059020
0000000853,0000852000,088350,091360,074656,086028,027462,058091
0000000854,0000853000,087418,093141,074368,093356,022867,056395
0000000855,0000854000,086298,094269,074958,097258,020470,053933
0000000856,0000855000,085082,094628,076392,097391,020637,050801
0000000857,0000856000,083877,094186,078537,093722,023512,047180
0000000858,0000857000,082801,093017,081148,086561,028950,043369
0000000859,0000858000,081946,091265,083962,076537,036503,039749
0000000860,0000859000,081396,089075,086724,064543,045503,036700
0000000861,0000860000,081187,086660,089197,051640,055147,034558
0000000862,0000861000,081340,084256,091129,038952,064544,033606
0000000863,0000862000,081835,082093,092345,027584,072799,034051
0000000864,0000863000,082626,080369,092744,018513,079076,035993
0000000865,0000864000,083645,079243,092282,012527,082684,039411
0000000866,0000865000,084795,078819,091019,010147,083139,044131
0000000867,0000866000,085984,079102,089090,011597,080262,049805
0000000868,0000867000,087095,080051,086700,016763,074225,055925
0000000869,0000868000,088036,081567,084067,025199,065524,061901
0000000870,0000869000,088716,083492,081458,036159,054937,067142
0000000871,0000870000,089079,085640,079107,048671,043437,071086
0000000872,0000871000,089100,087820,077217,061641,032092,073290
0000000873,0000872000,088776,089810,075982,073940,021970,073441
0000000874,0000873000,088147,091405,075516,084506,014092,071373
0000000875,0000874000,087264,092495,075833,092431,009303,067121
0000000876,0000875000,086211,092986,076879,097023,008161,060963
0000000877,0000876000,085076,092845,078559,097875,010898,053390
0000000878,0000877000,083961,092120,080681,094895,017349,045077
0000000879,0000878000,082965,090901,083034,088338,026954,036836
0000000880,0000879000,082177,089291,085418,078777,038842,029476
0000000881,0000880000,081669,087449,087599,067059,051929,023733
0000000882,0000881000,081474,085577,089368,054212,064984,020233
0000000883,0000882000,081614,083835,090569,041353,076756,019417
0000000884,0000883000,082061,082396,091106,029596,086091,021489
0000000885,0000884000,082780,081390,090931,019951,092017,026400
0000000886,0000885000,083702,080875,090104,013254,093872,033813
0000000887,0000886000,084748,080863,088732,010091,091397,043091
0000000888,0000887000,085831,081346,086941,010752,084758,053387
0000000889,0000888000,086849,082263,084910,015186,074528,063725
0000000890,0000889000,087719,083506,082838,023010,061647,073094
0000000891,0000890000,088358,084965,080914,033533,047317,080555
0000000892,0000891000,088718,086492,079308,045831,032879,085339
0000000893,0000892000,088770,087923,078185,058833,019718,086893
0000000894,0000893000,088519,089129,077628,071413,009132,084938
0000000895,0000894000,087990,090026,077650,082489,002187,079543
0000000896,0000895000,087230,090550,078228,091103,-00395,071122
0000000897,0000896000,086306,090681,079282,096507,001701,060403
0000000898,0000897000,085294,090444,080691,098224,008322,048376
0000000899,0000898000,084287,089868,082319,096095,018869,036191
0000000900,0000899000,083368,089012,084024,090304,032370,025021
0000000901,0000900000,082621,087976,085632,081357,047563,015963
0000000902,0000901000,080763,094394,086894,071640,054771,009834
0000000903,0000902000,077666,098217,085803,059606,046123,005915
0000000904,0000903000,079337,087972,086794,051651,041182,008778
0000000905,0000904000,075169,082886,094943,052182,050128,013614
0000000906,0000905000,076034,088307,087877,056961,052462,020337
0000000907,0000906000,082983,088468,082886,057807,044345,038179
0000000908,0000907000,085092,076425,089375,053321,040836,053476
0000000909,0000908000,085460,072460,098884,054870,050989,054816
0000000910,0000909000,085419,076761,095047,054204,050882,040636
0000000911,0000910000,089935,078786,079956,060328,050086,045008
0000000912,0000911000,099998,079514,081848,055108,045164,054058
0000000913,0000912000,094211,072924,086069,048406,046758,051640
0000000914,0000913000,091154,079329,084911,056263,056721,046311
0000000915,0000914000,096041,089074,073811,056604,050531,041192
0000000916,0000915000,096814,086426,066086,054151,046652,052242
0000000917,0000916000,094864,086917,077076,049409,049520,056906
0000000918,0000917000,085155,090119,079363,048699,051746,046516
0000000919,0000918000,084121,097852,072158,057685,053411,046366
0000000920,0000919000,088728,099998,070968,053855,045363,051317
0000000921,0000920000,081699,092177,077006,048723,046073,056576
0000000922,0000921000,075502,094713,086753,051365,052530,052587
0000000923,0000922000,073397,098770,083404,054092,048677,045074
0000000924,0000923000,076640,095883,080608,057160,045445,053015
0000000925,0000924000,078664,089728,091103,051805,043892,056523
0000000926,0000925000,072105,083991,096536,051327,048598,050427
0000000927,0000926000,074051,087628,094090,058321,051363,046739
0000000928,0000927000,081169,085978,089130,056950,043618,048513
0000000929,0000928000,083651,076559,092381,054418,044086,055534
0000000930,0000929000,084070,074544,099998,053293,049393,050699
0000000931,0000930000,084356,076843,092894,056544,050903,042455
0000000932,0000931000,092192,079401,083473,059754,048821,047289
0000000933,0000932000,097086,075953,083788,053231,044731,052406
0000000934,0000933000,093041,072788,086773,051571,050112,051145
0000000935,0000934000,093094,080577,083784,055545,054139,044404
0000000936,0000935000,096257,086010,072818,056219,049441,044260
0000000937,0000936000,098244,085451,070943,053874,047854,053308
0000000938,0000937000,093950,085762,077440,049081,049753,052663
0000000939,0000938000,086669,090387,076025,051841,053279,046881
0000000940,0000939000,087592,097850,070944,055874,051087,047433
0000000941,0000940000,087822,096940,070887,052076,045591,052611
0000000942,0000941000,082092,093522,078739,050024,048539,055587
0000000943,0000942000,076674,096573,083939,051532,051283,049548
0000000944,0000943000,074956,098867,079984,054952,048792,047772
0000000945,0000944000,077492,096303,081816,054949,045139,054300
0000000946,0000945000,075682,089648,090613,051126,044856,054841
0000000947,0000946000,072010,087172,095001,053569,049676,050114
0000000948,0000947000,075042,089333,092558,057147,048727,047078
0000000949,0000948000,079690,084920,089934,056278,044062,050969
0000000950,0000949000,081909,077968,095269,054206,045490,054460
0000000951,0000950000,081764,075817,098516,053955,048917,048556
0000000952,0000951000,084656,077562,091950,057837,050139,044761
0000000953,0000952000,091945,078246,086298,057560,047211,048522
0000000954,0000953000,094193,074219,086717,053384,046217,051715
0000000955,0000954000,092915,074102,087896,053627,051017,049143
0000000956,0000955000,094220,079962,081981,055600,052084,044306
0000000957,0000956000,096961,083247,074108,055660,049210,047440
0000000958,0000957000,097758,083557,074680,052773,048439,052220
0000000959,0000958000,093401,085108,077002,050663,050893,049920
0000000960,0000959000,089858,090971,073995,053473,052753,047143
0000000961,0000960000,090056,095783,070310,054021,049491,048922
0000000962,0000961000,087581,094848,072147,051339,047426,053299
0000000963,0000962000,082329,094788,078457,050805,049668,052960
0000000964,0000963000,078341,097528,079836,052611,050356,048752
0000000965,0000964000,077589,098875,078340,054312,048284,050392
0000000966,0000965000,077094,095990,082987,052612,045504,054629
0000000967,0000966000,073768,091284,089833,052176,046852,052925
0000000968,0000967000,072864,090539,091872,054854,049084,049398
0000000969,0000968000,075546,089770,090454,055891,046762,049337
0000000970,0000969000,078060,084562,092201,054979,044891,052808
0000000971,0000970000,079086,079824,097008,054180,046739,052004
0000000972,0000971000,080425,078288,096467,055795,048606,047554
0000000973,0000972000,085422,078180,091521,057789,048224,047157
0000000974,0000973000,090190,076248,089330,055429,046745,050078
0000000975,0000974000,091019,073846,090021,053988,048114,050359
0000000976,0000975000,092348,075493,087868,055505,050641,046843
0000000977,0000976000,095616,078876,080906,055995,050129,045919
0000000978,0000977000,097524,080273,077281,054237,048961,049777
0000000979,0000978000,096201,081483,078040,052347,049824,050298
0000000980,0000979000,093592,085327,076080,052926,051882,047531
0000000981,0000980000,093145,090506,071864,054171,050815,047987
0000000982,0000981000,092130,092399,070987,052375,048729,051059
0000000983,0000982000,087633,093125,074322,050716,049700,052373
0000000984,0000983000,082872,096160,076642,052019,050713,049902
0000000985,0000984000,081091,098516,075521,053751,049157,049374
0000000986,0000985000,080121,097852,077385,052702,047277,052945
0000000987,0000986000,076262,095245,084072,050966,047015,054312
0000000988,0000987000,072797,094004,088306,053410,048721,050498
0000000989,0000988000,074046,093727,087830,055723,047762,049253
0000000990,0000989000,076243,090032,088976,054658,045333,052282
0000000991,0000990000,076175,084598,094478,053354,045932,053567
0000000992,0000991000,076006,082218,097362,054675,048165,049575
0000000993,0000992000,079551,081374,094225,057414,047766,047333
0000000994,0000993000,085465,078449,091617,057012,046089,049680
0000000995,0000994000,087929,074615,092817,054037,047070,051198
0000000996,0000995000,088099,074385,092720,054603,049770,048394
0000000997,0000996000,091414,076842,087296,057047,049818,045651
0000000998,0000997000,096341,077496,081361,056253,048165,048035
0000000999,0000998000,097400,077099,080956,053044,048900,050833
0000001000,0000999000,094907,079811,080713,052537,051490,048335
0000001001,0001000000,094250,085474,075486,054704,051968,046013
0000001002,0001001000,095721,088978,070815,054477,049101,049009
0000001003,0001002000,093878,089048,072318,051351,048653,052425
0000001004,0001003000,088245,091501,075634,050504,051416,050828
0000001005,0001004000,084209,096786,074469,052974,051475,047975
0000001006,0001005000,083818,098907,072507,054163,048173,050278
0000001007,0001006000,082134,096662,076683,051588,046748,054301
0000001008,0001007000,076583,095073,083645,050408,048733,053286
0000001009,0001008000,073020,096489,085817,053687,049674,049345
0000001010,0001009000,074689,095999,084781,055821,046720,049945
0000001011,0001010000,076388,090718,088151,053937,044783,053835
0000001012,0001011000,074818,085748,094872,052518,046861,053284
0000001013,0001012000,074090,084812,096451,054959,048840,048647
0000001014,0001013000,078405,083893,093000,057763,046932,047966
0000001015,0001014000,083986,079082,092392,056333,044975,051231
0000001016,0001015000,085588,074495,095207,053821,047314,051383
0000001017,0001016000,086031,075126,094245,055066,050274,047325
0000001018,0001017000,090133,077398,087853,057499,049129,045843
0000001019,0001018000,095512,076393,083383,056331,047113,049180
0000001020,0001019000,096616,075013,083811,053065,048867,050645
0000001021,0001020000,094580,078341,082394,053050,052060,047391
0000001022,0001021000,094953,084223,076201,055288,051517,045851
0000001023,0001022000,096934,086719,071756,054557,048643,049298
0000001024,0001023000,095187,086752,073354,051429,049052,052108
0000001025,0001024000,089934,090039,075443,050860,051875,049865
0000001026,0001025000,086473,095787,073073,053195,051573,047730
0000001027,0001026000,085903,098060,071387,053730,048243,050664
0000001028,0001027000,083545,096177,075697,051408,047170,053950
0000001029,0001028000,078226,095577,081508,050755,049418,052389
0000001030,0001029000,074685,097742,082972,053259,049816,049537
0000001031,0001030000,075099,097257,083001,054917,046676,050914
0000001032,0001031000,075773,092305,087254,053682,045185,053745
0000001033,0001032000,074203,088068,093138,052725,047230,052599
0000001034,0001033000,073567,087128,094632,054771,048499,049275
0000001035,0001034000,076934,085508,092938,056880,046563,049172
0000001036,0001035000,081259,080602,093516,055912,045207,051403
0000001037,0001036000,083153,076252,095925,054507,047196,050889
0000001038,0001037000,084749,075952,094703,055568,049385,047620
0000001039,0001038000,088649,076962,089727,056811,048690,047032
0000001040,0001039000,093013,075779,086572,056040,047265,049308
0000001041,0001040000,094937,074482,085965,054276,048728,049529
0000001042,0001041000,095071,077061,083194,054088,051307,047183
0000001043,0001042000,095773,081598,078028,054710,050855,047022
0000001044,0001043000,096742,083953,074657,054215,049184,049127
0000001045,0001044000,095673,085296,074390,052498,049834,050277
0000001046,0001045000,092478,088773,074139,051992,051255,049293
0000001047,0001046000,089675,093222,072427,052767,050938,048864
0000001048,0001047000,087588,095837,071959,052609,049304,050679
0000001049,0001048000,084320,096313,074724,051687,048583,052263
0000001050,0001049000,080701,096638,078019,052097,049057,051447
0000001051,0001050000,077919,097647,079824,052635,049108,050806
0000001052,0001051000,075844,097278,082222,052929,047537,052101
0000001053,0001052000,074465,094536,086373,053550,046693,052337
0000001054,0001053000,074158,091603,089591,054021,047122,051404
0000001055,0001054000,074484,089258,091615,054331,047180,051076
0000001056,0001055000,075588,086173,093616,054943,046399,051214
0000001057,0001056000,077551,082680,095126,055388,046764,050417
0000001058,0001057000,080418,079861,095096,055963,047128,049482
0000001059,0001058000,084031,077485,093849,056197,047293,049068
0000001060,0001059000,087207,075754,092395,055374,047928,049270
0000001061,0001060000,089313,075233,090819,055245,048558,048764
0000001062,0001061000,092144,075481,087734,056070,048895,047599
0000001063,0001062000,095589,076456,083315,055745,049438,047390
0000001064,0001063000,096797,078077,080500,053687,049711,049171
0000001065,0001064000,095697,080623,079039,053225,050447,048886
0000001066,0001065000,095125,084258,075988,054051,050885,047645
0000001067,0001066000,095114,087759,072496,053808,050170,048574
0000001068,0001067000,093455,089783,072109,052200,049626,050746
0000001069,0001068000,089344,092327,073705,051193,050613,050769
0000001070,0001069000,085173,096044,074135,052088,050674,049789
0000001071,0001070000,083306,097989,074069,053521,048658,050409
0000001072,0001071000,081705,097071,076603,052381,047669,052501
0000001073,0001072000,077641,096184,081527,051110,048572,052890
0000001074,0001073000,073866,096486,085026,052801,048819,050953
0000001075,0001074000,073986,095536,085829,055085,047112,050354
0000001076,0001075000,075560,091582,088219,054433,045624,052530
0000001077,0001076000,075071,087035,093264,053178,046429,052946
0000001078,0001077000,074518,084893,095942,054472,048154,049949
0000001079,0001078000,077441,083712,094228,056831,047369,048372
0000001080,0001079000,082450,079984,092924,056678,045630,050246
0000001081,0001080000,085393,075574,094397,054741,046731,051111
0000001082,0001081000,086282,074770,094317,054625,049373,048556
0000001083,0001082000,089081,076474,089794,056681,049446,046444
0000001084,0001083000,094116,076497,084759,056829,047848,047896
0000001085,0001084000,096731,075457,083171,054111,048472,049974
0000001086,0001085000,095519,077449,082397,052820,051011,048749
0000001087,0001086000,094771,082359,078243,054429,051533,046598
0000001088,0001087000,096236,085920,073201,054952,049727,047888
0000001089,0001088000,096005,087005,072359,052618,049026,050927
0000001090,0001089000,091916,089159,074283,050904,050824,050831
0000001091,0001090000,087503,093971,073885,052153,051659,048763
0000001092,0001091000,085703,097527,072137,053519,049445,049600
0000001093,0001092000,084222,097079,074059,052540,047470,052559
0000001094,0001093000,080364,095852,079156,051088,048548,052935
0000001095,0001094000,075886,097023,082455,051973,049767,050820
0000001096,0001095000,074383,097673,083308,054194,047898,050482
0000001097,0001096000,075235,094374,085756,054507,045651,052403
0000001098,0001097000,074998,089677,090679,053219,046326,053024
0000001099,0001098000,073809,087331,094227,053685,047982,050904
0000001100,0001099000,075176,086042,094144,055912,047458,049192
0000001101,0001100000,079213,082744,093410,056521,045932,050121
