0000000001,0000000000,094322,086767,078728,030914,034734,084409
0000000002,0000001000,092188,089484,078143,040667,025456,083936
0000000003,0000002000,089547,091815,078455,051505,018459,080093
0000000004,0000003000,086690,093493,079631,062386,014415,073257
0000000005,0000004000,083897,094355,081565,072227,013741,064088
0000000006,0000005000,081410,094346,084061,080077,016492,053488
0000000007,0000006000,079488,093461,086868,085161,022389,042507
0000000008,0000007000,078344,091751,089721,086985,030863,032210
0000000009,0000008000,078058,089415,092342,085360,041105,023593
0000000010,0000009000,078657,086691,094468,080462,052079,017516
0000000011,0000010000,080104,083822,095890,072768,062713,014576
0000000012,0000011000,082258,081083,096476,063009,071999,015049
0000000013,0000012000,084879,078775,096163,052161,079005,018891
0000000014,0000013000,087731,077099,094986,041294,083036,025727
0000000015,0000014000,090544,076217,093054,031452,083710,034896
0000000016,0000015000,093023,076235,090557,023593,080970,045495
0000000017,0000016000,094932,077135,087750,018515,075065,056477
0000000018,0000017000,096093,078825,084898,016696,066587,066775
0000000019,0000018000,096378,081162,082276,018312,056354,075391
0000000020,0000019000,095766,083902,080150,023212,045378,081467
0000000021,0000020000,094328,086761,078727,030913,034735,084409
0000000022,0000021000,092182,089491,078143,040664,025459,083935
0000000023,0000022000,089544,091817,078455,051514,018451,080092
0000000024,0000023000,086699,093486,079631,062385,014415,073256
0000000025,0000024000,083895,094357,081564,072225,013743,064088
0000000026,0000025000,081402,094353,084061,080079,016490,053488
0000000027,0000026000,079494,093454,086868,085168,022382,042507
0000000028,0000027000,078347,091749,089720,086981,030867,032209
0000000029,0000028000,078052,089421,092343,085361,041103,023593
0000000030,0000029000,078656,086691,094469,080469,052073,017516
0000000031,0000030000,080111,083815,095891,072769,062713,014575
0000000032,0000031000,082253,081088,096475,063008,072000,015048
0000000033,0000032000,084876,078777,096163,052165,079001,018891
0000000034,0000033000,087735,077094,094987,041299,083032,025727
0000000035,0000034000,090544,076217,093054,031450,083713,034895
0000000036,0000035000,093019,076239,090557,023596,080967,045494
0000000037,0000036000,094934,077132,087750,018518,075063,056475
0000000038,0000037000,096095,078823,084898,016697,066587,066773
0000000039,0000038000,096375,081166,082276,018312,056355,075389
0000000040,0000039000,095767,083900,080150,023215,045376,081466
0000000041,0000040000,094330,086759,078728,030913,034736,084407
0000000042,0000041000,092180,089493,078143,040664,025459,083934
0000000043,0000042000,089545,091816,078454,051515,018451,080092
0000000044,0000043000,086700,093484,079631,062385,014416,073256
0000000045,0000044000,083893,094359,081564,072224,013744,064088
0000000046,0000045000,081402,094353,084061,080080,016488,053489
0000000047,0000046000,079497,093452,086868,085166,022383,042508
0000000048,0000047000,078344,091751,089720,086981,030866,032210
0000000049,0000048000,078050,089423,092343,085363,041100,023594
0000000050,0000049000,078660,086688,094468,080470,052071,017517
0000000051,0000050000,080109,083816,095891,072768,062713,014576
0000000052,0000051000,082250,081091,096476,063012,071996,015049
0000000053,0000052000,084879,078774,096163,052169,078997,018891
0000000054,0000053000,087736,077093,094987,041299,083032,025726
0000000055,0000054000,090540,076221,093055,031454,083710,034893
0000000056,0000055000,093021,076237,090558,023602,080963,045492
0000000057,0000056000,094938,077128,087750,018519,075064,056473
0000000058,0000057000,096091,078826,084899,016698,066588,066770
0000000059,0000058000,096374,081167,082276,018317,056353,075386
0000000060,0000059000,095771,083895,080149,023216,045377,081463
0000000061,0000060000,094329,086760,078727,030911,034741,084405
0000000062,0000061000,092177,089497,078143,040666,025460,083932
0000000063,0000062000,089549,091813,078454,051515,018452,080090
0000000064,0000063000,086702,093483,079631,062381,014420,073256
0000000065,0000064000,083890,094363,081563,072222,013746,064088
0000000066,0000065000,081404,094353,084060,080080,016486,053490
0000000067,0000066000,079499,093450,086867,085163,022384,042510
0000000068,0000067000,078341,091755,089720,086978,030866,032213
0000000069,0000068000,078049,089424,092342,085364,041096,023597
0000000070,0000069000,078662,086685,094469,080469,052068,017520
0000000071,0000070000,080107,083818,095891,072768,062711,014578
0000000072,0000071000,082247,081093,096476,063015,071990,015051
0000000073,0000072000,084881,078771,096164,052173,078992,018892
0000000074,0000073000,087736,077092,094988,041302,083029,025726
0000000075,0000074000,090537,076223,093055,031459,083707,034892
0000000076,0000075000,093023,076235,090558,023608,080960,045490
0000000077,0000076000,094939,077126,087751,018523,075064,056469
0000000078,0000077000,096090,078828,084899,016702,066589,066766
0000000079,0000078000,096376,081165,082276,018322,056354,075381
0000000080,0000079000,095774,083893,080150,023217,045381,081459
0000000081,0000080000,094328,086761,078727,030912,034745,084400
0000000082,0000081000,092178,089496,078142,040666,025463,083928
0000000083,0000082000,089552,091811,078453,051512,018457,080088
0000000084,0000083000,086701,093485,079630,062377,014425,073255
0000000085,0000084000,083889,094365,081562,072219,013748,064089
0000000086,0000085000,081406,094351,084059,080075,016489,053493
0000000087,0000086000,079498,093451,086867,085157,022386,042514
0000000088,0000087000,078339,091758,089719,086975,030864,032218
0000000089,0000088000,078051,089423,092342,085362,041092,023603
0000000090,0000089000,078662,086685,094469,080466,052065,017526
0000000091,0000090000,080103,083821,095892,072769,062705,014583
0000000092,0000091000,082247,081093,096476,063019,071982,015055
0000000093,0000092000,084882,078769,096165,052176,078987,018894
0000000094,0000093000,087732,077094,094989,041307,083023,025726
0000000095,0000094000,090536,076223,093057,031468,083700,034890
0000000096,0000095000,093025,076231,090559,023615,080956,045486
0000000097,0000096000,094938,077126,087752,018529,075064,056464
0000000098,0000097000,096089,078828,084900,016710,066588,066758
0000000099,0000098000,096379,081161,082276,018327,056356,075373
0000000100,0000099000,095775,083892,080149,023218,045388,081451
0000000101,0000100000,094327,086763,078726,030912,034752,084393
0000000102,0000101000,092181,089494,078141,040665,025470,083923
0000000103,0000102000,089554,091809,078452,051506,018466,080085
0000000104,0000103000,086700,093488,079628,062370,014433,073254
0000000105,0000104000,083890,094366,081561,072212,013753,064091
0000000106,0000105000,081408,094350,084058,080066,016493,053497
0000000107,0000106000,079496,093454,086866,085148,022389,042521
0000000108,0000107000,078337,091761,089718,086969,030862,032226
0000000109,0000108000,078051,089423,092342,085357,041088,023612
0000000110,0000109000,078660,086687,094469,080463,052059,017535
0000000111,0000110000,080100,083824,095892,072770,062695,014591
0000000112,0000111000,082247,081092,096478,063023,071972,015061
0000000113,0000112000,084880,078769,096167,052182,078977,018898
0000000114,0000113000,087729,077096,094991,041316,083014,025727
0000000115,0000114000,090537,076221,093058,031479,083691,034888
0000000116,0000115000,093026,076229,090561,023625,080952,045480
0000000117,0000116000,094936,077126,087754,018540,075062,056455
0000000118,0000117000,096090,078826,084900,016720,066588,066748
0000000119,0000118000,096382,081158,082277,018333,056361,075362
0000000120,0000119000,095775,083891,080149,023221,045396,081440
0000000121,0000120000,094328,086762,078725,030913,034761,084383
0000000122,0000121000,092184,089492,078139,040661,025481,083915
0000000123,0000122000,089556,091810,078450,051498,018479,080080
0000000124,0000123000,086700,093490,079626,062361,014443,073253
0000000125,0000124000,083893,094365,081558,072201,013761,064094
0000000126,0000125000,081409,094352,084056,080053,016500,053504
0000000127,0000126000,079494,093458,086864,085136,022391,042530
0000000128,0000127000,078337,091762,089717,086960,030859,032238
0000000129,0000128000,078051,089424,092341,085349,041083,023625
0000000130,0000129000,078656,086691,094469,080459,052050,017548
0000000131,0000130000,080098,083825,095893,072771,062682,014603
0000000132,0000131000,082246,081091,096479,063028,071958,015070
0000000133,0000132000,084877,078770,096169,052190,078964,018903
0000000134,0000133000,087727,077096,094993,041329,083000,025728
0000000135,0000134000,090537,076218,093061,031493,083680,034884
0000000136,0000135000,093025,076227,090564,023639,080945,045473
0000000137,0000136000,094935,077125,087756,018555,075059,056444
0000000138,0000137000,096093,078822,084902,016733,066589,066734
0000000139,0000138000,096385,081154,082277,018342,056368,075347
0000000140,0000139000,095777,083891,080149,023226,045407,081424
0000000141,0000140000,094332,086760,078724,030914,034774,084370
0000000142,0000141000,092188,089490,078138,040656,025497,083904
0000000143,0000142000,089557,091811,078448,051488,018495,080073
0000000144,0000143000,086702,093491,079623,062348,014457,073251
0000000145,0000144000,083895,094366,081555,072185,013773,064098
0000000146,0000145000,081408,094355,084053,080035,016509,053512
0000000147,0000146000,079493,093462,086861,085121,022393,042543
0000000148,0000147000,078337,091764,089715,086946,030856,032255
0000000149,0000148000,078048,089427,092341,085338,041076,023643
0000000150,0000149000,078652,086695,094470,080455,052037,017565
0000000151,0000150000,080095,083826,095895,072772,062665,014619
0000000152,0000151000,082243,081091,096482,063034,071941,015082
0000000153,0000152000,084873,078771,096172,052201,078945,018910
0000000154,0000153000,087725,077094,094997,041346,082982,025730
0000000155,0000154000,090537,076215,093065,031511,083666,034880
0000000156,0000155000,093024,076225,090567,023659,080936,045462
0000000157,0000156000,094936,077122,087758,018574,075054,056429
0000000158,0000157000,096096,078817,084904,016749,066592,066716
0000000159,0000158000,096387,081151,082278,018353,056378,075326
0000000160,0000159000,095779,083889,080148,023233,045420,081404
0000000161,0000160000,094337,086757,078723,030914,034792,084352
0000000162,0000161000,092192,089489,078135,040648,025519,083890
0000000163,0000162000,089559,091813,078444,051476,018516,080065
0000000164,0000163000,086705,093492,079619,062331,014476,073249
0000000165,0000164000,083897,094368,081551,072164,013790,064103
0000000166,0000165000,081408,094359,084049,080013,016520,053524
0000000167,0000166000,079492,093466,086858,085100,022397,042560
0000000168,0000167000,078335,091767,089713,086928,030854,032276
0000000169,0000168000,078044,089432,092340,085325,041067,023666
0000000170,0000169000,078647,086699,094470,080449,052021,017588
0000000171,0000170000,080092,083828,095896,072773,062645,014639
0000000172,0000171000,082239,081093,096485,063041,071918,015098
0000000173,0000172000,084868,078772,096176,052216,078921,018920
0000000174,0000173000,087723,077092,095001,041366,082959,025732
0000000175,0000174000,090535,076212,093069,031534,083649,034874
0000000176,0000175000,093023,076222,090571,023684,080924,045449
0000000177,0000176000,094938,077117,087762,018599,075049,056409
0000000178,0000177000,096099,078812,084906,016769,066596,066692
0000000179,0000178000,096389,081148,082279,018368,056389,075300
0000000180,0000179000,095784,083885,080148,023241,045437,081378
0000000181,0000180000,094343,086753,078721,030913,034815,084329
0000000182,0000181000,092196,089488,078132,040639,025546,083873
0000000183,0000182000,089563,091813,078440,051460,018543,080054
0000000184,0000183000,086710,093492,079614,062308,014501,073247
0000000185,0000184000,083899,094371,081546,072137,013811,064109
0000000186,0000185000,081407,094364,084045,079986,016533,053538
0000000187,0000186000,079491,093470,086854,085074,022401,042582
0000000188,0000187000,078333,091772,089711,086905,030850,032302
0000000189,0000188000,078039,089438,092339,085308,041054,023695
0000000190,0000189000,078643,086703,094471,080441,052000,017616
0000000191,0000190000,080087,083830,095899,072773,062619,014664
0000000192,0000191000,082233,081095,096489,063051,071888,015117
0000000193,0000192000,084863,078772,096181,052235,078890,018931
0000000194,0000193000,087720,077089,095007,041391,082932,025734
0000000195,0000194000,090532,076209,093075,031564,083627,034867
0000000196,0000195000,093022,076218,090576,023716,080909,045433
0000000197,0000196000,094940,077110,087766,018628,075043,056386
0000000198,0000197000,096101,078806,084909,016794,066600,066663
0000000199,0000198000,096393,081143,082280,018386,056402,075268
0000000200,0000199000,095790,083879,080147,023251,045459,081347
0000000201,0000200000,094349,086749,078718,030912,034844,084301
0000000202,0000201000,092201,089487,078128,040628,025578,083851
0000000203,0000202000,089569,091813,078434,051440,018575,080042
0000000204,0000203000,086714,093494,079608,062281,014532,073245
0000000205,0000204000,083901,094375,081540,072104,013835,064117
0000000206,0000205000,081408,094370,084039,079952,016549,053556
0000000207,0000206000,079491,093476,086850,085041,022408,042608
0000000208,0000207000,078329,091779,089708,086877,030846,032334
0000000209,0000208000,078034,089445,092337,085289,041039,023730
0000000210,0000209000,078637,086707,094471,080431,051975,017651
0000000211,0000210000,080080,083834,095902,072774,062588,014695
0000000212,0000211000,082225,081098,096493,063063,071853,015141
0000000213,0000212000,084858,078771,096187,052258,078854,018945
0000000214,0000213000,087716,077087,095014,041421,082899,025737
0000000215,0000214000,090529,076205,093082,031600,083600,034858
0000000216,0000215000,093021,076212,090583,023754,080890,045413
0000000217,0000216000,094942,077103,087771,018664,075036,056357
0000000218,0000217000,096105,078799,084913,016824,066606,066627
0000000219,0000218000,096398,081136,082282,018408,056419,075230
0000000220,0000219000,095797,083873,080146,023262,045486,081309
0000000221,0000220000,094356,086745,078715,030911,034879,084268
0000000222,0000221000,092208,089485,078123,040615,025617,083825
0000000223,0000222000,089576,091812,078428,051416,018615,080027
0000000224,0000223000,086719,093496,079601,062247,014568,073241
0000000225,0000224000,083903,094380,081533,072065,013865,064127
0000000226,0000225000,081409,094376,084032,079911,016568,053578
0000000227,0000226000,079489,093483,086844,085002,022415,042640
0000000228,0000227000,078325,091788,089704,086844,030841,032373
0000000229,0000228000,078028,089452,092336,085265,041020,023772
0000000230,0000229000,078630,086713,094472,080419,051946,017692
0000000231,0000230000,080072,083839,095905,072775,062550,014731
0000000232,0000231000,082217,081101,096499,063078,071810,015169
0000000233,0000232000,084852,078771,096194,052284,078810,018962
0000000234,0000233000,087710,077084,095022,041458,082860,025740
0000000235,0000234000,090525,076201,093090,031642,083568,034847
0000000236,0000235000,093021,076205,090590,023799,080869,045390
0000000237,0000236000,094944,077095,087778,018706,075029,056322
0000000238,0000237000,096108,078791,084917,016860,066612,066585
0000000239,0000238000,096405,081128,082283,018434,056438,075184
0000000240,0000239000,095806,083865,080145,023274,045518,081264
0000000241,0000240000,094364,086740,078712,030909,034920,084228
0000000242,0000241000,092217,089482,078117,040599,025663,083795
0000000243,0000242000,089584,091812,078420,051387,018661,080009
0000000244,0000243000,086725,093499,079592,062207,014611,073238
0000000245,0000244000,083907,094386,081523,072019,013899,064138
0000000246,0000245000,081410,094383,084023,079863,016591,053603
0000000247,0000246000,079487,093492,086837,084956,022424,042677
0000000248,0000247000,078320,091798,089699,086805,030834,032418
0000000249,0000248000,078021,089461,092334,085238,040998,023821
0000000250,0000249000,078622,086721,094474,080405,051912,017741
0000000251,0000250000,080062,083846,095909,072777,062506,014774
0000000252,0000251000,082208,081104,096505,063096,071759,015201
0000000253,0000252000,084844,078770,096202,052316,078760,018981
0000000254,0000253000,087703,077082,095032,041500,082813,025744
0000000255,0000254000,090521,076195,093100,031693,083530,034835
0000000256,0000255000,093020,076196,090600,023851,080844,045362
0000000257,0000256000,094946,077085,087785,018755,075020,056282
0000000258,0000257000,096113,078781,084922,016902,066619,066536
0000000259,0000258000,096413,081118,082285,018464,056462,075131
0000000260,0000259000,095815,083857,080144,023289,045556,081212
0000000261,0000260000,094374,086735,078707,030907,034968,084182
0000000262,0000261000,092228,089479,078110,040581,025716,083760
0000000263,0000262000,089593,091812,078411,051353,018716,079988
0000000264,0000263000,086732,093503,079581,062161,014661,073234
0000000265,0000264000,083912,094392,081513,071966,013939,064152
0000000266,0000265000,081412,094391,084013,079806,016617,053633
0000000267,0000266000,079485,093503,086829,084903,022434,042720
0000000268,0000267000,078314,091809,089693,086761,030825,032471
0000000269,0000268000,078014,089471,092331,085206,040973,023879
0000000270,0000269000,078611,086730,094475,080389,051872,017797
0000000271,0000270000,080050,083853,095913,072780,062454,014823
0000000272,0000271000,082197,081107,096512,063116,071702,015239
0000000273,0000272000,084834,078770,096212,052352,078702,019003
0000000274,0000273000,087695,077078,095043,041550,082760,025748
0000000275,0000274000,090516,076188,093111,031750,083487,034820
0000000276,0000275000,093019,076187,090610,023911,080816,045330
0000000277,0000276000,094948,077074,087794,018812,075009,056235
0000000278,0000277000,096119,078769,084928,016950,066627,066479
0000000279,0000278000,096422,081106,082288,018498,056489,075069
0000000280,0000279000,095826,083848,080143,023306,045599,081152
0000000281,0000280000,094386,086728,078702,030905,035023,084130
0000000282,0000281000,092240,089474,078102,040559,025778,083720
0000000283,0000282000,089604,091812,078400,051314,018779,079965
0000000284,0000283000,086740,093507,079569,062109,014718,073230
0000000285,0000284000,083917,094399,081500,071904,013985,064168
0000000286,0000285000,081413,094401,084002,079742,016647,053667
0000000287,0000286000,079482,093515,086820,084842,022445,042770
0000000288,0000287000,078308,091821,089687,086710,030816,032532
0000000289,0000288000,078005,089483,092329,085169,040944,023944
0000000290,0000289000,078599,086741,094476,080371,051826,017861
0000000291,0000290000,080038,083860,095918,072783,062395,014879
0000000292,0000291000,082185,081111,096521,063139,071636,015282
0000000293,0000292000,084822,078771,096224,052394,078635,019028
0000000294,0000293000,087686,077075,095056,041606,082699,025752
0000000295,0000294000,090511,076180,093125,031816,083438,034803
0000000296,0000295000,093017,076176,090622,023979,080785,045293
0000000297,0000296000,094950,077062,087804,018877,074998,056182
0000000298,0000297000,096126,078756,084935,017005,066638,066414
0000000299,0000298000,096432,081093,082291,018537,056520,074999
0000000300,0000299000,095838,083837,080142,023324,045648,081084
0000000301,0000300000,094400,086719,078697,030902,035085,084070
0000000302,0000301000,092254,089470,078093,040534,025849,083675
0000000303,0000302000,089615,091812,078389,051269,018850,079938
0000000304,0000303000,086749,093511,079556,062049,014782,073226
0000000305,0000304000,083923,094407,081486,071834,014036,064186
0000000306,0000305000,081415,094412,083989,079669,016681,053707
0000000307,0000306000,079479,093529,086809,084773,022457,042827
0000000308,0000307000,078301,091835,089679,086652,030805,032601
0000000309,0000308000,077994,089497,092325,085128,040911,024018
0000000310,0000309000,078586,086753,094477,080351,051773,017933
0000000311,0000310000,080023,083869,095924,072786,062328,014942
0000000312,0000311000,082170,081116,096531,063166,071561,015330
0000000313,0000312000,084809,078771,096236,052441,078560,019056
0000000314,0000313000,087676,077070,095070,041670,082631,025756
0000000315,0000314000,090505,076172,093140,031890,083383,034784
0000000316,0000315000,093015,076164,090636,024056,080749,045252
0000000317,0000316000,094953,077048,087815,018950,074985,056122
0000000318,0000317000,096133,078740,084943,017066,066649,066341
0000000319,0000318000,096443,081078,082295,018580,056556,074921
0000000320,0000319000,095852,083824,080140,023345,045704,081007
0000000321,0000320000,094416,086709,078691,030898,035156,084003
0000000322,0000321000,092269,089464,078083,040506,025928,083624
0000000323,0000322000,089629,091812,078375,051219,018929,079909
0000000324,0000323000,086761,093516,079540,061981,014854,073221
0000000325,0000324000,083930,094416,081470,071755,014094,064207
0000000326,0000325000,081417,094425,083974,079587,016718,053751
0000000327,0000326000,079476,093544,086796,084697,022470,042890
0000000328,0000327000,078294,091851,089671,086587,030792,032678
0000000329,0000328000,077982,089512,092322,085082,040873,024102
0000000330,0000329000,078571,086766,094479,080329,051714,018014
0000000331,0000330000,080007,083879,095930,072790,062253,015013
0000000332,0000331000,082154,081121,096541,063196,071478,015383
0000000333,0000332000,084794,078772,096251,052494,078476,019086
0000000334,0000333000,087664,077065,095087,041742,082554,025761
0000000335,0000334000,090497,076162,093157,031973,083323,034762
0000000336,0000335000,093013,076151,090652,024143,080710,045205
0000000337,0000336000,094956,077031,087828,019031,074971,056055
0000000338,0000337000,096142,078722,084952,017134,066663,066260
0000000339,0000338000,096455,081062,082299,018628,056595,074833
0000000340,0000339000,095868,083810,080139,023369,045766,080922
0000000341,0000340000,094433,086698,078684,030893,035235,083929
0000000342,0000341000,092286,089458,078071,040473,026016,083568
0000000343,0000342000,089645,091811,078360,051163,019018,079877
0000000344,0000343000,086773,093520,079523,061906,014935,073217
0000000345,0000344000,083938,094426,081452,071668,014158,064230
0000000346,0000345000,081419,094440,083958,079496,016760,053800
0000000347,0000346000,079473,093561,086783,084611,022484,042962
0000000348,0000347000,078285,091870,089661,086516,030777,032764
0000000349,0000348000,077969,089530,092317,085032,040831,024194
0000000350,0000349000,078555,086782,094480,080305,051648,018103
0000000351,0000350000,079988,083890,095937,072795,062170,015091
0000000352,0000351000,082135,081128,096553,063230,071385,015442
0000000353,0000352000,084777,078772,096266,052554,078383,019120
0000000354,0000353000,087651,077060,095105,041821,082470,025766
0000000355,0000354000,090488,076152,093176,032065,083256,034737
0000000356,0000355000,093010,076136,090670,024239,080666,045152
0000000357,0000356000,094960,077013,087843,019121,074956,055980
0000000358,0000357000,096150,078703,084963,017208,066679,066169
0000000359,0000358000,096469,081043,082304,018681,056640,074736
0000000360,0000359000,095885,083793,080138,023394,045835,080828
0000000361,0000360000,094453,086686,078677,030888,035323,083847
0000000362,0000361000,092306,089451,078059,040438,026114,083506
0000000363,0000362000,089662,091810,078343,051100,019115,079842
0000000364,0000363000,086787,093526,079503,061822,015023,073212
0000000365,0000364000,083947,094437,081432,071571,014229,064257
0000000366,0000365000,081422,094455,083939,079396,016805,053856
0000000367,0000366000,079470,093580,086767,084517,022499,043040
0000000368,0000367000,078276,091890,089650,086437,030761,032859
0000000369,0000368000,077954,089550,092312,084977,040784,024296
0000000370,0000369000,078536,086799,094481,080279,051575,018202
0000000371,0000370000,079968,083904,095945,072801,062078,015177
0000000372,0000371000,082115,081136,096566,063267,071282,015507
0000000373,0000372000,084759,078773,096284,052620,078280,019157
0000000374,0000373000,087636,077054,095125,041909,082378,025770
0000000375,0000374000,090478,076141,093197,032167,083182,034709
0000000376,0000375000,093007,076120,090690,024344,080619,045094
0000000377,0000376000,094963,076993,087860,019219,074941,055897
0000000378,0000377000,096160,078682,084975,017290,066696,066070
0000000379,0000378000,096484,081023,082310,018738,056689,074629
0000000380,0000379000,095905,083775,080137,023420,045912,080725
0000000381,0000380000,094474,086672,078670,030881,035420,083757
0000000382,0000381000,092327,089443,078045,040398,026221,083439
0000000383,0000382000,089682,091809,078325,051031,019222,079804
0000000384,0000383000,086803,093531,079482,061730,015120,073207
0000000385,0000384000,083958,094449,081410,071465,014306,064286
0000000386,0000385000,081426,094473,083918,079286,016854,053917
0000000387,0000386000,079466,093601,086749,084414,022516,043127
0000000388,0000387000,078266,091913,089637,086352,030742,032963
0000000389,0000388000,077938,089572,092305,084917,040733,024407
0000000390,0000389000,078516,086818,094482,080252,051495,018310
0000000391,0000390000,079945,083918,095953,072809,061977,015271
0000000392,0000391000,082092,081144,096580,063309,071170,015577
0000000393,0000392000,084738,078775,096303,052692,078168,019196
0000000394,0000393000,087620,077049,095148,042006,082277,025775
0000000395,0000394000,090467,076128,093220,032278,083102,034677
0000000396,0000395000,093003,076102,090711,024459,080568,045030
0000000397,0000396000,094967,076971,087878,019326,074924,055806
0000000398,0000397000,096170,078658,084988,017380,066716,065961
0000000399,0000398000,096501,081000,082316,018801,056743,074513
0000000400,0000399000,095926,083755,080136,023449,045995,080612
0000000401,0000400000,094498,086657,078662,030873,035525,083659
0000000402,0000401000,088342,092002,080603,046806,026094,083111
0000000403,0000402000,089923,089630,076134,058606,017123,077548
0000000404,0000403000,088830,093570,079522,068201,014958,072947
0000000405,0000404000,086514,093588,080556,070570,013882,063803
0000000406,0000405000,086616,092769,082199,071877,018203,055251
0000000407,0000406000,084809,094309,087422,065306,025038,045697
0000000408,0000407000,084418,088279,085920,056622,035377,037787
0000000409,0000408000,081331,089432,092041,043348,046640,030611
0000000410,0000409000,084927,085164,092653,029023,058137,025306
0000000411,0000410000,082160,084189,096084,015136,071248,024866
0000000412,0000411000,083475,081511,096765,001809,078770,023373
0000000413,0000412000,085670,078520,095732,-08361,087711,028809
0000000414,0000413000,083682,078770,096548,-15698,090200,033715
0000000415,0000414000,087738,076234,093085,-18185,089942,041481
0000000416,0000415000,087950,079670,094069,-15306,086363,050850
0000000417,0000416000,089242,077968,088800,-08882,078267,059343
0000000418,0000417000,089855,080484,086972,003062,068524,068079
0000000419,0000418000,090917,082663,084270,015867,056006,074105
0000000420,0000419000,091184,083932,080691,032346,044464,079466
0000000421,0000420000,090311,088736,081260,047879,031676,080222
0000000422,0000421000,092151,088657,077813,062930,022389,079817
0000000423,0000422000,088140,092116,079156,075176,015273,076105
0000000424,0000423000,089326,091700,078174,082970,010591,068957
0000000425,0000424000,087592,093512,080900,087446,011886,062075
0000000426,0000425000,085663,093245,082886,085884,014752,051955
0000000427,0000426000,085815,091563,084735,081201,022570,043257
0000000428,0000427000,083626,091268,088838,071017,032424,034634
0000000429,0000428000,083593,087048,089359,058480,044061,027659
0000000430,0000429000,082697,086871,093959,043983,056351,023056
0000000431,0000430000,083971,083254,094674,028964,067711,020750
0000000432,0000431000,083206,081452,096158,015892,078207,022186
0000000433,0000432000,084470,079780,096491,004319,084374,024874
0000000434,0000433000,086072,077604,094980,-02906,089004,031947
0000000435,0000434000,085703,078373,094892,-06363,088237,039281
0000000436,0000435000,088949,077389,091593,-04684,084258,048376
0000000437,0000436000,088748,079645,090451,001725,077251,058083
0000000438,0000437000,090057,079790,086366,011650,066456,065909
0000000439,0000438000,090891,082428,084254,025360,055140,073342
0000000440,0000439000,090953,084961,082084,039969,042270,077555
0000000441,0000440000,091215,086585,079523,055906,030844,079843
0000000442,0000441000,090364,090094,079694,070164,020472,078518
0000000443,0000442000,090357,090387,077898,082101,013449,075006
0000000444,0000443000,088049,092658,079546,090581,009638,068747
0000000445,0000444000,088103,092613,080290,094186,009294,060204
0000000446,0000445000,086383,092839,082678,093882,013817,051638
0000000447,0000446000,084878,092057,085285,088133,020502,041590
0000000448,0000447000,084823,089928,087365,079041,030982,033345
0000000449,0000448000,083052,088793,090859,066117,042702,026199
0000000450,0000449000,083513,085436,092186,051696,054927,021230
0000000451,0000450000,083200,084237,095205,036848,066984,019375
0000000452,0000451000,083911,081318,095542,022779,076770,019928
0000000453,0000452000,084324,079675,095963,011542,084391,023945
0000000454,0000453000,085502,078684,095678,003205,087823,029752
0000000455,0000454000,086890,077519,093719,-00361,088238,038334
0000000456,0000455000,087458,078554,092603,000495,083989,047297
0000000457,0000456000,089612,078574,089376,006061,076648,056853
0000000458,0000457000,089664,080661,087332,015857,066714,065809
0000000459,0000458000,090750,082078,084133,028433,054362,072545
0000000460,0000459000,091234,084573,082063,043435,042225,077823
0000000461,0000460000,090812,087073,080426,058428,030001,079627
0000000462,0000461000,090864,088741,078778,072979,019969,078934
0000000463,0000462000,089719,091220,079190,084847,012451,075126
0000000464,0000463000,089086,091595,078882,093350,008515,068816
0000000465,0000464000,087476,092870,080834,097710,008517,060604
0000000466,0000465000,086787,092448,082468,097128,012146,050997
0000000467,0000466000,085327,091660,084928,092345,019831,041680
0000000468,0000467000,084248,090426,087732,082990,029634,032399
0000000469,0000468000,084013,088094,089903,070746,041856,025363
0000000470,0000469000,082993,086409,092803,056258,054372,020253
0000000471,0000470000,083606,083578,094085,041286,066321,017897
0000000472,0000471000,083682,081996,095730,027283,076828,018863
0000000473,0000472000,084454,079833,095672,015261,084155,022360
0000000474,0000473000,085461,078658,095241,006934,088407,028878
0000000475,0000474000,086532,078309,094188,002441,088364,037051
0000000476,0000475000,087906,077997,091885,002893,084697,046765
0000000477,0000476000,088754,079285,090065,007795,077199,056440
0000000478,0000477000,090174,080175,086950,016872,066994,065530
0000000479,0000478000,090410,082380,084706,029313,055028,073125
0000000480,0000479000,091083,084341,082221,043608,042060,078041
0000000481,0000480000,091111,086655,080449,058857,030146,080625
0000000482,0000481000,090486,088915,079451,073053,019483,079707
0000000483,0000482000,090151,090322,078800,085324,011888,076083
0000000484,0000483000,088861,091957,079665,094133,007725,069672
0000000485,0000484000,087969,092150,080437,098807,007442,061163
0000000486,0000485000,086618,092437,082674,098997,011278,051562
0000000487,0000486000,085618,091523,084826,094365,018547,041468
0000000488,0000487000,084535,090157,087322,085800,028958,032351
0000000489,0000488000,083761,088509,090055,073643,040936,024530
0000000490,0000489000,083590,086085,092077,059526,053945,019335
0000000491,0000490000,083217,084221,094212,044540,066240,016810
0000000492,0000491000,083917,081845,095045,030258,076802,017405
0000000493,0000492000,084351,080335,095657,018103,084797,021249
0000000494,0000493000,085329,078956,095056,009014,088954,027532
0000000495,0000494000,086531,078359,093878,004201,089407,036251
0000000496,0000495000,087575,078543,092234,003771,085600,046026
0000000497,0000496000,088873,078986,089712,008112,078282,056254
0000000498,0000497000,089695,080595,087491,016590,067928,065720
0000000499,0000498000,090619,082067,084698,028439,055646,073589
0000000500,0000499000,090835,084325,082631,042611,042700,079148
0000000501,0000500000,091035,086446,080756,057505,030081,081631
0000000502,0000501000,090711,088456,079578,071992,019418,081211
0000000503,0000502000,089930,090276,079327,084366,011281,077386
0000000504,0000503000,089244,091312,079516,093714,006901,070934
0000000505,0000504000,087921,092184,080873,098975,006475,062253
0000000506,0000505000,086919,091939,082426,099698,010071,052164
0000000507,0000506000,085703,091460,084814,095882,017539,041851
0000000508,0000507000,084726,090143,087179,087695,027839,032060
0000000509,0000508000,083985,088372,089623,076188,040292,024042
0000000510,0000509000,083499,086478,092003,062221,053408,018258
0000000511,0000510000,083534,084181,093593,047374,066173,015563
0000000512,0000511000,083654,082365,094949,032954,077151,016027
0000000513,0000512000,084451,080492,095192,020357,085355,019688
0000000514,0000513000,085197,079390,094922,010865,090052,026337
0000000515,0000514000,086310,078697,093788,005224,090500,035088
0000000516,0000515000,087529,078649,092077,004193,087001,045413
0000000517,0000516000,088546,079370,090009,007670,079572,055985
0000000518,0000517000,089671,080415,087441,015503,069138,065991
0000000519,0000518000,090326,082230,085194,026826,056644,074358
0000000520,0000519000,090870,084045,082829,040553,043279,080250
0000000521,0000520000,090906,086233,081148,055431,030420,083217
0000000522,0000521000,090700,088171,079980,069884,019151,082783
0000000523,0000522000,090114,089789,079509,082707,010810,079172
0000000524,0000523000,089191,091111,079915,092506,005966,072476
0000000525,0000524000,088262,091647,080829,098485,005323,063547
0000000526,0000525000,086985,091815,082612,099998,008854,053114
0000000527,0000526000,085965,091147,084587,096890,016200,042202
0000000528,0000527000,084911,090092,087011,089518,026767,032021
0000000529,0000528000,084123,088452,089374,078473,039348,023346
0000000530,0000529000,083684,086520,091514,064980,052934,017226
0000000531,0000530000,083495,084594,093348,050201,066027,014101
0000000532,0000531000,083784,082542,094404,035674,077492,014400
0000000533,0000532000,084257,081012,094969,022729,086145,018051
0000000534,0000533000,085165,079719,094579,012587,091108,024748
0000000535,0000534000,086124,079089,093656,006278,091960,033923
0000000536,0000535000,087274,078998,092076,004308,088474,044530
0000000537,0000536000,088426,079496,090005,006997,081155,055730
0000000538,0000537000,089361,080632,087785,013979,070537,066248
0000000539,0000538000,090242,082064,085378,024666,057785,075167
0000000540,0000539000,090671,084000,083325,037978,044085,081594
0000000541,0000540000,090885,085885,081509,052619,030712,084872
0000000542,0000541000,090676,087804,080407,067238,019067,084745
0000000543,0000542000,090163,089415,079924,080347,010175,081082
0000000544,0000543000,089384,090587,080122,090808,005030,074347
0000000545,0000544000,088349,091331,081116,097532,004043,065050
0000000546,0000545000,087304,091369,082552,099940,007423,054181
0000000547,0000546000,086120,090984,084572,097768,014788,042766
0000000548,0000547000,085168,089917,086738,091199,025412,031906
0000000549,0000548000,084328,088484,089043,080914,038357,022727
0000000550,0000549000,083793,086724,091127,067837,052245,016006
0000000551,0000550000,083630,084806,092814,053316,065856,012536
0000000552,0000551000,083733,083021,094035,038669,077784,012556
0000000553,0000552000,084257,081380,094460,025350,086911,016156
0000000554,0000553000,084974,080259,094321,014597,092309,023012
0000000555,0000554000,085975,079502,093420,007415,093421,032442
0000000556,0000555000,087037,079377,092005,004541,090187,043585
0000000557,0000556000,088147,079802,090126,006190,082819,055284
0000000558,0000557000,089178,080704,087961,012283,072134,066486
0000000559,0000558000,089962,082123,085804,022174,059084,076001
0000000560,0000559000,090568,083765,083698,034944,044977,082981
0000000561,0000560000,090754,085631,082064,049349,031161,086725
0000000562,0000561000,090673,087357,080876,063989,018957,086811
0000000563,0000562000,090228,088926,080367,077510,009618,083276
0000000564,0000563000,089501,090105,080519,088574,003985,076361
0000000565,0000564000,088585,090784,081296,096193,002710,066783
0000000566,0000565000,087497,091015,082690,099590,005866,055412
0000000567,0000566000,086438,090621,084433,098464,013185,043404
0000000568,0000567000,085389,089792,086541,092907,023955,031910
0000000569,0000568000,084579,088469,088645,083433,037126,022029
0000000570,0000569000,083982,086887,090643,070992,051462,014777
0000000571,0000570000,083710,085147,092308,056739,065516,010796
0000000572,0000571000,083800,083418,093445,042087,078002,010557
0000000573,0000572000,084161,081957,094013,028391,087630,014062
0000000574,0000573000,084869,080760,093875,016973,093476,021032
0000000575,0000574000,085744,080067,093189,008906,094967,030798
0000000576,0000575000,086795,079825,091886,004944,091916,042398
0000000577,0000576000,087866,080130,090192,005503,084646,054749
0000000578,0000577000,088879,080913,088234,010496,073820,066588
0000000579,0000578000,089743,082100,086157,019487,060533,076815
0000000580,0000579000,090330,083639,084248,031576,046012,084402
0000000581,0000580000,090662,085259,082605,045617,031697,088624
0000000582,0000581000,090614,086918,081486,060263,018978,089044
0000000583,0000582000,090284,088359,080896,074106,009069,085583
0000000584,0000583000,089648,089499,080958,085864,002994,078588
0000000585,0000584000,088781,090231,081618,094394,001316,068664
0000000586,0000585000,087789,090482,082780,098917,004246,056820
0000000587,0000586000,086711,090276,084408,098971,011475,044178
0000000588,0000587000,085716,089545,086262,094558,022332,031975
0000000589,0000588000,084834,088462,088247,086095,035769,021404
0000000590,0000589000,084210,087044,090097,074384,050469,013484
0000000591,0000590000,083860,085480,091684,060574,065047,009014
0000000592,0000591000,083834,083932,092824,045959,078051,008413
0000000593,0000592000,084142,082524,093394,031953,088236,011811
0000000594,0000593000,084708,081425,093416,019859,094575,018871
0000000595,0000594000,085543,080668,092823,010828,096456,028937
0000000596,0000595000,086503,080391,091746,005716,093683,041048
0000000597,0000596000,087551,080541,090239,005004,086499,054010
0000000598,0000597000,088560,081152,088476,008784,075630,066584
0000000599,0000598000,089433,082168,086604,016676,062087,077521
0000000600,0000599000,090105,083455,084799,027942,047198,085789
0000000601,0000600000,090477,084927,083291,041485,032393,090546
0000000602,0000601000,090563,086384,082151,056017,019119,091322
0000000603,0000602000,090308,087738,081553,070162,008670,088025
0000000604,0000603000,089784,088809,081498,082573,002066,080927
0000000605,0000604000,089013,089551,081991,092098,-00013,070724
0000000606,0000605000,088069,089898,082979,097817,002610,058377
0000000607,0000606000,087061,089789,084358,099200,009715,045104
0000000608,0000607000,086047,089282,086030,096098,020611,032174
0000000609,0000608000,085168,088376,087781,088807,034248,020855
0000000610,0000609000,084471,087201,089502,078028,049318,012255
0000000611,0000610000,084049,085842,090976,064785,064357,007202
0000000612,0000611000,083925,084469,092073,050355,077915,006230
0000000613,0000612000,084108,083205,092705,036090,088643,009443
0000000614,0000613000,084592,082141,092806,023350,095513,016566
0000000615,0000614000,085301,081414,092406,013322,097832,026911
0000000616,0000615000,086210,081031,091513,006956,095367,039495
0000000617,0000616000,087194,081060,090260,004863,088360,053098
0000000618,0000617000,088190,081477,088722,007235,077471,066386
0000000619,0000618000,089090,082260,087061,013864,063760,078093
0000000620,0000619000,089801,083323,085453,024102,048532,087057
0000000621,0000620000,090275,084543,084031,036981,033279,092407
0000000622,0000621000,090445,085832,082960,051265,019472,093598
0000000623,0000622000,090324,087017,082309,065605,008462,090494
0000000624,0000623000,089903,088030,082157,078652,001338,083373
0000000625,0000624000,089241,088769,082473,089174,-01213,072901
0000000626,0000625000,088388,089180,083236,096191,001074,060105
0000000627,0000626000,087422,089229,084381,099024,007973,046200
0000000628,0000627000,086449,088904,085774,097410,018840,032547
0000000629,0000628000,085536,088258,087313,091494,032615,020469
0000000630,0000629000,084800,087319,088823,081840,047976,011142
0000000631,0000630000,084286,086223,090174,069373,063445,005487
0000000632,0000631000,084056,085061,091214,055272,077500,004068
0000000633,0000632000,084121,083947,091872,040879,088783,007059
0000000634,0000633000,084471,082986,092094,027538,096183,014173
0000000635,0000634000,085081,082250,091855,016508,098979,024751
0000000636,0000635000,085879,081810,091216,008822,096889,037770
0000000637,0000636000,086812,081678,090214,005206,090117,051969
0000000638,0000637000,087771,081898,088957,006010,079311,065980
0000000639,0000638000,088682,082424,087555,011153,065500,078438
0000000640,0000639000,089450,083205,086156,020153,050030,088135
0000000641,0000640000,089999,084173,084892,032146,034390,094106
0000000642,0000641000,090293,085211,083874,045998,020105,095765
0000000643,0000642000,090289,086233,083217,060399,008566,092921
0000000644,0000643000,090009,087136,082941,073996,000904,085831
0000000645,0000644000,089465,087865,083076,085517,-02136,075174
0000000646,0000645000,088717,088342,083596,093877,-00259,061969
0000000647,0000646000,087830,088537,084450,098294,006367,047494
0000000648,0000647000,086884,088441,085556,098342,017098,033144
0000000649,0000648000,085978,088048,086805,094019,030908,020320
0000000650,0000649000,085185,087415,088090,085733,046463,010264
0000000651,0000650000,084593,086600,089261,074271,062257,003966
0000000652,0000651000,084243,085696,090227,060720,076753,002064
0000000653,0000652000,084173,084776,090900,046354,088536,004753
0000000654,0000653000,084386,083930,091224,032525,096465,011794
0000000655,0000654000,084855,083228,091188,020521,099761,022516
0000000656,0000655000,085547,082711,090799,011471,098107,035892
0000000657,0000656000,086387,082440,090107,006221,091663,050626
0000000658,0000657000,087308,082425,089160,005269,081043,065297
0000000659,0000658000,088213,082670,088068,008708,067270,078485
0000000660,0000659000,089024,083141,086928,016207,051675,088898
0000000661,0000660000,089662,083795,085848,027059,035773,095519
0000000662,0000661000,090067,084561,084937,040236,021101,097688
0000000663,0000662000,090212,085359,084267,054501,009097,095175
0000000664,0000663000,090075,086138,083889,068517,000924,088209
0000000665,0000664000,089680,086821,083821,080973,-02630,077457
0000000666,0000665000,089056,087360,084073,090708,-01215,063952
0000000667,0000666000,088264,087711,084605,096807,005030,048990
0000000668,0000667000,087377,087846,085367,098699,015505,034026
0000000669,0000668000,086476,087754,086294,096203,029199,020506
0000000670,0000669000,085650,087448,087283,089556,044792,009745
0000000671,0000670000,084970,086973,088248,079387,060769,002803
0000000672,0000671000,084504,086363,089097,066654,075575,000368
0000000673,0000672000,084286,085684,089764,052551,087778,002689
0000000674,0000673000,084339,084992,090192,038396,096189,009552
0000000675,0000674000,084656,084337,090357,025510,099998,020307
0000000676,0000675000,085205,083772,090258,015093,098840,033913
0000000677,0000676000,085942,083344,089898,008120,092829,049062
0000000678,0000677000,086791,083090,089322,005243,082543,064292
0000000679,0000678000,087680,083019,088585,006731,068977,078123
0000000680,0000679000,088520,083142,087758,012444,053448,089211
0000000681,0000680000,089238,083439,086917,021841,037457,096469
0000000682,0000681000,089768,083875,086140,034041,022562,099184
0000000683,0000682000,090061,084417,085491,047900,010207,097078
0000000684,0000683000,090095,085019,085010,062126,001585,090348
0000000685,0000684000,089863,085638,084740,075396,-02475,079640
0000000686,0000685000,089392,086219,084693,086474,-01584,065981
0000000687,0000686000,088722,086724,084865,094327,004168,050691
0000000688,0000687000,087914,087108,085240,098223,014219,035247
0000000689,0000688000,087045,087339,085779,097799,027599,021146
0000000690,0000689000,086193,087409,086428,093096,043008,009758
0000000691,0000690000,085440,087311,087126,084557,058948,002198
0000000692,0000691000,084849,087055,087821,072983,073874,-00794
0000000693,0000692000,084477,086662,088451,059452,086341,001078
0000000694,0000693000,084353,086165,088971,045224,095148,007642
0000000695,0000694000,084491,085594,089348,031619,099448,018264
0000000696,0000695000,084878,084994,089554,019902,098840,031922
0000000697,0000696000,085476,084419,089573,011162,093385,047298
0000000698,0000697000,086233,083906,089411,006211,083618,062906
0000000699,0000698000,087077,083499,089091,005509,070494,077231
0000000700,0000699000,087933,083231,088634,009118,055287,088881
0000000701,0000700000,088721,083122,088086,016698,039475,096726
0000000702,0000701000,089371,083181,087493,027540,024592,099998
0000000703,0000702000,089825,083409,086892,040638,012077,098378
0000000704,0000703000,090041,083795,086331,054776,003128,092023
0000000705,0000704000,090001,084306,085850,068644,-01399,081544
0000000706,0000705000,089708,084912,085486,080956,-01077,067953
0000000707,0000706000,089189,085563,085261,090571,004049,052563
0000000708,0000707000,088491,086205,085196,096597,013472,036866
0000000709,0000708000,087678,086788,085291,098478,026270,022380
0000000710,0000709000,086825,087266,085534,096043,041191,010515
0000000711,0000710000,086008,087597,085912,089521,056783,002420
0000000712,0000711000,085300,087744,086398,079521,071539,-01124
0000000713,0000712000,084765,087694,086957,066967,084036,000225
0000000714,0000713000,084452,087439,087550,053021,093077,006335
0000000715,0000714000,084388,086992,088135,038970,097806,016613
0000000716,0000715000,084580,086387,088665,026114,097781,030063
0000000717,0000716000,085012,085670,089098,015644,093021,045385
0000000718,0000717000,085641,084896,089404,008526,084004,061092
0000000719,0000718000,086414,084128,089554,005414,071623,075659
0000000720,0000719000,087258,083436,089534,006593,057092,087678
0000000721,0000720000,088099,082875,089341,011948,041825,095987
0000000722,0000721000,088862,082504,088981,020982,027302,099789
0000000723,0000722000,089477,082365,088474,032861,014915,098726
0000000724,0000723000,089891,082479,087854,046493,005843,092910
0000000725,0000724000,090063,082845,087171,060622,000946,082906
0000000726,0000725000,089978,083440,086474,073943,000676,069685
0000000727,0000726000,089644,084222,085820,085228,005035,054533
0000000728,0000727000,089091,085124,085266,093436,013577,038922
0000000729,0000728000,088368,086076,084859,097815,025449,024366
0000000730,0000729000,087541,086995,084636,097967,039477,012274
0000000731,0000730000,086683,087794,084630,093884,054293,003808
0000000732,0000731000,085870,088397,084852,085944,068468,-00231
0000000733,0000732000,085175,088741,085292,074877,080645,000533
0000000734,0000733000,084661,088783,085927,061695,089668,006013
0000000735,0000734000,084376,088508,086709,047609,094691,015669
0000000736,0000735000,084346,087932,087572,033915,095255,028559
0000000737,0000736000,084574,087096,088448,021873,091333,043428
0000000738,0000737000,085041,086063,089264,012591,083341,058825
0000000739,0000738000,085704,084926,089942,006917,072089,073253
0000000740,0000739000,086505,083782,090417,005364,058694,085323
0000000741,0000740000,087372,082735,090640,008067,044467,093881
0000000742,0000741000,088229,081889,090573,014776,030782,098124
0000000743,0000742000,089000,081331,090208,024878,018939,097668
0000000744,0000743000,089614,081119,089569,037451,010057,092576
0000000745,0000744000,090016,081288,088700,051348,004966,083354
0000000746,0000745000,090167,081835,087670,065293,004123,070909
0000000747,0000746000,090053,082720,086566,078006,007572,056461
0000000748,0000747000,089682,083872,085486,088321,014937,041421
0000000749,0000748000,089089,085195,084526,095297,025457,027255
0000000750,0000749000,088325,086569,083783,098305,038075,015326
0000000751,0000750000,087459,087865,083334,097080,051554,006763
0000000752,0000751000,086566,088961,083232,091737,064597,002360
0000000753,0000752000,085724,089746,083502,082761,075966,002508
0000000754,0000753000,085011,090137,084135,070967,084595,007166
0000000755,0000754000,084491,090086,085085,057425,089688,015861
0000000756,0000755000,084214,089583,086275,043374,090790,027734
0000000757,0000756000,084206,088660,087606,030099,087843,041613
0000000758,0000757000,084471,087391,088958,018817,081189,056132
0000000759,0000758000,084983,085890,090204,010553,071529,069878
0000000760,0000759000,085698,084291,091224,006050,059844,081531
0000000761,0000760000,086553,082743,091914,005707,047286,089997
0000000762,0000761000,087473,081394,092196,009550,035063,094502
0000000763,0000762000,088377,080377,092031,017230,024328,094658
0000000764,0000763000,089185,079793,091420,028056,016079,090483
0000000765,0000764000,089823,079714,090403,041051,011073,082411
0000000766,0000765000,090229,080163,089059,055033,009743,071250
0000000767,0000766000,090365,081111,087506,068724,012161,058114
0000000768,0000767000,090217,082483,085885,080873,018025,044298
0000000769,0000768000,089798,084156,084347,090380,026696,031154
0000000770,0000769000,089144,085973,083045,096390,037280,019938
0000000771,0000770000,088313,087767,082109,098372,048730,011692
0000000772,0000771000,087378,089369,081632,096154,059945,007156
0000000773,0000772000,086420,090624,081677,089938,069870,006716
0000000774,0000773000,085524,091403,082254,080276,077592,010365
0000000775,0000774000,084772,091625,083325,068037,082415,017713
0000000776,0000775000,084234,091246,084808,054328,083927,028012
0000000777,0000776000,083964,090284,086576,040396,082056,040224
0000000778,0000777000,083988,088822,088462,027512,077065,053131
0000000779,0000778000,084304,086994,090285,016841,069517,065474
0000000780,0000779000,084884,084970,091870,009340,060206,076075
0000000781,0000780000,085677,082940,093059,005670,050063,083962
0000000782,0000781000,086613,081094,093735,006153,040061,088439
0000000783,0000782000,087613,079604,093824,010743,031136,089139
0000000784,0000783000,088587,078620,093298,019035,024102,086052
0000000785,0000784000,089447,078250,092189,030289,019581,079529
0000000786,0000785000,090114,078548,090581,043495,017941,070248
0000000787,0000786000,090521,079505,088616,057456,019257,059159
0000000788,0000787000,090629,081039,086477,070901,023305,047376
0000000789,0000788000,090427,083005,084376,082615,029601,036055
0000000790,0000789000,089934,085216,082517,091551,037464,026266
0000000791,0000790000,089194,087463,081077,096922,046101,018898
0000000792,0000791000,088271,089544,080196,098257,054680,014584
0000000793,0000792000,087245,091260,079964,095441,062404,013667
0000000794,0000793000,086206,092444,080424,088721,068577,016163
0000000795,0000794000,085246,092970,081552,078688,072669,021766
0000000796,0000795000,084456,092766,083262,066237,074365,029874
0000000797,0000796000,083912,091830,085405,052492,073601,039639
0000000798,0000797000,083668,090245,087773,038699,070561,050068
0000000799,0000798000,083747,088168,090133,026104,065638,060139
0000000800,0000799000,084140,085795,092256,015831,059389,068905
0000000801,0000800000,084811,083354,093938,008784,052457,075584
0000000802,0000801000,085704,081062,095023,005579,045510,079616
0000000803,0000802000,086738,079132,095406,006496,039192,080698
0000000804,0000803000,087826,077754,095027,011455,034061,078807
0000000805,0000804000,088872,077074,093900,020027,030536,074210
0000000806,0000805000,089777,077174,092114,031452,028866,067427
0000000807,0000806000,090454,078069,089824,044709,029100,059184
0000000808,0000807000,090835,079679,087253,058596,031088,050337
0000000809,0000808000,090887,081838,084661,071861,034531,041753
0000000810,0000809000,090606,084337,082300,083321,039016,034227
0000000811,0000810000,090019,086942,080388,091970,044060,028420
0000000812,0000811000,089176,089416,079105,097052,049175,024803
0000000813,0000812000,088152,091537,078570,098124,053890,023626
0000000814,0000813000,087034,093094,078853,095090,057800,024910
0000000815,0000814000,085920,093927,079956,088210,060611,028430
0000000816,0000815000,084914,093935,081790,078085,062161,033753
0000000817,0000816000,084112,093101,084192,065613,062425,040285
0000000818,0000817000,083594,091496,086926,051919,061513,047332
0000000819,0000818000,083408,089291,089712,038239,059631,054200
0000000820,0000819000,083567,086706,092281,025791,057038,060269
0000000821,0000820000,084054,083978,094399,015668,054039,065020
0000000822,0000821000,084828,081357,095869,008751,050937,068084
0000000823,0000822000,085821,079078,096553,005646,048009,069274
0000000824,0000823000,086946,077362,096375,006622,045490,068582
0000000825,0000824000,088108,076387,095320,011601,043536,066189
0000000826,0000825000,089197,076267,093472,020155,042211,062441
0000000827,0000826000,090111,077021,091006,031533,041504,057786
0000000828,0000827000,090761,078588,088151,044716,041343,052734
0000000829,0000828000,091080,080801,085216,058514,041614,047796
0000000830,0000829000,091052,083421,082484,071697,042222,043389
0000000831,0000830000,090679,086226,080188,083110,043055,039876
0000000832,0000831000,089992,088955,078549,091758,043994,037510
0000000833,0000832000,089054,091345,077727,096888,044975,036404
0000000834,0000833000,087944,093193,077795,098055,045953,036536
0000000835,0000834000,086761,094296,078772,095150,046912,037777
0000000836,0000835000,085610,094526,080603,088418,047905,039869
0000000837,0000836000,084602,093865,083090,078441,048988,042510
0000000838,0000837000,083832,092374,085999,066105,050194,045401
0000000839,0000838000,083378,090201,089034,052518,051538,048231
0000000840,0000839000,083275,087590,091878,038901,052967,050787
0000000841,0000840000,083519,084772,094309,026440,054384,052895
0000000842,0000841000,084104,081982,096090,016223,055704,054426
0000000843,0000842000,084963,079521,097045,009140,056796,055347
0000000844,0000843000,086032,077587,097084,005800,057487,055716
0000000845,0000844000,087210,076378,096199,006504,057639,055631
0000000846,0000845000,088394,076040,094436,011194,057085,055240
0000000847,0000846000,089476,076592,091976,019478,055717,054698
0000000848,0000847000,090347,077982,089071,030626,053526,054093
0000000849,0000848000,090931,080059,086004,043642,050600,053511
0000000850,0000849000,091167,082607,083101,057356,047142,052956
0000000851,0000850000,091059,085386,080583,070568,043445,052403
0000000852,0000851000,090597,088168,078698,082128,039809,051844
0000000853,0000852000,089834,090651,077635,091027,036577,051209
0000000854,0000853000,088837,092627,077481,096502,034125,050411
0000000855,0000854000,087690,093912,078263,098070,032765,049376
0000000856,0000855000,086503,094346,079920,095591,032780,048059
0000000857,0000856000,085373,093917,082293,089265,034335,046468
0000000858,0000857000,084419,092661,085131,079634,037415,044716
0000000859,0000858000,083721,090721,088158,067558,041846,042961
0000000860,0000859000,083351,088302,091057,054119,047273,041407
0000000861,0000860000,083323,085623,093600,040500,053216,040287
0000000862,0000861000,083647,082912,095554,027884,059162,039763
0000000863,0000862000,084291,080465,096699,017373,064554,040005
0000000864,0000863000,085192,078500,096953,009869,068810,041149
0000000865,0000864000,086276,077173,096299,006023,071441,043238
0000000866,0000865000,087438,076650,094784,006177,072057,046217
0000000867,0000866000,088582,076960,092550,010329,070425,049920
0000000868,0000867000,089597,078048,089846,018134,066573,054037
0000000869,0000868000,090388,079803,086941,028904,060767,058161
0000000870,0000869000,090888,082043,084104,041676,053492,061874
0000000871,0000870000,091052,084560,081596,055322,045397,064754
0000000872,0000871000,090876,087118,079641,068651,037213,066450
0000000873,0000872000,090371,089469,078435,080505,029712,066693
0000000874,0000873000,089588,091383,078086,089860,023655,065308
0000000875,0000874000,088601,092698,078611,095912,019720,062264
0000000876,0000875000,087494,093291,079955,098131,018410,057709
0000000877,0000876000,086367,093111,081983,096311,020003,051977
0000000878,0000877000,085322,092205,084490,090595,024477,045562
0000000879,0000878000,084458,090678,087205,081480,031492,039097
0000000880,0000879000,083845,088679,089894,069773,040439,033229
0000000881,0000880000,083544,086388,092305,056511,050516,028565
0000000882,0000881000,083569,084043,094211,042855,060798,025632
0000000883,0000882000,083919,081864,095430,029992,070303,024817
0000000884,0000883000,084559,080056,095863,019034,078088,026341
0000000885,0000884000,085424,078788,095481,010921,083320,030210
0000000886,0000885000,086442,078158,094331,006358,085375,036197
0000000887,0000886000,087518,078210,092553,005751,083925,043824
0000000888,0000887000,088561,078907,090321,009166,079000,052399
0000000889,0000888000,089474,080182,087856,016316,070989,061099
0000000890,0000889000,090178,081896,085390,026570,060593,069063
0000000891,0000890000,090610,083881,083157,039025,048767,075485
0000000892,0000891000,090735,085951,081358,052584,036609,079671
0000000893,0000892000,090552,087898,080157,066069,025273,081130
0000000894,0000893000,090075,089532,079672,078314,015883,079585
0000000895,0000894000,089359,090711,079912,088265,009418,075036
0000000896,0000895000,088463,091358,080829,095066,006596,067802
0000000897,0000896000,087469,091423,082321,098118,007792,058490
0000000898,0000897000,086461,090929,084230,097147,012994,047948
0000000899,0000898000,085530,089949,086364,092225,021765,037189
0000000900,0000899000,084758,088569,088528,083781,033320,027271
0000000901,0000900000,084210,086932,090525,072558,046600,019176
0000000902,0000901000,082878,091161,092806,060862,053707,013178
0000000903,0000902000,080802,094703,090489,048155,047287,010173
0000000904,0000903000,073030,086549,093961,050027,044418,014531
0000000905,0000904000,076737,082058,099226,056279,047073,015155
0000000906,0000905000,084941,081944,088870,056414,049804,023624
0000000907,0000906000,088579,083045,091918,049909,046248,037998
0000000908,0000907000,083059,075237,091724,051523,045693,050603
0000000909,0000908000,090974,076240,099866,057251,049588,053485
0000000910,0000909000,092536,072072,094193,050436,045910,041335
0000000911,0000910000,093617,073867,084555,056120,054735,048385
0000000912,0000911000,099998,082517,086886,050935,047949,048794
0000000913,0000912000,094469,075638,082639,050247,045627,048601
0000000914,0000913000,099111,080025,084704,055672,054428,050094
0000000915,0000914000,098454,085942,078254,047681,050256,042632
0000000916,0000915000,092056,087865,071725,051634,052025,051550
0000000917,0000916000,094109,093002,079863,050966,048017,052420
0000000918,0000917000,088272,088752,078063,048536,047408,047055
0000000919,0000918000,087774,094775,078193,052692,054964,051125
0000000920,0000919000,085061,099998,079805,046990,047419,049213
0000000921,0000920000,077294,094165,081329,050933,046828,054050
0000000922,0000921000,079945,094429,090389,053051,048540,052182
0000000923,0000922000,077241,091747,088218,049232,047203,046547
0000000924,0000923000,076458,092529,089226,053036,050103,053610
0000000925,0000924000,077858,090700,096897,050546,043700,052187
0000000926,0000925000,075700,080993,097840,053269,045832,050148
0000000927,0000926000,081764,082000,099197,055484,050673,048722
0000000928,0000927000,083212,080967,094961,051057,046053,046805
0000000929,0000928000,084436,076735,095434,054641,046993,052962
0000000930,0000929000,090176,074702,099998,053479,046469,048830
0000000931,0000930000,091012,071920,093312,053094,049814,044678
0000000932,0000931000,095566,077340,088576,054713,052276,047983
0000000933,0000932000,096754,077953,086044,050900,046242,048181
0000000934,0000933000,096185,074874,084949,053295,049160,050160
0000000935,0000934000,099545,079863,084301,052157,052106,046287
0000000936,0000935000,096934,084331,076394,049810,051500,045461
0000000937,0000936000,095703,088975,075560,051893,050687,051789
0000000938,0000937000,093905,089210,078736,049543,047293,050012
0000000939,0000938000,089763,089118,077367,050698,051496,048780
0000000940,0000939000,088771,096418,077247,050239,052363,049107
0000000941,0000940000,083844,097657,077248,048572,047244,050845
0000000942,0000941000,080941,095205,083084,051517,047691,054193
0000000943,0000942000,079940,094248,088155,050311,048172,049762
0000000944,0000943000,076629,093819,086539,050933,049657,049160
0000000945,0000944000,076908,094748,089694,052062,047522,052707
0000000946,0000945000,076129,088711,094740,051106,043740,052194
0000000947,0000946000,076930,083204,098378,053588,047854,050896
0000000948,0000947000,080107,083826,098352,052896,049019,047479
0000000949,0000948000,081004,081701,095173,053044,046697,049206
0000000950,0000949000,084894,077712,097924,054567,045803,052031
0000000951,0000950000,088193,073096,098934,052965,046774,047952
0000000952,0000951000,090449,073425,094273,053778,051220,046352
0000000953,0000952000,094201,077509,090134,053400,049645,047206
0000000954,0000953000,095667,075689,087332,052786,046716,049030
0000000955,0000954000,097986,074717,087230,053280,049724,049159
0000000956,0000955000,098643,078548,083486,051044,051835,045555
0000000957,0000956000,096969,083844,077325,051328,051925,047283
0000000958,0000957000,096894,087351,076996,051457,048962,050388
0000000959,0000958000,094774,086604,077939,050174,048584,049687
0000000960,0000959000,092107,089912,077495,050392,052553,048778
0000000961,0000960000,088857,096027,076029,049297,051191,048643
0000000962,0000961000,084769,096841,076782,050256,047841,051842
0000000963,0000962000,083189,095043,082426,050870,047486,052739
0000000964,0000963000,080230,094159,085367,049594,049202,049798
0000000965,0000964000,077192,096083,085961,050812,050076,050325
0000000966,0000965000,076400,095469,089076,051583,046145,051974
0000000967,0000966000,076177,089081,093519,052237,044880,052432
0000000968,0000967000,077434,085326,097425,052504,048046,050616
0000000969,0000968000,077982,084943,097119,051994,048569,048322
0000000970,0000969000,079603,083053,096429,053855,046660,050211
0000000971,0000970000,083916,078190,098702,054313,045090,050725
0000000972,0000971000,087070,073529,098591,053353,047616,048374
0000000973,0000972000,089578,074739,095534,053205,050727,047140
0000000974,0000973000,091951,076638,091632,053278,048542,047417
0000000975,0000974000,095023,074661,089372,054132,047199,048985
0000000976,0000975000,098352,074075,088128,052928,049525,047951
0000000977,0000976000,098241,077527,083772,050996,051902,046397
0000000978,0000977000,097234,082861,079552,051647,051367,047859
0000000979,0000978000,097255,085005,078052,051807,048647,049125
0000000980,0000979000,096364,085248,077529,050960,049759,049295
0000000981,0000980000,093860,089516,076899,049615,052209,048720
0000000982,0000981000,089468,094633,075683,049261,050912,049184
0000000983,0000982000,086366,096127,077035,050852,048397,051388
0000000984,0000983000,084848,094870,080611,050655,047831,051380
0000000985,0000984000,081590,094825,082882,049499,049814,050507
0000000986,0000985000,077938,097023,085072,049985,049591,051008
0000000987,0000986000,075989,095654,088299,051511,046272,051699
0000000988,0000987000,076607,090707,092154,052743,045886,051772
0000000989,0000988000,077493,087534,095251,051702,047752,050629
0000000990,0000989000,076772,086309,096396,051584,048146,049986
0000000991,0000990000,078146,084032,097667,053699,046475,050374
0000000992,0000991000,082177,079156,098697,054438,045530,049678
0000000993,0000992000,085947,075352,098168,053635,047754,048807
0000000994,0000993000,088224,075456,096500,052677,049391,048152
0000000995,0000994000,090017,075684,093949,053404,048277,048008
0000000996,0000995000,093892,074267,091565,054630,047737,048091
0000000997,0000996000,097684,073845,088527,053202,049351,047257
0000000998,0000997000,098159,076605,084741,051270,051208,047572
0000000999,0000998000,097257,080685,082122,051473,050651,048165
0000001000,0000999000,097398,082713,079674,052342,049393,047983
0000001001,0001000000,097756,084594,077321,051545,050475,048328
0000001002,0001001000,095473,088510,076069,049482,051304,049158
0000001003,0001002000,090985,092404,076172,049329,050631,049993
0000001004,0001003000,087958,094620,077366,050721,049348,050238
0000001005,0001004000,086237,095110,078525,050760,048857,050162
0000001006,0001005000,083439,095839,080372,049669,049490,051079
0000001007,0001006000,079343,096833,083856,049386,048859,051810
0000001008,0001007000,076404,095607,087632,051095,047269,051535
0000001009,0001008000,076673,092811,090359,052616,047007,050665
0000001010,0001009000,077310,090149,092460,051642,047328,050888
0000001011,0001010000,076431,087720,095498,051306,047240,051588
0000001012,0001011000,076927,084597,098460,053013,046547,050570
0000001013,0001012000,080147,080936,098646,054331,046740,048814
0000001014,0001013000,084192,078123,097463,053881,047399,048965
0000001015,0001014000,086687,076145,097106,052776,047686,049474
0000001016,0001015000,088534,074648,096491,053291,048101,048663
0000001017,0001016000,092062,074108,093759,054388,048665,047115
0000001018,0001017000,096044,074446,089301,053779,049208,046910
0000001019,0001018000,097879,075784,086079,052048,049761,048386
0000001020,0001019000,097517,077805,084614,051404,050027,048573
0000001021,0001020000,097473,080416,081814,052297,050545,047163
0000001022,0001021000,098215,083971,077699,051978,050968,047236
0000001023,0001022000,096904,087309,075624,050203,050269,049446
0000001024,0001023000,093317,089633,076773,049501,050050,050597
0000001025,0001024000,089873,092355,077693,050191,050548,049317
0000001026,0001025000,087484,095304,076943,050628,050247,049101
0000001027,0001026000,085103,096759,077979,050172,048836,051170
0000001028,0001027000,081571,096125,082176,049472,048017,052462
0000001029,0001028000,078003,095233,086493,050241,048457,051403
0000001030,0001029000,076617,094837,088446,051742,048360,049989
0000001031,0001030000,076781,093072,089911,051989,047004,050975
0000001032,0001031000,076613,089286,093902,051529,046164,052464
0000001033,0001032000,076476,085303,098097,052142,046755,051094
0000001034,0001033000,078151,083018,098575,053518,047921,048627
0000001035,0001034000,081636,081170,097072,054051,047161,048895
0000001036,0001035000,084916,077507,097375,053440,046206,050331
0000001037,0001036000,087394,074159,098234,053221,047565,049342
0000001038,0001037000,090024,073975,095872,053590,049495,046936
0000001039,0001038000,093448,075280,091029,054043,049256,046742
0000001040,0001039000,096710,075305,087836,053289,048317,048506
0000001041,0001040000,097960,075239,086621,051911,049308,048774
0000001042,0001041000,097758,078012,084010,051695,051307,047102
0000001043,0001042000,097850,082697,079323,052038,051323,046687
0000001044,0001043000,097706,085813,076257,051384,049746,048893
0000001045,0001044000,095862,087115,076851,050140,049500,050469
0000001046,0001045000,092386,089820,077628,049621,051149,049239
0000001047,0001046000,088991,094372,076411,050151,051317,048611
0000001048,0001047000,086471,096902,076481,050541,048936,050595
0000001049,0001048000,084026,095792,079981,050189,047560,052271
0000001050,0001049000,080637,094894,084282,049616,048977,051505
0000001051,0001050000,077345,095986,086514,050377,049438,050215
0000001052,0001051000,076164,095467,088151,051905,047269,050882
0000001053,0001052000,076706,091401,091728,052220,045683,052179
0000001054,0001053000,076815,086949,096045,051632,046790,051600
0000001055,0001054000,076821,085025,097954,052227,048239,049620
0000001056,0001055000,078771,083599,097477,053716,047286,049046
0000001057,0001056000,082547,079673,097574,054218,045750,050077
0000001058,0001057000,086031,075248,098552,053479,046824,049783
0000001059,0001058000,088269,074131,097420,052916,049245,047863
0000001060,0001059000,090609,075422,093761,053630,049377,047069
0000001061,0001060000,094331,075187,090322,054248,047846,047965
0000001062,0001061000,097598,074008,088190,053100,048569,048368
0000001063,0001062000,098268,075840,085715,051449,050961,047679
0000001064,0001063000,097460,080316,082059,051503,051413,047114
0000001065,0001064000,097610,083677,078506,052274,049926,047865
0000001066,0001065000,097709,085212,076917,051322,049539,049207
0000001067,0001066000,095310,087633,076858,049643,050819,049567
0000001068,0001067000,091232,091960,076617,049477,051464,049144
0000001069,0001068000,088002,095462,076368,050439,049906,049695
0000001070,0001069000,086049,095887,077860,050846,048207,051007
0000001071,0001070000,083578,095235,081024,049848,048690,051533
0000001072,0001071000,079558,096035,084220,049343,049535,051154
0000001073,0001072000,076429,096421,086962,050842,048148,051090
0000001074,0001073000,076312,093862,089655,052539,046453,051049
0000001075,0001074000,077212,089911,092671,052001,046594,051463
0000001076,0001075000,076683,087163,095982,051234,047576,051260
0000001077,0001076000,076665,085094,098052,052618,047326,050094
0000001078,0001077000,079539,082083,098193,054293,046602,049183
0000001079,0001078000,083752,078247,097833,054098,046512,049435
0000001080,0001079000,086611,075413,097778,052980,047719,049357
0000001081,0001080000,088400,074751,096674,052960,048836,048271
0000001082,0001081000,091284,074849,093677,054123,048606,047312
0000001083,0001082000,095461,074367,089979,054214,048402,047455
0000001084,0001083000,098103,074737,086986,052442,049569,048042
0000001085,0001084000,097802,077160,084850,051136,050634,048286
0000001086,0001085000,097245,080556,082022,052031,050665,047366
0000001087,0001086000,098062,083518,078240,052370,050278,047402
0000001088,0001087000,097595,086177,076040,050679,050250,049129
0000001089,0001088000,094350,088866,076598,049370,050440,050247
0000001090,0001089000,090387,092176,077251,049854,050812,049392
0000001091,0001090000,087786,095240,076786,050710,050081,049265
0000001092,0001091000,085826,096322,077670,050571,048647,050844
0000001093,0001092000,082774,095838,081210,049537,048407,052108
0000001094,0001093000,078719,095749,085347,049618,048899,051541
0000001095,0001094000,076339,095613,087869,051374,048267,050416
0000001096,0001095000,076655,093672,089482,052453,046911,050688
0000001097,0001096000,077058,089977,092780,051611,046363,052091
0000001098,0001097000,076358,086399,097058,051484,046955,051610
0000001099,0001098000,077044,084045,098725,053069,047716,049280
0000001100,0001099000,080318,081972,097538,054280,047139,048636
0000001101,0001100000,084187,078374,097249,053786,046231,050034
