0000000001,0000000000,061922,040215,-90234,091270,089605,074037
0000000002,0000001000,036444,064552,-89099,088254,092322,074336
0000000003,0000002000,007911,083126,-79121,084955,094316,075641
0000000004,0000003000,-20531,093730,-61296,081700,095387,077826
0000000005,0000004000,-46343,095540,-37282,078796,095437,080680
0000000006,0000005000,-67093,088500,-09506,076533,094460,083919
0000000007,0000006000,-80585,073228,019257,075141,092545,087226
0000000008,0000007000,-85321,050909,046311,074745,089887,090281
0000000009,0000008000,-81166,024059,068998,075386,086742,092784
0000000010,0000009000,-68564,-04539,085008,077001,083424,094488
0000000011,0000010000,-48386,-32522,092806,079440,080247,095226
0000000012,0000011000,-22760,-57013,091683,082455,077530,094928
0000000013,0000012000,005595,-75403,081710,085752,075538,093623
0000000014,0000013000,034059,-86027,063871,089011,074464,091437
0000000015,0000014000,060033,-87991,039863,091913,074416,088584
0000000016,0000015000,080650,-80839,012089,094174,075395,085344
0000000017,0000016000,094039,-65454,-16676,095569,077306,082037
0000000018,0000017000,098990,-43353,-43737,095965,079965,078982
0000000019,0000018000,094806,-16480,-66421,095321,083112,076479
0000000020,0000019000,082006,012323,-82431,093706,086430,074776
0000000021,0000020000,061970,040160,-90231,091271,089603,074038
0000000022,0000021000,036443,064558,-89099,088253,092324,074336
0000000023,0000022000,007910,083124,-79133,084955,094316,075641
0000000024,0000023000,-20534,093739,-61295,081699,095387,077826
0000000025,0000024000,-46357,095542,-37281,078796,095437,080680
0000000026,0000025000,-67109,088521,-09505,076533,094460,083919
0000000027,0000026000,-80533,073182,019251,075140,092547,087226
0000000028,0000027000,-85329,050918,046311,074743,089888,090281
0000000029,0000028000,-81226,024121,069006,075385,086743,092784
0000000030,0000029000,-68537,-04571,085008,077002,083422,094488
0000000031,0000030000,-48338,-32563,092807,079438,080248,095226
0000000032,0000031000,-22797,-56981,091680,082453,077531,094928
0000000033,0000032000,005555,-75364,081714,085752,075538,093623
0000000034,0000033000,034104,-86078,063875,089011,074464,091438
0000000035,0000034000,060033,-87996,039864,091912,074417,088584
0000000036,0000035000,080631,-80815,012088,094172,075395,085344
0000000037,0000036000,094046,-65467,-16676,095569,077305,082038
0000000038,0000037000,098992,-43356,-43729,095964,079965,078983
0000000039,0000038000,094796,-16471,-66423,095321,083112,076479
0000000040,0000039000,082034,012302,-82434,093706,086431,074776
0000000041,0000040000,061979,040152,-90232,091270,089604,074038
0000000042,0000041000,036399,064599,-89098,088253,092323,074336
0000000043,0000042000,007934,083105,-79136,084956,094316,075641
0000000044,0000043000,-20495,093702,-61303,081698,095388,077826
0000000045,0000044000,-46385,095576,-37283,078795,095438,080680
0000000046,0000045000,-67138,088550,-09509,076534,094459,083919
0000000047,0000046000,-80494,073146,019250,075140,092547,087226
0000000048,0000047000,-85324,050916,046308,074743,089889,090281
0000000049,0000048000,-81261,024159,069003,075385,086744,092784
0000000050,0000049000,-68528,-04579,085010,077003,083422,094487
0000000051,0000050000,-48335,-32573,092811,079438,080249,095226
0000000052,0000051000,-22815,-56963,091684,082453,077532,094928
0000000053,0000052000,005560,-75373,081714,085751,075538,093623
0000000054,0000053000,034111,-86091,063881,089009,074465,091438
0000000055,0000054000,060001,-87972,039871,091911,074417,088584
0000000056,0000055000,080637,-80826,012091,094172,075395,085345
0000000057,0000056000,094080,-65502,-16673,095568,077306,082039
0000000058,0000057000,098969,-43339,-43725,095963,079966,078984
0000000059,0000058000,094779,-16454,-66420,095321,083111,076480
0000000060,0000059000,082072,012264,-82435,093705,086430,074777
0000000061,0000060000,061994,040140,-90234,091269,089604,074039
0000000062,0000061000,036374,064630,-89104,088253,092323,074337
0000000063,0000062000,007951,083094,-79142,084956,094315,075641
0000000064,0000063000,-20474,093687,-61307,081699,095387,077826
0000000065,0000064000,-46400,095597,-37292,078795,095438,080680
0000000066,0000065000,-67134,088556,-09518,076535,094458,083919
0000000067,0000066000,-80482,073138,019245,075140,092547,087225
0000000068,0000067000,-85347,050941,046306,074743,089889,090280
0000000069,0000068000,-81269,024170,068999,075385,086744,092783
0000000070,0000069000,-68509,-04597,085009,077002,083423,094487
0000000071,0000070000,-48359,-32552,092817,079437,080251,095225
0000000072,0000071000,-22845,-56940,091689,082453,077533,094927
0000000073,0000072000,005579,-75398,081722,085751,075539,093623
0000000074,0000073000,034112,-86102,063891,089007,074467,091438
0000000075,0000074000,059968,-87948,039881,091909,074418,088585
0000000076,0000075000,080643,-80842,012100,094171,075396,085346
0000000077,0000076000,094101,-65533,-16664,095566,077306,082040
0000000078,0000077000,098957,-43332,-43719,095962,079966,078985
0000000079,0000078000,094783,-16460,-66419,095320,083110,076482
0000000080,0000079000,082099,012238,-82435,093705,086429,074778
0000000081,0000080000,061994,040143,-90237,091269,089603,074040
0000000082,0000081000,036379,064634,-89113,088253,092321,074338
0000000083,0000082000,007983,083073,-79153,084957,094313,075642
0000000084,0000083000,-20473,093696,-61318,081700,095386,077826
0000000085,0000084000,-46413,095623,-37305,078797,095436,080679
0000000086,0000085000,-67112,088547,-09532,076537,094457,083918
0000000087,0000086000,-80476,073142,019235,075141,092547,087224
0000000088,0000087000,-85378,050979,046299,074744,089889,090278
0000000089,0000088000,-81275,024181,068995,075387,086744,092781
0000000090,0000089000,-68503,-04605,085011,077003,083425,094485
0000000091,0000090000,-48390,-32528,092823,079436,080253,095223
0000000092,0000091000,-22867,-56926,091698,082452,077535,094926
0000000093,0000092000,005581,-75415,081736,085749,075541,093622
0000000094,0000093000,034094,-86102,063908,089005,074469,091438
0000000095,0000094000,059950,-87946,039896,091908,074419,088585
0000000096,0000095000,080657,-80870,012115,094169,075397,085347
0000000097,0000096000,094103,-65550,-16648,095564,077307,082041
0000000098,0000097000,098948,-43333,-43710,095960,079966,078987
0000000099,0000098000,094810,-16490,-66416,095319,083109,076484
0000000100,0000099000,082125,012212,-82435,093704,086428,074781
0000000101,0000100000,061993,040151,-90243,091269,089601,074042
0000000102,0000101000,036400,064627,-89126,088254,092319,074339
0000000103,0000102000,008019,083054,-79170,084958,094311,075643
0000000104,0000103000,-20471,093713,-61338,081701,095385,077827
0000000105,0000104000,-46413,095645,-37327,078799,095434,080679
0000000106,0000105000,-67093,088548,-09551,076539,094456,083917
0000000107,0000106000,-80482,073164,019219,075143,092547,087222
0000000108,0000107000,-85401,051015,046286,074747,089890,090276
0000000109,0000108000,-81279,024191,068989,075388,086745,092779
0000000110,0000109000,-68521,-04590,085015,077003,083427,094482
0000000111,0000110000,-48428,-32498,092832,079436,080255,095221
0000000112,0000111000,-22883,-56925,091712,082451,077537,094924
0000000113,0000112000,005571,-75426,081757,085747,075544,093621
0000000114,0000113000,034061,-86094,063933,089003,074472,091438
0000000115,0000114000,059938,-87958,039920,091905,074421,088586
0000000116,0000115000,080670,-80907,012139,094166,075398,085349
0000000117,0000116000,094099,-65567,-16627,095561,077308,082044
0000000118,0000117000,098950,-43348,-43697,095957,079965,078990
0000000119,0000118000,094844,-16530,-66410,095318,083108,076487
0000000120,0000119000,082151,012187,-82436,093702,086426,074784
0000000121,0000120000,062008,040147,-90255,091269,089598,074045
0000000122,0000121000,036437,064610,-89146,088256,092315,074341
0000000123,0000122000,008050,083046,-79194,084960,094308,075644
0000000124,0000123000,-20464,093735,-61367,081704,095382,077827
0000000125,0000124000,-46396,095660,-37358,078803,095432,080678
0000000126,0000125000,-67078,088561,-09579,076543,094455,083915
0000000127,0000126000,-80500,073204,019197,075147,092547,087219
0000000128,0000127000,-85420,051052,046268,074750,089890,090273
0000000129,0000128000,-81288,024208,068981,075390,086747,092775
0000000130,0000129000,-68556,-04559,085018,077004,083430,094479
0000000131,0000130000,-48472,-32466,092844,079436,080259,095218
0000000132,0000131000,-22904,-56925,091734,082450,077541,094922
0000000133,0000132000,005543,-75429,081788,085744,075549,093619
0000000134,0000133000,034024,-86091,063967,088999,074476,091437
0000000135,0000134000,059928,-87983,039955,091901,074424,088587
0000000136,0000135000,080673,-80945,012174,094161,075400,085351
0000000137,0000136000,094095,-65592,-16599,095556,077309,082047
0000000138,0000137000,098969,-43385,-43679,095954,079964,078994
0000000139,0000138000,094883,-16578,-66401,095315,083106,076492
0000000140,0000139000,082178,012163,-82439,093701,086423,074788
0000000141,0000140000,062041,040130,-90271,091269,089594,074049
0000000142,0000141000,036488,064585,-89172,088257,092311,074345
0000000143,0000142000,008083,083047,-79227,084963,094303,075646
0000000144,0000143000,-20446,093758,-61407,081708,095377,077827
0000000145,0000144000,-46370,095676,-37400,078808,095428,080677
0000000146,0000145000,-67069,088588,-09616,076548,094453,083912
0000000147,0000146000,-80519,073256,019165,075151,092546,087215
0000000148,0000147000,-85438,051093,046245,074754,089891,090268
0000000149,0000148000,-81311,024240,068972,075393,086749,092770
0000000150,0000149000,-68605,-04515,085023,077005,083434,094474
0000000151,0000150000,-48519,-32436,092860,079436,080263,095213
0000000152,0000151000,-22939,-56920,091764,082448,077546,094918
0000000153,0000152000,005498,-75424,081829,085741,075554,093617
0000000154,0000153000,033986,-86097,064012,088995,074481,091437
0000000155,0000154000,059918,-88019,040002,091896,074428,088588
0000000156,0000155000,080668,-80985,012219,094155,075403,085354
0000000157,0000156000,094095,-65628,-16563,095551,077310,082051
0000000158,0000157000,098999,-43440,-43654,095950,079963,078999
0000000159,0000158000,094925,-16632,-66389,095311,083103,076498
0000000160,0000159000,082214,012131,-82444,093699,086419,074794
0000000161,0000160000,062093,040099,-90292,091270,089589,074054
0000000162,0000161000,036547,064559,-89206,088259,092305,074349
0000000163,0000162000,008122,083052,-79272,084966,094297,075648
0000000164,0000163000,-20414,093779,-61460,081713,095371,077828
0000000165,0000164000,-46338,095698,-37454,078814,095423,080675
0000000166,0000165000,-67065,088634,-09665,076554,094450,083909
0000000167,0000166000,-80538,073317,019122,075157,092544,087210
0000000168,0000167000,-85457,051142,046215,074759,089891,090262
0000000169,0000168000,-81351,024291,068961,075396,086752,092763
0000000170,0000169000,-68666,-04459,085029,077007,083438,094467
0000000171,0000170000,-48573,-32404,092882,079436,080269,095207
0000000172,0000171000,-22990,-56908,091804,082446,077553,094914
0000000173,0000172000,005438,-75416,081881,085737,075561,093615
0000000174,0000173000,033944,-86114,064071,088989,074487,091436
0000000175,0000174000,059900,-88063,040063,091889,074434,088590
0000000176,0000175000,080656,-81031,012276,094148,075407,085358
0000000177,0000176000,094103,-65682,-16517,095544,077311,082057
0000000178,0000177000,099038,-43511,-43622,095944,079962,079006
0000000179,0000178000,094972,-16693,-66374,095307,083100,076505
0000000180,0000179000,082266,012086,-82450,093697,086414,074801
0000000181,0000180000,062164,040055,-90319,091270,089582,074061
0000000182,0000181000,036616,064533,-89248,088262,092297,074354
0000000183,0000182000,008173,083060,-79330,084971,094290,075651
0000000184,0000183000,-20366,093798,-61528,081720,095364,077828
0000000185,0000184000,-46303,095730,-37522,078821,095418,080674
0000000186,0000185000,-67063,088695,-09728,076562,094446,083905
0000000187,0000186000,-80554,073386,019069,075165,092543,087204
0000000188,0000187000,-85485,051206,046179,074766,089892,090254
0000000189,0000188000,-81406,024361,068946,075401,086756,092755
0000000190,0000189000,-68738,-04394,085035,077009,083444,094459
0000000191,0000190000,-48640,-32366,092911,079436,080276,095200
0000000192,0000191000,-23062,-56887,091853,082443,077562,094908
0000000193,0000192000,005366,-75409,081945,085731,075570,093611
0000000194,0000193000,033896,-86139,064144,088982,074495,091436
0000000195,0000194000,059872,-88112,040140,091880,074440,088592
0000000196,0000195000,080641,-81087,012347,094139,075411,085362
0000000197,0000196000,094119,-65755,-16459,095536,077313,082064
0000000198,0000197000,099083,-43596,-43581,095936,079961,079015
0000000199,0000198000,095026,-16766,-66356,095302,083097,076514
0000000200,0000199000,082337,012024,-82459,093695,086407,074810
0000000201,0000200000,062251,040000,-90352,091270,089574,074069
0000000202,0000201000,036695,064507,-89302,088265,092288,074360
0000000203,0000202000,008239,083065,-79402,084977,094280,075655
0000000204,0000203000,-20304,093819,-61610,081728,095355,077829
0000000205,0000204000,-46265,095776,-37606,078831,095411,080671
0000000206,0000205000,-67060,088770,-09806,076572,094441,083900
0000000207,0000206000,-80570,073467,019003,075175,092541,087197
0000000208,0000207000,-85523,051288,046135,074773,089894,090245
0000000209,0000208000,-81476,024449,068928,075407,086761,092745
0000000210,0000209000,-68820,-04320,085043,077012,083451,094449
0000000211,0000210000,-48724,-32318,092947,079435,080286,095191
0000000212,0000211000,-23153,-56856,091914,082439,077572,094901
0000000213,0000212000,005283,-75404,082023,085725,075580,093607
0000000214,0000213000,033839,-86172,064234,088973,074504,091435
0000000215,0000214000,059834,-88167,040233,091870,074448,088595
0000000216,0000215000,080625,-81157,012433,094128,075416,085368
0000000217,0000216000,094141,-65848,-16389,095526,077314,082072
0000000218,0000217000,099133,-43696,-43531,095928,079960,079025
0000000219,0000218000,095092,-16852,-66335,095295,083092,076525
0000000220,0000219000,082427,011945,-82470,093692,086399,074821
0000000221,0000220000,062354,039936,-90391,091270,089564,074078
0000000222,0000221000,036789,064479,-89367,088268,092277,074367
0000000223,0000222000,008324,083067,-79489,084984,094269,075659
0000000224,0000223000,-20231,093845,-61710,081738,095345,077830
0000000225,0000224000,-46224,095836,-37707,078842,095402,080668
0000000226,0000225000,-67053,088857,-09901,076583,094436,083893
0000000227,0000226000,-80587,073563,018925,075186,092539,087187
0000000228,0000227000,-85573,051391,046082,074783,089896,090234
0000000229,0000228000,-81559,024555,068905,075413,086766,092733
0000000230,0000229000,-68915,-04235,085053,077016,083460,094437
0000000231,0000230000,-48828,-32258,092991,079435,080297,095181
0000000232,0000231000,-23264,-56817,091986,082435,077585,094893
0000000233,0000232000,005188,-75403,082117,085717,075592,093603
0000000234,0000233000,033768,-86210,064343,088963,074515,091434
0000000235,0000234000,059784,-88229,040345,091857,074457,088598
0000000236,0000235000,080610,-81244,012535,094115,075422,085375
0000000237,0000236000,094169,-65961,-16304,095513,077317,082082
0000000238,0000237000,099188,-43811,-43472,095917,079958,079037
0000000239,0000238000,095173,-16958,-66310,095288,083086,076539
0000000240,0000239000,082536,011848,-82482,093688,086390,074834
0000000241,0000240000,062473,039864,-90437,091271,089552,074090
0000000242,0000241000,036900,064445,-89445,088273,092263,074376
0000000243,0000242000,008429,083066,-79592,084993,094255,075664
0000000244,0000243000,-20145,093877,-61827,081749,095333,077831
0000000245,0000244000,-46177,095909,-37827,078855,095393,080665
0000000246,0000245000,-67040,088957,-10014,076597,094429,083886
0000000247,0000246000,-80607,073676,018833,075199,092537,087177
0000000248,0000247000,-85636,051517,046019,074794,089898,090221
0000000249,0000248000,-81654,024678,068877,075421,086772,092719
0000000250,0000249000,-69027,-04135,085065,077020,083470,094423
0000000251,0000250000,-48954,-32182,093042,079434,080309,095169
0000000252,0000251000,-23394,-56772,092070,082429,077599,094884
0000000253,0000252000,005078,-75403,082228,085708,075607,093597
0000000254,0000253000,033682,-86252,064471,088950,074529,091433
0000000255,0000254000,059726,-88302,040476,091843,074468,088602
0000000256,0000255000,080595,-81349,012656,094100,075429,085383
0000000257,0000256000,094199,-66091,-16204,095499,077319,082094
0000000258,0000257000,099251,-43944,-43403,095905,079956,079051
0000000259,0000258000,095270,-17085,-66281,095280,083079,076554
0000000260,0000259000,082664,011733,-82495,093684,086379,074849
0000000261,0000260000,062609,039781,-90491,091272,089538,074103
0000000262,0000261000,037033,064404,-89536,088279,092248,074386
0000000263,0000262000,008553,083063,-79713,085003,094240,075670
0000000264,0000263000,-20049,093918,-61964,081762,095318,077832
0000000265,0000264000,-46120,095994,-37968,078870,095381,080661
0000000266,0000265000,-67022,089071,-10145,076614,094422,083877
0000000267,0000266000,-80634,073810,018725,075214,092534,087164
0000000268,0000267000,-85709,051664,045945,074807,089900,090205
0000000269,0000268000,-81761,024818,068844,075431,086780,092702
0000000270,0000269000,-69158,-04018,085080,077024,083481,094407
0000000271,0000270000,-49103,-32092,093101,079433,080324,095155
0000000272,0000271000,-23542,-56721,092168,082424,077616,094873
0000000273,0000272000,004950,-75405,082357,085698,075624,093591
0000000274,0000273000,033579,-86298,064620,088936,074544,091432
0000000275,0000274000,059658,-88386,040628,091826,074480,088606
0000000276,0000275000,080579,-81474,012796,094083,075437,085392
0000000277,0000276000,094231,-66240,-16087,095483,077322,082108
0000000278,0000277000,099324,-44097,-43322,095891,079953,079068
0000000279,0000278000,095385,-17234,-66247,095270,083071,076572
0000000280,0000279000,082810,011601,-82510,093679,086367,074866
0000000281,0000280000,062766,039687,-90553,091272,089522,074118
0000000282,0000281000,037189,064353,-89642,088285,092230,074397
0000000283,0000282000,008696,083058,-79852,085014,094222,075677
0000000284,0000283000,-19938,093966,-62123,081777,095302,077833
0000000285,0000284000,-46053,096090,-38132,078888,095368,080656
0000000286,0000285000,-67000,089200,-10297,076632,094413,083867
0000000287,0000286000,-80665,073966,018600,075232,092531,087150
0000000288,0000287000,-85792,051834,045858,074821,089903,090188
0000000289,0000288000,-81883,024978,068806,075441,086788,092683
0000000290,0000289000,-69310,-03882,085095,077029,083495,094389
0000000291,0000290000,-49275,-31987,093167,079432,080342,095139
0000000292,0000291000,-23710,-56664,092279,082417,077634,094861
0000000293,0000292000,004802,-75404,082506,085685,075643,093584
0000000294,0000293000,033458,-86348,064790,088919,074562,091431
0000000295,0000294000,059582,-88484,040802,091807,074494,088611
0000000296,0000295000,080560,-81617,012958,094063,075446,085403
0000000297,0000296000,094265,-66408,-15952,095464,077325,082123
0000000298,0000297000,099408,-44273,-43229,095876,079950,079086
0000000299,0000298000,095518,-17407,-66206,095259,083062,076592
0000000300,0000299000,082975,011452,-82525,093674,086353,074886
0000000301,0000300000,062944,039579,-90623,091273,089504,074135
0000000302,0000301000,037370,064292,-89761,088292,092210,074410
0000000303,0000302000,008859,083053,-80009,085027,094201,075684
0000000304,0000303000,-19813,094022,-62304,081795,095284,077834
0000000305,0000304000,-45974,096197,-38318,078908,095353,080651
0000000306,0000305000,-66975,089348,-10469,076653,094404,083856
0000000307,0000306000,-80702,074146,018457,075251,092528,087133
0000000308,0000307000,-85885,052027,045758,074838,089906,090168
0000000309,0000308000,-82020,025159,068762,075453,086798,092662
0000000310,0000309000,-69484,-03725,085112,077034,083510,094368
0000000311,0000310000,-49470,-31867,093242,079431,080361,095120
0000000312,0000311000,-23901,-56600,092405,082409,077656,094848
0000000313,0000312000,004631,-75402,082674,085672,075664,093576
0000000314,0000313000,033320,-86403,064983,088901,074581,091430
0000000315,0000314000,059496,-88596,040999,091786,074510,088617
0000000316,0000315000,080537,-81777,013142,094041,075456,085415
0000000317,0000316000,094301,-66598,-15799,095443,077329,082140
0000000318,0000317000,099503,-44475,-43123,095858,079946,079108
0000000319,0000318000,095667,-17604,-66159,095247,083052,076614
0000000320,0000319000,083160,011283,-82542,093668,086336,074908
0000000321,0000320000,063148,039455,-90702,091275,089483,074154
0000000322,0000321000,037575,064221,-89896,088301,092187,074424
0000000323,0000322000,009043,083047,-80187,085041,094178,075692
0000000324,0000323000,-19670,094083,-62509,081814,095263,077835
0000000325,0000324000,-45881,096315,-38529,078931,095337,080645
0000000326,0000325000,-66946,089514,-10665,076677,094393,083843
0000000327,0000326000,-80743,074349,018295,075273,092524,087115
0000000328,0000327000,-85987,052242,045644,074856,089910,090146
0000000329,0000328000,-82174,025364,068711,075465,086809,092638
0000000330,0000329000,-69682,-03545,085130,077041,083527,094345
0000000331,0000330000,-49689,-31731,093325,079430,080382,095100
0000000332,0000331000,-24115,-56527,092547,082400,077680,094832
0000000333,0000332000,004437,-75397,082862,085656,075689,093568
0000000334,0000333000,033165,-86464,065200,088880,074603,091429
0000000335,0000334000,059400,-88722,041222,091762,074527,088623
0000000336,0000335000,080508,-81956,013350,094016,075467,085429
0000000337,0000336000,094340,-66810,-15626,095420,077332,082160
0000000338,0000337000,099611,-44702,-43003,095839,079942,079131
0000000339,0000338000,095833,-17825,-66104,095233,083040,076640
0000000340,0000339000,083367,011095,-82559,093662,086318,074932
0000000341,0000340000,063377,039313,-90790,091276,089461,074175
0000000342,0000341000,037805,064140,-90045,088310,092162,074440
0000000343,0000342000,009248,083040,-80385,085058,094153,075701
0000000344,0000343000,-19508,094151,-62738,081836,095240,077836
0000000345,0000344000,-45776,096446,-38765,078956,095318,080638
0000000346,0000345000,-66913,089701,-10884,076703,094381,083828
0000000347,0000346000,-80787,074576,018112,075298,092520,087094
0000000348,0000347000,-86099,052483,045516,074877,089915,090121
0000000349,0000348000,-82346,025595,068652,075480,086821,092611
0000000350,0000349000,-69902,-03343,085148,077047,083546,094319
0000000351,0000350000,-49931,-31579,093416,079428,080407,095078
0000000352,0000351000,-24355,-56443,092704,082390,077707,094816
0000000353,0000352000,004218,-75388,083072,085639,075715,093558
0000000354,0000353000,032991,-86532,065441,088857,074627,091428
0000000355,0000354000,059290,-88862,041471,091735,074546,088631
0000000356,0000355000,080472,-82153,013582,093989,075480,085444
0000000357,0000356000,094383,-67046,-15433,095394,077336,082182
0000000358,0000357000,099729,-44957,-42867,095818,079938,079157
0000000359,0000358000,096015,-18070,-66041,095218,083027,076667
0000000360,0000359000,083596,010883,-82577,093655,086298,074959
0000000361,0000360000,063633,039152,-90886,091278,089435,074199
0000000362,0000361000,038061,064049,-90209,088321,092134,074458
0000000363,0000362000,009476,083031,-80605,085076,094125,075711
0000000364,0000363000,-19325,094222,-62993,081861,095215,077837
0000000365,0000364000,-45657,096590,-39027,078984,095298,080630
0000000366,0000365000,-66876,089908,-11129,076731,094369,083812
0000000367,0000366000,-80833,074827,017907,075325,092516,087071
0000000368,0000367000,-86221,052749,045372,074899,089920,090093
0000000369,0000368000,-82537,025852,068586,075495,086835,092582
0000000370,0000369000,-70145,-03117,085166,077054,083567,094291
0000000371,0000370000,-50199,-31410,093515,079426,080433,095053
0000000372,0000371000,-24623,-56348,092876,082379,077736,094797
0000000373,0000372000,003975,-75375,083303,085620,075745,093548
0000000374,0000373000,032798,-86605,065708,088832,074654,091427
0000000375,0000374000,059167,-89014,041747,091706,074567,088639
0000000376,0000375000,080430,-82369,013841,093959,075493,085461
0000000377,0000376000,094429,-67307,-15218,095366,077341,082206
0000000378,0000377000,099859,-45239,-42715,095794,079932,079186
0000000379,0000378000,096215,-18341,-65969,095202,083013,076698
0000000380,0000379000,083848,010648,-82595,093647,086276,074989
0000000381,0000380000,063916,038973,-90989,091280,089407,074225
0000000382,0000381000,038343,063946,-90389,088332,092103,074477
0000000383,0000382000,009730,083020,-80847,085096,094094,075722
0000000384,0000383000,-19121,094298,-63273,081887,095187,077838
0000000385,0000384000,-45524,096747,-39317,079015,095277,080621
0000000386,0000385000,-66832,090136,-11400,076763,094355,083795
0000000387,0000386000,-80881,075102,017680,075354,092512,087046
0000000388,0000387000,-86353,053042,045211,074924,089925,090063
0000000389,0000388000,-82746,026137,068509,075512,086850,092550
0000000390,0000389000,-70411,-02868,085182,077062,083591,094260
0000000391,0000390000,-50494,-31222,093622,079424,080462,095026
0000000392,0000391000,-24919,-56240,093064,082367,077768,094777
0000000393,0000392000,003706,-75360,083556,085598,075777,093537
0000000394,0000393000,032583,-86684,066001,088804,074683,091426
0000000395,0000394000,059027,-89179,042052,091674,074590,088648
0000000396,0000395000,080382,-82605,014125,093926,075507,085480
0000000397,0000396000,094478,-67595,-14979,095335,077345,082232
0000000398,0000397000,099998,-45548,-42544,095769,079926,079217
0000000399,0000398000,096432,-18640,-65887,095184,082997,076732
0000000400,0000399000,084126,010387,-82611,093639,086252,075021
0000000401,0000400000,064227,038773,-91100,091283,089377,074252
0000000402,0000401000,-05769,099998,-54363,091021,092107,074539
0000000403,0000402000,-10617,066226,-97820,088936,093399,075070
0000000404,0000403000,-12371,087528,-70010,086422,094986,077664
0000000405,0000404000,-20042,089769,-46104,081587,094822,080166
0000000406,0000405000,-33181,063007,-38547,077594,094558,083980
0000000407,0000406000,-41684,088717,031068,072931,092493,086990
0000000408,0000407000,005046,032176,023814,069124,090278,090357
0000000409,0000408000,-33835,033853,075427,066007,088057,093673
0000000410,0000409000,-27212,-22642,063936,063896,084381,094969
0000000411,0000410000,-03150,-46050,077409,063794,081961,096476
0000000412,0000411000,000841,-51623,096257,064193,079122,096114
0000000413,0000412000,010657,-89480,066631,066820,077464,095266
0000000414,0000413000,014608,-59141,090245,070546,076002,092873
0000000415,0000414000,055692,-83086,045688,075014,075639,089879
0000000416,0000415000,031300,-58892,035735,080064,076861,087030
0000000417,0000416000,027331,-55446,-04241,084840,077690,082770
0000000418,0000417000,046978,-41735,-38016,089565,080342,079800
0000000419,0000418000,030645,005285,-39612,092708,082937,076789
0000000420,0000419000,026853,007131,-82975,095082,086006,074844
0000000421,0000420000,012698,061957,-63892,096253,088771,073663
0000000422,0000421000,025072,065829,-83581,095420,091165,073536
0000000423,0000422000,-04985,083729,-75478,093594,093598,075145
0000000424,0000423000,-24440,089344,-63545,090209,094179,076682
0000000425,0000424000,-10028,074421,-57213,086311,094710,079842
0000000426,0000425000,-30023,088070,-10799,081486,094025,083215
0000000427,0000426000,-27928,049968,-06650,076940,092396,086694
0000000428,0000427000,-29921,049720,041476,073176,090154,090075
0000000429,0000428000,-11507,015754,055536,069687,087228,092741
0000000430,0000429000,-16509,-14659,068761,067919,084632,095190
0000000431,0000430000,-18157,-32755,086965,067210,081287,095840
0000000432,0000431000,013207,-68259,074991,068232,078870,095961
0000000433,0000432000,010146,-62136,089344,070379,076991,094955
0000000434,0000433000,023232,-85414,060195,073852,075602,092668
0000000435,0000434000,031120,-70694,054785,078468,075448,089898
0000000436,0000435000,043726,-63328,028787,082983,075932,086317
0000000437,0000436000,039819,-56560,-06208,087909,077753,083033
0000000438,0000437000,028561,-24860,-20710,092095,079743,079352
0000000439,0000438000,042567,-14194,-58053,095491,082575,076519
0000000440,0000439000,024804,027203,-60490,097593,085741,074605
0000000441,0000440000,016999,040829,-81397,098287,088446,073273
0000000442,0000441000,009745,067194,-78604,097770,091214,073437
0000000443,0000442000,001336,084464,-70947,095436,093055,074391
0000000444,0000443000,-10272,079186,-69661,092234,094447,076687
0000000445,0000444000,-27319,089339,-39171,088060,094580,079415
0000000446,0000445000,-18025,068788,-28125,083425,093896,082803
0000000447,0000446000,-28029,063342,008039,078892,092529,086581
0000000448,0000447000,-28166,037198,028800,074738,090016,089752
0000000449,0000448000,-18940,013224,051226,071723,087378,092800
0000000450,0000449000,-13576,-06140,074879,069596,084235,094804
0000000451,0000450000,-04269,-42334,074211,069070,081367,096019
0000000452,0000451000,-01869,-51629,087582,069992,078675,095958
0000000453,0000452000,019463,-73862,073762,072189,076565,094796
0000000454,0000453000,024087,-74750,067558,075708,075510,092883
0000000455,0000454000,028863,-73845,048584,079900,075005,089774
0000000456,0000455000,040249,-68056,021845,084729,075764,086459
0000000457,0000456000,039173,-45057,004506,089283,077256,082797
0000000458,0000457000,039422,-34994,-30713,093442,079589,079379
0000000459,0000458000,029529,-02346,-45043,096754,082413,076444
0000000460,0000459000,030394,017780,-67462,098708,085372,074210
0000000461,0000460000,019124,043279,-75844,099425,088553,073237
0000000462,0000461000,005062,065735,-76609,098521,091072,073053
0000000463,0000462000,001291,074316,-77194,096405,093200,074212
0000000464,0000463000,-11691,087947,-57217,092980,094458,076314
0000000465,0000464000,-18095,078270,-47407,088758,094769,079208
0000000466,0000465000,-26812,075084,-19622,084226,094164,082704
0000000467,0000466000,-24096,057502,003439,079591,092501,086244
0000000468,0000467000,-23506,035948,027242,075605,090330,089853
0000000469,0000468000,-23835,016407,052974,072403,087375,092712
0000000470,0000469000,-10957,-14350,064409,070515,084296,094912
0000000471,0000470000,-05342,-31684,081562,069958,081283,096110
0000000472,0000471000,005184,-56963,078348,070837,078525,096104
0000000473,0000472000,013599,-67692,076161,073209,076472,095086
0000000474,0000473000,025335,-73796,064866,076585,075085,092889
0000000475,0000474000,033541,-75123,044031,080887,074844,090056
0000000476,0000475000,034049,-61567,026207,085513,075409,086516
0000000477,0000476000,041240,-51737,-03134,090115,076960,082832
0000000478,0000477000,037588,-26727,-22510,094190,079359,079369
0000000479,0000478000,033124,-06497,-47934,097298,082176,076295
0000000480,0000479000,026093,018559,-64068,099317,085372,074144
0000000481,0000480000,018091,043703,-72197,099802,088409,072875
0000000482,0000481000,009535,059642,-78986,098908,091239,072876
0000000483,0000482000,-04486,077481,-69781,096622,093354,073923
0000000484,0000483000,-09486,079504,-61706,093189,094654,076005
0000000485,0000484000,-18432,081408,-41105,088982,095096,079024
0000000486,0000485000,-24247,071378,-20849,084326,094400,082471
0000000487,0000486000,-25268,055173,002478,079858,092874,086235
0000000488,0000487000,-24226,038112,029197,075813,090476,089749
0000000489,0000488000,-18459,011381,046558,072730,087592,092842
0000000490,0000489000,-14816,-09368,066987,070873,084397,095094
0000000491,0000490000,-02990,-35000,074601,070386,081205,096278
0000000492,0000491000,006150,-52391,078668,071398,078461,096435
0000000493,0000492000,014632,-65705,073968,073704,076204,095318
0000000494,0000493000,025142,-73918,060563,077226,074869,093227
0000000495,0000494000,031665,-69378,046023,081464,074455,090233
0000000496,0000495000,037714,-64094,021187,086082,075081,086705
0000000497,0000496000,037155,-46842,000473,090636,076676,082957
0000000498,0000497000,037790,-28437,-24419,094604,079021,079297
0000000499,0000498000,033470,-05283,-45314,097696,082038,076252
0000000500,0000499000,024851,019356,-60453,099510,085238,073911
0000000501,0000500000,017780,039591,-72727,099976,088471,072655
0000000502,0000501000,007137,061324,-72937,098951,091343,072544
0000000503,0000502000,-01766,071749,-70642,096568,093584,073598
0000000504,0000503000,-12173,079367,-57373,093108,095020,075748
0000000505,0000504000,-18194,077970,-40745,088825,095403,078706
0000000506,0000505000,-22302,068851,-20308,084241,094835,082336
0000000507,0000506000,-25773,055582,004492,079729,093218,086117
0000000508,0000507000,-22704,034118,025109,075800,090806,089783
0000000509,0000508000,-19076,013932,047761,072793,087811,092961
0000000510,0000509000,-11670,-11332,062284,070996,084493,095293
0000000511,0000510000,-03697,-32648,072785,070654,081245,096624
0000000512,0000511000,006447,-50459,075814,071710,078275,096730
0000000513,0000512000,016955,-64623,070107,074147,075997,095716
0000000514,0000513000,024041,-69042,060413,077666,074531,093562
0000000515,0000514000,032392,-69483,041554,081950,074070,090529
0000000516,0000515000,036338,-59753,022472,086567,074690,086931
0000000517,0000516000,037975,-46377,-00891,091026,076273,083046
0000000518,0000517000,036230,-27170,-23464,094963,078746,079343
0000000519,0000518000,031777,-04154,-42598,097911,081774,076100
0000000520,0000519000,025722,017289,-59475,099645,085158,073715
0000000521,0000520000,015564,040451,-67736,099961,088505,072359
0000000522,0000521000,006983,057188,-71858,098829,091494,072182
0000000523,0000522000,-02860,070493,-66246,096377,093888,073245
0000000524,0000523000,-11702,076161,-55312,092804,095375,075372
0000000525,0000524000,-18321,074573,-39444,088533,095875,078446
0000000526,0000525000,-22861,067497,-17953,083926,095267,082099
0000000527,0000526000,-23446,052017,002904,079478,093664,086024
0000000528,0000527000,-22929,034567,025758,075618,091188,089817
0000000529,0000528000,-17705,012024,044447,072707,088061,093086
0000000530,0000529000,-10736,-10249,060160,071061,084655,095568
0000000531,0000530000,-02485,-31026,069676,070801,081221,096948
0000000532,0000531000,007465,-49333,071424,072008,078152,097157
0000000533,0000532000,016614,-60587,068180,074522,075708,096121
0000000534,0000533000,025719,-67335,056115,078112,074155,093962
0000000535,0000534000,031515,-65245,040628,082428,073646,090890
0000000536,0000535000,036013,-57816,020559,087013,074208,087162
0000000537,0000536000,037460,-44091,-01006,091447,075855,083202
0000000538,0000537000,035136,-25102,-21865,095258,078362,079338
0000000539,0000538000,031016,-04818,-41599,098110,081528,075993
0000000540,0000539000,023732,018046,-55343,099700,085030,073469
0000000541,0000540000,015525,037995,-65332,099869,088525,072018
0000000542,0000541000,005538,055535,-67379,098618,091691,071805
0000000543,0000542000,-03673,067276,-62872,096038,094185,072808
0000000544,0000543000,-11608,072547,-52589,092416,095814,074989
0000000545,0000544000,-18584,072007,-36267,088087,096360,078100
0000000546,0000545000,-22033,063338,-17645,083506,095792,081860
0000000547,0000546000,-23313,050573,003989,079118,094159,085902
0000000548,0000547000,-21151,032282,024016,075342,091598,089819
0000000549,0000548000,-16738,011629,042560,072574,088387,093254
0000000550,0000549000,-09786,-09622,057115,071056,084805,095827
0000000551,0000550000,-00767,-30030,065277,070965,081235,097334
0000000552,0000551000,008088,-46083,068225,072296,077993,097595
0000000553,0000552000,017667,-58299,063345,074928,075408,096585
0000000554,0000553000,025625,-63036,053294,078602,073745,094413
0000000555,0000554000,031888,-61949,037727,082934,073144,091263
0000000556,0000555000,035496,-54555,019016,087516,073707,087463
0000000557,0000556000,036202,-40965,-00925,091869,075351,083352
0000000558,0000557000,034530,-23929,-21410,095583,077946,079364
0000000559,0000558000,029327,-03410,-38498,098287,081227,075871
0000000560,0000559000,022583,016966,-52660,099714,084873,073210
0000000561,0000560000,013978,036763,-60884,099730,088546,071666
0000000562,0000561000,004648,052801,-62955,098312,091863,071365
0000000563,0000562000,-04345,063583,-58855,095622,094532,072361
0000000564,0000563000,-12410,069159,-48382,091909,096263,074543
0000000565,0000564000,-18020,067398,-33939,087554,096895,077723
0000000566,0000565000,-21796,060213,-15380,082993,096362,081585
0000000567,0000566000,-22269,047203,003852,078671,094695,085744
0000000568,0000567000,-19985,030353,023036,075026,092072,089821
0000000569,0000568000,-15255,010912,040271,072397,088727,093387
0000000570,0000569000,-08102,-09525,053077,071062,085004,096113
0000000571,0000570000,000250,-27844,061327,071142,081249,097721
0000000572,0000571000,009672,-43765,062994,072634,077834,098057
0000000573,0000572000,018312,-54204,059005,075399,075099,097086
0000000574,0000573000,026029,-58994,048946,079149,073293,094886
0000000575,0000574000,031841,-57721,034524,083522,072621,091688
0000000576,0000575000,034856,-50259,017385,088067,073139,087776
0000000577,0000576000,035390,-38021,-01778,092343,074814,083545
0000000578,0000577000,032843,-21280,-19834,095925,077479,079405
0000000579,0000578000,028049,-02777,-36200,098458,080880,075754
0000000580,0000579000,020855,016786,-48633,099702,084694,072963
0000000581,0000580000,012368,034930,-56141,099521,088531,071290
0000000582,0000581000,003488,049556,-57920,097940,092041,070919
0000000583,0000582000,-05357,059940,-53470,095106,094868,071873
0000000584,0000583000,-12643,064245,-44236,091307,096735,074073
0000000585,0000584000,-18160,062959,-30098,086926,097459,077311
0000000586,0000585000,-20974,055635,-13463,082393,096957,081265
0000000587,0000586000,-21177,043630,004399,078170,095281,085566
0000000588,0000587000,-18640,027886,021996,074662,092573,089781
0000000589,0000588000,-13394,009531,037269,072222,089113,093509
0000000590,0000589000,-06458,-08816,049205,071084,085225,096377
0000000591,0000590000,002051,-26258,055941,071367,081288,098107
0000000592,0000591000,010885,-40348,057605,073045,077691,098529
0000000593,0000592000,019369,-49958,053363,075948,074777,097590
0000000594,0000593000,026513,-54120,043960,079793,072840,095392
0000000595,0000594000,031553,-52482,030863,084187,072066,092129
0000000596,0000595000,034316,-45680,014751,088694,072547,088124
0000000597,0000596000,034075,-33751,-02194,092865,074236,083765
0000000598,0000597000,031333,-18693,-18826,096286,076971,079471
0000000599,0000598000,026109,-01358,-33190,098626,080499,075668
0000000600,0000599000,018969,016500,-44223,099647,084467,072722
0000000601,0000600000,010660,032809,-50742,099253,088497,070932
0000000602,0000601000,001850,046266,-51684,097475,092191,070466
0000000603,0000602000,-06239,055150,-47702,094493,095194,071377
0000000604,0000603000,-13179,059088,-38671,090604,097208,073584
0000000605,0000604000,-17955,057280,-25962,086198,098028,076867
0000000606,0000605000,-20232,050442,-10828,081719,097578,080919
0000000607,0000606000,-19878,039318,005264,077609,095884,085342
0000000608,0000607000,-16805,024590,020697,074278,093112,089711
0000000609,0000608000,-11530,008194,034345,072051,089529,093593
0000000610,0000609000,-04279,-08683,044319,071149,085479,096611
0000000611,0000610000,003933,-24103,050179,071664,081359,098472
0000000612,0000611000,012477,-36706,051047,073544,077566,098982
0000000613,0000612000,020469,-45029,046789,076606,074477,098098
0000000614,0000613000,026944,-48276,038235,080540,072387,095897
0000000615,0000614000,031450,-46630,026103,084951,071511,092592
0000000616,0000615000,033352,-39828,011914,089398,071939,088499
0000000617,0000616000,032714,-29040,-03248,093436,073632,084016
0000000618,0000617000,029428,-15204,-17579,096668,076436,079580
0000000619,0000618000,023912,000408,-29960,098772,080078,075617
0000000620,0000619000,016772,016228,-39301,099543,084207,072525
0000000621,0000620000,008534,030748,-44280,098901,088419,070602
0000000622,0000621000,000224,042235,-44787,096909,092308,070038
0000000623,0000622000,-07476,049954,-40591,093766,095493,070895
0000000624,0000623000,-13626,052815,-32345,089785,097656,073089
0000000625,0000624000,-17710,050766,-20883,085370,098591,076414
0000000626,0000625000,-19338,044320,-07529,080962,098194,080543
0000000627,0000626000,-18262,033944,006313,077002,096500,085083
0000000628,0000627000,-14799,020846,019657,073880,093669,089590
0000000629,0000628000,-09127,006150,030844,071906,089974,093624
0000000630,0000629000,-01921,-08507,039042,071277,085770,096794
0000000631,0000630000,006176,-21902,043420,072053,081465,098783
0000000632,0000631000,014327,-32567,043447,074160,077484,099398
0000000633,0000632000,021641,-39260,039237,077387,074209,098574
0000000634,0000633000,027494,-41702,031262,081411,071965,096392
0000000635,0000634000,031134,-39506,020640,085824,070976,093058
0000000636,0000635000,032348,-33133,008208,090184,071340,088893
0000000637,0000636000,030976,-23266,-04548,094057,073029,084305
0000000638,0000637000,027193,-10966,-16417,097056,075883,079734
0000000639,0000638000,021413,002619,-26483,098886,079631,075628
0000000640,0000639000,014125,016273,-33573,099365,083907,072388
0000000641,0000640000,006182,028346,-37094,098445,088297,070333
0000000642,0000641000,-01746,037896,-36623,096216,092375,069665
0000000643,0000642000,-08756,043842,-32416,092902,095738,070451
0000000644,0000643000,-14145,045597,-24837,088836,098061,072621
0000000645,0000644000,-17399,043193,-14798,084429,099111,075960
0000000646,0000645000,-18151,036970,-03581,080123,098783,080150
0000000647,0000646000,-16437,027685,007944,076349,097102,084784
0000000648,0000647000,-12349,016126,018513,073483,094229,089412
0000000649,0000648000,-06398,003667,027154,071808,090438,093585
0000000650,0000649000,000873,-08617,033048,071490,086094,096894
0000000651,0000650000,008749,-19551,035675,072562,081622,099016
0000000652,0000651000,016378,-27839,034749,074917,077457,099738
0000000653,0000652000,023042,-32796,030330,078318,074005,098991
0000000654,0000653000,027977,-33941,023198,082423,071604,096845
0000000655,0000654000,030763,-31304,013992,086817,070494,093505
0000000656,0000655000,031077,-25180,003771,091058,070784,089298
0000000657,0000656000,028925,-16393,-06324,094720,072450,084629
0000000658,0000657000,024581,-05861,-15405,097439,075338,079950
0000000659,0000658000,018428,005529,-22598,098945,079168,075718
0000000660,0000659000,011147,016456,-27252,099089,083571,072345
0000000661,0000660000,003410,025913,-28806,097855,088119,070162
0000000662,0000661000,-03945,032960,-27297,095368,092370,069383
0000000663,0000662000,-10185,036878,-22875,091878,095906,070088
0000000664,0000663000,-14679,037297,-16004,087737,098383,072208
0000000665,0000664000,-16923,034299,-07647,083363,099556,075536
0000000666,0000665000,-16765,028411,001341,079199,099308,079753
0000000667,0000666000,-14188,020145,010012,075661,097659,084449
0000000668,0000667000,-09514,010501,017542,073103,094766,089167
0000000669,0000668000,-03200,000473,023130,071779,090905,093450
0000000670,0000669000,004117,-09033,026334,071822,086451,096882
0000000671,0000670000,011670,-17010,026910,073225,081836,099124
0000000672,0000671000,018737,-22642,024686,075849,077509,099958
0000000673,0000672000,024534,-25358,020096,079428,073894,099302
0000000674,0000673000,028501,-25049,013680,083599,071343,097217
0000000675,0000674000,030215,-21724,006154,087942,070109,093907
0000000676,0000675000,029514,-15863,-01600,092017,070312,089693
0000000677,0000676000,026503,-08266,-08713,095415,071938,084985
0000000678,0000677000,021475,000366,-14489,097795,074831,080238
0000000679,0000678000,014989,009099,-18464,098919,078712,075914
0000000680,0000679000,007668,017022,-20139,098677,083206,072435
0000000681,0000680000,000277,023336,-19462,097093,087878,070138
0000000682,0000681000,-06428,027473,-16601,094329,092273,069249
0000000683,0000682000,-11767,028983,-11823,090662,095959,069856
0000000684,0000683000,-15162,027717,-05751,086465,098579,071899
0000000685,0000684000,-16298,024037,000861,082163,099875,075178
0000000686,0000685000,-15031,018334,007231,078191,099718,079376
0000000687,0000686000,-11532,011280,012740,074951,098123,084083
0000000688,0000687000,-06166,003730,016729,072767,095241,088842
0000000689,0000688000,000523,-03531,018804,071857,091351,093193
0000000690,0000689000,007827,-09787,018900,072313,086829,096712
0000000691,0000690000,015025,-14404,016962,074085,082114,099056
0000000692,0000691000,021351,-16842,013259,076995,077666,099998
0000000693,0000692000,026171,-16979,008276,080747,073917,099446
0000000694,0000693000,028972,-14830,002624,084961,071235,097453
0000000695,0000694000,029461,-10645,-03059,089209,069881,094216
0000000696,0000695000,027607,-05032,-08064,093059,069989,090052
0000000697,0000696000,023589,001345,-11754,096123,071548,085364
0000000698,0000697000,017855,007769,-13819,098091,074408,080609
0000000699,0000698000,010981,013541,-14002,098766,078293,076249
0000000700,0000699000,003689,017982,-12291,098083,082826,072705
0000000701,0000700000,-03272,020687,-08964,096112,087568,070322
0000000702,0000701000,-09195,021424,-04426,093054,092056,069331
0000000703,0000702000,-13445,020052,000815,089219,095853,069828
0000000704,0000703000,-15599,016829,006131,084998,098589,071760
0000000705,0000704000,-15411,012182,010791,080820,099998,074939
0000000706,0000705000,-12913,006651,014285,077110,099941,079054
0000000707,0000706000,-08363,000904,016176,074244,098426,083701
0000000708,0000707000,-02236,-04320,016144,072513,095599,088429
0000000709,0000708000,004816,-08423,014234,072090,091735,092780
0000000710,0000709000,012078,-11007,010682,073015,087210,096332
0000000711,0000710000,018782,-11715,005869,075193,082464,098741
0000000712,0000711000,024244,-10499,000342,078401,077956,099777
0000000713,0000712000,027891,-07567,-05185,082312,074127,099341
0000000714,0000713000,029338,-03225,-10080,086528,071349,097477
0000000715,0000714000,028431,002020,-13774,090618,069892,094372
0000000716,0000715000,025248,007495,-15695,094166,069896,090331
0000000717,0000716000,020136,012508,-15578,096809,071360,085748
0000000718,0000717000,013614,016501,-13391,098280,074140,081072
0000000719,0000718000,006376,018914,-09297,098430,077963,076756
0000000720,0000719000,-00823,019423,-03712,097247,082457,073218
0000000721,0000720000,-07240,018017,002698,094854,087185,070796
0000000722,0000721000,-12197,014803,009209,091496,091688,069723
0000000723,0000722000,-15188,010125,015120,087516,095529,070098
0000000724,0000723000,-15882,004542,019655,083321,098334,071881
0000000725,0000724000,-14199,-01293,022245,079339,099833,074894
0000000726,0000725000,-10305,-06732,022550,075979,099880,078839
0000000727,0000726000,-04596,-11071,020383,073584,098475,083327
0000000728,0000727000,002324,-13699,015860,072399,095759,087920
0000000729,0000728000,009735,-14298,009435,072542,091999,092173
0000000730,0000729000,016851,-12711,001773,073996,087563,095674
0000000731,0000730000,022933,-09023,-06349,076611,082884,098090
0000000732,0000731000,027345,-03643,-13991,080116,078414,099191
0000000733,0000732000,029619,002835,-20250,084154,074587,098878
0000000734,0000733000,029512,009739,-24430,088309,071773,097186
0000000735,0000734000,027009,016298,-25963,092158,070245,094286
0000000736,0000735000,022362,021689,-24535,095302,070147,090467
0000000737,0000736000,016043,025272,-20184,097420,071484,086106
0000000738,0000737000,008716,026557,-13272,098294,074119,081630
0000000739,0000738000,001155,025243,-04410,097836,077791,077476
0000000740,0000739000,-05848,021387,005506,096096,082137,074042
0000000741,0000740000,-11550,015350,015384,093255,086734,071654
0000000742,0000741000,-15362,007722,024182,089608,091136,070537
0000000743,0000742000,-16871,-00723,030907,085527,094919,070789
0000000744,0000743000,-15906,-09037,034727,081433,097718,072378
0000000745,0000744000,-12544,-16307,035125,077746,099262,075143
0000000746,0000745000,-07110,-21722,031948,074848,099407,078805
0000000747,0000746000,-00169,-24555,025355,073038,098147,083001
0000000748,0000747000,007558,-24369,015893,072503,095612,087318
0000000749,0000748000,015248,-21085,004506,073297,092058,091336
0000000750,0000749000,022092,-14911,-07690,075334,087838,094667
0000000751,0000750000,027369,-06384,-19453,078401,083364,097000
0000000752,0000751000,030523,003613,-29475,082182,079069,098119
0000000753,0000752000,031216,014050,-36644,086286,075367,097926
0000000754,0000753000,029345,023871,-40139,090293,072613,096450
0000000755,0000754000,025081,031955,-39428,093786,071070,093846
0000000756,0000755000,018842,037352,-34409,096404,070882,090376
0000000757,0000756000,011269,039414,-25491,097873,072058,086387
0000000758,0000757000,003161,037764,-13468,098041,074471,082275
0000000759,0000758000,-04625,032410,000552,096892,077874,078441
0000000760,0000759000,-11262,023806,015129,094549,081928,075251
0000000761,0000760000,-16057,012769,028763,091256,086234,073004
0000000762,0000761000,-18501,000335,040055,087356,090374,071904
0000000763,0000762000,-18319,-12225,047744,083250,093954,072042
0000000764,0000763000,-15503,-23565,050890,079363,096630,073391
0000000765,0000764000,-10308,-32477,049034,076099,098149,075810
0000000766,0000765000,-03248,-37928,042204,073798,098372,079050
0000000767,0000766000,004947,-39188,030911,072703,097289,082784
0000000768,0000767000,013409,-35994,016225,072929,095021,086640
0000000769,0000768000,021243,-28561,-00417,074450,091803,090241
0000000770,0000769000,027621,-17502,-17385,077105,087963,093243
0000000771,0000770000,031871,-03855,-32960,080615,083877,095368
0000000772,0000771000,033548,011037,-45513,084616,079942,096429
0000000773,0000772000,032447,025711,-53696,088694,076534,096339
0000000774,0000773000,028649,038648,-56545,092426,073975,095125
0000000775,0000774000,022505,048418,-53567,095422,072506,092919
0000000776,0000775000,014624,053886,-44868,097367,072258,089951
0000000777,0000776000,005832,054354,-31220,098053,073242,086523
0000000778,0000777000,-02943,049629,-13900,097409,075341,082979
0000000779,0000778000,-10769,040052,005403,095502,078334,079668
0000000780,0000779000,-16819,026523,024742,092535,081913,076903
0000000781,0000780000,-20463,010314,042191,088820,085722,074939
0000000782,0000781000,-21316,-07064,056013,084743,089393,073946
0000000783,0000782000,-19258,-23868,064712,080728,092577,073996
0000000784,0000783000,-14453,-38352,067223,077191,094973,075065
0000000785,0000784000,-07358,-48983,063143,074505,096361,077032
0000000786,0000785000,001321,-54507,052654,072955,096620,079686
0000000787,0000786000,010673,-54154,036653,072710,095743,082754
0000000788,0000787000,019700,-47873,016730,073795,093836,085926
0000000789,0000788000,027445,-36216,-05128,076097,091108,088888
0000000790,0000789000,033094,-20241,-26769,079369,087845,091360
0000000791,0000790000,036070,-01481,-46056,083269,084371,093119
0000000792,0000791000,036048,018285,-61057,087389,081027,094017
0000000793,0000792000,033000,037147,-70220,091303,078128,093994
0000000794,0000793000,027184,053169,-72443,094600,075943,093076
0000000795,0000794000,019152,064616,-67276,096931,074671,091375
0000000796,0000795000,009718,070147,-55035,098046,074417,089077
0000000797,0000796000,-00130,069018,-36810,097821,075186,086423
0000000798,0000797000,-09331,061221,-14407,096278,076875,083686
0000000799,0000798000,-16909,047501,009907,093581,079297,081136
0000000800,0000799000,-22079,029192,033693,090017,082191,079013
0000000801,0000800000,-24319,008016,054660,085960,085265,077506
0000000802,0000801000,-23383,-14049,070776,081834,088217,076736
0000000803,0000802000,-19327,-34850,080340,078068,090771,076747
0000000804,0000803000,-12514,-52273,082234,075058,092691,077510
0000000805,0000804000,-03587,-64486,076059,073126,093808,078922
0000000806,0000805000,006537,-70013,062189,072483,094037,080823
0000000807,0000806000,016790,-68086,041863,073204,093379,083007
0000000808,0000807000,026068,-58846,017173,075214,091927,085249
0000000809,0000808000,033382,-43205,-09345,078300,089853,087325
0000000810,0000809000,037989,-22692,-35087,082132,087382,089040
0000000811,0000810000,039432,000733,-57561,086310,084771,090246
0000000812,0000811000,037550,024870,-74600,090396,082276,090854
0000000813,0000812000,032488,047421,-84478,093965,080132,090838
0000000814,0000813000,024710,066115,-86053,096637,078532,090232
0000000815,0000814000,014959,078950,-78913,098126,077610,089128
0000000816,0000815000,004242,084411,-63553,098264,077430,087662
0000000817,0000816000,-06303,081746,-41385,097029,077980,085996
0000000818,0000817000,-15540,071154,-14676,094551,079174,084309
0000000819,0000818000,-22480,053746,013762,091094,080864,082768
0000000820,0000819000,-26435,031284,041125,087026,082860,081518
0000000821,0000820000,-27031,005868,064857,082772,084947,080660
0000000822,0000821000,-24185,-20106,082647,078777,086921,080249
0000000823,0000822000,-18139,-44116,092685,075460,088594,080290
0000000824,0000823000,-09457,-63839,093898,073174,089819,080742
0000000825,0000824000,001020,-77172,085912,072170,090503,081523
0000000826,0000825000,012201,-82481,069252,072563,090611,082525
0000000827,0000826000,022893,-79094,045525,074320,090163,083628
0000000828,0000827000,031962,-67325,017185,077256,089241,084708
0000000829,0000828000,038409,-48367,-12795,081057,087966,085659
0000000830,0000829000,041623,-24232,-41413,085318,086492,086393
0000000831,0000830000,041336,002805,-66062,089595,084983,086857
0000000832,0000831000,037521,030270,-84331,093441,083591,087036
0000000833,0000832000,030537,055414,-94395,096451,082447,086949
0000000834,0000833000,021036,075869,-95188,098301,081648,086644
0000000835,0000834000,009968,089472,-86440,098786,081242,086194
0000000836,0000835000,-01518,094547,-68742,097843,081234,085679
0000000837,0000836000,-12206,090495,-43821,095566,081589,085173
0000000838,0000837000,-20925,077694,-14324,092196,082231,084741
0000000839,0000838000,-26783,057528,016760,088091,083065,084427
0000000840,0000839000,-29169,032077,046127,083690,083980,084254
0000000841,0000840000,-27974,003831,071314,079450,084864,084225
0000000842,0000841000,-23205,-24700,089786,075814,085624,084309
0000000843,0000842000,-15344,-50588,099634,073168,086190,084465
0000000844,0000843000,-05173,-71386,099998,071797,086516,084633
0000000845,0000844000,006359,-85036,090568,071860,086606,084751
0000000846,0000845000,017957,-89728,072131,073360,086487,084768
0000000847,0000846000,028448,-85075,046444,076142,086212,084656
0000000848,0000847000,036673,-71490,016297,079913,085851,084411
0000000849,0000848000,041792,-50394,-15256,084268,085472,084055
0000000850,0000849000,043314,-24131,-44971,088748,085143,083632
0000000851,0000850000,041141,004901,-70138,092884,084918,083194
0000000852,0000851000,035513,033915,-88470,096246,084829,082817
0000000853,0000852000,026853,060120,-97906,098475,084885,082572
0000000854,0000853000,016131,080883,-97759,099325,085067,082524
0000000855,0000854000,004373,094185,-87780,098697,085327,082731
0000000856,0000855000,-07169,098459,-68861,096646,085597,083211
0000000857,0000856000,-17237,093208,-42993,093386,085809,083949
0000000858,0000857000,-24827,079096,-12704,089263,085895,084885
0000000859,0000858000,-29060,057463,018686,084719,085815,085926
0000000860,0000859000,-29658,030881,048084,080232,085546,086969
0000000861,0000860000,-26558,001669,072783,076269,085089,087895
0000000862,0000861000,-20057,-27380,090531,073246,084483,088588
0000000863,0000862000,-10777,-53267,099373,071486,083781,088943
0000000864,0000863000,000340,-73574,098559,071185,083063,088888
0000000865,0000864000,012108,-86233,088239,072386,082429,088373
0000000866,0000865000,023375,-89907,069192,074970,081985,087408
0000000867,0000866000,032827,-84124,043544,078666,081819,086057
0000000868,0000867000,039559,-69720,013880,083079,081992,084436
0000000869,0000868000,042868,-48074,-16740,087740,082523,082706
0000000870,0000869000,042450,-21548,-45213,092157,083389,081040
0000000871,0000870000,038440,007171,-68872,095872,084526,079614
0000000872,0000871000,031168,035545,-85521,098495,085837,078592
0000000873,0000872000,021403,060665,-93550,099742,087196,078107
0000000874,0000873000,010116,079980,-92094,099472,088463,078246
0000000875,0000874000,-01492,091644,-81410,097704,089486,079043
0000000876,0000875000,-12186,094534,-62686,094619,090124,080465
0000000877,0000876000,-20846,088371,-37797,090543,090264,082405
0000000878,0000877000,-26565,073842,-09333,085911,089852,084685
0000000879,0000878000,-28813,052599,019813,081215,088893,087083
0000000880,0000879000,-27370,026844,046589,076949,087451,089360
0000000881,0000880000,-22479,-00852,068642,073556,085647,091283
0000000882,0000881000,-14557,-27941,083847,071394,083644,092639
0000000883,0000882000,-04454,-51598,090662,070697,081634,093268
0000000884,0000883000,006767,-69417,088504,071546,079818,093070
0000000885,0000884000,017965,-79820,077714,073862,078401,092021
0000000886,0000885000,027885,-81736,059582,077402,077561,090181
0000000887,0000886000,035524,-75153,035949,081790,077423,087700
0000000888,0000887000,040096,-60856,009327,086559,078045,084806
0000000889,0000888000,041169,-40424,-17520,091201,079399,081780
0000000890,0000889000,038709,-16008,-42052,095231,081382,078922
0000000891,0000890000,032955,010059,-61857,098229,083816,076524
0000000892,0000891000,024541,035109,-75085,099877,086479,074838
0000000893,0000892000,014304,056689,-80454,099998,089116,074057
0000000894,0000893000,003333,072596,-77537,098570,091461,074288
0000000895,0000894000,-07170,081279,-66791,095739,093264,075550
0000000896,0000895000,-16109,082122,-49534,091804,094315,077755
0000000897,0000896000,-22523,075168,-27734,087183,094468,080716
0000000898,0000897000,-25811,061339,-03589,082371,093670,084160
0000000899,0000898000,-25648,042128,020399,077875,091966,087752
0000000900,0000899000,-22134,019561,041908,074167,089497,091138
0000000901,0000900000,-15652,-04112,058879,071634,086486,093976
0000000902,0000901000,-02529,011484,073908,070335,084927,095748
0000000903,0000902000,014438,012041,071609,071111,084927,097132
0000000904,0000903000,009303,013208,076845,072241,084927,096217
0000000905,0000904000,021470,014255,058887,076123,084927,094681
0000000906,0000905000,046638,017086,045017,079671,084927,091886
0000000907,0000906000,034838,012314,032495,084646,084927,088742
0000000908,0000907000,002235,-14662,-25997,085353,084927,084632
0000000909,0000908000,-01581,-19285,-26783,085353,084927,084632
0000000910,0000909000,007707,-10197,-17004,085353,084927,084632
0000000911,0000910000,022298,004204,-01937,085353,084927,084632
0000000912,0000911000,030204,011932,006434,085353,084927,084632
0000000913,0000912000,025851,007410,002533,085353,084927,084632
0000000914,0000913000,013752,-04850,-09128,085353,084927,084632
0000000915,0000914000,004029,-14724,-18425,085353,084927,084632
0000000916,0000915000,003977,-14920,-18064,085353,084927,084632
0000000917,0000916000,012615,-06416,-09023,085353,084927,084632
0000000918,0000917000,022282,003124,001033,085353,084927,084632
0000000919,0000918000,025272,005993,004400,085353,084927,084632
0000000920,0000919000,019834,000441,-00674,085353,084927,084632
0000000921,0000920000,010967,-08533,-09187,085353,084927,084632
0000000922,0000921000,005867,-13734,-13944,085353,084927,084632
0000000923,0000922000,008081,-11615,-11398,085353,084927,084632
0000000924,0000923000,015104,-04681,-04055,085353,084927,084632
0000000925,0000924000,020928,001058,002079,085353,084927,084632
0000000926,0000925000,021066,001117,002516,085353,084927,084632
0000000927,0000926000,015906,-04117,-02353,085353,084927,084632
0000000928,0000927000,009941,-10153,-08039,085353,084927,084632
0000000929,0000928000,007847,-12312,-09861,085353,084927,084632
0000000930,0000929000,010827,-09394,-06619,085353,084927,084632
0000000931,0000930000,016009,-04270,-01184,085353,084927,084632
0000000932,0000931000,019083,-01250,002134,085353,084927,084632
0000000933,0000932000,017806,-02579,001092,085353,084927,084632
0000000934,0000933000,013552,-06879,-02934,085353,084927,084632
0000000935,0000934000,009886,-10590,-06381,085353,084927,084632
0000000936,0000935000,009565,-10953,-06490,085353,084927,084632
0000000937,0000936000,012469,-08088,-03382,085353,084927,084632
0000000938,0000937000,015974,-04619,000320,085353,084927,084632
0000000939,0000938000,017244,-03383,001780,085353,084927,084632
0000000940,0000939000,015466,-05192,000185,085353,084927,084632
0000000941,0000940000,012286,-08401,-02819,085353,084927,084632
0000000942,0000941000,010284,-10430,-04651,085353,084927,084632
0000000943,0000942000,010871,-09868,-03901,085353,084927,084632
0000000944,0000943000,013300,-07463,-01315,085353,084927,084632
0000000945,0000944000,015460,-05325,000997,085353,084927,084632
0000000946,0000945000,015659,-05146,001342,085353,084927,084632
0000000947,0000946000,013900,-06923,-00277,085353,084927,084632
0000000948,0000947000,011716,-09125,-02326,085353,084927,084632
0000000949,0000948000,010822,-10034,-03091,085353,084927,084632
0000000950,0000949000,011760,-09110,-02027,085353,084927,084632
0000000951,0000950000,013591,-07293,-00077,085353,084927,084632
0000000952,0000951000,014770,-06126,001218,085353,084927,084632
0000000953,0000952000,014415,-06492,000973,085353,084927,084632
0000000954,0000953000,012926,-07991,-00409,085353,084927,084632
0000000955,0000954000,011552,-09374,-01681,085353,084927,084632
0000000956,0000955000,011328,-09606,-01806,085353,084927,084632
0000000957,0000956000,012295,-08646,-00745,085353,084927,084632
0000000958,0000957000,013558,-07390,000609,085353,084927,084632
0000000959,0000958000,014082,-06872,001219,085353,084927,084632
0000000960,0000959000,013508,-07451,000728,085353,084927,084632
0000000961,0000960000,012372,-08592,-00328,085353,084927,084632
0000000962,0000961000,011595,-09372,-01027,085353,084927,084632
0000000963,0000962000,011730,-09241,-00819,085353,084927,084632
0000000964,0000963000,012565,-08410,000086,085353,084927,084632
0000000965,0000964000,013361,-07616,000950,085353,084927,084632
0000000966,0000965000,013485,-07494,001139,085353,084927,084632
0000000967,0000966000,012889,-08092,000605,085353,084927,084632
0000000968,0000967000,012093,-08889,-00131,085353,084927,084632
0000000969,0000968000,011723,-09260,-00445,085353,084927,084632
0000000970,0000969000,012011,-08973,-00102,085353,084927,084632
0000000971,0000970000,012654,-08330,000593,085353,084927,084632
0000000972,0000971000,013103,-07881,001092,085353,084927,084632
0000000973,0000972000,013012,-07972,001049,085353,084927,084632
0000000974,0000973000,012494,-08490,000577,085353,084927,084632
0000000975,0000974000,011982,-09001,000109,085353,084927,084632
0000000976,0000975000,011863,-09119,000032,085353,084927,084632
0000000977,0000976000,012182,-08799,000391,085353,084927,084632
0000000978,0000977000,012635,-08345,000882,085353,084927,084632
0000000979,0000978000,012846,-08133,001130,085353,084927,084632
0000000980,0000979000,012664,-08314,000983,085353,084927,084632
0000000981,0000980000,012260,-08716,000612,085353,084927,084632
0000000982,0000981000,011962,-09013,000346,085353,084927,084632
0000000983,0000982000,011983,-08990,000398,085353,084927,084632
0000000984,0000983000,012268,-08703,000712,085353,084927,084632
0000000985,0000984000,012560,-08409,001032,085353,084927,084632
0000000986,0000985000,012623,-08344,001122,085353,084927,084632
0000000987,0000986000,012423,-08543,000947,085353,084927,084632
0000000988,0000987000,012134,-08829,000683,085353,084927,084632
0000000989,0000988000,011984,-08977,000556,085353,084927,084632
0000000990,0000989000,012070,-08889,000664,085353,084927,084632
0000000991,0000990000,012295,-08662,000910,085353,084927,084632
0000000992,0000991000,012464,-08491,001099,085353,084927,084632
0000000993,0000992000,012445,-08508,001099,085353,084927,084632
0000000994,0000993000,012266,-08685,000938,085353,084927,084632
0000000995,0000994000,012076,-08872,000766,085353,084927,084632
0000000996,0000995000,012021,-08926,000727,085353,084927,084632
0000000997,0000996000,012124,-08820,000846,085353,084927,084632
0000000998,0000997000,012286,-08656,001023,085353,084927,084632
0000000999,0000998000,012370,-08571,001121,085353,084927,084632
0000001000,0000999000,012314,-08625,001078,085353,084927,084632
0000001001,0001000000,012171,-08766,000948,085353,084927,084632
0000001002,0001001000,012057,-08877,000847,085353,084927,084632
0000001003,0001002000,012055,-08877,000857,085353,084927,084632
0000001004,0001003000,012152,-08778,000965,085353,084927,084632
0000001005,0001004000,012259,-08670,001082,085353,084927,084632
0000001006,0001005000,012288,-08639,001121,085353,084927,084632
0000001007,0001006000,012221,-08703,001064,085353,084927,084632
0000001008,0001007000,012118,-08805,000969,085353,084927,084632
0000001009,0001008000,012058,-08863,000918,085353,084927,084632
0000001010,0001009000,012082,-08837,000951,085353,084927,084632
0000001011,0001010000,012161,-08757,001037,085353,084927,084632
0000001012,0001011000,012224,-08691,001108,085353,084927,084632
0000001013,0001012000,012223,-08692,001113,085353,084927,084632
0000001014,0001013000,012161,-08752,001058,085353,084927,084632
0000001015,0001014000,012091,-08820,000995,085353,084927,084632
0000001016,0001015000,012067,-08843,000976,085353,084927,084632
0000001017,0001016000,012100,-08808,001015,085353,084927,084632
0000001018,0001017000,012158,-08749,001078,085353,084927,084632
0000001019,0001018000,012191,-08714,001116,085353,084927,084632
0000001020,0001019000,012174,-08730,001104,085353,084927,084632
0000001021,0001020000,012124,-08778,001058,085353,084927,084632
0000001022,0001021000,012081,-08820,001020,085353,084927,084632
0000001023,0001022000,012077,-08822,001020,085353,084927,084632
0000001024,0001023000,012110,-08788,001056,085353,084927,084632
0000001025,0001024000,012148,-08748,001099,085353,084927,084632
0000001026,0001025000,012161,-08734,001115,085353,084927,084632
0000001027,0001026000,012140,-08755,001097,085353,084927,084632
0000001028,0001027000,012102,-08791,001062,085353,084927,084632
0000001029,0001028000,012079,-08813,001042,085353,084927,084632
0000001030,0001029000,012086,-08805,001051,085353,084927,084632
0000001031,0001030000,012113,-08777,001081,085353,084927,084632
0000001032,0001031000,012137,-08752,001107,085353,084927,084632
0000001033,0001032000,012138,-08750,001111,085353,084927,084632
0000001034,0001033000,012117,-08770,001092,085353,084927,084632
0000001035,0001034000,012092,-08794,001068,085353,084927,084632
0000001036,0001035000,012081,-08804,001060,085353,084927,084632
0000001037,0001036000,012092,-08792,001072,085353,084927,084632
0000001038,0001037000,012112,-08771,001094,085353,084927,084632
0000001039,0001038000,012125,-08757,001109,085353,084927,084632
0000001040,0001039000,012121,-08761,001105,085353,084927,084632
0000001041,0001040000,012103,-08778,001089,085353,084927,084632
0000001042,0001041000,012087,-08793,001075,085353,084927,084632
0000001043,0001042000,012085,-08795,001073,085353,084927,084632
0000001044,0001043000,012096,-08783,001085,085353,084927,084632
0000001045,0001044000,012110,-08769,001101,085353,084927,084632
0000001046,0001045000,012115,-08762,001107,085353,084927,084632
0000001047,0001046000,012108,-08769,001101,085353,084927,084632
0000001048,0001047000,012095,-08781,001089,085353,084927,084632
0000001049,0001048000,012086,-08790,001081,085353,084927,084632
0000001050,0001049000,012088,-08788,001083,085353,084927,084632
0000001051,0001050000,012097,-08778,001093,085353,084927,084632
0000001052,0001051000,012106,-08768,001103,085353,084927,084632
0000001053,0001052000,012107,-08767,001104,085353,084927,084632
0000001054,0001053000,012100,-08773,001098,085353,084927,084632
0000001055,0001054000,012091,-08782,001089,085353,084927,084632
0000001056,0001055000,012087,-08785,001085,085353,084927,084632
0000001057,0001056000,012090,-08782,001089,085353,084927,084632
0000001058,0001057000,012098,-08774,001097,085353,084927,084632
0000001059,0001058000,012102,-08769,001102,085353,084927,084632
0000001060,0001059000,012101,-08769,001101,085353,084927,084632
0000001061,0001060000,012095,-08775,001095,085353,084927,084632
0000001062,0001061000,012089,-08781,001090,085353,084927,084632
0000001063,0001062000,012088,-08782,001089,085353,084927,084632
0000001064,0001063000,012092,-08777,001093,085353,084927,084632
0000001065,0001064000,012097,-08772,001098,085353,084927,084632
0000001066,0001065000,012099,-08769,001101,085353,084927,084632
0000001067,0001066000,012097,-08771,001099,085353,084927,084632
0000001068,0001067000,012092,-08776,001094,085353,084927,084632
0000001069,0001068000,012089,-08779,001091,085353,084927,084632
0000001070,0001069000,012089,-08778,001091,085353,084927,084632
0000001071,0001070000,012093,-08775,001095,085353,084927,084632
0000001072,0001071000,012096,-08771,001098,085353,084927,084632
0000001073,0001072000,012097,-08770,001099,085353,084927,084632
0000001074,0001073000,012094,-08772,001097,085353,084927,084632
0000001075,0001074000,012091,-08775,001093,085353,084927,084632
0000001076,0001075000,012089,-08777,001092,085353,084927,084632
0000001077,0001076000,012090,-08776,001093,085353,084927,084632
0000001078,0001077000,012093,-08773,001095,085353,084927,084632
0000001079,0001078000,012095,-08771,001097,085353,084927,084632
0000001080,0001079000,012095,-08771,001097,085353,084927,084632
0000001081,0001080000,012093,-08773,001095,085353,084927,084632
0000001082,0001081000,012091,-08775,001093,085353,084927,084632
0000001083,0001082000,012090,-08775,001092,085353,084927,084632
0000001084,0001083000,012091,-08774,001093,085353,084927,084632
0000001085,0001084000,012093,-08772,001095,085353,084927,084632
0000001086,0001085000,012094,-08770,001096,085353,084927,084632
0000001087,0001086000,012093,-08771,001096,085353,084927,084632
0000001088,0001087000,012092,-08772,001094,085353,084927,084632
0000001089,0001088000,012091,-08774,001093,085353,084927,084632
0000001090,0001089000,012091,-08773,001093,085353,084927,084632
0000001091,0001090000,012092,-08772,001094,085353,084927,084632
0000001092,0001091000,012093,-08771,001095,085353,084927,084632
0000001093,0001092000,012093,-08770,001095,085353,084927,084632
0000001094,0001093000,012093,-08771,001094,085353,084927,084632
0000001095,0001094000,012091,-08772,001093,085353,084927,084632
0000001096,0001095000,012091,-08773,001093,085353,084927,084632
0000001097,0001096000,012091,-08772,001093,085353,084927,084632
0000001098,0001097000,012092,-08771,001094,085353,084927,084632
0000001099,0001098000,012093,-08770,001094,085353,084927,084632
0000001100,0001099000,012093,-08770,001094,085353,084927,084632
0000001101,0001100000,012092,-08771,001094,085353,084927,084632
