0000000001,0000000000,089072,083274,073246,093577,089856,073973
0000000002,0000001000,086524,085707,073360,090562,092572,074272
0000000003,0000002000,083673,087563,074358,087263,094567,075577
0000000004,0000003000,080827,088624,076141,084008,095637,077763
0000000005,0000004000,078243,088807,078543,081103,095687,080617
0000000006,0000005000,076171,088100,081321,078843,094708,083857
0000000007,0000006000,074825,086570,084196,077449,092795,087163
0000000008,0000007000,074352,084339,086902,077054,090135,090218
0000000009,0000008000,074760,081660,089171,077694,086991,092721
0000000010,0000009000,076028,078794,090772,079313,083670,094424
0000000011,0000010000,078048,075995,091550,081750,080495,095162
0000000012,0000011000,080609,073546,091437,084764,077780,094863
0000000013,0000012000,083437,071715,090440,088063,075787,093558
0000000014,0000013000,086291,070645,088655,091322,074713,091372
0000000015,0000014000,088888,070450,086254,094223,074665,088518
0000000016,0000015000,090948,071168,083476,096482,075646,085278
0000000017,0000016000,092283,072709,080600,097880,077555,081972
0000000018,0000017000,092782,074916,077895,098274,080216,078917
0000000019,0000018000,092363,077603,075626,097630,083363,076414
0000000020,0000019000,091081,080485,074026,096014,086682,074711
0000000021,0000020000,089077,083268,073246,093579,089854,073973
0000000022,0000021000,086524,085708,073360,090560,092575,074272
0000000023,0000022000,083671,087564,074357,087263,094566,075577
0000000024,0000023000,080827,088624,076141,084006,095638,077763
0000000025,0000024000,078245,088805,078543,081103,095687,080617
0000000026,0000025000,076168,088103,081320,078842,094709,083856
0000000027,0000026000,074828,086568,084196,077449,092795,087163
0000000028,0000027000,074350,084340,086902,077053,090136,090218
0000000029,0000028000,074759,081661,089171,077694,086991,092721
0000000030,0000029000,076029,078793,090771,079312,083671,094424
0000000031,0000030000,078049,075993,091551,081749,080496,095162
0000000032,0000031000,080604,073551,091437,084764,077780,094863
0000000033,0000032000,083440,071713,090439,088063,075787,093558
0000000034,0000033000,086293,070643,088655,091320,074714,091372
0000000035,0000034000,088885,070453,086255,094222,074666,088518
0000000036,0000035000,090946,071169,083476,096483,075646,085279
0000000037,0000036000,092289,072703,080600,097879,077556,081972
0000000038,0000037000,092779,074918,077895,098273,080217,078917
0000000039,0000038000,092359,077607,075626,097630,083362,076414
0000000040,0000039000,091086,080481,074025,096014,086682,074711
0000000041,0000040000,089080,083266,073246,093578,089855,073974
0000000042,0000041000,086518,085714,073360,090560,092574,074272
0000000043,0000042000,083674,087562,074357,087264,094566,075577
0000000044,0000043000,080832,088620,076141,084006,095638,077763
0000000045,0000044000,078241,088809,078543,081102,095688,080617
0000000046,0000045000,076166,088106,081320,078843,094708,083856
0000000047,0000046000,074833,086562,084196,077449,092795,087163
0000000048,0000047000,074348,084342,086902,077052,090137,090218
0000000049,0000048000,074755,081666,089171,077694,086991,092721
0000000050,0000049000,076032,078789,090771,079313,083670,094424
0000000051,0000050000,078050,075992,091551,081747,080498,095162
0000000052,0000051000,080600,073555,091437,084763,077780,094863
0000000053,0000052000,083440,071712,090440,088062,075787,093558
0000000054,0000053000,086296,070639,088656,091320,074715,091372
0000000055,0000054000,088881,070456,086255,094221,074667,088519
0000000056,0000055000,090946,071170,083477,096482,075645,085279
0000000057,0000056000,092292,072700,080601,097878,077556,081973
0000000058,0000057000,092778,074919,077895,098272,080217,078918
0000000059,0000058000,092358,077608,075626,097630,083362,076415
0000000060,0000059000,091089,080478,074026,096014,086681,074712
0000000061,0000060000,089080,083266,073246,093577,089855,073974
0000000062,0000061000,086517,085716,073359,090561,092573,074273
0000000063,0000062000,083676,087560,074356,087264,094565,075578
0000000064,0000063000,080833,088619,076140,084006,095638,077763
0000000065,0000064000,078239,088812,078542,081103,095687,080617
0000000066,0000065000,076168,088105,081319,078844,094707,083856
0000000067,0000066000,074834,086562,084196,077449,092796,087162
0000000068,0000067000,074345,084345,086902,077052,090137,090217
0000000069,0000068000,074755,081666,089170,077695,086992,092720
0000000070,0000069000,076034,078787,090771,079312,083672,094423
0000000071,0000070000,078046,075995,091551,081747,080499,095161
0000000072,0000071000,080598,073556,091438,084763,077781,094862
0000000073,0000072000,083443,071709,090441,088061,075788,093558
0000000074,0000073000,086294,070640,088657,091318,074716,091372
0000000075,0000074000,088879,070457,086256,094220,074668,088519
0000000076,0000075000,090949,071166,083478,096481,075646,085280
0000000077,0000076000,092293,072698,080602,097876,077557,081974
0000000078,0000077000,092775,074921,077896,098271,080217,078919
0000000079,0000078000,092360,077606,075626,097629,083361,076416
0000000080,0000079000,091092,080474,074025,096013,086681,074713
0000000081,0000080000,089078,083268,073246,093577,089854,073976
0000000082,0000081000,086517,085716,073358,090561,092572,074274
0000000083,0000082000,083680,087557,074355,087265,094564,075578
0000000084,0000083000,080832,088621,076139,084007,095637,077763
0000000085,0000084000,078237,088815,078540,081105,095686,080616
0000000086,0000085000,076171,088103,081318,078845,094706,083855
0000000087,0000086000,074834,086563,084195,077450,092796,087161
0000000088,0000087000,074342,084349,086901,077054,090138,090215
0000000089,0000088000,074756,081666,089170,077696,086992,092718
0000000090,0000089000,076034,078787,090771,079312,083673,094421
0000000091,0000090000,078042,075998,091552,081747,080501,095159
0000000092,0000091000,080597,073557,091439,084763,077783,094861
0000000093,0000092000,083443,071707,090442,088060,075790,093557
0000000094,0000093000,086291,070642,088659,091316,074719,091372
0000000095,0000094000,088877,070457,086257,094218,074669,088519
0000000096,0000095000,090950,071162,083479,096479,075647,085281
0000000097,0000096000,092292,072697,080603,097873,077558,081976
0000000098,0000097000,092775,074921,077897,098269,080216,078921
0000000099,0000098000,092364,077602,075627,097628,083360,076419
0000000100,0000099000,091094,080473,074026,096012,086679,074716
0000000101,0000100000,089078,083269,073245,093577,089852,073977
0000000102,0000101000,086521,085714,073357,090562,092569,074275
0000000103,0000102000,083683,087556,074354,087266,094562,075579
0000000104,0000103000,080831,088624,076137,084009,095635,077763
0000000105,0000104000,078239,088815,078538,081107,095684,080616
0000000106,0000105000,076173,088103,081316,078848,094705,083854
0000000107,0000106000,074832,086567,084193,077452,092796,087159
0000000108,0000107000,074341,084352,086899,077056,090138,090213
0000000109,0000108000,074756,081666,089169,077698,086993,092716
0000000110,0000109000,076030,078790,090772,079313,083676,094419
0000000111,0000110000,078039,076001,091553,081747,080503,095157
0000000112,0000111000,080597,073556,091440,084762,077785,094859
0000000113,0000112000,083441,071706,090444,088058,075793,093556
0000000114,0000113000,086287,070643,088661,091313,074721,091372
0000000115,0000114000,088877,070455,086260,094216,074671,088520
0000000116,0000115000,090951,071159,083482,096475,075649,085283
0000000117,0000116000,092290,072697,080605,097870,077559,081978
0000000118,0000117000,092776,074918,077898,098267,080216,078924
0000000119,0000118000,092367,077597,075627,097626,083359,076422
0000000120,0000119000,091095,080472,074025,096010,086677,074719
0000000121,0000120000,089080,083268,073244,093577,089849,073980
0000000122,0000121000,086526,085711,073355,090563,092566,074278
0000000123,0000122000,083685,087556,074351,087267,094559,075581
0000000124,0000123000,080832,088626,076134,084012,095631,077764
0000000125,0000124000,078242,088816,078535,081111,095681,080615
0000000126,0000125000,076174,088105,081313,078851,094704,083852
0000000127,0000126000,074830,086572,084191,077455,092795,087156
0000000128,0000127000,074340,084354,086898,077059,090138,090210
0000000129,0000128000,074755,081668,089169,077700,086995,092712
0000000130,0000129000,076026,078794,090772,079314,083678,094415
0000000131,0000130000,078035,076003,091554,081747,080507,095154
0000000132,0000131000,080595,073555,091443,084760,077790,094857
0000000133,0000132000,083437,071707,090448,088055,075798,093554
0000000134,0000133000,086284,070643,088665,091310,074725,091372
0000000135,0000134000,088877,070451,086263,094211,074674,088521
0000000136,0000135000,090950,071157,083485,096471,075651,085285
0000000137,0000136000,092290,072695,080608,097866,077560,081981
0000000138,0000137000,092779,074913,077900,098263,080215,078928
0000000139,0000138000,092371,077593,075628,097623,083357,076426
0000000140,0000139000,091097,080470,074025,096009,086674,074723
0000000141,0000140000,089084,083265,073242,093577,089845,073984
0000000142,0000141000,086530,085709,073353,090565,092561,074281
0000000143,0000142000,083687,087557,074348,087270,094554,075583
0000000144,0000143000,080835,088628,076130,084016,095627,077764
0000000145,0000144000,078245,088816,078531,081116,095677,080614
0000000146,0000145000,076173,088109,081310,078856,094702,083849
0000000147,0000146000,074828,086577,084187,077460,092794,087152
0000000148,0000147000,074339,084357,086895,077063,090139,090205
0000000149,0000148000,074752,081672,089168,077702,086998,092707
0000000150,0000149000,076021,078799,090772,079315,083682,094410
0000000151,0000150000,078032,076005,091555,081747,080511,095149
0000000152,0000151000,080591,073556,091446,084758,077795,094853
0000000153,0000152000,083432,071709,090451,088051,075803,093552
0000000154,0000153000,086282,070641,088669,091306,074730,091371
0000000155,0000154000,088876,070447,086268,094206,074678,088523
0000000156,0000155000,090949,071154,083490,096465,075654,085288
0000000157,0000156000,092291,072690,080611,097861,077560,081986
0000000158,0000157000,092783,074907,077903,098259,080214,078934
0000000159,0000158000,092374,077589,075630,097620,083355,076432
0000000160,0000159000,091101,080467,074024,096008,086670,074729
0000000161,0000160000,089091,083261,073240,093578,089840,073990
0000000162,0000161000,086536,085707,073349,090567,092556,074285
0000000163,0000162000,083691,087558,074343,087274,094548,075585
0000000164,0000163000,080839,088629,076125,084021,095621,077765
0000000165,0000164000,078248,088819,078526,081121,095673,080612
0000000166,0000165000,076173,088114,081305,078862,094699,083846
0000000167,0000166000,074827,086582,084183,077466,092793,087148
0000000168,0000167000,074337,084362,086892,077068,090140,090199
0000000169,0000168000,074747,081679,089167,077706,087001,092700
0000000170,0000169000,076015,078804,090773,079317,083686,094403
0000000171,0000170000,078027,076008,091558,081746,080517,095143
0000000172,0000171000,080584,073558,091450,084756,077802,094849
0000000173,0000172000,083426,071710,090457,088047,075810,093550
0000000174,0000173000,086278,070638,088675,091300,074736,091371
0000000175,0000174000,088874,070443,086274,094199,074684,088524
0000000176,0000175000,090947,071150,083495,096458,075657,085292
0000000177,0000176000,092292,072684,080616,097854,077562,081991
0000000178,0000177000,092787,074900,077906,098253,080213,078941
0000000179,0000178000,092377,077584,075631,097615,083352,076440
0000000180,0000179000,091107,080462,074024,096006,086665,074736
0000000181,0000180000,089098,083256,073237,093578,089833,073996
0000000182,0000181000,086541,085705,073345,090569,092548,074290
0000000183,0000182000,083696,087559,074337,087279,094540,075588
0000000184,0000183000,080845,088630,076118,084028,095614,077765
0000000185,0000184000,078250,088823,078519,081129,095667,080611
0000000186,0000185000,076173,088121,081298,078870,094695,083842
0000000187,0000186000,074826,086588,084178,077474,092791,087141
0000000188,0000187000,074334,084369,086889,077075,090141,090191
0000000189,0000188000,074740,081686,089165,077710,087004,092692
0000000190,0000189000,076009,078810,090773,079320,083692,094395
0000000191,0000190000,078020,076011,091561,081746,080525,095136
0000000192,0000191000,080576,073561,091455,084753,077811,094843
0000000193,0000192000,083419,071710,090463,088042,075818,093546
0000000194,0000193000,086274,070635,088682,091293,074744,091370
0000000195,0000194000,088870,070440,086282,094190,074690,088526
0000000196,0000195000,090946,071144,083502,096449,075661,085296
0000000197,0000196000,092295,072676,080622,097846,077563,081998
0000000198,0000197000,092790,074892,077910,098245,080212,078949
0000000199,0000198000,092383,077577,075633,097610,083348,076449
0000000200,0000199000,091115,080455,074023,096003,086658,074746
0000000201,0000200000,089106,083251,073234,093578,089825,074004
0000000202,0000201000,086549,085704,073340,090572,092539,074296
0000000203,0000202000,083704,087559,074330,087285,094530,075591
0000000204,0000203000,080851,088632,076110,084036,095605,077766
0000000205,0000204000,078253,088829,078511,081138,095660,080608
0000000206,0000205000,076174,088128,081290,078880,094690,083837
0000000207,0000206000,074825,086595,084171,077483,092790,087134
0000000208,0000207000,074329,084378,086885,077082,090142,090182
0000000209,0000208000,074733,081695,089163,077716,087009,092682
0000000210,0000209000,076001,078816,090774,079322,083699,094385
0000000211,0000210000,078011,076017,091564,081746,080534,095127
0000000212,0000211000,080567,073565,091461,084749,077821,094837
0000000213,0000212000,083412,071710,090471,088036,075829,093542
0000000214,0000213000,086268,070632,088692,091284,074754,091370
0000000215,0000214000,088866,070435,086291,094180,074698,088529
0000000216,0000215000,090945,071136,083511,096438,075666,085302
0000000217,0000216000,092297,072666,080629,097835,077565,082007
0000000218,0000217000,092795,074883,077915,098237,080211,078959
0000000219,0000218000,092389,077568,075635,097604,083343,076460
0000000220,0000219000,091124,080446,074022,096000,086650,074756
0000000221,0000220000,089116,083245,073230,093578,089815,074014
0000000222,0000221000,086558,085701,073333,090576,092527,074303
0000000223,0000222000,083713,087558,074321,087292,094519,075596
0000000224,0000223000,080858,088635,076100,084045,095595,077767
0000000225,0000224000,078257,088835,078500,081150,095652,080605
0000000226,0000225000,076175,088136,081281,078892,094685,083830
0000000227,0000226000,074824,086605,084164,077494,092788,087125
0000000228,0000227000,074324,084389,086879,077092,090144,090171
0000000229,0000228000,074726,081705,089161,077723,087014,092670
0000000230,0000229000,075992,078825,090775,079326,083708,094373
0000000231,0000230000,078000,076023,091569,081745,080545,095117
0000000232,0000231000,080556,073569,091468,084745,077833,094829
0000000233,0000232000,083403,071709,090480,088028,075841,093538
0000000234,0000233000,086260,070629,088703,091273,074765,091369
0000000235,0000234000,088861,070429,086302,094168,074707,088532
0000000236,0000235000,090944,071127,083521,096425,075672,085309
0000000237,0000236000,092300,072655,080638,097823,077567,082017
0000000238,0000237000,092800,074872,077921,098226,080209,078972
0000000239,0000238000,092398,077557,075637,097597,083337,076473
0000000240,0000239000,091135,080436,074021,095996,086641,074769
0000000241,0000240000,089127,083239,073226,093579,089803,074025
0000000242,0000241000,086569,085697,073325,090581,092514,074312
0000000243,0000242000,083724,087557,074311,087300,094506,075601
0000000244,0000243000,080866,088639,076088,084056,095583,077768
0000000245,0000244000,078262,088842,078488,081163,095642,080602
0000000246,0000245000,076177,088145,081270,078906,094678,083823
0000000247,0000246000,074821,086616,084154,077508,092785,087114
0000000248,0000247000,074317,084402,086873,077103,090146,090157
0000000249,0000248000,074717,081717,089158,077731,087020,092655
0000000250,0000249000,075981,078835,090777,079330,083718,094359
0000000251,0000250000,077987,076032,091574,081744,080558,095105
0000000252,0000251000,080544,073573,091476,084740,077847,094819
0000000253,0000252000,083392,071709,090491,088019,075856,093532
0000000254,0000253000,086251,070625,088715,091261,074778,091368
0000000255,0000254000,088855,070421,086315,094153,074718,088536
0000000256,0000255000,090943,071116,083533,096410,075679,085317
0000000257,0000256000,092302,072642,080648,097809,077570,082028
0000000258,0000257000,092806,074859,077928,098214,080207,078986
0000000259,0000258000,092409,077544,075640,097588,083330,076489
0000000260,0000259000,091148,080425,074019,095992,086630,074784
0000000261,0000260000,089140,083231,073220,093579,089789,074038
0000000262,0000261000,086583,085693,073316,090586,092499,074322
0000000263,0000262000,083736,087557,074299,087310,094490,075607
0000000264,0000263000,080875,088643,076074,084070,095568,077769
0000000265,0000264000,078268,088851,078474,081178,095631,080598
0000000266,0000265000,076179,088156,081257,078922,094671,083814
0000000267,0000266000,074818,086631,084144,077523,092783,087101
0000000268,0000267000,074310,084416,086865,077116,090149,090142
0000000269,0000268000,074707,081730,089155,077740,087028,092639
0000000270,0000269000,075967,078847,090778,079334,083730,094343
0000000271,0000270000,077972,076041,091580,081744,080573,095090
0000000272,0000271000,080529,073577,091486,084734,077864,094809
0000000273,0000272000,083379,071709,090504,088008,075873,093526
0000000274,0000273000,086240,070621,088730,091246,074794,091367
0000000275,0000274000,088849,070412,086331,094137,074730,088540
0000000276,0000275000,090941,071103,083547,096393,075687,085326
0000000277,0000276000,092305,072628,080659,097792,077573,082042
0000000278,0000277000,092814,074843,077936,098201,080204,079002
0000000279,0000278000,092420,077528,075644,097579,083322,076506
0000000280,0000279000,091162,080412,074018,095987,086618,074802
0000000281,0000280000,089156,083222,073214,093580,089773,074053
0000000282,0000281000,086599,085687,073305,090593,092481,074333
0000000283,0000282000,083750,087557,074285,087321,094472,075613
0000000284,0000283000,080886,088648,076058,084085,095552,077770
0000000285,0000284000,078275,088860,078458,081196,095617,080593
0000000286,0000285000,076181,088169,081242,078940,094662,083804
0000000287,0000286000,074814,086647,084131,077540,092780,087087
0000000288,0000287000,074302,084433,086857,077131,090151,090125
0000000289,0000288000,074695,081746,089151,077750,087036,092620
0000000290,0000289000,075952,078861,090780,079339,083743,094325
0000000291,0000290000,077955,076051,091586,081743,080590,095074
0000000292,0000291000,080513,073582,091497,084727,077883,094797
0000000293,0000292000,083364,071709,090519,087996,075892,093519
0000000294,0000293000,086228,070616,088747,091230,074811,091366
0000000295,0000294000,088842,070402,086348,094118,074744,088545
0000000296,0000295000,090939,071089,083564,096373,075696,085337
0000000297,0000296000,092308,072612,080673,097774,077576,082057
0000000298,0000297000,092823,074825,077945,098185,080201,079021
0000000299,0000298000,092434,077511,075648,097568,083313,076526
0000000300,0000299000,091178,080398,074016,095982,086604,074821
0000000301,0000300000,089175,083210,073207,093581,089755,074070
0000000302,0000301000,086618,085681,073294,090600,092461,074346
0000000303,0000302000,083766,087557,074270,087334,094452,075621
0000000304,0000303000,080898,088654,076040,084103,095534,077771
0000000305,0000304000,078283,088870,078439,081216,095603,080588
0000000306,0000305000,076183,088184,081224,078961,094653,083793
0000000307,0000306000,074811,086665,084117,077560,092776,087070
0000000308,0000307000,074293,084452,086847,077147,090155,090105
0000000309,0000308000,074681,081764,089147,077762,087046,092599
0000000310,0000309000,075934,078877,090781,079344,083758,094304
0000000311,0000310000,077936,076063,091594,081742,080609,095056
0000000312,0000311000,080494,073589,091510,084720,077905,094783
0000000313,0000312000,083346,071710,090536,087982,075913,093511
0000000314,0000313000,086215,070611,088766,091212,074830,091365
0000000315,0000314000,088833,070391,086368,094096,074759,088551
0000000316,0000315000,090936,071074,083582,096351,075706,085349
0000000317,0000316000,092312,072593,080688,097753,077579,082075
0000000318,0000317000,092832,074804,077956,098168,080197,079042
0000000319,0000318000,092448,077492,075652,097555,083303,076549
0000000320,0000319000,091196,080381,074015,095976,086588,074843
0000000321,0000320000,089195,083198,073199,093583,089734,074090
0000000322,0000321000,086638,085674,073280,090608,092438,074360
0000000323,0000322000,083784,087557,074252,087349,094429,075629
0000000324,0000323000,080913,088660,076020,084122,095513,077772
0000000325,0000324000,078293,088882,078418,081239,095586,080582
0000000326,0000325000,076186,088202,081205,078985,094642,083780
0000000327,0000326000,074807,086685,084100,077582,092773,087052
0000000328,0000327000,074283,084473,086835,077165,090159,090083
0000000329,0000328000,074665,081785,089142,077775,087057,092575
0000000330,0000329000,075914,078895,090783,079351,083775,094281
0000000331,0000330000,077914,076076,091602,081740,080631,095036
0000000332,0000331000,080472,073596,091524,084711,077929,094768
0000000333,0000332000,083327,071711,090555,087967,075938,093503
0000000334,0000333000,086200,070604,088788,091191,074852,091364
0000000335,0000334000,088823,070378,086390,094072,074777,088558
0000000336,0000335000,090933,071056,083603,096326,075718,085363
0000000337,0000336000,092316,072571,080705,097730,077583,082094
0000000338,0000337000,092843,074782,077968,098148,080193,079066
0000000339,0000338000,092464,077470,075658,097542,083291,076574
0000000340,0000339000,091217,080362,074013,095970,086569,074868
0000000341,0000340000,089218,083183,073190,093584,089712,074111
0000000342,0000341000,086661,085666,073265,090618,092412,074376
0000000343,0000342000,083804,087556,074232,087365,094403,075638
0000000344,0000343000,080930,088666,075997,084144,095490,077773
0000000345,0000344000,078303,088895,078395,081264,095568,080575
0000000346,0000345000,076189,088220,081183,079011,094631,083766
0000000347,0000346000,074803,086707,084082,077607,092769,087031
0000000348,0000347000,074272,084497,086823,077186,090163,090058
0000000349,0000348000,074647,081809,089136,077789,087069,092548
0000000350,0000349000,075892,078915,090785,079357,083794,094255
0000000351,0000350000,077890,076091,091611,081739,080655,095014
0000000352,0000351000,080448,073605,091540,084701,077955,094751
0000000353,0000352000,083305,071711,090576,087949,075964,093493
0000000354,0000353000,086183,070597,088812,091168,074876,091362
0000000355,0000354000,088812,070364,086415,094046,074796,088565
0000000356,0000355000,090930,071036,083626,096299,075730,085378
0000000357,0000356000,092321,072547,080724,097704,077587,082116
0000000358,0000357000,092855,074756,077981,098127,080189,079092
0000000359,0000358000,092482,077446,075664,097527,083278,076602
0000000360,0000359000,091240,080341,074011,095963,086549,074895
0000000361,0000360000,089244,083167,073181,093586,089686,074134
0000000362,0000361000,086686,085657,073249,090628,092384,074394
0000000363,0000362000,083827,087555,074210,087384,094375,075648
0000000364,0000363000,080948,088673,075971,084168,095465,077774
0000000365,0000364000,078315,088909,078368,081292,095548,080567
0000000366,0000365000,076193,088241,081158,079040,094618,083749
0000000367,0000366000,074798,086732,084062,077634,092765,087008
0000000368,0000367000,074260,084524,086808,077208,090168,090030
0000000369,0000368000,074628,081835,089129,077805,087083,092519
0000000370,0000369000,075868,078937,090787,079364,083816,094227
0000000371,0000370000,077863,076108,091621,081736,080681,094989
0000000372,0000371000,080421,073615,091557,084690,077985,094733
0000000373,0000372000,083281,071713,090599,087930,075994,093483
0000000374,0000373000,086163,070590,088839,091142,074903,091361
0000000375,0000374000,088800,070349,086443,094016,074817,088573
0000000376,0000375000,090926,071015,083652,096269,075743,085395
0000000377,0000376000,092325,072521,080746,097676,077591,082140
0000000378,0000377000,092868,074728,077997,098103,080183,079120
0000000379,0000378000,092502,077419,075671,097511,083264,076633
0000000380,0000379000,091266,080317,074009,095956,086527,074924
0000000381,0000380000,089272,083149,073170,093588,089658,074160
0000000382,0000381000,086714,085647,073231,090640,092354,074413
0000000383,0000382000,083853,087554,074185,087404,094345,075658
0000000384,0000383000,080968,088681,075943,084195,095437,077775
0000000385,0000384000,078328,088925,078339,081323,095526,080558
0000000386,0000385000,076197,088264,081131,079071,094604,083732
0000000387,0000386000,074793,086759,084039,077663,092761,086983
0000000388,0000387000,074246,084553,086792,077233,090174,090000
0000000389,0000388000,074607,081863,089122,077822,087098,092487
0000000390,0000389000,075842,078962,090788,079372,083839,094196
0000000391,0000390000,077834,076127,091632,081734,080711,094962
0000000392,0000391000,080391,073626,091576,084677,078017,094713
0000000393,0000392000,083254,071714,090624,087909,076026,093472
0000000394,0000393000,086142,070582,088868,091114,074932,091360
0000000395,0000394000,088786,070333,086473,093984,074840,088583
0000000396,0000395000,090921,070991,083680,096236,075757,085414
0000000397,0000396000,092330,072492,080770,097645,077596,082166
0000000398,0000397000,092881,074697,078014,098078,080177,079152
0000000399,0000398000,092524,077389,075679,097493,083248,076666
0000000400,0000399000,091293,080291,074008,095948,086503,074956
0000000401,0000400000,089303,083129,073159,093591,089628,074188
0000000402,0000401000,076689,090051,077637,093514,091455,073570
0000000403,0000402000,084506,085246,071865,091759,092380,073731
0000000404,0000403000,076800,089919,077218,089513,093750,076100
0000000405,0000404000,079666,085908,075397,085660,093488,078488
0000000406,0000405000,079876,087680,080590,082243,093550,082618
0000000407,0000406000,077945,085952,083235,078281,092348,086491
0000000408,0000407000,082680,081458,083692,075108,091010,090740
0000000409,0000408000,077936,082071,089280,072362,089171,094436
0000000410,0000409000,084655,073389,085059,070609,087160,097403
0000000411,0000410000,079890,077161,092493,069970,085096,099282
0000000412,0000411000,087684,069696,087417,070614,083305,099998
0000000413,0000412000,083307,074093,092613,072601,081734,099284
0000000414,0000413000,089611,070281,088076,075480,080705,097377
0000000415,0000414000,086028,072087,087804,079392,080378,094485
0000000416,0000415000,088310,072857,085190,083115,080382,090463
0000000417,0000416000,088185,073310,081337,087439,081556,086569
0000000418,0000417000,085387,078422,081741,090669,082589,081978
0000000419,0000418000,089455,078366,076880,093908,084693,078451
0000000420,0000419000,082151,084723,078769,095675,086477,075185
0000000421,0000420000,087644,083187,073708,096533,088517,073227
0000000422,0000421000,079417,088339,076527,096112,090443,072582
0000000423,0000422000,083505,085954,073209,094210,091666,072919
0000000424,0000423000,078732,089322,077253,091745,092884,075030
0000000425,0000424000,079933,087084,077140,088071,092941,077652
0000000426,0000425000,079697,086983,080310,084581,092831,081559
0000000427,0000426000,078032,085286,082833,080662,091730,085529
0000000428,0000427000,081070,080952,083271,077448,090311,089723
0000000429,0000428000,078205,080867,087932,074673,088404,093416
0000000430,0000429000,083305,074782,086154,073051,086312,096395
0000000431,0000430000,080578,076421,091331,072511,084188,098310
0000000432,0000431000,086153,071200,088373,073280,082252,098985
0000000433,0000432000,083720,073024,090953,075250,080687,098383
0000000434,0000433000,087851,070517,087790,078080,079547,096449
0000000435,0000434000,086451,071744,086988,081794,079222,093610
0000000436,0000435000,087753,073100,085042,085534,079283,089681
0000000437,0000436000,088467,074180,082001,089624,080376,085706
0000000438,0000437000,086198,078325,081595,092939,081631,081290
0000000439,0000438000,088687,078892,077472,095874,083672,077632
0000000440,0000439000,083610,083751,078051,097556,085674,074489
0000000441,0000440000,086482,083459,074371,098153,087797,072494
0000000442,0000441000,081193,087597,076229,097554,089809,071817
0000000443,0000442000,083096,086724,074480,095624,091227,072253
0000000444,0000443000,079955,088814,077269,093002,092416,074247
0000000445,0000444000,080074,087348,077844,089397,092651,076995
0000000446,0000445000,079772,086356,080020,085752,092483,080838
0000000447,0000446000,078463,084832,082619,081873,091424,084882
0000000448,0000447000,080659,081117,083498,078601,089960,089096
0000000449,0000448000,078974,080456,087394,075922,087980,092824
0000000450,0000449000,082735,075727,086866,074352,085818,095854
0000000451,0000450000,081237,075811,090362,073920,083611,097804
0000000452,0000451000,085188,071885,088585,074704,081582,098507
0000000453,0000452000,084104,072428,089878,076695,079956,097945
0000000454,0000453000,086952,070909,087727,079514,078776,096031
0000000455,0000454000,086721,071875,086668,083186,078398,093172
0000000456,0000455000,087443,073357,084955,086960,078524,089311
0000000457,0000456000,088243,074570,082210,090936,079570,085240
0000000458,0000457000,086414,078013,081215,094244,080990,080899
0000000459,0000458000,087857,079113,077765,096991,083037,077137
0000000460,0000459000,084299,083159,077703,098585,085204,074022
0000000461,0000460000,085684,083800,075055,099047,087431,071987
0000000462,0000461000,082078,087140,076186,098333,089532,071272
0000000463,0000462000,082703,087019,075268,096369,091102,071756
0000000464,0000463000,080454,088273,077212,093621,092303,073687
0000000465,0000464000,080083,087263,078173,090017,092647,076523
0000000466,0000465000,079836,086010,080021,086281,092437,080348
0000000467,0000466000,078916,084586,082596,082442,091390,084472
0000000468,0000467000,080557,081381,083808,079178,089848,088722
0000000469,0000468000,079649,080160,087006,076584,087792,092524
0000000470,0000469000,082428,076238,087157,075075,085522,095602
0000000471,0000470000,081811,075410,089591,074715,083219,097609
0000000472,0000471000,084725,072369,088613,075551,081082,098347
0000000473,0000472000,084545,072267,089247,077573,079378,097810
0000000474,0000473000,086603,071344,087678,080445,078157,095912
0000000475,0000474000,086909,072087,086428,084095,077734,093022
0000000476,0000475000,087305,073505,084770,087902,077914,089178
0000000477,0000476000,087958,074799,082229,091774,078968,085020
0000000478,0000477000,086525,077809,080924,095051,080521,080685
0000000479,0000478000,087250,079327,078069,097653,082638,076836
0000000480,0000479000,084664,082817,077611,099165,084960,073692
0000000481,0000480000,085091,084017,075624,099514,087319,071616
0000000482,0000481000,082452,086717,076219,098690,089524,070858
0000000483,0000482000,082314,087018,075796,096661,091232,071361
0000000484,0000483000,080623,087807,077254,093804,092469,073263
0000000485,0000484000,080043,087096,078460,090189,092883,076165
0000000486,0000485000,079862,085790,080187,086406,092636,080005
0000000487,0000486000,079232,084372,082619,082620,091564,084209
0000000488,0000487000,080494,081513,083999,079390,089920,088516
0000000489,0000488000,080119,079897,086655,076890,087755,092400
0000000490,0000489000,082268,076538,087212,075456,085350,095539
0000000491,0000490000,082284,075235,089011,075191,082914,097606
0000000492,0000491000,084554,072785,088537,076113,080653,098386
0000000493,0000492000,084927,072329,088778,078202,078847,097861
0000000494,0000493000,086490,071728,087511,081142,077579,095973
0000000495,0000494000,087028,072314,086154,084791,077112,093041
0000000496,0000495000,087269,073654,084536,088608,077346,089183
0000000497,0000496000,087745,075035,082207,092398,078439,084939
0000000498,0000497000,086612,077752,080767,095619,080125,080569
0000000499,0000498000,086833,079523,078366,098095,082359,076632
0000000500,0000499000,084834,082584,077646,099500,084848,073435
0000000501,0000500000,084643,084084,076092,099724,087365,071310
0000000502,0000501000,082573,086325,076360,098772,089702,070509
0000000503,0000502000,082005,086880,076257,096654,091548,071019
0000000504,0000503000,080660,087419,077449,093698,092840,072911
0000000505,0000504000,080005,086865,078770,090063,093305,075872
0000000506,0000505000,079854,085569,080413,086259,093021,079747
0000000507,0000506000,079441,084120,082640,082530,091895,084035
0000000508,0000507000,080450,081523,084097,079358,090126,088414
0000000509,0000508000,080464,079686,086354,076967,087823,092386
0000000510,0000509000,082217,076756,087140,075642,085251,095596
0000000511,0000510000,082665,075213,088528,075501,082648,097726
0000000512,0000511000,084525,073147,088338,076544,080241,098549
0000000513,0000512000,085216,072500,088321,078724,078313,098030
0000000514,0000513000,086474,072086,087218,081744,076981,096143
0000000515,0000514000,087100,072586,085843,085405,076477,093163
0000000516,0000515000,087274,073866,084284,089225,076760,089267
0000000517,0000516000,087584,075312,082164,092940,077918,084937
0000000518,0000517000,086652,077788,080685,096083,079746,080507
0000000519,0000518000,086515,079680,078631,098426,082133,076480
0000000520,0000519000,084868,082405,077767,099695,084809,073214
0000000521,0000520000,084291,084048,076531,099772,087510,071035
0000000522,0000521000,082570,085968,076630,098671,090006,070190
0000000523,0000522000,081769,086661,076733,096445,091997,070700
0000000524,0000523000,080639,087047,077770,093392,093361,072596
0000000525,0000524000,079974,086557,079111,089730,093868,075612
0000000526,0000525000,079839,085297,080668,085918,093545,079536
0000000527,0000526000,079602,083830,082684,082253,092343,083912
0000000528,0000527000,080457,081454,084153,079164,090431,088372
0000000529,0000528000,080752,079526,086094,076905,087961,092436
0000000530,0000529000,082257,076927,086974,075724,085194,095724
0000000531,0000530000,082984,075280,088065,075737,082397,097918
0000000532,0000531000,084578,073482,088010,076927,079819,098783
0000000533,0000532000,085441,072756,087823,079220,077751,098269
0000000534,0000533000,086509,072463,086828,082330,076342,096376
0000000535,0000534000,087145,072928,085493,086014,075802,093346
0000000536,0000535000,087282,074155,084005,089829,076133,089398
0000000537,0000536000,087439,075624,082087,093467,077374,084982
0000000538,0000537000,086626,077887,080639,096508,079356,080476
0000000539,0000538000,086235,079809,078870,098700,081924,076357
0000000540,0000539000,084804,082262,077968,099802,084808,073016
0000000541,0000540000,083990,083942,076993,099706,087718,070779
0000000542,0000541000,082491,085621,077023,098439,090397,069891
0000000543,0000542000,081572,086363,077255,096085,092544,070397
0000000544,0000543000,080585,086638,078194,092931,093992,072303
0000000545,0000544000,079951,086165,079498,089237,094540,075370
0000000546,0000545000,079839,084962,080960,085432,094176,079350
0000000547,0000546000,079753,083503,082769,081843,092881,083814
0000000548,0000547000,080524,081323,084190,078866,090811,088359
0000000549,0000548000,081023,079395,085852,076764,088149,092515
0000000550,0000549000,082372,077066,086723,075760,085164,095884
0000000551,0000550000,083272,075408,087579,075955,082148,098142
0000000552,0000551000,084692,073824,087565,077318,079379,099048
0000000553,0000552000,085635,073098,087267,079743,077153,098541
0000000554,0000553000,086574,072893,086350,082951,075653,096638
0000000555,0000554000,087172,073351,085083,086663,075078,093558
0000000556,0000555000,087272,074523,083682,090461,075456,089554
0000000557,0000556000,087288,075975,081969,094010,076795,085056
0000000558,0000557000,086537,078043,080610,096922,078943,080469
0000000559,0000558000,085964,079932,079101,098937,081713,076262
0000000560,0000559000,084662,082143,078249,099843,084824,072844
0000000561,0000560000,083706,083779,077500,099548,087963,070548
0000000562,0000561000,082353,085257,077523,098093,090846,069617
0000000563,0000562000,081389,085979,077842,095595,093159,070116
0000000564,0000563000,080509,086163,078717,092338,094705,072033
0000000565,0000564000,079937,085690,079949,088613,095292,075145
0000000566,0000565000,079863,084551,081299,084830,094885,079182
0000000567,0000566000,079912,083127,082902,081335,093485,083726
0000000568,0000567000,080648,081131,084214,078500,091246,088353
0000000569,0000568000,081298,079271,085609,076588,088374,092596
0000000570,0000569000,082553,077182,086397,075793,085152,096043
0000000571,0000570000,083558,075590,087045,076199,081898,098361
0000000572,0000571000,084857,074203,087010,077756,078918,099307
0000000573,0000572000,085821,073527,086636,080332,076522,098810
0000000574,0000573000,086656,073397,085779,083641,074921,096896
0000000575,0000574000,087185,073864,084599,087380,074310,093773
0000000576,0000575000,087236,074977,083307,091144,074733,089718
0000000577,0000576000,087122,076379,081809,094583,076180,085146
0000000578,0000577000,086388,078262,080590,097336,078504,080485
0000000579,0000578000,085680,080061,079339,099142,081490,076198
0000000580,0000579000,084453,082037,078605,099821,084844,072710
0000000581,0000580000,083416,083565,078066,099298,088229,070358
0000000582,0000581000,082166,084852,078129,097636,091330,069386
0000000583,0000582000,081207,085504,078514,094980,093821,069876
0000000584,0000583000,080422,085604,079342,091619,095474,071800
0000000585,0000584000,079933,085124,080477,087869,096101,074948
0000000586,0000585000,079915,084052,081697,084129,095650,079033
0000000587,0000586000,080091,082686,083083,080755,094138,083643
0000000588,0000587000,080827,080877,084230,078097,091722,088339
0000000589,0000588000,081592,079139,085354,076407,088626,092655
0000000590,0000589000,082794,077286,086002,075856,085153,096170
0000000591,0000590000,083857,075823,086446,076504,081648,098541
0000000592,0000591000,085064,074636,086346,078277,078445,099524
0000000593,0000592000,086007,074049,085913,081015,075868,099040
0000000594,0000593000,086746,073994,085107,084425,074159,097121
0000000595,0000594000,087185,074478,084027,088182,073510,093967
0000000596,0000595000,087169,075528,082872,091890,073976,089872
0000000597,0000596000,086932,076851,081606,095191,075538,085245
0000000598,0000597000,086183,078549,080574,097747,078043,080525
0000000599,0000598000,085371,080207,079592,099311,081255,076178
0000000600,0000599000,084186,081935,079034,099726,084860,072633
0000000601,0000600000,083107,083302,078704,098947,088501,070234
0000000602,0000601000,081940,084389,078844,097057,091830,069228
0000000603,0000602000,081020,084930,079290,094233,094503,069704
0000000604,0000603000,080331,084945,080074,090772,096271,071627
0000000605,0000604000,079943,084453,081095,087011,096939,074795
0000000606,0000605000,080000,083447,082162,083341,096445,078911
0000000607,0000606000,080297,082166,083311,080121,094819,083563
0000000608,0000607000,081062,080555,084243,077678,092221,088306
0000000609,0000608000,081919,078987,085081,076251,088897,092672
0000000610,0000609000,083091,077385,085537,075981,085168,096234
0000000611,0000610000,084179,076109,085766,076900,081406,098645
0000000612,0000611000,085307,075135,085568,078909,077972,099660
0000000613,0000612000,086197,074672,085083,081818,075211,099192
0000000614,0000613000,086836,074702,084322,085323,073388,097275
0000000615,0000614000,087167,075208,083357,089082,072698,094111
0000000616,0000615000,087066,076189,082369,092702,073208,089998
0000000617,0000616000,086709,077411,081356,095831,074885,085344
0000000618,0000617000,085921,078911,080555,098148,077570,080595
0000000619,0000618000,085024,080378,079868,099427,081009,076216
0000000620,0000619000,083862,081836,079534,099541,084867,072638
0000000621,0000620000,082771,082991,079426,098475,088765,070210
0000000622,0000621000,081683,083855,079676,096339,092323,069177
0000000623,0000622000,080828,084247,080183,093341,095181,069636
0000000624,0000623000,080245,084169,080923,089791,097065,071547
0000000625,0000624000,079974,083659,081815,086040,097774,074713
0000000626,0000625000,080124,082722,082701,082475,097240,078830
0000000627,0000626000,080542,081553,083588,079449,095501,083490
0000000628,0000627000,081354,080157,084257,077269,092725,088242
0000000629,0000628000,082289,078804,084787,076150,089175,092623
0000000630,0000629000,083443,077481,085002,076201,085196,096202
0000000631,0000630000,084531,076446,084996,077421,081181,098631
0000000632,0000631000,085578,075712,084672,079683,077518,099667
0000000633,0000632000,086391,075407,084131,082767,074576,099216
0000000634,0000633000,086916,075539,083413,086354,072639,097318
0000000635,0000634000,087123,076070,082581,090087,071909,094169
0000000636,0000635000,086919,076976,081791,093582,072458,090073
0000000637,0000636000,086440,078073,081054,096491,074247,085434
0000000638,0000637000,085597,079353,080533,098519,077106,080700
0000000639,0000638000,084629,080580,080170,099465,080762,076333
0000000640,0000639000,083482,081738,080105,099237,084863,072760
0000000641,0000640000,082403,082629,080240,097854,089005,070329
0000000642,0000641000,081398,083236,080633,095458,092784,069284
0000000643,0000642000,080634,083446,081204,092287,095819,069723
0000000644,0000643000,080172,083258,081898,088665,097815,071605
0000000645,0000644000,080034,082725,082646,084956,098566,074738
0000000646,0000645000,080296,081860,083322,081541,097995,078815
0000000647,0000646000,080837,080832,083916,078762,096150,083432
0000000648,0000647000,081712,079673,084278,076899,093207,088140
0000000649,0000648000,082711,078583,084468,076138,089447,092483
0000000650,0000649000,083850,077579,084393,076552,085235,096034
0000000651,0000650000,084915,076837,084128,078104,080986,098448
0000000652,0000651000,085874,076376,083649,080631,077111,099488
0000000653,0000652000,086583,076269,083045,083885,074000,099057
0000000654,0000653000,086979,076520,082372,087530,071956,097196
0000000655,0000654000,087044,077079,081690,091201,071188,094099
0000000656,0000655000,086719,077906,081130,094519,071772,090069
0000000657,0000656000,086115,078853,080698,097152,073663,085503
0000000658,0000657000,085205,079884,080504,098832,076678,080847
0000000659,0000658000,084178,080822,080501,099392,080530,076553
0000000660,0000659000,083046,081641,080749,098778,084848,073038
0000000661,0000660000,082002,082214,081155,097050,089207,070645
0000000662,0000661000,081094,082523,081719,094385,093181,069609
0000000663,0000662000,080446,082514,082362,091049,096373,070028
0000000664,0000663000,080123,082197,083007,087386,098470,071860
0000000665,0000664000,080135,081632,083597,083764,099257,074917
0000000666,0000665000,080528,080847,084031,080556,098655,078896
0000000667,0000666000,081195,079988,084297,078086,096717,083401
0000000668,0000667000,082142,079096,084307,076604,093631,087993
0000000669,0000668000,083193,078317,084121,076258,089692,092224
0000000670,0000669000,084314,077677,083709,077081,085283,095683
0000000671,0000670000,085331,077283,083156,078990,080837,098035
0000000672,0000671000,086185,077137,082498,081788,076785,099053
0000000673,0000672000,086765,077267,081820,085196,073533,098640
0000000674,0000673000,087011,077661,081194,088864,071400,096842
0000000675,0000674000,086916,078253,080682,092419,070601,093845
0000000676,0000675000,086452,078994,080381,095495,071216,089946
0000000677,0000676000,085720,079762,080289,097782,073189,085534
0000000678,0000677000,084736,080511,080469,099046,076331,081041
0000000679,0000678000,083664,081110,080863,099160,080339,076904
0000000680,0000679000,082556,081545,081465,098116,084825,073523
0000000681,0000680000,081571,081744,082172,096020,089351,071224
0000000682,0000681000,080778,081711,082934,093085,093474,070230
0000000683,0000682000,080273,081442,083656,089609,096785,070631
0000000684,0000683000,080112,080973,084250,085948,098957,072385
0000000685,0000684000,080294,080368,084666,082475,099769,075312
0000000686,0000685000,080834,079673,084826,079547,099142,079117
0000000687,0000686000,081631,079010,084729,077463,097135,083419
0000000688,0000687000,082652,078421,084342,076436,093942,087794
0000000689,0000688000,083740,078004,083742,076567,089876,091816
0000000690,0000689000,084830,077776,082953,077840,085332,095096
0000000691,0000690000,085774,077784,082086,080126,080753,097320
0000000692,0000691000,086501,078000,081222,083189,076585,098276
0000000693,0000692000,086925,078409,080460,086720,073243,097879
0000000694,0000693000,086996,078969,079886,090356,071054,096172
0000000695,0000694000,086723,079600,079560,093724,070238,093336
0000000696,0000695000,086104,080247,079548,096478,070876,089656
0000000697,0000696000,085241,080806,079834,098334,072906,085502
0000000698,0000697000,084184,081234,080431,099104,076128,081286
0000000699,0000698000,083083,081446,081258,098710,080227,077419
0000000700,0000699000,082015,081447,082250,097196,084806,074272
0000000701,0000700000,081119,081218,083285,094716,089418,072144
0000000702,0000701000,080466,080797,084265,091527,093613,071236
0000000703,0000702000,080132,080231,085074,087951,096978,071626
0000000704,0000703000,080158,079583,085616,084358,099180,073272
0000000705,0000704000,080528,078930,085841,081115,099998,076001
0000000706,0000705000,081228,078337,085696,078559,099353,079533
0000000707,0000706000,082156,077899,085202,076952,097309,083512
0000000708,0000707000,083246,077649,084380,076460,094069,087541
0000000709,0000708000,084354,077646,083330,077130,089955,091226
0000000710,0000709000,085391,077879,082133,078891,085368,094212
0000000711,0000710000,086232,078338,080931,081560,080756,096220
0000000712,0000711000,086803,078962,079843,084864,076567,097062
0000000713,0000712000,087040,079688,078990,088465,073214,096669
0000000714,0000713000,086912,080438,078471,091991,071026,095088
0000000715,0000714000,086442,081116,078346,095080,070219,092489
0000000716,0000715000,085659,081657,078650,097409,070873,089138
0000000717,0000716000,084667,081978,079347,098739,072920,085377
0000000718,0000717000,083546,082045,080397,098931,076151,081584
0000000719,0000718000,082439,081823,081684,097968,080248,078129
0000000720,0000719000,081438,081343,083093,095953,084808,075344
0000000721,0000720000,080662,080638,084471,093095,089385,073488
0000000722,0000721000,080181,079791,085679,089687,093538,072727
0000000723,0000722000,080048,078894,086579,086079,096858,073122
0000000724,0000723000,080285,078042,087066,082644,099020,074624
0000000725,0000724000,080859,077338,087087,079737,099811,077071
0000000726,0000725000,081727,076856,086613,077662,099154,080208
0000000727,0000726000,082780,076671,085696,076635,097119,083715
0000000728,0000727000,083926,076799,084409,076762,093915,087236
0000000729,0000728000,085025,077254,082887,078027,089865,090424
0000000730,0000729000,085980,077990,081266,080297,085369,092974
0000000731,0000730000,086681,078942,079721,083334,080866,094653
0000000732,0000731000,087063,080007,078406,086827,076795,095312
0000000733,0000732000,087084,081078,077462,090415,073549,094905
0000000734,0000733000,086734,082037,077004,093727,071445,093488
0000000735,0000734000,086055,082767,077090,096418,070689,091214
0000000736,0000735000,085102,083193,077729,098206,071354,088325
0000000737,0000736000,083993,083246,078858,098902,073363,085121
0000000738,0000737000,082828,082918,080382,098434,076510,081927
0000000739,0000738000,081746,082221,082140,096854,080472,079060
0000000740,0000739000,080847,081225,083970,094329,084857,076793
0000000741,0000740000,080230,080015,085687,091122,089234,075330
0000000742,0000741000,079956,078717,087116,087565,093182,074794
0000000743,0000742000,080054,077467,088102,084024,096319,075217
0000000744,0000743000,080522,076399,088526,080867,098342,076537
0000000745,0000744000,081308,075642,088334,078425,099053,078609
0000000746,0000745000,082343,075281,087520,076956,098389,081210
0000000747,0000746000,083503,075374,086171,076616,096423,084069
0000000748,0000747000,084677,075911,084410,077439,093365,086890
0000000749,0000748000,085730,076856,082419,079337,089530,089393
0000000750,0000749000,086563,078118,080385,082109,085304,091340
0000000751,0000750000,087083,079581,078513,085466,081102,092557
0000000752,0000751000,087242,081103,076987,089059,077331,092948
0000000753,0000752000,087020,082527,075967,092517,074352,092502
0000000754,0000753000,086430,083699,075581,095479,072450,091283
0000000755,0000754000,085539,084479,075881,097633,071808,089434
0000000756,0000755000,084427,084779,076859,098750,072479,087156
0000000757,0000756000,083225,084544,078417,098708,074386,084692
0000000758,0000757000,082050,083799,080406,097514,077322,082300
0000000759,0000758000,081038,082607,082617,095294,080980,080218
0000000760,0000759000,080284,081083,084841,092285,084988,078645
0000000761,0000760000,079869,079364,086862,088800,088952,077715
0000000762,0000761000,079835,077617,088482,085202,092489,077493
0000000763,0000762000,080187,076022,089528,081864,095262,077972
0000000764,0000763000,080898,074746,089876,079136,097010,079078
0000000765,0000764000,081893,073943,089471,077307,097571,080677
0000000766,0000765000,083076,073713,088327,076574,096898,082591
0000000767,0000766000,084309,074096,086565,077017,095074,084612
0000000768,0000767000,085471,075052,084358,078590,092299,086526
0000000769,0000768000,086428,076494,081938,081124,088868,088141
0000000770,0000769000,087091,078276,079540,084349,085134,089303
0000000771,0000770000,087388,080237,077393,087929,081468,089917
0000000772,0000771000,087292,082194,075700,091491,078226,089950
0000000773,0000772000,086807,083946,074642,094665,075712,089431
0000000774,0000773000,085975,085310,074343,097115,074161,088442
0000000775,0000774000,084884,086127,074853,098580,073712,087111
0000000776,0000775000,083641,086290,076147,098899,074394,085593
0000000777,0000776000,082388,085762,078097,098035,076121,084059
0000000778,0000777000,081255,084604,080498,096080,078699,082674
0000000779,0000778000,080366,082930,083096,093243,081849,081580
0000000780,0000779000,079808,080903,085644,089826,085244,080878
0000000781,0000780000,079636,078711,087899,086186,088541,080620
0000000782,0000781000,079870,076560,089646,082702,091424,080801
0000000783,0000782000,080488,074664,090704,079738,093622,081371
0000000784,0000783000,081437,073218,090954,077609,094935,082236
0000000785,0000784000,082616,072393,090344,076545,095254,083276
0000000786,0000785000,083907,072304,088908,076664,094566,084363
0000000787,0000786000,085162,072971,086793,077957,092961,085368
0000000788,0000787000,086252,074325,084222,080287,090623,086179
0000000789,0000788000,087055,076226,081466,083403,087810,086713
0000000790,0000789000,087497,078477,078800,086975,084818,086922
0000000791,0000790000,087535,080875,076469,090630,081953,086801
0000000792,0000791000,087160,083200,074691,093985,079491,086390
0000000793,0000792000,086410,085213,073653,096689,077663,085766
0000000794,0000793000,085352,086714,073470,098453,076631,085029
0000000795,0000794000,084096,087533,074176,099082,076471,084292
0000000796,0000795000,082775,087549,075734,098504,077174,083658
0000000797,0000796000,081534,086746,077988,096777,078644,083212
0000000798,0000797000,080506,085216,080692,094085,080708,083009
0000000799,0000798000,079804,083121,083555,090718,083134,083074
0000000800,0000799000,079490,080673,086300,087032,085660,083395
0000000801,0000800000,079593,078095,088678,083412,088024,083926
0000000802,0000801000,080109,075631,090455,080237,089999,084586
0000000803,0000802000,080987,073528,091454,077841,091401,085276
0000000804,0000803000,082145,071986,091572,076485,092111,085884
0000000805,0000804000,083459,071187,090778,076318,092092,086305
0000000806,0000805000,084794,071248,089114,077365,091374,086465
0000000807,0000806000,085997,072170,086764,079517,090061,086326
0000000808,0000807000,086947,073853,083969,082544,088312,085891
0000000809,0000808000,087532,076128,081028,086121,086327,085204
0000000810,0000809000,087709,078738,078246,089869,084325,084336
0000000811,0000810000,087461,081451,075869,093397,082521,083382
0000000812,0000811000,086802,084027,074118,096335,081088,082466
0000000813,0000812000,085808,086187,073177,098371,080159,081712
0000000814,0000813000,084562,087731,073148,099283,079806,081237
0000000815,0000814000,083211,088489,074025,098965,080030,081134
0000000816,0000815000,081881,088355,075764,097446,080769,081454
0000000817,0000816000,080738,087317,078180,094885,081917,082186
0000000818,0000817000,079888,085506,081017,091556,083327,083266
0000000819,0000818000,079431,083107,083967,087817,084832,084588
0000000820,0000819000,079402,080374,086735,084064,086257,086019
0000000821,0000820000,079796,077564,089075,080686,087447,087406
0000000822,0000821000,080592,074932,090752,078040,088286,088587
0000000823,0000822000,081691,072754,091613,076409,088695,089413
0000000824,0000823000,083005,071228,091558,075973,088658,089760
0000000825,0000824000,084375,070533,090603,076787,088213,089544
0000000826,0000825000,085671,070746,088814,078769,087448,088748
0000000827,0000826000,086734,071867,086389,081710,086481,087424
0000000828,0000827000,087465,073777,083565,085291,085441,085697
0000000829,0000828000,087781,076267,080651,089133,084457,083743
0000000830,0000829000,087657,079072,077951,092828,083650,081755
0000000831,0000830000,087118,081924,075702,095991,083117,079941
0000000832,0000831000,086196,084571,074126,098288,082913,078500
0000000833,0000832000,085004,086726,073370,099472,083052,077607
0000000834,0000833000,083645,088190,073522,099407,083503,077390
0000000835,0000834000,082280,088807,074546,098094,084182,077916
0000000836,0000835000,081043,088511,076353,095668,084975,079176
0000000837,0000836000,080082,087313,078754,092388,085759,081070
0000000838,0000837000,079489,085343,081504,088606,086420,083417
0000000839,0000838000,079324,082818,084312,084725,086865,085982
0000000840,0000839000,079604,079997,086881,081156,087026,088510
0000000841,0000840000,080284,077161,088988,078270,086873,090739
0000000842,0000841000,081321,074559,090419,076374,086415,092432
0000000843,0000842000,082584,072477,091047,075674,085701,093393
0000000844,0000843000,083966,071106,090793,076251,084821,093490
0000000845,0000844000,085298,070588,089717,078053,083898,092671
0000000846,0000845000,086449,070966,087924,080889,083074,090974
0000000847,0000846000,087287,072216,085601,084457,082479,088544
0000000848,0000847000,087728,074205,082983,088372,082209,085612
0000000849,0000848000,087731,076715,080347,092218,082319,082473
0000000850,0000849000,087297,079488,077968,095590,082820,079441
0000000851,0000850000,086483,082253,076051,098135,083676,076826
0000000852,0000851000,085348,084753,074801,099582,084808,074903
0000000853,0000852000,084036,086711,074328,099771,086103,073884
0000000854,0000853000,082659,087956,074683,098676,087417,073903
0000000855,0000854000,081388,088357,075795,096407,088582,074996
0000000856,0000855000,080345,087891,077551,093204,089435,077094
0000000857,0000856000,079653,086604,079753,089410,089845,080009
0000000858,0000857000,079378,084635,082179,085434,089730,083465
0000000859,0000858000,079541,082197,084576,081697,089072,087117
0000000860,0000859000,080127,079533,086706,078593,087916,090600
0000000861,0000860000,081065,076910,088372,076448,086364,093558
0000000862,0000861000,082275,074581,089397,075491,084562,095687
0000000863,0000862000,083613,072794,089697,075829,082691,096757
0000000864,0000863000,084955,071714,089238,077432,080951,096634
0000000865,0000864000,086137,071449,088104,080133,079547,095299
0000000866,0000865000,087046,071996,086426,083646,078664,092853
0000000867,0000866000,087573,073296,084394,087592,078437,089517
0000000868,0000867000,087673,075203,082218,091549,078927,085611
0000000869,0000868000,087341,077514,080117,095096,080119,081521
0000000870,0000869000,086610,080004,078300,097860,081912,077657
0000000871,0000870000,085566,082417,076934,099549,084140,074410
0000000872,0000871000,084302,084518,076168,099983,086589,072113
0000000873,0000872000,082968,086081,076061,099112,089014,071009
0000000874,0000873000,081689,086964,076621,097022,091161,071227
0000000875,0000874000,080623,087082,077755,093933,092788,072770
0000000876,0000875000,079872,086455,079326,090178,093695,075509
0000000877,0000876000,079524,085161,081146,086158,093747,079188
0000000878,0000877000,079608,083352,083026,082304,092901,083454
0000000879,0000878000,080108,081216,084776,079026,091211,087887
0000000880,0000879000,080973,078964,086226,076670,088824,092045
0000000881,0000880000,082105,076829,087238,075483,085967,095508
0000000882,0000881000,083397,075021,087709,075593,082917,097926
0000000883,0000882000,084698,073733,087605,076993,079979,099047
0000000884,0000883000,085882,073083,086942,079535,077457,098747
0000000885,0000884000,086806,073128,085826,082950,075626,097041
0000000886,0000885000,087378,073827,084397,086871,074701,094083
0000000887,0000886000,087534,075090,082830,090877,074813,090153
0000000888,0000887000,087263,076766,081294,094539,075984,085632
0000000889,0000888000,086601,078675,079945,097468,078129,080965
0000000890,0000889000,085616,080626,078915,099354,081053,076615
0000000891,0000890000,084418,082419,078295,099998,084478,073018
0000000892,0000891000,083127,083877,078149,099331,088067,070535
0000000893,0000892000,081888,084843,078479,097422,091462,069420
0000000894,0000893000,080828,085232,079238,094473,094313,069790
0000000895,0000894000,080072,085018,080314,090800,096318,071615
0000000896,0000895000,079695,084253,081573,086797,097251,074720
0000000897,0000896000,079741,083041,082853,082895,096989,078802
0000000898,0000897000,080198,081533,084007,079513,095528,083462
0000000899,0000898000,081014,079894,084916,077009,092987,088241
0000000900,0000899000,082101,078293,085491,075650,089602,092668
0000000901,0000900000,083338,076898,085683,075577,085697,096301
0000000902,0000901000,085149,071169,084819,076571,083218,098895
0000000903,0000902000,084352,065072,091138,080933,085373,099935
0000000904,0000903000,084316,069695,085130,085271,086638,097660
0000000905,0000904000,088625,077818,080203,089662,085803,096482
0000000906,0000905000,098728,074444,082597,088119,082994,092210
0000000907,0000906000,095267,068594,080329,086771,086507,088357
0000000908,0000907000,089191,083875,081872,086000,088179,082907
0000000909,0000908000,081009,091054,063806,087919,085742,081885
0000000910,0000909000,090095,092041,065141,089305,084206,086966
0000000911,0000910000,087359,083737,078834,084813,083356,086232
0000000912,0000911000,071941,084527,082947,086180,087792,084832
0000000913,0000912000,072990,099998,081200,088480,086549,083098
0000000914,0000913000,074339,091574,074137,088115,082191,084935
0000000915,0000914000,076849,079087,087965,087771,083980,088340
0000000916,0000915000,071995,078243,099998,085728,085445,084244
0000000917,0000916000,067260,081556,090664,088714,086249,082730
0000000918,0000917000,080967,082956,088363,090084,083695,084926
0000000919,0000918000,084913,067042,091872,087153,082341,085787
0000000920,0000919000,081678,062660,098026,087533,086678,085284
0000000921,0000920000,083932,073516,092606,088229,086409,081739
0000000922,0000921000,089736,072656,077612,089513,084178,083243
0000000923,0000922000,099998,068017,081714,088374,084235,086313
0000000924,0000923000,094917,065875,085679,085681,085844,084027
0000000925,0000924000,088456,076398,077186,087986,088148,082680
0000000926,0000925000,094633,086984,068109,088802,085145,083211
0000000927,0000926000,095407,079420,066279,087162,083534,085812
0000000928,0000927000,090471,079536,077195,086092,086593,086203
0000000929,0000928000,080759,090271,076813,086045,087134,082780
0000000930,0000929000,078220,096523,067540,088654,085572,083932
0000000931,0000930000,083544,092709,073001,087795,083275,086637
0000000932,0000931000,076115,082694,083834,085589,084366,086391
0000000933,0000932000,068444,087364,089444,087113,087113,084468
0000000934,0000933000,070093,093254,084885,088438,084752,083231
0000000935,0000934000,075216,083299,084174,088765,082763,086084
0000000936,0000935000,078181,073413,096956,087224,084110,086692
0000000937,0000936000,072869,072069,099335,086922,085896,083551
0000000938,0000937000,076282,076788,091038,089594,085722,083096
0000000939,0000938000,088030,072779,087257,089190,083115,084562
0000000940,0000939000,090674,061965,090500,087372,084188,085659
0000000941,0000940000,089051,065600,092967,087352,087000,083797
0000000942,0000941000,089871,074393,081363,088486,086201,081820
0000000943,0000942000,096759,074837,072101,089127,084510,084460
0000000944,0000943000,099925,071084,076680,086935,084627,085678
0000000945,0000944000,091696,074047,077909,086039,087039,083911
0000000946,0000945000,088025,087323,071253,087891,087295,082946
0000000947,0000946000,090409,091004,065091,088037,084368,084304
0000000948,0000947000,088686,084867,070216,086769,084418,086606
0000000949,0000948000,080643,086824,079811,085773,086383,085362
0000000950,0000949000,072731,093972,077538,087122,086364,083409
0000000951,0000950000,074942,095744,075006,088625,084411,084997
0000000952,0000951000,076933,087009,082958,087155,083140,086633
0000000953,0000952000,071125,080420,092512,086556,085217,085760
0000000954,0000953000,068699,084470,093712,087889,086040,083761
0000000955,0000954000,073201,083155,088513,088996,083879,084022
0000000956,0000955000,080280,073180,091585,088568,083287,086041
0000000957,0000956000,081512,066794,098612,087192,084847,085095
0000000958,0000957000,080221,069142,095033,088065,086232,083042
0000000959,0000958000,087246,072879,086362,089438,085090,083235
0000000960,0000959000,094803,067730,082923,088406,083791,084767
0000000961,0000960000,095209,064133,085370,087198,085578,084967
0000000962,0000961000,092675,071621,082425,087295,087033,082983
0000000963,0000962000,093367,079522,071827,088351,085978,082889
0000000964,0000963000,097303,080229,068554,088039,084681,085043
0000000965,0000964000,094259,078609,073038,086278,085380,085407
0000000966,0000965000,085813,084765,074075,086405,087078,084116
0000000967,0000966000,082563,093994,069899,087645,086114,083687
0000000968,0000967000,082752,093113,069139,087640,084139,085383
0000000969,0000968000,079830,087935,077948,086590,084605,086523
0000000970,0000969000,072441,088653,085072,086339,085899,084933
0000000971,0000970000,068958,092158,083652,087907,085520,084049
0000000972,0000971000,072990,088953,084261,088524,083658,085351
0000000973,0000972000,074874,078780,091608,087462,083496,086200
0000000974,0000973000,072752,074786,097877,087293,085428,084928
0000000975,0000974000,073887,077254,095101,088453,085445,083372
0000000976,0000975000,081019,074110,089832,089275,083896,084215
0000000977,0000976000,087901,066249,091839,088252,083925,085396
0000000978,0000977000,087963,063824,093710,087313,085662,084214
0000000979,0000978000,088521,069552,087151,088351,086445,082776
0000000980,0000979000,094781,073193,078209,088905,085010,083441
0000000981,0000980000,098707,070053,076399,087739,084583,085002
0000000982,0000981000,095919,071469,078415,086703,086331,084545
0000000983,0000982000,091129,081008,073567,087111,087108,083019
0000000984,0000983000,091155,087384,066612,088120,085426,083954
0000000985,0000984000,091807,085920,068328,087202,084580,085642
0000000986,0000985000,085011,085711,074592,085913,085871,085505
0000000987,0000986000,077172,092396,076076,086845,086560,084159
0000000988,0000987000,076012,095962,073869,087929,084921,084437
0000000989,0000988000,076486,090538,078155,087431,083778,086235
0000000990,0000989000,072741,084992,088173,086670,084785,086007
0000000991,0000990000,068437,085664,091333,087350,085621,084316
0000000992,0000991000,070801,085507,089221,088694,084488,084346
0000000993,0000992000,076651,077589,091650,088479,083302,085557
0000000994,0000993000,078316,069877,097073,087542,084552,085308
0000000995,0000994000,078513,070282,096989,087998,085751,083733
0000000996,0000995000,083627,071685,090237,089053,084944,083304
0000000997,0000996000,091163,067762,086518,088745,084176,084568
0000000998,0000997000,093958,064358,087562,087559,085122,084699
0000000999,0000998000,092773,068213,084374,087556,086515,083300
0000001000,0000999000,094385,075304,076002,088280,086102,083107
0000001001,0001000000,097435,077096,071105,087969,084978,084374
0000001002,0001001000,095965,076990,072441,086854,085534,085067
0000001003,0001002000,090217,082581,073033,086580,086651,084179
0000001004,0001003000,086014,090109,069325,087323,086183,083848
0000001005,0001004000,085000,092114,068504,087497,084910,085076
0000001006,0001005000,081697,089727,074269,086651,084785,085911
0000001007,0001006000,075145,090056,080195,086527,085685,085215
0000001008,0001007000,071218,092900,081644,087447,085455,084529
0000001009,0001008000,071898,090676,082949,088013,084137,085200
0000001010,0001009000,072979,083504,089078,087628,083889,085950
0000001011,0001010000,071809,078794,095119,087373,084847,085152
0000001012,0001011000,072177,078193,095055,088179,085149,084076
0000001013,0001012000,077523,075578,092596,088894,084219,084330
0000001014,0001013000,083536,068815,093229,088443,083949,084963
0000001015,0001014000,085995,065126,094403,087819,085190,084439
0000001016,0001015000,087678,067756,090290,088187,085916,083290
0000001017,0001016000,092431,070278,082758,088740,085251,083399
0000001018,0001017000,097233,069174,079234,088133,084841,084473
0000001019,0001018000,096910,069794,078914,087143,085834,084387
0000001020,0001019000,093835,076531,075143,087226,086757,083450
0000001021,0001020000,093069,083633,069004,087797,085890,083719
0000001022,0001021000,093001,084668,067837,087381,084995,085007
0000001023,0001022000,088516,085332,071759,086392,085726,085325
0000001024,0001023000,080988,090804,073845,086509,086368,084500
0000001025,0001024000,077689,095004,072818,087592,085349,084478
0000001026,0001025000,077416,092535,075722,087477,084239,085698
0000001027,0001026000,073730,087701,084129,086633,084598,086151
0000001028,0001027000,069192,087445,088945,087217,085518,084698
0000001029,0001028000,069725,087494,088437,088258,084703,084432
0000001030,0001029000,074025,080873,090601,088464,083418,085519
0000001031,0001030000,076162,073111,096368,087603,084421,085404
0000001032,0001031000,076173,072109,097322,087877,085425,084076
0000001033,0001032000,080748,072091,092728,089040,084789,083601
0000001034,0001033000,088521,067845,089295,088786,084173,084440
0000001035,0001034000,091806,064104,089596,087743,085049,084606
0000001036,0001035000,091896,067074,086640,087770,086229,083428
0000001037,0001036000,094455,072627,078533,088348,085898,083140
0000001038,0001037000,097781,074126,073661,088039,085067,084314
0000001039,0001038000,097004,074751,073891,087015,085670,084721
0000001040,0001039000,092180,080878,072491,086777,086682,083937
0000001041,0001040000,089067,087844,068675,087429,086019,083974
0000001042,0001041000,087782,089758,068079,087316,085069,085010
0000001043,0001042000,083332,089451,072771,086484,085303,085622
0000001044,0001043000,076972,091583,077079,086709,085731,084974
0000001045,0001044000,073500,093741,078336,087404,085271,084717
0000001046,0001045000,072867,091345,081369,087603,084277,085541
0000001047,0001046000,071826,085938,087857,087356,084312,085729
0000001048,0001047000,070340,082583,092628,087519,084849,085039
0000001049,0001048000,071448,080625,093546,088212,084709,084495
0000001050,0001049000,075776,076211,093603,088545,084129,084721
0000001051,0001050000,080107,070378,095093,088276,084276,084865
0000001052,0001051000,083122,067319,095182,088143,085024,084236
0000001053,0001052000,086531,067751,091278,088406,085393,083603
0000001054,0001053000,091379,068156,086068,088558,085080,083779
0000001055,0001054000,095392,067501,082704,088126,085121,084150
0000001056,0001055000,096333,069127,080113,087562,085840,084012
0000001057,0001056000,095474,074448,075700,087515,086288,083604
0000001058,0001057000,094982,079898,070694,087610,085919,083872
0000001059,0001058000,093969,082567,069056,087301,085434,084680
0000001060,0001059000,090169,084898,070534,086712,085810,084879
0000001061,0001060000,084322,089799,071445,086642,086177,084589
0000001062,0001061000,080239,093700,071677,087264,085449,084699
0000001063,0001062000,078279,092772,074540,087273,084665,085461
0000001064,0001063000,074585,090067,080939,086766,084827,085823
0000001065,0001064000,070170,089418,086016,087131,085255,085015
0000001066,0001065000,069616,088549,087393,087984,084686,084738
0000001067,0001066000,072342,083044,090218,088199,083782,085429
0000001068,0001067000,074244,075905,095453,087733,084323,085347
0000001069,0001068000,074833,073710,097062,087921,085149,084342
0000001070,0001069000,078802,072745,094046,088823,084709,083872
0000001071,0001070000,086305,067988,091275,088863,084163,084380
0000001072,0001071000,090005,064484,091100,087852,085029,084526
0000001073,0001072000,090740,066528,088344,087841,085985,083580
0000001074,0001073000,094155,071114,080317,088601,085792,083015
0000001075,0001074000,098002,071912,075680,088003,085016,084392
0000001076,0001075000,097391,072721,075446,087128,085709,084561
0000001077,0001076000,093046,079834,072746,086739,087136,083543
0000001078,0001077000,090996,086589,068038,087792,085490,084113
0000001079,0001078000,090568,086776,068237,087279,085102,085040
0000001080,0001079000,084887,088337,072334,085990,085885,085520
0000001081,0001080000,077494,093041,075016,087004,085965,084442
0000001082,0001081000,076465,094377,074805,087710,084868,084823
0000001083,0001082000,074686,091016,079943,086971,084315,086124
0000001084,0001083000,070657,087054,087871,086993,084877,085538
0000001085,0001084000,068922,086776,089815,087863,085134,084414
0000001086,0001085000,071833,082934,090779,088339,083889,085174
0000001087,0001086000,075340,075527,094752,088116,084041,085251
0000001088,0001087000,076804,071337,097544,087774,084952,084680
0000001089,0001088000,079835,070958,094811,088755,084974,083678
0000001090,0001089000,086852,068047,090649,088748,084612,084052
0000001091,0001090000,091334,065500,088696,088152,084826,084423
0000001092,0001091000,092558,066063,086964,087738,085804,083864
0000001093,0001092000,094962,070568,080118,088289,085872,083245
0000001094,0001093000,097332,073360,074940,087892,085575,083942
0000001095,0001094000,097154,075481,072937,087301,085598,084511
0000001096,0001095000,093367,080662,071530,086867,086490,084050
0000001097,0001096000,090366,086183,069014,087287,085806,084309
0000001098,0001097000,087724,089172,068721,087122,085564,084724
0000001099,0001098000,082983,090881,071754,086512,085472,085420
0000001100,0001099000,077670,092596,075330,087032,085426,084955
0000001101,0001100000,074764,092806,078006,087195,085049,085159
