0000000001,0000000000,090409,083232,074937,013921,036204,083812
0000000002,0000001000,088275,085949,074352,023674,026927,083339
0000000003,0000002000,085634,088280,074664,034513,019928,079497
0000000004,0000003000,082778,089959,075840,045391,015884,072660
0000000005,0000004000,079985,090820,077774,055235,015210,063492
0000000006,0000005000,077497,090812,080270,063083,017963,052893
0000000007,0000006000,075576,089926,083077,068169,023856,041911
0000000008,0000007000,074431,088218,085929,069992,032332,031613
0000000009,0000008000,074146,085880,088552,068368,042574,022997
0000000010,0000009000,074743,083158,090677,063470,053547,016919
0000000011,0000010000,076191,080287,092100,055776,064182,013979
0000000012,0000011000,078344,077549,092685,046017,073468,014452
0000000013,0000012000,080967,075240,092373,035169,080475,018294
0000000014,0000013000,083817,073565,091196,024303,084504,025130
0000000015,0000014000,086631,072683,089264,014459,085180,034298
0000000016,0000015000,089111,072700,086767,006601,082439,044898
0000000017,0000016000,091018,073600,083959,001522,076536,055879
0000000018,0000017000,092180,075291,081108,-00296,068056,066177
0000000019,0000018000,092465,077628,078485,001319,057825,074793
0000000020,0000019000,091853,080367,076359,006218,046848,080870
0000000021,0000020000,090415,083227,074937,013920,036205,083812
0000000022,0000021000,088269,085956,074353,023671,026928,083338
0000000023,0000022000,085632,088282,074664,034521,019921,079496
0000000024,0000023000,082786,089952,075840,045392,015885,072660
0000000025,0000024000,079983,090823,077773,055232,015213,063492
0000000026,0000025000,077490,090819,080270,063087,017958,052892
0000000027,0000026000,075582,089920,083077,068174,023852,041911
0000000028,0000027000,074434,088215,085929,069989,032335,031613
0000000029,0000028000,074139,085887,088552,068369,042572,022997
0000000030,0000029000,074744,083157,090678,063477,053541,016919
0000000031,0000030000,076197,080281,092100,055777,064182,013978
0000000032,0000031000,078340,077554,092685,046017,073468,014451
0000000033,0000032000,080963,075243,092373,035174,080470,018293
0000000034,0000033000,083823,073560,091196,024307,084501,025129
0000000035,0000034000,086631,072683,089264,014458,085182,034297
0000000036,0000035000,089106,072705,086767,006605,082436,044897
0000000037,0000036000,091021,073597,083960,001526,076533,055878
0000000038,0000037000,092182,075288,081108,-00296,068057,066175
0000000039,0000038000,092462,077631,078485,001320,057825,074791
0000000040,0000039000,091854,080366,076359,006222,046846,080869
0000000041,0000040000,090418,083224,074937,013920,036207,083811
0000000042,0000041000,088267,085959,074352,023671,026929,083337
0000000043,0000042000,085632,088282,074664,034522,019921,079495
0000000044,0000043000,082788,089950,075840,045392,015885,072660
0000000045,0000044000,079981,090825,077773,055231,015214,063492
0000000046,0000045000,077489,090819,080270,063087,017957,052893
0000000047,0000046000,075584,089918,083077,068174,023852,041912
0000000048,0000047000,074432,088217,085929,069989,032335,031614
0000000049,0000048000,074138,085889,088552,068371,042569,022998
0000000050,0000049000,074747,083154,090677,063478,053539,016920
0000000051,0000050000,076196,080282,092100,055777,064181,013979
0000000052,0000051000,078337,077557,092685,046020,073465,014452
0000000053,0000052000,080966,075240,092373,035177,080467,018293
0000000054,0000053000,083823,073559,091197,024308,084501,025129
0000000055,0000054000,086627,072687,089264,014462,085180,034296
0000000056,0000055000,089108,072703,086767,006610,082433,044895
0000000057,0000056000,091025,073594,083960,001527,076534,055876
0000000058,0000057000,092179,075291,081108,-00294,068058,066173
0000000059,0000058000,092461,077632,078485,001325,057824,074788
0000000060,0000059000,091859,080361,076359,006223,046848,080866
0000000061,0000060000,090416,083225,074937,013919,036211,083808
0000000062,0000061000,088264,085962,074352,023673,026930,083335
0000000063,0000062000,085636,088279,074663,034522,019922,079494
0000000064,0000063000,082789,089949,075840,045388,015890,072659
0000000065,0000064000,079977,090829,077773,055230,015215,063492
0000000066,0000065000,077491,090818,080269,063087,017956,052894
0000000067,0000066000,075586,089916,083076,068170,023853,041914
0000000068,0000067000,074428,088221,085929,069986,032335,031617
0000000069,0000068000,074137,085890,088551,068372,042565,023001
0000000070,0000069000,074749,083151,090678,063477,053537,016923
0000000071,0000070000,076194,080284,092100,055776,064179,013982
0000000072,0000071000,078334,077559,092685,046024,073459,014454
0000000073,0000072000,080968,075237,092374,035181,080461,018295
0000000074,0000073000,083823,073558,091197,024310,084498,025129
0000000075,0000074000,086624,072689,089265,014467,085176,034294
0000000076,0000075000,089110,072701,086768,006616,082429,044892
0000000077,0000076000,091026,073592,083961,001531,076534,055872
0000000078,0000077000,092177,075293,081109,-00290,068059,066168
0000000079,0000078000,092463,077631,078485,001329,057824,074784
0000000080,0000079000,091861,080358,076359,006224,046851,080861
0000000081,0000080000,090415,083227,074936,013919,036215,083804
0000000082,0000081000,088265,085962,074351,023673,026933,083331
0000000083,0000082000,085639,088276,074662,034519,019927,079492
0000000084,0000083000,082789,089951,075839,045384,015895,072658
0000000085,0000084000,079977,090831,077771,055226,015218,063493
0000000086,0000085000,077494,090817,080268,063082,017958,052897
0000000087,0000086000,075585,089917,083076,068164,023855,041918
0000000088,0000087000,074426,088224,085928,069983,032333,031622
0000000089,0000088000,074138,085889,088551,068370,042561,023007
0000000090,0000089000,074749,083151,090678,063475,053533,016929
0000000091,0000090000,076190,080287,092101,055777,064173,013987
0000000092,0000091000,078334,077559,092686,046028,073451,014458
0000000093,0000092000,080969,075235,092375,035185,080456,018297
0000000094,0000093000,083819,073560,091199,024316,084493,025129
0000000095,0000094000,086623,072689,089266,014476,085169,034293
0000000096,0000095000,089112,072697,086769,006623,082426,044888
0000000097,0000096000,091025,073592,083962,001537,076534,055866
0000000098,0000097000,092176,075293,081109,-00282,068058,066161
0000000099,0000098000,092466,077627,078486,001334,057826,074776
0000000100,0000099000,091862,080357,076359,006226,046858,080854
0000000101,0000100000,090414,083228,074936,013919,036222,083797
0000000102,0000101000,088268,085960,074350,023672,026940,083326
0000000103,0000102000,085642,088275,074661,034513,019936,079488
0000000104,0000103000,082787,089953,075838,045377,015903,072658
0000000105,0000104000,079978,090831,077770,055220,015222,063495
0000000106,0000105000,077496,090816,080267,063074,017962,052901
0000000107,0000106000,075584,089920,083075,068155,023857,041925
0000000108,0000107000,074424,088227,085927,069977,032330,031630
0000000109,0000108000,074139,085889,088551,068365,042557,023016
0000000110,0000109000,074747,083153,090678,063471,053528,016938
0000000111,0000110000,076187,080290,092102,055778,064164,013995
0000000112,0000111000,078334,077558,092687,046032,073441,014464
0000000113,0000112000,080967,075235,092376,035190,080446,018301
0000000114,0000113000,083816,073561,091200,024325,084483,025130
0000000115,0000114000,086623,072687,089268,014487,085161,034290
0000000116,0000115000,089113,072694,086771,006633,082421,044883
0000000117,0000116000,091023,073591,083963,001548,076532,055858
0000000118,0000117000,092177,075291,081110,-00272,068058,066151
0000000119,0000118000,092469,077623,078486,001341,057831,074765
0000000120,0000119000,091863,080357,076359,006229,046866,080842
0000000121,0000120000,090416,083228,074935,013920,036231,083786
0000000122,0000121000,088272,085958,074349,023668,026951,083318
0000000123,0000122000,085643,088275,074660,034505,019948,079484
0000000124,0000123000,082788,089955,075835,045368,015913,072656
0000000125,0000124000,079980,090831,077767,055208,015231,063498
0000000126,0000125000,077496,090817,080265,063060,017969,052908
0000000127,0000126000,075581,089924,083073,068144,023860,041934
0000000128,0000127000,074424,088228,085926,069968,032328,031642
0000000129,0000128000,074138,085890,088550,068357,042552,023029
0000000130,0000129000,074743,083157,090678,063467,053519,016951
0000000131,0000130000,076185,080291,092102,055780,064151,014006
0000000132,0000131000,078333,077557,092689,046036,073427,014473
0000000133,0000132000,080964,075236,092379,035198,080433,018306
0000000134,0000133000,083814,073562,091203,024338,084469,025131
0000000135,0000134000,086624,072684,089270,014501,085150,034287
0000000136,0000135000,089112,072692,086773,006648,082415,044875
0000000137,0000136000,091023,073590,083965,001562,076529,055846
0000000138,0000137000,092180,075287,081111,-00259,068060,066137
0000000139,0000138000,092472,077620,078487,001349,057839,074749
0000000140,0000139000,091864,080356,076358,006233,046877,080827
0000000141,0000140000,090419,083226,074934,013921,036244,083773
0000000142,0000141000,088276,085955,074347,023663,026967,083308
0000000143,0000142000,085644,088277,074657,034495,019965,079477
0000000144,0000143000,082789,089957,075832,045355,015927,072655
0000000145,0000144000,079983,090832,077764,055192,015243,063502
0000000146,0000145000,077496,090821,080262,063043,017978,052916
0000000147,0000146000,075580,089928,083070,068128,023862,041947
0000000148,0000147000,074424,088230,085924,069954,032325,031658
0000000149,0000148000,074135,085893,088550,068346,042545,023047
0000000150,0000149000,074739,083161,090679,063463,053506,016969
0000000151,0000150000,076182,080293,092104,055781,064134,014022
0000000152,0000151000,078330,077557,092691,046042,073409,014485
0000000153,0000152000,080960,075237,092382,035210,080414,018313
0000000154,0000153000,083812,073560,091206,024354,084451,025132
0000000155,0000154000,086624,072680,089274,014520,085136,034282
0000000156,0000155000,089111,072690,086777,006667,082406,044865
0000000157,0000156000,091023,073587,083968,001582,076524,055831
0000000158,0000157000,092183,075283,081113,-00243,068062,066118
0000000159,0000158000,092474,077617,078488,001360,057848,074729
0000000160,0000159000,091867,080354,076358,006240,046890,080807
0000000161,0000160000,090424,083222,074932,013921,036262,083755
0000000162,0000161000,088280,085954,074344,023655,026989,083294
0000000163,0000162000,085647,088278,074654,034483,019986,079469
0000000164,0000163000,082793,089957,075828,045338,015946,072653
0000000165,0000164000,079985,090833,077760,055171,015259,063507
0000000166,0000165000,077495,090825,080258,063020,017989,052928
0000000167,0000166000,075579,089932,083067,068108,023866,041964
0000000168,0000167000,074423,088233,085922,069936,032323,031680
0000000169,0000168000,074131,085898,088549,068332,042535,023070
0000000170,0000169000,074734,083165,090679,063457,053489,016991
0000000171,0000170000,076179,080294,092106,055781,064113,014042
0000000172,0000171000,078326,077559,092694,046049,073386,014501
0000000173,0000172000,080955,075238,092385,035225,080390,018323
0000000174,0000173000,083810,073558,091211,024375,084428,025134
0000000175,0000174000,086622,072677,089279,014543,085118,034277
0000000176,0000175000,089110,072688,086781,006692,082394,044852
0000000177,0000176000,091025,073582,083971,001607,076519,055812
0000000178,0000177000,092186,075277,081116,-00223,068066,066094
0000000179,0000178000,092477,077613,078489,001375,057859,074703
0000000180,0000179000,091871,080350,076357,006248,046908,080781
0000000181,0000180000,090430,083218,074930,013920,036285,083732
0000000182,0000181000,088284,085953,074341,023646,027016,083276
0000000183,0000182000,085650,088279,074649,034467,020012,079458
0000000184,0000183000,082797,089958,075823,045315,015971,072651
0000000185,0000184000,079987,090836,077756,055144,015280,063513
0000000186,0000185000,077495,090830,080254,062993,018002,052942
0000000187,0000186000,075579,089936,083063,068081,023870,041986
0000000188,0000187000,074420,088238,085920,069912,032319,031706
0000000189,0000188000,074126,085904,088548,068316,042523,023098
0000000190,0000189000,074730,083169,090680,063449,053469,017020
0000000191,0000190000,076174,080296,092108,055782,064088,014067
0000000192,0000191000,078320,077561,092698,046059,073357,014520
0000000193,0000192000,080950,075238,092390,035244,080359,018334
0000000194,0000193000,083807,073555,091216,024400,084401,025137
0000000195,0000194000,086619,072675,089284,014572,085096,034269
0000000196,0000195000,089109,072683,086786,006724,082378,044835
0000000197,0000196000,091027,073576,083975,001636,076513,055788
0000000198,0000197000,092189,075271,081119,-00198,068070,066065
0000000199,0000198000,092480,077608,078490,001393,057873,074671
0000000200,0000199000,091877,080345,076356,006258,046930,080750
0000000201,0000200000,090436,083215,074927,013919,036314,083704
0000000202,0000201000,088289,085952,074337,023635,027048,083255
0000000203,0000202000,085656,088279,074644,034447,020045,079445
0000000204,0000203000,082802,089959,075817,045288,016001,072648
0000000205,0000204000,079988,090841,077749,055111,015305,063521
0000000206,0000205000,077495,090836,080248,062959,018018,052960
0000000207,0000206000,075578,089942,083059,068049,023877,042012
0000000208,0000207000,074416,088245,085917,069884,032315,031738
0000000209,0000208000,074121,085911,088546,068297,042507,023134
0000000210,0000209000,074724,083173,090681,063439,053444,017054
0000000211,0000210000,076167,080300,092111,055782,064057,014098
0000000212,0000211000,078312,077564,092702,046072,073321,014544
0000000213,0000212000,080945,075237,092396,035266,080323,018348
0000000214,0000213000,083803,073553,091223,024430,084368,025140
0000000215,0000214000,086616,072671,089291,014608,085069,034261
0000000216,0000215000,089108,072678,086792,006762,082360,044816
0000000217,0000216000,091029,073568,083981,001672,076506,055759
0000000218,0000217000,092192,075264,081122,-00168,068076,066030
0000000219,0000218000,092486,077602,078491,001416,057889,074632
0000000220,0000219000,091885,080338,076356,006269,046956,080712
0000000221,0000220000,090443,083210,074924,013918,036349,083671
0000000222,0000221000,088296,085950,074332,023622,027087,083229
0000000223,0000222000,085663,088278,074637,034423,020084,079430
0000000224,0000223000,082807,089962,075810,045254,016038,072645
0000000225,0000224000,079991,090846,077742,055072,015334,063531
0000000226,0000225000,077496,090842,080241,062918,018037,052982
0000000227,0000226000,075577,089949,083053,068009,023884,042044
0000000228,0000227000,074412,088254,085913,069851,032310,031777
0000000229,0000228000,074115,085918,088545,068273,042489,023176
0000000230,0000229000,074717,083179,090682,063427,053415,017096
0000000231,0000230000,076159,080305,092114,055784,064019,014134
0000000232,0000231000,078304,077567,092708,046086,073279,014572
0000000233,0000232000,080938,075237,092403,035293,080279,018365
0000000234,0000233000,083797,073550,091231,024466,084329,025143
0000000235,0000234000,086612,072667,089300,014651,085037,034250
0000000236,0000235000,089108,072670,086800,006807,082339,044792
0000000237,0000236000,091031,073560,083987,001714,076498,055725
0000000238,0000237000,092195,075256,081127,-00132,068082,065987
0000000239,0000238000,092492,077593,078493,001442,057909,074587
0000000240,0000239000,091893,080331,076355,006282,046989,080667
0000000241,0000240000,090452,083206,074921,013916,036390,083631
0000000242,0000241000,088304,085948,074326,023606,027133,083198
0000000243,0000242000,085671,088278,074629,034394,020131,079412
0000000244,0000243000,082813,089965,075801,045214,016081,072642
0000000245,0000244000,079994,090852,077732,055026,015369,063542
0000000246,0000245000,077498,090849,080232,062870,018060,053007
0000000247,0000246000,075575,089958,083046,067963,023893,042081
0000000248,0000247000,074407,088263,085908,069813,032303,031822
0000000249,0000248000,074109,085927,088543,068246,042467,023225
0000000250,0000249000,074709,083187,090683,063413,053380,017144
0000000251,0000250000,076149,080312,092118,055785,063975,014177
0000000252,0000251000,078295,077570,092714,046104,073228,014604
0000000253,0000252000,080930,075236,092412,035324,080229,018384
0000000254,0000253000,083790,073547,091241,024509,084283,025146
0000000255,0000254000,086608,072661,089309,014701,084999,034237
0000000256,0000255000,089107,072662,086809,006859,082314,044765
0000000257,0000256000,091033,073551,083995,001763,076489,055684
0000000258,0000257000,092200,075247,081132,-00090,068089,065938
0000000259,0000258000,092500,077583,078495,001472,057932,074533
0000000260,0000259000,091902,080322,076354,006296,047026,080615
0000000261,0000260000,090462,083200,074917,013914,036438,083585
0000000262,0000261000,088315,085944,074319,023588,027186,083163
0000000263,0000262000,085681,088277,074620,034360,020186,079392
0000000264,0000263000,082819,089969,075790,045168,016131,072638
0000000265,0000264000,079999,090858,077722,054973,015408,063556
0000000266,0000265000,077499,090857,080222,062814,018086,053037
0000000267,0000266000,075572,089968,083038,067910,023903,042124
0000000268,0000267000,074401,088275,085902,069768,032294,031875
0000000269,0000268000,074101,085937,088540,068214,042442,023282
0000000270,0000269000,074699,083196,090684,063397,053340,017200
0000000271,0000270000,076137,080319,092123,055788,063923,014226
0000000272,0000271000,078284,077573,092722,046124,073170,014642
0000000273,0000272000,080921,075236,092422,035360,080171,018406
0000000274,0000273000,083782,073544,091252,024558,084229,025150
0000000275,0000274000,086603,072654,089321,014759,084956,034223
0000000276,0000275000,089106,072652,086820,006919,082286,044732
0000000277,0000276000,091035,073540,084003,001820,076479,055638
0000000278,0000277000,092206,075235,081138,-00042,068098,065881
0000000279,0000278000,092509,077572,078498,001506,057959,074472
0000000280,0000279000,091913,080313,076352,006313,047069,080555
0000000281,0000280000,090473,083193,074912,013912,036493,083533
0000000282,0000281000,088327,085940,074311,023566,027248,083123
0000000283,0000282000,085691,088277,074610,034321,020249,079368
0000000284,0000283000,082827,089973,075778,045116,016188,072634
0000000285,0000284000,080004,090865,077709,054911,015454,063572
0000000286,0000285000,077501,090867,080211,062749,018116,053071
0000000287,0000286000,075569,089981,083029,067849,023914,042174
0000000288,0000287000,074395,088287,085896,069717,032285,031936
0000000289,0000288000,074092,085949,088538,068177,042413,023348
0000000290,0000289000,074687,083206,090685,063379,053294,017264
0000000291,0000290000,076124,080326,092128,055791,063864,014282
0000000292,0000291000,078272,077577,092730,046148,073104,014685
0000000293,0000292000,080909,075237,092433,035402,080104,018431
0000000294,0000293000,083773,073540,091265,024615,084169,025154
0000000295,0000294000,086598,072646,089334,014824,084908,034206
0000000296,0000295000,089104,072642,086832,006987,082254,044696
0000000297,0000296000,091037,073528,084013,001885,076468,055585
0000000298,0000297000,092213,075221,081145,000012,068108,065817
0000000299,0000298000,092519,077559,078501,001544,057990,074402
0000000300,0000299000,091925,080302,076351,006332,047119,080487
0000000301,0000300000,090487,083185,074906,013909,036556,083473
0000000302,0000301000,088341,085935,074302,023541,027319,083078
0000000303,0000302000,085703,088277,074598,034276,020320,079342
0000000304,0000303000,082837,089977,075765,045056,016252,072629
0000000305,0000304000,080011,090872,077695,054841,015506,063590
0000000306,0000305000,077502,090878,080198,062676,018150,053111
0000000307,0000306000,075566,089994,083018,067781,023926,042231
0000000308,0000307000,074389,088301,085888,069660,032273,032005
0000000309,0000308000,074081,085963,088534,068136,042380,023422
0000000310,0000309000,074673,083219,090686,063359,053242,017336
0000000311,0000310000,076110,080335,092133,055794,063797,014346
0000000312,0000311000,078257,077582,092740,046174,073030,014733
0000000313,0000312000,080896,075237,092446,035449,080029,018458
0000000314,0000313000,083763,073536,091280,024679,084100,025159
0000000315,0000314000,086591,072637,089349,014899,084853,034186
0000000316,0000315000,089102,072630,086846,007065,082219,044654
0000000317,0000316000,091040,073513,084025,001958,076455,055524
0000000318,0000317000,092220,075205,081153,000073,068120,065744
0000000319,0000318000,092530,077544,078504,001588,058026,074323
0000000320,0000319000,091939,080290,076350,006353,047174,080410
0000000321,0000320000,090503,083175,074900,013905,036626,083406
0000000322,0000321000,088356,085930,074292,023513,027398,083027
0000000323,0000322000,085717,088277,074584,034226,020399,079313
0000000324,0000323000,082848,089981,075749,044988,016324,072625
0000000325,0000324000,080018,090881,077679,054762,015564,063611
0000000326,0000325000,077504,090891,080183,062594,018188,053155
0000000327,0000326000,075563,090010,083005,067704,023939,042294
0000000328,0000327000,074381,088317,085880,069595,032261,032082
0000000329,0000328000,074069,085978,088531,068090,042342,023505
0000000330,0000329000,074658,083232,090688,063337,053183,017417
0000000331,0000330000,076094,080345,092140,055799,063722,014416
0000000332,0000331000,078241,077587,092751,046204,072946,014786
0000000333,0000332000,080881,075238,092460,035503,079945,018489
0000000334,0000333000,083751,073531,091296,024750,084024,025163
0000000335,0000334000,086584,072628,089366,014982,084792,034164
0000000336,0000335000,089100,072617,086862,007151,082180,044607
0000000337,0000336000,091043,073497,084038,002039,076441,055457
0000000338,0000337000,092229,075188,081162,000141,068133,065662
0000000339,0000338000,092543,077527,078508,001635,058066,074236
0000000340,0000339000,091955,080275,076348,006376,047236,080325
0000000341,0000340000,090521,083164,074894,013900,036705,083332
0000000342,0000341000,088374,085924,074281,023481,027486,082971
0000000343,0000342000,085732,088277,074569,034170,020487,079280
0000000344,0000343000,082861,089986,075732,044913,016404,072620
0000000345,0000344000,080026,090891,077661,054675,015628,063634
0000000346,0000345000,077507,090906,080167,062504,018229,053204
0000000347,0000346000,075560,090027,082991,067619,023953,042365
0000000348,0000347000,074373,088336,085870,069523,032246,032168
0000000349,0000348000,074056,085996,088526,068040,042300,023598
0000000350,0000349000,074642,083248,090689,063313,053117,017507
0000000351,0000350000,076075,080356,092146,055804,063639,014494
0000000352,0000351000,078222,077594,092762,046238,072854,014845
0000000353,0000352000,080864,075238,092476,035562,079852,018523
0000000354,0000353000,083738,073526,091314,024830,083939,025168
0000000355,0000354000,086575,072618,089385,015074,084725,034139
0000000356,0000355000,089097,072602,086879,007247,082136,044555
0000000357,0000356000,091047,073479,084053,002129,076426,055382
0000000358,0000357000,092237,075169,081172,000216,068149,065572
0000000359,0000358000,092556,077509,078513,001688,058110,074139
0000000360,0000359000,091973,080259,076347,006401,047305,080231
0000000361,0000360000,090540,083151,074887,013895,036793,083250
0000000362,0000361000,088393,085917,074268,023445,027584,082909
0000000363,0000362000,085750,088276,074552,034107,020585,079245
0000000364,0000363000,082875,089991,075712,044829,016493,072616
0000000365,0000364000,080035,090902,077641,054578,015698,063661
0000000366,0000365000,077510,090921,080148,062403,018274,053260
0000000367,0000366000,075557,090046,082976,067525,023968,042444
0000000368,0000367000,074363,088356,085859,069445,032230,032263
0000000369,0000368000,074041,086016,088521,067985,042253,023700
0000000370,0000369000,074623,083265,090690,063288,053044,017606
0000000371,0000370000,076055,080370,092154,055810,063547,014580
0000000372,0000371000,078202,077602,092775,046276,072751,014910
0000000373,0000372000,080846,075239,092493,035628,079749,018559
0000000374,0000373000,083723,073520,091335,024918,083847,025173
0000000375,0000374000,086565,072606,089406,015175,084651,034111
0000000376,0000375000,089094,072585,086899,007352,082089,044497
0000000377,0000376000,091050,073459,084069,002227,076411,055299
0000000378,0000377000,092247,075147,081184,000298,068166,065472
0000000379,0000378000,092571,077488,078519,001746,058159,074032
0000000380,0000379000,091992,080241,076346,006428,047382,080128
0000000381,0000380000,090562,083138,074879,013888,036890,083160
0000000382,0000381000,088415,085909,074255,023405,027691,082842
0000000383,0000382000,085769,088275,074534,034038,020692,079207
0000000384,0000383000,082891,089997,075691,044737,016590,072611
0000000385,0000384000,080045,090914,077619,054472,015775,063690
0000000386,0000385000,077513,090938,080127,062293,018323,053320
0000000387,0000386000,075554,090066,082958,067422,023985,042531
0000000388,0000387000,074353,088379,085846,069359,032211,032367
0000000389,0000388000,074026,086038,088514,067925,042201,023811
0000000390,0000389000,074603,083284,090691,063260,052964,017714
0000000391,0000390000,076032,080384,092162,055817,063446,014674
0000000392,0000391000,078179,077610,092789,046318,072639,014980
0000000393,0000392000,080825,075241,092512,035701,079637,018599
0000000394,0000393000,083707,073515,091357,025014,083746,025177
0000000395,0000394000,086554,072594,089430,015286,084571,034080
0000000396,0000395000,089090,072567,086921,007467,082038,044433
0000000397,0000396000,091054,073437,084088,002334,076394,055209
0000000398,0000397000,092257,075124,081198,000387,068186,065363
0000000399,0000398000,092588,077465,078526,001808,058213,073915
0000000400,0000399000,092013,080220,076345,006456,047466,080015
0000000401,0000400000,090585,083122,074871,013880,036995,083062
0000000402,0000401000,078728,087392,075740,019174,030592,085549
0000000403,0000402000,086391,087593,073853,018070,020617,078996
0000000404,0000403000,081328,091660,077384,034397,021922,077900
0000000405,0000404000,083240,089846,076603,042076,014732,062681
0000000406,0000405000,083555,088543,077759,057612,021704,056790
0000000407,0000406000,081618,090596,083488,070711,021485,040186
0000000408,0000407000,084409,085145,082598,084417,030267,030647
0000000409,0000408000,081251,087383,089802,091114,037723,019604
0000000410,0000409000,084454,081289,088542,099998,044883,009893
0000000411,0000410000,082296,079701,091308,099739,056977,008382
0000000412,0000411000,083297,077309,092275,096868,060906,003204
0000000413,0000412000,084237,075421,092312,090067,072020,010670
0000000414,0000413000,082055,075367,092778,078838,072463,013338
0000000415,0000414000,085395,072951,089440,063874,076588,025311
0000000416,0000415000,081974,075259,089329,050961,074957,036438
0000000417,0000416000,085166,073216,083703,034080,070213,048182
0000000418,0000417000,082684,078194,084346,021411,066471,062925
0000000419,0000418000,084233,078829,080133,011513,055578,070674
0000000420,0000419000,083328,081079,077539,003057,050341,082502
0000000421,0000420000,083296,085012,077254,001200,038375,084321
0000000422,0000421000,083825,084468,073397,004181,033040,088127
0000000423,0000422000,082354,089539,076375,008038,025297,084077
0000000424,0000423000,083971,088657,074954,020991,021201,077821
0000000425,0000424000,082136,090656,077924,030977,020834,069554
0000000426,0000425000,083399,089146,078680,046924,019968,055889
0000000427,0000426000,082724,088526,081574,058896,026644,046164
0000000428,0000427000,082733,087239,084698,073496,030339,031379
0000000429,0000428000,083275,084166,086368,080688,040326,022648
0000000430,0000429000,082615,083829,090725,088670,048007,013248
0000000431,0000430000,083574,078333,089496,089534,057150,008521
0000000432,0000431000,082902,078590,093012,085811,066086,008094
0000000433,0000432000,083760,075153,091505,080850,071280,009442
0000000434,0000433000,083295,074610,091555,067537,077657,017887
0000000435,0000434000,083706,074704,090796,056081,077245,025213
0000000436,0000435000,083842,073434,087207,040727,078110,038819
0000000437,0000436000,083381,075917,086289,026085,072873,050134
0000000438,0000437000,084153,075944,082127,013908,067317,063176
0000000439,0000438000,083205,079763,081209,002813,059658,074380
0000000440,0000439000,083882,080811,077582,-02399,049744,081813
0000000441,0000440000,083225,084129,076790,-06371,042295,088430
0000000442,0000441000,083412,085918,075295,-01583,032473,088046
0000000443,0000442000,083140,087276,074598,002557,027416,086956
0000000444,0000443000,083030,090022,076803,014728,021905,079457
0000000445,0000444000,083032,088638,076265,026779,020877,070619
0000000446,0000445000,082765,090308,080094,040165,022031,058987
0000000447,0000446000,083048,087768,080960,055700,025434,045844
0000000448,0000447000,082743,086957,084370,066056,032856,034538
0000000449,0000448000,083038,084904,086881,077487,039586,022265
0000000450,0000449000,083071,082185,088778,082010,049982,015245
0000000451,0000450000,083039,080430,091190,084636,057965,008980
0000000452,0000451000,083474,077122,091043,081062,067058,008414
0000000453,0000452000,083253,076580,092469,074257,073663,010951
0000000454,0000453000,083688,074085,090632,063969,077844,017007
0000000455,0000454000,083524,074743,090461,049645,080424,027270
0000000456,0000455000,083785,074298,087826,037108,078290,037969
0000000457,0000456000,083648,075050,085349,020949,075431,051799
0000000458,0000457000,083738,077298,083513,010003,068145,063366
0000000459,0000458000,083645,078250,079869,-00627,060719,075173
0000000460,0000459000,083486,081864,078966,-06768,051237,083420
0000000461,0000460000,083522,083120,076184,-07844,041914,088538
0000000462,0000461000,083207,086069,075886,-06216,033962,090405
0000000463,0000462000,083229,087383,075194,001905,026316,087015
0000000464,0000463000,083049,088751,075978,011103,022692,081558
0000000465,0000464000,082924,089552,077519,025264,020039,071156
0000000466,0000465000,082959,088814,078846,038208,021837,060086
0000000467,0000466000,082832,088736,082033,052832,025495,046951
0000000468,0000467000,082956,086155,083487,064954,031986,034367
0000000469,0000468000,082920,085174,086941,073860,040572,023539
0000000470,0000469000,083109,082255,088528,080766,049303,014369
0000000471,0000470000,083128,080099,090411,080855,059412,009773
0000000472,0000471000,083333,078165,091596,079064,067319,007645
0000000473,0000472000,083438,075809,091233,071054,074943,010900
0000000474,0000473000,083511,075310,091411,060738,079229,016886
0000000475,0000474000,083695,074084,089425,047664,081258,026596
0000000476,0000475000,083639,074923,088232,033099,080290,038598
0000000477,0000476000,083747,075186,085403,019747,075851,051105
0000000478,0000477000,083681,076994,083252,006572,069885,064399
0000000479,0000478000,083625,078879,080719,-01882,060873,075112
0000000480,0000479000,083549,080888,078356,-08687,051953,084424
0000000481,0000480000,083409,083743,077237,-09336,041999,089421
0000000482,0000481000,083309,085168,075485,-06675,033380,091078
0000000483,0000482000,083143,087608,075953,000331,026279,088547
0000000484,0000483000,083084,088251,075942,011561,021263,081870
0000000485,0000484000,082935,089142,077478,023776,019751,072638
0000000486,0000485000,082924,088974,079276,038690,020385,060234
0000000487,0000486000,082899,087936,081330,051788,024972,047683
0000000488,0000487000,082892,086838,084076,064414,031256,034438
0000000489,0000488000,083012,084488,086024,073373,040030,023244
0000000490,0000489000,083040,082789,088692,078963,049642,014345
0000000491,0000490000,083206,080041,089852,080366,059258,008692
0000000492,0000491000,083304,078335,091224,076623,068535,007466
0000000493,0000492000,083445,076374,091269,069958,075450,009651
0000000494,0000493000,083551,075131,090723,058375,080758,016480
0000000495,0000494000,083639,074868,089799,045900,082420,025849
0000000496,0000495000,083700,074563,087621,031353,081515,038108
0000000497,0000496000,083690,075810,085924,017618,077281,051183
0000000498,0000497000,083704,076780,083100,005761,070434,064125
0000000499,0000498000,083601,078933,081036,-03821,061899,075931
0000000500,0000499000,083537,080915,078789,-08741,051755,084654
0000000501,0000500000,083415,083180,077173,-10332,042101,090581
0000000502,0000501000,083271,085376,076280,-06492,032592,091884
0000000503,0000502000,083178,086822,075769,000579,025332,089558
0000000504,0000503000,083034,088352,076572,011669,020206,082965
0000000505,0000504000,082977,088558,077333,024789,018120,073157
0000000506,0000505000,082905,088798,079411,038660,019385,061149
0000000507,0000506000,082908,087814,081313,052775,023398,047601
0000000508,0000507000,082921,086540,083687,064167,030576,034688
0000000509,0000508000,082992,084818,086098,073632,039225,022684
0000000510,0000509000,083089,082495,087962,078467,049502,013722
0000000511,0000510000,083186,080612,089850,079488,059595,007880
0000000512,0000511000,083341,078292,090562,075910,069018,006231
0000000513,0000512000,083435,076846,091110,068116,076766,008832
0000000514,0000513000,083565,075474,090466,057379,081770,015165
0000000515,0000514000,083641,075013,089469,043832,084115,025251
0000000516,0000515000,083683,075076,087823,030091,082757,037296
0000000517,0000516000,083708,075684,085656,016093,078649,050955
0000000518,0000517000,083664,077187,083581,004552,071454,064182
0000000519,0000518000,083616,078663,081060,-04392,062371,076163
0000000520,0000519000,083506,080959,079289,-09462,052105,085527
0000000521,0000520000,083407,082902,077485,-09899,041508,091250
0000000522,0000521000,083267,085002,076596,-06451,032007,093170
0000000523,0000522000,083154,086648,076290,001675,023945,090469
0000000524,0000523000,083049,087745,076595,012489,018805,084087
0000000525,0000524000,082956,088476,077787,025940,016455,073993
0000000526,0000525000,082929,088239,079219,039928,017658,061644
0000000527,0000526000,082900,087764,081403,053472,022054,047992
0000000528,0000527000,082945,086353,083424,065220,029190,034376
0000000529,0000528000,083002,084780,085770,073652,038647,022385
0000000530,0000529000,083098,082738,087701,078678,049056,012727
0000000531,0000530000,083216,080650,089238,078814,059945,006911
0000000532,0000531000,083334,078803,090350,075061,069721,004955
0000000533,0000532000,083463,077008,090518,066927,077889,007506
0000000534,0000533000,083556,076033,090319,055725,083337,014065
0000000535,0000534000,083648,075282,089169,042493,085584,024083
0000000536,0000535000,083679,075405,087757,028253,084535,036714
0000000537,0000536000,083694,075992,085776,014993,079945,050414
0000000538,0000537000,083661,077169,083634,003295,072681,064283
0000000539,0000538000,083588,078840,081554,-04951,062997,076481
0000000540,0000539000,083505,080655,079501,-09611,052247,086233
0000000541,0000540000,083377,082805,078078,-09707,041167,092305
0000000542,0000541000,083265,084560,076955,-05478,030963,094209
0000000543,0000542000,083139,086276,076729,002617,022698,091796
0000000544,0000543000,083041,087356,076964,014134,016966,085078
0000000545,0000544000,082964,087966,077923,027320,014681,075023
0000000546,0000545000,082922,088008,079432,041555,015725,062215
0000000547,0000546000,082923,087349,081186,054776,020364,048274
0000000548,0000547000,082948,086335,083355,066158,027868,034288
0000000549,0000548000,083027,084660,085332,074355,037677,021770
0000000550,0000549000,083112,082917,087313,078550,048822,011937
0000000551,0000550000,083234,080909,088759,078547,060083,005628
0000000552,0000551000,083353,079088,089788,073946,070624,003698
0000000553,0000552000,083467,077540,090158,065686,079106,006041
0000000554,0000553000,083572,076369,089824,054068,084983,012771
0000000555,0000554000,083637,075836,089034,040723,087405,022977
0000000556,0000555000,083683,075703,087553,026666,086283,035832
0000000557,0000556000,083677,076339,085877,013403,081641,050045
0000000558,0000557000,083647,077319,083835,002361,073857,064154
0000000559,0000558000,083573,078828,081870,-05694,063862,076936
0000000560,0000559000,083479,080601,080026,-09541,052383,086916
0000000561,0000560000,083366,082437,078506,-09240,040786,093376
0000000562,0000561000,083241,084274,077591,-04424,029973,095431
0000000563,0000562000,083134,085727,077131,004167,021173,093038
0000000564,0000563000,083030,086915,077431,015804,015172,086343
0000000565,0000564000,082967,087455,078187,029344,012567,075955
0000000566,0000565000,082929,087562,079534,043260,013753,062992
0000000567,0000566000,082931,087070,081186,056459,018445,048545
0000000568,0000567000,082971,086064,083064,067277,026410,034234
0000000569,0000568000,083039,084704,085035,075023,036681,021248
0000000570,0000569000,083140,082970,086742,078637,048413,011025
0000000571,0000570000,083249,081241,088254,077924,060375,004477
0000000572,0000571000,083372,079460,089174,072930,071426,002252
0000000573,0000572000,083480,078033,089610,064016,080542,004654
0000000574,0000573000,083576,076931,089405,052303,086682,011341
0000000575,0000574000,083642,076303,088663,038685,089401,021830
0000000576,0000575000,083670,076240,087467,024811,088231,034933
0000000577,0000576000,083670,076632,085845,011818,083406,049534
0000000578,0000577000,083624,077587,084112,001159,075291,064099
0000000579,0000578000,083555,078848,082224,-06192,064707,077234
0000000580,0000579000,083455,080484,080552,-09552,052702,087698
0000000581,0000580000,083343,082160,079130,-08431,040354,094368
0000000582,0000581000,083226,083805,078178,-03159,029001,096704
0000000583,0000582000,083116,085251,077767,006005,019606,094330
0000000584,0000583000,083028,086279,077872,017910,013232,087595
0000000585,0000584000,082963,086930,078589,031527,010435,077037
0000000586,0000585000,082939,087017,079669,045415,011556,063733
0000000587,0000586000,082944,086680,081175,058171,016508,048988
0000000588,0000587000,082991,085817,082845,068638,024770,034176
0000000589,0000588000,083064,084608,084594,075626,035644,020840
0000000590,0000589000,083162,083129,086226,078640,047949,010176
0000000591,0000590000,083276,081492,087562,077180,060613,003340
0000000592,0000591000,083388,079956,088535,071548,072313,000912
0000000593,0000592000,083497,078564,088933,062194,081947,003205
0000000594,0000593000,083581,077562,088881,050080,088550,009996
0000000595,0000594000,083641,076920,088267,036482,091429,020593
0000000596,0000595000,083663,076783,087245,022639,090342,034046
0000000597,0000596000,083651,077100,085885,010096,085279,048956
0000000598,0000597000,083605,077831,084302,-00075,076823,063959
0000000599,0000598000,083527,078978,082683,-06731,065700,077508
0000000600,0000599000,083431,080337,081108,-09308,053038,088340
0000000601,0000600000,083316,081867,079843,-07508,040050,095361
0000000602,0000601000,083206,083324,078899,-01481,027991,097860
0000000603,0000602000,083102,084641,078453,008104,018085,095634
0000000604,0000603000,083019,085631,078491,020401,011247,088814
0000000605,0000604000,082967,086234,078996,034036,008250,078131
0000000606,0000605000,082946,086439,079932,047772,009328,064554
0000000607,0000606000,082964,086160,081157,060136,014452,049458
0000000608,0000607000,083012,085516,082636,069957,023116,034279
0000000609,0000608000,083093,084485,084137,076272,034480,020501
0000000610,0000609000,083191,083228,085602,078400,047472,009506
0000000611,0000610000,083302,081821,086837,076219,060783,002313
0000000612,0000611000,083413,080438,087724,069831,073177,-00300
0000000613,0000612000,083511,079225,088203,059974,083366,001876
0000000614,0000613000,083591,078247,088205,047551,090399,008685
0000000615,0000614000,083637,077661,087797,033871,093539,019436
0000000616,0000615000,083653,077434,086960,020291,092458,033101
0000000617,0000616000,083632,077636,085858,008143,087262,048365
0000000618,0000617000,083579,078200,084531,-01305,078406,063699
0000000619,0000618000,083498,079107,083124,-07207,066784,077665
0000000620,0000619000,083398,080261,081783,-08885,053468,088841
0000000621,0000620000,083289,081522,080609,-06251,039804,096172
0000000622,0000621000,083180,082818,079758,000496,027091,098902
0000000623,0000622000,083086,083951,079259,010662,016587,096771
0000000624,0000623000,083012,084870,079208,023213,009346,089979
0000000625,0000624000,082969,085461,079537,036926,006067,079158
0000000626,0000625000,082959,085707,080234,050357,007123,065403
0000000627,0000626000,082984,085580,081226,062238,012391,050002
0000000628,0000627000,083042,085094,082399,071316,021418,034496
0000000629,0000628000,083123,084325,083678,076752,033298,020369
0000000630,0000629000,083225,083293,084905,077973,046902,009017
0000000631,0000630000,083332,082155,086004,074860,060911,001549
0000000632,0000631000,083438,080988,086818,067746,073936,-01307
0000000633,0000632000,083529,079931,087313,057289,084724,000765
0000000634,0000633000,083597,079072,087438,044606,092178,007530
0000000635,0000634000,083635,078486,087183,030914,095585,018370
0000000636,0000635000,083638,078228,086616,017643,094560,032204
0000000637,0000636000,083609,078274,085767,006091,089210,047700
0000000638,0000637000,083548,078663,084744,-02581,080033,063344
0000000639,0000638000,083464,079316,083608,-07503,067897,077608
0000000640,0000639000,083362,080193,082501,-08218,053997,089116
0000000641,0000640000,083256,081200,081504,-04608,039661,096708
0000000642,0000641000,083154,082237,080715,002920,026315,099670
0000000643,0000642000,083067,083204,080227,013659,015244,097675
0000000644,0000643000,083005,083991,080046,026492,007566,090930
0000000645,0000644000,082973,084568,080202,040139,004035,080085
0000000646,0000645000,082975,084854,080641,053229,005008,066196
0000000647,0000646000,083010,084863,081339,064424,010424,050623
0000000648,0000647000,083075,084591,082205,072645,019749,034864
0000000649,0000648000,083162,084065,083172,077034,032107,020480
0000000650,0000649000,083263,083340,084161,077196,046284,008849
0000000651,0000650000,083368,082476,085052,073084,060921,001126
0000000652,0000651000,083466,081585,085787,065125,074570,-01933
0000000653,0000652000,083548,080722,086280,054117,085896,-00025
0000000654,0000653000,083604,079997,086512,041156,093789,006670
0000000655,0000654000,083629,079457,086455,027580,097445,017490
0000000656,0000655000,083621,079138,086146,014727,096510,031395
0000000657,0000656000,083580,079063,085622,003925,091047,047007
0000000658,0000657000,083512,079225,084917,-03778,081585,062825
0000000659,0000658000,083422,079616,084120,-07594,069021,077301
0000000660,0000659000,083321,080175,083283,-07152,054579,089022
0000000661,0000660000,083218,080876,082496,-02505,039666,096846
0000000662,0000661000,083124,081628,081822,005901,025726,099998
0000000663,0000662000,083048,082361,081332,017194,014146,098178
0000000664,0000663000,082998,083014,081056,030261,006055,091544
0000000665,0000664000,082980,083525,080999,043753,002265,080768
0000000666,0000665000,082994,083866,081173,056324,003152,066889
0000000667,0000666000,083041,084005,081528,066698,008648,051268
0000000668,0000667000,083114,083960,082044,073833,018228,035428
0000000669,0000668000,083206,083719,082664,077032,030961,020906
0000000670,0000669000,083307,083319,083342,075958,045631,009123
0000000671,0000670000,083408,082801,084009,070745,060794,001217
0000000672,0000671000,083498,082206,084607,061896,074979,-02021
0000000673,0000672000,083568,081602,085095,050321,086787,-00291
0000000674,0000673000,083611,081036,085417,037183,095059,006244
0000000675,0000674000,083621,080566,085573,023814,098972,016943
0000000676,0000675000,083599,080207,085555,011579,098131,030748
0000000677,0000676000,083547,079993,085377,001698,092617,046316
0000000678,0000677000,083469,079930,085057,-04816,082946,062120
0000000679,0000678000,083375,080010,084628,-07333,070061,076635
0000000680,0000679000,083274,080231,084130,-05588,055206,088435
0000000681,0000680000,083176,080566,083590,000229,039828,096381
0000000682,0000681000,083090,080988,083072,009532,025427,099697
0000000683,0000682000,083027,081445,082607,021386,013417,098056
0000000684,0000683000,082992,081913,082232,034576,004985,091631
0000000685,0000684000,082990,082345,081970,047778,000954,081052
0000000686,0000685000,083019,082710,081835,059635,001737,067366
0000000687,0000686000,083078,082996,081826,068959,007256,051908
0000000688,0000687000,083160,083181,081932,074800,016983,036196
0000000689,0000688000,083256,083261,082158,076580,029973,021755
0000000690,0000689000,083357,083226,082472,074127,044967,009984
0000000691,0000690000,083453,083092,082859,067687,060505,002031
0000000692,0000691000,083532,082858,083290,057925,075066,-01339
0000000693,0000692000,083589,082550,083730,045818,087233,000201
0000000694,0000693000,083615,082198,084147,032610,095798,006487
0000000695,0000694000,083609,081819,084513,019635,099924,016899
0000000696,0000695000,083571,081443,084814,008221,099200,030402
0000000697,0000696000,083506,081090,085020,-00473,093695,045669
0000000698,0000697000,083419,080784,085130,-05571,083944,061210
0000000699,0000698000,083321,080534,085130,-06555,070894,075506
0000000700,0000699000,083221,080368,085014,-03343,055820,087175
0000000701,0000700000,083129,080299,084786,003744,040182,095088
0000000702,0000701000,083055,080328,084459,013974,025511,098487
0000000703,0000702000,083006,080466,084056,026313,013242,097045
0000000704,0000703000,082989,080699,083596,039503,004577,090920
0000000705,0000704000,083004,081014,083123,052195,000370,080727
0000000706,0000705000,083050,081390,082661,063099,001032,067473
0000000707,0000706000,083123,081811,082243,071093,006501,052473
0000000708,0000707000,083214,082247,081903,075376,016232,037195
0000000709,0000708000,083315,082664,081671,075510,029279,023129
0000000710,0000709000,083414,083040,081572,071497,044365,011632
0000000711,0000710000,083502,083331,081623,063749,060020,003815
0000000712,0000711000,083569,083512,081837,053059,074720,000420
0000000713,0000712000,083609,083558,082197,040520,087028,001759
0000000714,0000713000,083617,083462,082685,027406,095740,007690
0000000715,0000714000,083592,083219,083268,015067,099998,017608
0000000716,0000715000,083537,082845,083899,004760,099394,030525
0000000717,0000716000,083457,082364,084531,-02452,093987,045158
0000000718,0000717000,083361,081801,085112,-05838,084319,060069
0000000719,0000718000,083259,081202,085594,-05058,071345,073801
0000000720,0000719000,083161,080614,085919,-00200,056332,085029
0000000721,0000720000,083077,080092,086054,008228,040747,092684
0000000722,0000721000,083017,079684,085973,019366,026106,096037
0000000723,0000722000,082987,079441,085665,032070,013839,094789
0000000724,0000723000,082989,079392,085150,045046,005138,089084
0000000725,0000724000,083024,079547,084465,056957,000857,079504
0000000726,0000725000,083089,079909,083664,066579,001409,067011
0000000727,0000726000,083176,080454,082807,072922,006725,052853
0000000728,0000727000,083277,081142,081975,075334,016268,038431
0000000729,0000728000,083381,081922,081238,073579,029090,025148
0000000730,0000729000,083477,082732,080669,067844,043927,014288
0000000731,0000730000,083554,083496,080334,058730,059328,006879
0000000732,0000731000,083607,084136,080277,047172,073799,003612
0000000733,0000732000,083627,084590,080517,034355,085931,004773
0000000734,0000733000,083614,084802,081047,021596,094543,010220
0000000735,0000734000,083568,084739,081833,010207,098799,019390
0000000736,0000735000,083494,084399,082806,001369,098293,031350
0000000737,0000736000,083399,083801,083886,-04005,093094,044905
0000000738,0000737000,083294,082986,084981,-05360,083736,058704
0000000739,0000738000,083189,082020,085985,-02567,071163,071398
0000000740,0000739000,083096,080988,086804,004077,056618,081768
0000000741,0000740000,083024,079977,087352,013878,041525,088839
0000000742,0000741000,082980,079090,087564,025825,027352,091961
0000000743,0000742000,082971,078417,087399,038690,015470,090872
0000000744,0000743000,082995,078033,086861,051148,007032,085717
0000000745,0000744000,083053,077986,085986,061912,002852,077034
0000000746,0000745000,083137,078296,084842,069861,003325,065714
0000000747,0000746000,083239,078945,083532,074167,008374,052903
0000000748,0000747000,083348,079881,082176,074384,017471,039881
0000000749,0000748000,083453,081029,080897,070499,029689,027923
0000000750,0000749000,083543,082291,079816,062926,043807,018177
0000000751,0000750000,083608,083550,079048,052456,058439,011551
0000000752,0000751000,083642,084687,078674,040173,072166,008636
0000000753,0000752000,083641,085590,078746,027342,083663,009670
0000000754,0000753000,083604,086158,079281,015289,091819,014501
0000000755,0000754000,083535,086321,080241,005266,095855,022613
0000000756,0000755000,083441,086054,081547,-01677,095399,033165
0000000757,0000756000,083332,085365,083082,-04809,090529,045078
0000000758,0000757000,083218,084311,084706,-03806,081772,057155
0000000759,0000758000,083114,082983,086263,001220,070032,068205
0000000760,0000759000,083028,081498,087606,009733,056492,077175
0000000761,0000760000,082970,079988,088605,020843,042485,083239
0000000762,0000761000,082947,078596,089152,033397,029372,085867
0000000763,0000762000,082961,077461,089177,046099,018413,084866
0000000764,0000763000,083010,076701,088659,057632,010657,080390
0000000765,0000764000,083091,076408,087629,066789,006842,072933
0000000766,0000765000,083195,076625,086167,072606,007306,063279
0000000767,0000766000,083311,077345,084412,074463,011960,052428
0000000768,0000767000,083427,078507,082529,072169,020289,041480
0000000769,0000768000,083531,080008,080694,065968,031417,031515
0000000770,0000769000,083611,081713,079085,056524,044211,023483
0000000771,0000770000,083660,083465,077857,044826,057404,018110
0000000772,0000771000,083672,085108,077131,032087,069716,015849
0000000773,0000772000,083646,086479,076994,019630,079965,016849
0000000774,0000773000,083584,087433,077485,008750,087180,020940
0000000775,0000774000,083491,087864,078574,000592,090687,027655
0000000776,0000775000,083378,087710,080173,-03974,090184,036273
0000000777,0000776000,083256,086970,082137,-04456,085775,045889
0000000778,0000777000,083137,085711,084273,-00805,077967,055516
0000000779,0000778000,083036,084051,086375,006589,067594,064200
0000000780,0000779000,082962,082139,088244,016937,055726,071122
0000000781,0000780000,082922,080150,089703,029155,043546,075665
0000000782,0000781000,082922,078266,090610,041971,032239,077465
0000000783,0000782000,082961,076666,090863,054054,022884,076433
0000000784,0000783000,083036,075515,090415,064140,016360,072752
0000000785,0000784000,083140,074941,089285,071159,013262,066861
0000000786,0000785000,083263,075024,087563,074354,013842,059414
0000000787,0000786000,083390,075769,085411,073374,017972,051209
0000000788,0000787000,083509,077109,083040,068322,025164,043098
0000000789,0000788000,083607,078915,080682,059739,034631,035887
0000000790,0000789000,083674,081016,078566,048540,045382,030252
0000000791,0000790000,083703,083222,076885,035900,056336,026679
0000000792,0000791000,083691,085335,075797,023133,066424,025434
0000000793,0000792000,083639,087153,075423,011574,074686,026541
0000000794,0000793000,083551,088492,075820,002435,080358,029793
0000000795,0000794000,083436,089211,076971,-03303,082937,034779
0000000796,0000795000,083305,089209,078790,-05012,082235,040924
0000000797,0000796000,083174,088472,081108,-02496,078408,047549
0000000798,0000797000,083055,087071,083688,003981,071927,053952
0000000799,0000798000,082962,085145,086274,013724,063519,059496
0000000800,0000799000,082904,082877,088620,025696,054076,063669
0000000801,0000800000,082886,080476,090511,038639,044564,066127
0000000802,0000801000,082911,078159,091770,051207,035913,066718
0000000803,0000802000,082977,076141,092266,062084,028945,065493
0000000804,0000803000,083077,074622,091935,070118,024291,062681
0000000805,0000804000,083202,073764,090781,074440,022346,058666
0000000806,0000805000,083339,073679,088891,074564,023217,053942
0000000807,0000806000,083473,074391,086444,070462,026718,049055
0000000808,0000807000,083590,075830,083688,062565,032400,044536
0000000809,0000808000,083676,077851,080903,051723,039603,040839
0000000810,0000809000,083725,080252,078357,039091,047545,038292
0000000811,0000810000,083730,082816,076278,025991,055406,037081
0000000812,0000811000,083692,085311,074858,013789,062404,037237
0000000813,0000812000,083614,087501,074243,003767,067879,038630
0000000814,0000813000,083502,089179,074503,-03005,071349,040997
0000000815,0000814000,083368,090170,075637,-05784,072546,043986
0000000816,0000815000,083226,090344,077564,-04244,071449,047191
0000000817,0000816000,083092,089671,080102,001466,068288,050206
0000000818,0000817000,082979,088222,082990,010744,063486,052687
0000000819,0000818000,082900,086139,085932,022593,057621,054378
0000000820,0000819000,082862,083643,088640,035744,051355,055155
0000000821,0000820000,082869,080957,090881,048834,045341,054996
0000000822,0000821000,082921,078319,092442,060488,040196,054004
0000000823,0000822000,083012,075991,093169,069480,036401,052396
0000000824,0000823000,083134,074180,092984,074840,034269,050467
0000000825,0000824000,083275,073073,091894,075967,033933,048539
0000000826,0000825000,083419,072810,089963,072715,035308,046923
0000000827,0000826000,083553,073427,087382,065406,038125,045884
0000000828,0000827000,083659,074859,084419,054829,041981,045559
0000000829,0000828000,083729,076960,081364,042104,046393,045995
0000000830,0000829000,083755,079516,078539,028601,050832,047108
0000000831,0000830000,083735,082272,076175,015719,054820,048734
0000000832,0000831000,083670,085006,074500,004798,057941,050637
0000000833,0000832000,083568,087436,073669,-02981,059889,052501
0000000834,0000833000,083437,089345,073772,-06798,060543,054013
0000000835,0000834000,083291,090545,074810,-06186,059919,054863
0000000836,0000835000,083146,090892,076699,-01205,058213,054848
0000000837,0000836000,083017,090349,079273,007651,055735,053857
0000000838,0000837000,082917,088957,082257,019421,052865,051948
0000000839,0000838000,082859,086882,085357,032846,050002,049307
0000000840,0000839000,082845,084329,088247,046513,047503,046222
0000000841,0000840000,082879,081540,090691,058977,045678,043059
0000000842,0000841000,082956,078769,092455,068963,044728,040186
0000000843,0000842000,083069,076283,093361,075370,044754,038022
0000000844,0000843000,083206,074317,093347,077517,045692,036911
0000000845,0000844000,083355,073045,092384,075126,047358,037120
0000000846,0000845000,083499,072628,090567,068425,049449,038772
0000000847,0000846000,083621,073091,088058,058128,051592,041805
0000000848,0000847000,083711,074399,085119,045315,053457,045967
0000000849,0000848000,083757,076415,082042,031387,054724,050838
0000000850,0000849000,083757,078913,079137,017782,055196,055928
0000000851,0000850000,083710,081670,076676,005947,054768,060669
0000000852,0000851000,083621,084418,074862,-02899,053450,064535
0000000853,0000852000,083500,086912,073891,-07786,051358,067036
0000000854,0000853000,083357,088891,073830,-08169,048744,067780
0000000855,0000854000,083209,090193,074700,-03985,045982,066545
0000000856,0000855000,083070,090678,076406,004368,043466,063295
0000000857,0000856000,082957,090298,078790,015979,041626,058265
0000000858,0000857000,082879,089096,081624,029634,040770,051892
0000000859,0000858000,082847,087192,084604,043849,041111,044814
0000000860,0000859000,082861,084805,087448,057146,042694,037747
0000000861,0000860000,082920,082144,089879,068129,045414,031435
0000000862,0000861000,083019,079475,091693,075642,049049,026565
0000000863,0000862000,083147,077043,092705,078877,053253,023707
0000000864,0000863000,083292,075092,092835,077446,057573,023288
0000000865,0000864000,083437,073793,092078,071488,061471,025491
0000000866,0000865000,083569,073264,090513,061597,064436,030249
0000000867,0000866000,083671,073556,088302,048845,066001,037186
0000000868,0000867000,083734,074626,085651,034582,065877,045662
0000000869,0000868000,083752,076373,082834,020329,063957,054852
0000000870,0000869000,083723,078598,080129,007594,060342,063818
0000000871,0000870000,083652,081089,077789,-02310,055349,071643
0000000872,0000871000,083543,083619,076025,-08321,049414,077493
0000000873,0000872000,083412,085926,074999,-09790,043106,080714
0000000874,0000873000,083267,087794,074813,-06531,037091,080858
0000000875,0000874000,083128,089054,075448,001138,032055,077768
0000000876,0000875000,083007,089608,076832,012410,028627,071629
0000000877,0000876000,082919,089403,078826,026090,027298,062941
0000000878,0000877000,082872,088476,081231,040707,028350,052522
0000000879,0000878000,082869,086935,083802,054717,031782,041389
0000000880,0000879000,082912,084930,086296,066640,037338,030667
0000000881,0000880000,082995,082660,088482,075238,044528,021435
0000000882,0000881000,083110,080350,090142,079594,052687,014658
0000000883,0000882000,083245,078230,091137,079227,061020,011086
0000000884,0000883000,083385,076495,091382,074159,068675,011169
0000000885,0000884000,083516,075313,090874,064895,074817,015027
0000000886,0000885000,083622,074767,089691,052430,078706,022392
0000000887,0000886000,083695,074883,087967,038082,079826,032624
0000000888,0000887000,083725,075646,085872,023392,077930,044753
0000000889,0000888000,083711,076960,083606,009914,073097,057599
0000000890,0000889000,083654,078692,081398,-00937,065728,069881
0000000891,0000890000,083561,080667,079447,-08023,056493,080356
0000000892,0000891000,083441,082698,077936,-10595,046265,087955
0000000893,0000892000,083307,084571,077007,-08358,036035,091860
0000000894,0000893000,083174,086105,076731,-01540,026849,091601
0000000895,0000894000,083055,087176,077103,009158,019681,087098
0000000896,0000895000,082964,087699,078052,022589,015347,078711
0000000897,0000896000,082910,087650,079477,037319,014397,067193
0000000898,0000897000,082898,087060,081213,051780,017046,053635
0000000899,0000898000,082930,086007,083097,064433,023129,039368
0000000900,0000899000,083000,084590,084955,073958,032116,025799
0000000901,0000900000,083101,082957,086610,079348,043184,014287
0000000902,0000901000,083297,077795,087273,081339,050194,005765
0000000903,0000902000,083633,066114,088704,077898,050194,003911
0000000904,0000903000,083422,066152,091919,067917,050194,003427
0000000905,0000904000,083825,075910,087318,058059,050194,008257
0000000906,0000905000,083590,077774,087016,045086,050194,022474
0000000907,0000906000,085785,072509,089997,034851,050194,034177
0000000908,0000907000,098995,078406,085679,034851,050194,045247
0000000909,0000908000,095735,083832,067049,034851,050194,048893
0000000910,0000909000,084533,090974,062486,034851,050194,048893
0000000911,0000910000,085658,096427,081845,034851,050194,048893
0000000912,0000911000,077632,081278,077024,034851,050194,048893
0000000913,0000912000,084822,093062,077219,034851,050194,048893
0000000914,0000913000,076224,099998,076003,034851,050194,048893
0000000915,0000914000,064127,090066,082508,034851,050194,048893
0000000916,0000915000,075620,087158,098080,034851,050194,048893
0000000917,0000916000,074448,078590,087219,034851,050194,048893
0000000918,0000917000,075400,086113,088658,034851,050194,048893
0000000919,0000918000,073660,083631,098267,034851,050194,048893
0000000920,0000919000,073856,067057,096735,034851,050194,048893
0000000921,0000920000,090654,071133,095692,034851,050194,048893
0000000922,0000921000,087972,072299,083853,034851,050194,048893
0000000923,0000922000,085520,073426,087446,034851,050194,048893
0000000924,0000923000,092537,071076,093125,034851,050194,048893
0000000925,0000924000,094900,066586,078279,034851,050194,048893
0000000926,0000925000,099998,081315,073022,034851,050194,048893
0000000927,0000926000,090743,084377,072281,034851,050194,048893
0000000928,0000927000,087155,080261,076596,034851,050194,048893
0000000929,0000928000,094039,085287,076967,034851,050194,048893
0000000930,0000929000,086687,090058,065479,034851,050194,048893
0000000931,0000930000,080375,098869,072368,034851,050194,048893
0000000932,0000931000,075013,093107,081813,034851,050194,048893
0000000933,0000932000,075007,085860,082161,034851,050194,048893
0000000934,0000933000,078423,093365,083105,034851,050194,048893
0000000935,0000934000,068684,092320,083536,034851,050194,048893
0000000936,0000935000,068276,086231,094878,034851,050194,048893
0000000937,0000936000,075459,077677,098439,034851,050194,048893
0000000938,0000937000,077996,074657,090542,034851,050194,048893
0000000939,0000938000,080148,080093,092896,034851,050194,048893
0000000940,0000939000,078400,072435,095664,034851,050194,048893
0000000941,0000940000,086629,065818,095257,034851,050194,048893
0000000942,0000941000,095305,069532,087477,034851,050194,048893
0000000943,0000942000,092031,073485,078577,034851,050194,048893
0000000944,0000943000,092204,076240,083007,034851,050194,048893
0000000945,0000944000,094139,072451,081444,034851,050194,048893
0000000946,0000945000,096865,077084,072656,034851,050194,048893
0000000947,0000946000,094569,089011,068714,034851,050194,048893
0000000948,0000947000,085275,089370,070649,034851,050194,048893
0000000949,0000948000,084767,087942,077333,034851,050194,048893
0000000950,0000949000,084516,089878,074762,034851,050194,048893
0000000951,0000950000,078577,095688,071803,034851,050194,048893
0000000952,0000951000,073248,097792,080710,034851,050194,048893
0000000953,0000952000,069839,088624,088040,034851,050194,048893
0000000954,0000953000,073817,085473,089658,034851,050194,048893
0000000955,0000954000,074208,087525,088172,034851,050194,048893
0000000956,0000955000,070189,084024,091809,034851,050194,048893
0000000957,0000956000,074037,076901,099998,034851,050194,048893
0000000958,0000957000,080360,070354,096826,034851,050194,048893
0000000959,0000958000,085498,072280,090388,034851,050194,048893
0000000960,0000959000,086282,073851,090147,034851,050194,048893
0000000961,0000960000,087042,068340,090976,034851,050194,048893
0000000962,0000961000,094686,067984,087406,034851,050194,048893
0000000963,0000962000,097767,073391,077168,034851,050194,048893
0000000964,0000963000,094522,079289,073865,034851,050194,048893
0000000965,0000964000,092306,080752,077258,034851,050194,048893
0000000966,0000965000,092157,080389,074363,034851,050194,048893
0000000967,0000966000,092343,087732,069254,034851,050194,048893
0000000968,0000967000,085608,094246,069009,034851,050194,048893
0000000969,0000968000,078288,093690,075454,034851,050194,048893
0000000970,0000969000,078092,091490,080532,034851,050194,048893
0000000971,0000970000,076901,091789,078803,034851,050194,048893
0000000972,0000971000,072598,094496,081679,034851,050194,048893
0000000973,0000972000,068528,090739,089928,034851,050194,048893
0000000974,0000973000,070350,082529,094511,034851,050194,048893
0000000975,0000974000,075992,079768,094007,034851,050194,048893
0000000976,0000975000,076317,079203,092495,034851,050194,048893
0000000977,0000976000,076570,075791,096022,034851,050194,048893
0000000978,0000977000,082356,069532,097481,034851,050194,048893
0000000979,0000978000,089215,067068,091227,034851,050194,048893
0000000980,0000979000,092243,071472,085650,034851,050194,048893
0000000981,0000980000,091395,073048,083992,034851,050194,048893
0000000982,0000981000,093750,071497,082892,034851,050194,048893
0000000983,0000982000,097828,074115,077454,034851,050194,048893
0000000984,0000983000,095853,081306,070589,034851,050194,048893
0000000985,0000984000,090881,087306,070797,034851,050194,048893
0000000986,0000985000,087776,087214,073729,034851,050194,048893
0000000987,0000986000,086655,088334,073044,034851,050194,048893
0000000988,0000987000,082987,094419,071897,034851,050194,048893
0000000989,0000988000,075957,096845,075226,034851,050194,048893
0000000990,0000989000,072596,093171,082922,034851,050194,048893
0000000991,0000990000,072945,089018,086917,034851,050194,048893
0000000992,0000991000,072366,088835,086822,034851,050194,048893
0000000993,0000992000,070670,088047,090435,034851,050194,048893
0000000994,0000993000,071171,080717,096385,034851,050194,048893
0000000995,0000994000,076168,074278,098054,034851,050194,048893
0000000996,0000995000,081111,073540,094300,034851,050194,048893
0000000997,0000996000,083131,073175,091770,034851,050194,048893
0000000998,0000997000,086119,069800,093060,034851,050194,048893
0000000999,0000998000,091073,066905,090498,034851,050194,048893
0000001000,0000999000,095495,070205,082670,034851,050194,048893
0000001001,0001000000,095929,075644,077400,034851,050194,048893
0000001002,0001001000,094033,077090,077050,034851,050194,048893
0000001003,0001002000,094311,078597,075893,034851,050194,048893
0000001004,0001003000,093834,084219,070585,034851,050194,048893
0000001005,0001004000,089584,090461,068258,034851,050194,048893
0000001006,0001005000,083630,092728,072576,034851,050194,048893
0000001007,0001006000,079794,091926,076578,034851,050194,048893
0000001008,0001007000,078430,093275,076945,034851,050194,048893
0000001009,0001008000,074836,095198,078693,034851,050194,048893
0000001010,0001009000,069897,092672,085743,034851,050194,048893
0000001011,0001010000,069619,087466,091758,034851,050194,048893
0000001012,0001011000,072596,083418,092412,034851,050194,048893
0000001013,0001012000,074343,081359,092837,034851,050194,048893
0000001014,0001013000,074753,077778,096234,034851,050194,048893
0000001015,0001014000,078234,072190,097924,034851,050194,048893
0000001016,0001015000,085414,069017,094339,034851,050194,048893
0000001017,0001016000,089528,069718,089270,034851,050194,048893
0000001018,0001017000,090376,070847,087258,034851,050194,048893
0000001019,0001018000,092894,070505,085361,034851,050194,048893
0000001020,0001019000,096886,071822,079684,034851,050194,048893
0000001021,0001020000,097488,077191,074020,034851,050194,048893
0000001022,0001021000,093588,082985,072019,034851,050194,048893
0000001023,0001022000,090431,085489,072529,034851,050194,048893
0000001024,0001023000,089462,087449,071831,034851,050194,048893
0000001025,0001024000,085909,091880,070649,034851,050194,048893
0000001026,0001025000,079213,095999,073411,034851,050194,048893
0000001027,0001026000,075077,094905,078672,034851,050194,048893
0000001028,0001027000,073953,091654,082830,034851,050194,048893
0000001029,0001028000,072503,090819,085399,034851,050194,048893
0000001030,0001029000,069885,089884,088722,034851,050194,048893
0000001031,0001030000,069964,084791,093809,034851,050194,048893
0000001032,0001031000,073885,077763,097022,034851,050194,048893
0000001033,0001032000,077502,075155,095807,034851,050194,048893
0000001034,0001033000,080025,074398,094247,034851,050194,048893
0000001035,0001034000,083750,070697,094113,034851,050194,048893
0000001036,0001035000,088971,067082,092469,034851,050194,048893
0000001037,0001036000,093125,068511,087033,034851,050194,048893
0000001038,0001037000,094839,072807,080839,034851,050194,048893
0000001039,0001038000,095259,074803,078574,034851,050194,048893
0000001040,0001039000,095753,075993,076844,034851,050194,048893
0000001041,0001040000,095010,081195,072320,034851,050194,048893
0000001042,0001041000,091858,087838,068948,034851,050194,048893
0000001043,0001042000,087414,090493,070605,034851,050194,048893
0000001044,0001043000,083206,091365,074037,034851,050194,048893
0000001045,0001044000,079805,093709,075088,034851,050194,048893
0000001046,0001045000,076285,095786,076457,034851,050194,048893
0000001047,0001046000,072232,094069,082339,034851,050194,048893
0000001048,0001047000,069872,089687,088970,034851,050194,048893
0000001049,0001048000,070859,086927,090793,034851,050194,048893
0000001050,0001049000,072355,084359,091917,034851,050194,048893
0000001051,0001050000,073425,079272,095808,034851,050194,048893
0000001052,0001051000,076062,074251,098328,034851,050194,048893
0000001053,0001052000,081452,071317,095780,034851,050194,048893
0000001054,0001053000,086870,070092,091599,034851,050194,048893
0000001055,0001054000,089211,069326,090093,034851,050194,048893
0000001056,0001055000,091597,068929,088001,034851,050194,048893
0000001057,0001056000,095840,071018,081740,034851,050194,048893
0000001058,0001057000,097600,074811,076185,034851,050194,048893
0000001059,0001058000,095356,078932,074252,034851,050194,048893
0000001060,0001059000,092553,082979,073098,034851,050194,048893
0000001061,0001060000,091345,086524,070671,034851,050194,048893
0000001062,0001061000,088602,090444,069535,034851,050194,048893
0000001063,0001062000,081943,094165,072478,034851,050194,048893
0000001064,0001063000,077265,094873,076433,034851,050194,048893
0000001065,0001064000,075730,093636,079242,034851,050194,048893
0000001066,0001065000,073145,092651,082764,034851,050194,048893
0000001067,0001066000,069497,091217,087859,034851,050194,048893
0000001068,0001067000,069163,087280,092137,034851,050194,048893
0000001069,0001068000,072648,081147,094770,034851,050194,048893
0000001070,0001069000,075617,077142,095849,034851,050194,048893
0000001071,0001070000,077076,075326,096168,034851,050194,048893
0000001072,0001071000,081008,071867,095695,034851,050194,048893
0000001073,0001072000,087691,067729,093171,034851,050194,048893
0000001074,0001073000,091440,067794,089315,034851,050194,048893
0000001075,0001074000,092931,070973,084705,034851,050194,048893
0000001076,0001075000,095019,073071,080475,034851,050194,048893
0000001077,0001076000,097033,074157,077387,034851,050194,048893
0000001078,0001077000,096339,078538,073715,034851,050194,048893
0000001079,0001078000,092519,086020,070032,034851,050194,048893
0000001080,0001079000,089743,088624,070208,034851,050194,048893
0000001081,0001080000,086804,089671,072123,034851,050194,048893
0000001082,0001081000,081445,093459,073627,034851,050194,048893
0000001083,0001082000,077076,096475,075068,034851,050194,048893
0000001084,0001083000,074085,094931,079553,034851,050194,048893
0000001085,0001084000,071241,090788,086564,034851,050194,048893
0000001086,0001085000,070182,089211,089184,034851,050194,048893
0000001087,0001086000,070597,087262,090694,034851,050194,048893
0000001088,0001087000,072534,080873,095158,034851,050194,048893
0000001089,0001088000,074874,075422,098319,034851,050194,048893
0000001090,0001089000,078462,073515,096602,034851,050194,048893
0000001091,0001090000,084013,071424,093149,034851,050194,048893
0000001092,0001091000,088365,068282,091914,034851,050194,048893
0000001093,0001092000,090951,067465,090139,034851,050194,048893
0000001094,0001093000,094234,070640,083714,034851,050194,048893
0000001095,0001094000,096935,074094,077580,034851,050194,048893
0000001096,0001095000,096591,075889,076103,034851,050194,048893
0000001097,0001096000,094521,079787,074245,034851,050194,048893
0000001098,0001097000,092300,086426,069855,034851,050194,048893
0000001099,0001098000,089991,089822,068743,034851,050194,048893
0000001100,0001099000,084714,091708,072193,034851,050194,048893
0000001101,0001100000,078484,094271,075821,034851,050194,048893
