0000000001,0000000000,091319,087643,075386,092729,089784,074137
0000000002,0000001000,088771,090076,075500,089714,092500,074435
0000000003,0000002000,085920,091932,076498,086414,094495,075741
0000000004,0000003000,083074,092993,078281,083159,095564,077926
0000000005,0000004000,080490,093176,080683,080255,095614,080781
0000000006,0000005000,078418,092469,083461,077994,094635,084020
0000000007,0000006000,077072,090939,086336,076600,092722,087327
0000000008,0000007000,076599,088708,089042,076205,090063,090382
0000000009,0000008000,077007,086030,091311,076846,086919,092885
0000000010,0000009000,078275,083163,092912,078464,083598,094588
0000000011,0000010000,080294,080364,093690,080902,080423,095325
0000000012,0000011000,082855,077916,093577,083915,077708,095027
0000000013,0000012000,085684,076085,092580,087214,075714,093722
0000000014,0000013000,088538,075014,090795,090473,074641,091536
0000000015,0000014000,091135,074819,088394,093375,074592,088682
0000000016,0000015000,093194,075538,085617,095633,075574,085442
0000000017,0000016000,094530,077078,082741,097031,077482,082136
0000000018,0000017000,095029,079285,080035,097425,080143,079081
0000000019,0000018000,094610,081972,077766,096782,083290,076578
0000000020,0000019000,093327,084855,076166,095165,086610,074875
0000000021,0000020000,091325,087636,075386,092731,089781,074137
0000000022,0000021000,088770,090078,075500,089712,092502,074436
0000000023,0000022000,085919,091933,076497,086415,094494,075741
0000000024,0000023000,083074,092993,078281,083158,095565,077927
0000000025,0000024000,080493,093173,080683,080255,095614,080781
0000000026,0000025000,078415,092473,083460,077993,094636,084020
0000000027,0000026000,077075,090937,086336,076600,092723,087327
0000000028,0000027000,076597,088709,089042,076204,090064,090382
0000000029,0000028000,077006,086030,091311,076846,086919,092885
0000000030,0000029000,078275,083163,092911,078464,083598,094588
0000000031,0000030000,080296,080362,093691,080900,080424,095326
0000000032,0000031000,082851,077920,093577,083915,077707,095027
0000000033,0000032000,085686,076082,092580,087213,075714,093722
0000000034,0000033000,088540,075012,090796,090472,074641,091536
0000000035,0000034000,091132,074821,088395,093373,074594,088682
0000000036,0000035000,093193,075538,085617,095634,075573,085443
0000000037,0000036000,094536,077073,082740,097030,077484,082136
0000000038,0000037000,095026,079287,080036,097425,080144,079081
0000000039,0000038000,094606,081976,077766,096782,083290,076578
0000000040,0000039000,093333,084850,076166,095166,086609,074875
0000000041,0000040000,091326,087635,075386,092729,089783,074137
0000000042,0000041000,088765,090083,075500,089712,092501,074436
0000000043,0000042000,085921,091931,076497,086415,094493,075741
0000000044,0000043000,083079,092989,078280,083158,095565,077927
0000000045,0000044000,080488,093178,080683,080254,095615,080781
0000000046,0000045000,078414,092474,083460,077995,094635,084020
0000000047,0000046000,077080,090932,086336,076600,092723,087327
0000000048,0000047000,076595,088711,089042,076203,090065,090381
0000000049,0000048000,077002,086035,091311,076846,086919,092884
0000000050,0000049000,078279,083158,092911,078464,083598,094588
0000000051,0000050000,080296,080362,093691,080899,080426,095325
0000000052,0000051000,082846,077925,093578,083915,077708,095027
0000000053,0000052000,085687,076081,092580,087214,075714,093722
0000000054,0000053000,088543,075009,090796,090471,074642,091536
0000000055,0000054000,091128,074825,088395,093372,074595,088683
0000000056,0000055000,093192,075539,085617,095634,075573,085443
0000000057,0000056000,094539,077069,082741,097029,077484,082137
0000000058,0000057000,095025,079288,080036,097423,080144,079082
0000000059,0000058000,094605,081977,077766,096781,083289,076579
0000000060,0000059000,093336,084847,076166,095165,086608,074876
0000000061,0000060000,091327,087635,075386,092729,089783,074138
0000000062,0000061000,088764,090085,075499,089712,092501,074436
0000000063,0000062000,085923,091929,076496,086416,094492,075742
0000000064,0000063000,083080,092988,078280,083158,095565,077927
0000000065,0000064000,080486,093181,080682,080255,095615,080780
0000000066,0000065000,078415,092474,083459,077995,094635,084020
0000000067,0000066000,077081,090931,086336,076600,092723,087326
0000000068,0000067000,076592,088714,089041,076204,090065,090381
0000000069,0000068000,077002,086036,091310,076847,086919,092884
0000000070,0000069000,078280,083157,092911,078464,083599,094587
0000000071,0000070000,080293,080364,093691,080898,080427,095325
0000000072,0000071000,082845,077926,093578,083914,077709,095026
0000000073,0000072000,085689,076078,092581,087213,075716,093722
0000000074,0000073000,088541,075010,090798,090469,074644,091536
0000000075,0000074000,091125,074826,088396,093371,074595,088683
0000000076,0000075000,093195,075535,085618,095632,075573,085444
0000000077,0000076000,094539,077067,082742,097027,077485,082138
0000000078,0000077000,095022,079290,080036,097422,080144,079083
0000000079,0000078000,094607,081975,077766,096781,083288,076580
0000000080,0000079000,093339,084844,076166,095164,086608,074877
0000000081,0000080000,091325,087637,075386,092728,089782,074139
0000000082,0000081000,088765,090085,075498,089713,092499,074437
0000000083,0000082000,085927,091926,076495,086416,094491,075742
0000000084,0000083000,083079,092990,078279,083158,095564,077927
0000000085,0000084000,080485,093184,080680,080256,095613,080780
0000000086,0000085000,078418,092472,083458,077997,094634,084019
0000000087,0000086000,077081,090933,086335,076601,092724,087325
0000000088,0000087000,076589,088718,089041,076205,090065,090379
0000000089,0000088000,077003,086036,091310,076848,086920,092882
0000000090,0000089000,078280,083157,092911,078464,083601,094585
0000000091,0000090000,080289,080368,093692,080898,080429,095323
0000000092,0000091000,082844,077926,093579,083914,077710,095025
0000000093,0000092000,085690,076076,092582,087211,075718,093721
0000000094,0000093000,088538,075011,090799,090467,074646,091536
0000000095,0000094000,091124,074826,088398,093369,074596,088684
0000000096,0000095000,093197,075532,085620,095630,075574,085445
0000000097,0000096000,094539,077066,082743,097025,077485,082140
0000000098,0000097000,095022,079290,080037,097421,080144,079085
0000000099,0000098000,094610,081971,077767,096780,083287,076583
0000000100,0000099000,093341,084842,076166,095163,086607,074880
0000000101,0000100000,091325,087638,075385,092728,089780,074141
0000000102,0000101000,088768,090083,075497,089714,092496,074439
0000000103,0000102000,085930,091925,076493,086417,094489,075743
0000000104,0000103000,083079,092993,078277,083160,095562,077927
0000000105,0000104000,080486,093185,080678,080259,095611,080780
0000000106,0000105000,078420,092472,083456,077999,094633,084018
0000000107,0000106000,077079,090936,086333,076603,092724,087323
0000000108,0000107000,076588,088721,089039,076207,090065,090377
0000000109,0000108000,077003,086036,091309,076849,086921,092879
0000000110,0000109000,078277,083159,092912,078464,083603,094582
0000000111,0000110000,080285,080370,093693,080898,080431,095321
0000000112,0000111000,082843,077925,093580,083913,077713,095023
0000000113,0000112000,085688,076076,092585,087209,075721,093720
0000000114,0000113000,088534,075012,090802,090465,074649,091536
0000000115,0000114000,091124,074824,088400,093367,074598,088684
0000000116,0000115000,093198,075528,085622,095627,075576,085447
0000000117,0000116000,094537,077066,082745,097021,077486,082142
0000000118,0000117000,095023,079287,080038,097418,080143,079088
0000000119,0000118000,094614,081967,077768,096778,083286,076586
0000000120,0000119000,093342,084841,076166,095162,086605,074883
0000000121,0000120000,091327,087637,075384,092729,089776,074144
0000000122,0000121000,088772,090080,075495,089715,092493,074441
0000000123,0000122000,085932,091925,076491,086419,094486,075744
0000000124,0000123000,083079,092995,078274,083163,095559,077927
0000000125,0000124000,080489,093185,080675,080263,095608,080779
0000000126,0000125000,078421,092474,083453,078002,094632,084016
0000000127,0000126000,077076,090941,086331,076607,092723,087320
0000000128,0000127000,076587,088724,089037,076210,090066,090373
0000000129,0000128000,077002,086038,091309,076851,086923,092876
0000000130,0000129000,078273,083164,092912,078465,083606,094579
0000000131,0000130000,080282,080373,093694,080898,080434,095317
0000000132,0000131000,082841,077925,093583,083912,077717,095021
0000000133,0000132000,085684,076077,092588,087206,075725,093718
0000000134,0000133000,088531,075012,090805,090461,074652,091536
0000000135,0000134000,091124,074820,088404,093363,074601,088685
0000000136,0000135000,093197,075526,085626,095622,075578,085449
0000000137,0000136000,094537,077064,082748,097017,077487,082145
0000000138,0000137000,095026,079282,080040,097415,080142,079093
0000000139,0000138000,094617,081962,077769,096775,083284,076590
0000000140,0000139000,093344,084839,076165,095161,086602,074887
0000000141,0000140000,091331,087634,075382,092729,089772,074148
0000000142,0000141000,088777,090078,075493,089716,092489,074444
0000000143,0000142000,085934,091926,076488,086422,094481,075746
0000000144,0000143000,083082,092997,078270,083167,095554,077928
0000000145,0000144000,080492,093186,080671,080267,095605,080778
0000000146,0000145000,078421,092478,083450,078007,094629,084013
0000000147,0000146000,077075,090946,086327,076611,092722,087316
0000000148,0000147000,076586,088727,089035,076215,090066,090369
0000000149,0000148000,076998,086042,091308,076854,086925,092870
0000000150,0000149000,078267,083169,092912,078466,083610,094574
0000000151,0000150000,080278,080375,093696,080898,080439,095313
0000000152,0000151000,082837,077925,093586,083910,077723,095017
0000000153,0000152000,085678,076078,092592,087203,075731,093716
0000000154,0000153000,088528,075010,090809,090457,074657,091535
0000000155,0000154000,091123,074816,088408,093357,074606,088687
0000000156,0000155000,093195,075523,085630,095616,075581,085452
0000000157,0000156000,094537,077059,082752,097012,077488,082150
0000000158,0000157000,095030,079276,080043,097410,080142,079098
0000000159,0000158000,094621,081958,077770,096771,083282,076596
0000000160,0000159000,093348,084836,076165,095159,086597,074893
0000000161,0000160000,091338,087630,075380,092729,089767,074153
0000000162,0000161000,088783,090076,075489,089718,092483,074448
0000000163,0000162000,085938,091927,076483,086426,094475,075749
0000000164,0000163000,083086,092998,078264,083173,095549,077928
0000000165,0000164000,080495,093188,080666,080273,095601,080776
0000000166,0000165000,078420,092484,083445,078013,094626,084010
0000000167,0000166000,077074,090951,086323,076618,092721,087311
0000000168,0000167000,076584,088731,089032,076220,090067,090363
0000000169,0000168000,076993,086048,091307,076857,086929,092864
0000000170,0000169000,078262,083174,092913,078468,083614,094567
0000000171,0000170000,080274,080377,093698,080898,080445,095307
0000000172,0000171000,082831,077928,093590,083907,077730,095013
0000000173,0000172000,085672,076079,092597,087198,075738,093714
0000000174,0000173000,088525,075008,090815,090451,074663,091535
0000000175,0000174000,091121,074813,088415,093350,074611,088688
0000000176,0000175000,093194,075519,085636,095609,075585,085456
0000000177,0000176000,094539,077053,082756,097005,077489,082155
0000000178,0000177000,095034,079269,080046,097404,080141,079105
0000000179,0000178000,094624,081953,077771,096767,083279,076604
0000000180,0000179000,093354,084831,076164,095157,086592,074900
0000000181,0000180000,091345,087625,075377,092729,089760,074160
0000000182,0000181000,088788,090074,075485,089721,092475,074453
0000000183,0000182000,085943,091928,076477,086430,094467,075752
0000000184,0000183000,083092,092999,078258,083179,095541,077929
0000000185,0000184000,080497,093192,080659,080280,095595,080774
0000000186,0000185000,078420,092490,083438,078022,094623,084006
0000000187,0000186000,077073,090957,086318,076625,092719,087305
0000000188,0000187000,076581,088738,089029,076226,090069,090355
0000000189,0000188000,076987,086056,091305,076862,086932,092855
0000000190,0000189000,078256,083179,092913,078471,083620,094559
0000000191,0000190000,080267,080381,093701,080897,080452,095300
0000000192,0000191000,082823,077931,093595,083904,077738,095007
0000000193,0000192000,085666,076079,092603,087193,075746,093710
0000000194,0000193000,088521,075005,090823,090444,074671,091534
0000000195,0000194000,091117,074809,088422,093341,074618,088691
0000000196,0000195000,093192,075513,085643,095600,075589,085461
0000000197,0000196000,094542,077045,082762,096997,077490,082162
0000000198,0000197000,095037,079261,080050,097397,080140,079113
0000000199,0000198000,094629,081946,077773,096762,083275,076613
0000000200,0000199000,093361,084824,076163,095155,086586,074909
0000000201,0000200000,091353,087620,075374,092729,089752,074168
0000000202,0000201000,088796,090073,075480,089724,092466,074460
0000000203,0000202000,085951,091928,076470,086436,094458,075755
0000000204,0000203000,083098,093001,078250,083187,095533,077930
0000000205,0000204000,080500,093198,080650,080290,095588,080772
0000000206,0000205000,078421,092497,083430,078031,094618,084000
0000000207,0000206000,077072,090965,086311,076635,092717,087297
0000000208,0000207000,076576,088747,089024,076234,090070,090346
0000000209,0000208000,076980,086065,091303,076868,086937,092845
0000000210,0000209000,078248,083186,092914,078474,083627,094549
0000000211,0000210000,080258,080386,093705,080897,080462,095291
0000000212,0000211000,082814,077934,093601,083901,077748,095001
0000000213,0000212000,085658,076079,092611,087187,075756,093706
0000000214,0000213000,088515,075001,090832,090435,074681,091534
0000000215,0000214000,091112,074804,088432,093331,074625,088693
0000000216,0000215000,093191,075506,085651,095589,075594,085466
0000000217,0000216000,094544,077035,082769,096987,077492,082171
0000000218,0000217000,095041,079252,080055,097388,080138,079124
0000000219,0000218000,094636,081937,077775,096756,083270,076624
0000000220,0000219000,093371,084815,076162,095151,086578,074920
0000000221,0000220000,091363,087614,075370,092730,089742,074178
0000000222,0000221000,088805,090070,075473,089728,092455,074467
0000000223,0000222000,085960,091927,076461,086444,094446,075760
0000000224,0000223000,083105,093004,078240,083197,095522,077930
0000000225,0000224000,080504,093204,080640,080301,095580,080769
0000000226,0000225000,078422,092505,083421,078043,094612,083994
0000000227,0000226000,077070,090974,086303,076646,092715,087288
0000000228,0000227000,076571,088758,089019,076243,090072,090334
0000000229,0000228000,076973,086075,091301,076874,086942,092833
0000000230,0000229000,078239,083194,092915,078477,083635,094537
0000000231,0000230000,080247,080393,093709,080896,080473,095281
0000000232,0000231000,082803,077938,093608,083896,077761,094993
0000000233,0000232000,085649,076078,092620,087179,075769,093702
0000000234,0000233000,088507,074998,090843,090424,074692,091533
0000000235,0000234000,091107,074798,088443,093319,074634,088696
0000000236,0000235000,093191,075496,085661,095577,075600,085473
0000000237,0000236000,094547,077024,082778,096974,077495,082181
0000000238,0000237000,095047,079241,080061,097378,080136,079136
0000000239,0000238000,094645,081926,077777,096748,083264,076637
0000000240,0000239000,093382,084805,076161,095148,086569,074933
0000000241,0000240000,091374,087608,075366,092730,089730,074189
0000000242,0000241000,088816,090066,075465,089733,092441,074475
0000000243,0000242000,085971,091926,076451,086452,094433,075765
0000000244,0000243000,083113,093008,078228,083208,095510,077931
0000000245,0000244000,080509,093212,080628,080314,095570,080766
0000000246,0000245000,078424,092515,083410,078057,094606,083987
0000000247,0000246000,077068,090986,086294,076659,092713,087277
0000000248,0000247000,076564,088771,089013,076254,090074,090321
0000000249,0000248000,076964,086086,091298,076882,086948,092819
0000000250,0000249000,078228,083204,092917,078481,083646,094523
0000000251,0000250000,080234,080401,093714,080896,080486,095268
0000000252,0000251000,082790,077942,093616,083891,077775,094983
0000000253,0000252000,085639,076078,092632,087170,075783,093696
0000000254,0000253000,088498,074995,090856,090412,074706,091532
0000000255,0000254000,091102,074791,088456,093304,074645,088700
0000000256,0000255000,093190,075485,085674,095562,075607,085481
0000000257,0000256000,094549,077011,082788,096960,077497,082192
0000000258,0000257000,095053,079228,080068,097366,080134,079150
0000000259,0000258000,094656,081913,077780,096740,083257,076653
0000000260,0000259000,093394,084794,076160,095143,086558,074948
0000000261,0000260000,091388,087600,075360,092731,089716,074202
0000000262,0000261000,088830,090062,075456,089738,092426,074486
0000000263,0000262000,085983,091926,076439,086462,094417,075770
0000000264,0000263000,083122,093012,078214,083221,095496,077932
0000000265,0000264000,080515,093220,080614,080330,095558,080762
0000000266,0000265000,078426,092526,083396,078073,094598,083978
0000000267,0000266000,077065,091000,086284,076674,092710,087265
0000000268,0000267000,076557,088786,089005,076267,090076,090306
0000000269,0000268000,076953,086100,091295,076891,086955,092803
0000000270,0000269000,078214,083216,092918,078485,083657,094507
0000000271,0000270000,080219,080410,093720,080895,080500,095254
0000000272,0000271000,082776,077947,093626,083885,077792,094973
0000000273,0000272000,085626,076078,092645,087159,075800,093690
0000000274,0000273000,088487,074990,090870,090397,074721,091531
0000000275,0000274000,091095,074782,088471,093288,074657,088704
0000000276,0000275000,093188,075472,085688,095544,075615,085491
0000000277,0000276000,094552,076997,082800,096944,077500,082206
0000000278,0000277000,095060,079212,080076,097352,080131,079166
0000000279,0000278000,094667,081897,077784,096730,083249,076670
0000000280,0000279000,093409,084781,076158,095139,086545,074966
0000000281,0000280000,091403,087591,075354,092732,089700,074217
0000000282,0000281000,088846,090056,075446,089744,092408,074497
0000000283,0000282000,085997,091926,076425,086473,094399,075777
0000000284,0000283000,083133,093017,078198,083237,095480,077933
0000000285,0000284000,080522,093229,080598,080348,095545,080757
0000000286,0000285000,078428,092539,083381,078092,094590,083968
0000000287,0000286000,077061,091016,086271,076692,092707,087250
0000000288,0000287000,076549,088802,088996,076282,090079,090288
0000000289,0000288000,076941,086116,091291,076902,086964,092784
0000000290,0000289000,078198,083230,092920,078490,083671,094489
0000000291,0000290000,080202,080420,093726,080894,080517,095238
0000000292,0000291000,082759,077952,093637,083879,077811,094960
0000000293,0000292000,085610,076079,092659,087147,075819,093683
0000000294,0000293000,088475,074986,090887,090381,074738,091530
0000000295,0000294000,091088,074771,088488,093269,074671,088709
0000000296,0000295000,093186,075458,085704,095524,075624,085501
0000000297,0000296000,094555,076981,082813,096925,077503,082221
0000000298,0000297000,095069,079194,080085,097337,080128,079185
0000000299,0000298000,094680,081880,077788,096719,083240,076690
0000000300,0000299000,093425,084767,076157,095133,086531,074985
0000000301,0000300000,091422,087580,075347,092733,089682,074234
0000000302,0000301000,088865,090050,075434,089752,092388,074510
0000000303,0000302000,086013,091926,076409,086486,094379,075784
0000000304,0000303000,083145,093023,078180,083254,095461,077934
0000000305,0000304000,080530,093239,080579,080368,095530,080752
0000000306,0000305000,078430,092554,083364,078113,094580,083957
0000000307,0000306000,077057,091034,086257,076711,092704,087234
0000000308,0000307000,076540,088821,088986,076298,090082,090269
0000000309,0000308000,076927,086134,091287,076913,086974,092762
0000000310,0000309000,078181,083246,092921,078496,083686,094468
0000000311,0000310000,080183,080432,093734,080893,080537,095220
0000000312,0000311000,082740,077958,093650,083871,077832,094947
0000000313,0000312000,085593,076079,092676,087133,075841,093675
0000000314,0000313000,088462,074980,090907,090363,074758,091529
0000000315,0000314000,091080,074760,088508,093248,074687,088715
0000000316,0000315000,093183,075443,085722,095502,075634,085513
0000000317,0000316000,094559,076962,082828,096904,077507,082239
0000000318,0000317000,095079,079173,080096,097319,080125,079206
0000000319,0000318000,094695,081861,077793,096707,083230,076713
0000000320,0000319000,093443,084750,076155,095128,086515,075007
0000000321,0000320000,091442,087567,075339,092734,089662,074253
0000000322,0000321000,088885,090043,075420,089760,092365,074524
0000000323,0000322000,086031,091926,076392,086501,094356,075793
0000000324,0000323000,083160,093029,078160,083274,095440,077936
0000000325,0000324000,080540,093251,080558,080391,095514,080745
0000000326,0000325000,078433,092571,083345,078136,094570,083944
0000000327,0000326000,077053,091054,086240,076734,092700,087216
0000000328,0000327000,076530,088842,088975,076317,090086,090246
0000000329,0000328000,076912,086155,091282,076926,086985,092738
0000000330,0000329000,078161,083264,092923,078502,083703,094445
0000000331,0000330000,080161,080445,093742,080892,080558,095200
0000000332,0000331000,082719,077966,093664,083862,077856,094932
0000000333,0000332000,085573,076080,092695,087118,075865,093667
0000000334,0000333000,088446,074973,090928,090342,074780,091528
0000000335,0000334000,091070,074747,088530,093224,074704,088722
0000000336,0000335000,093180,075425,085743,095477,075645,085527
0000000337,0000336000,094563,076940,082845,096881,077510,082258
0000000338,0000337000,095090,079151,080108,097300,080120,079230
0000000339,0000338000,094711,081839,077798,096693,083218,076738
0000000340,0000339000,093464,084731,076153,095121,086497,075031
0000000341,0000340000,091465,087552,075330,092736,089639,074275
0000000342,0000341000,088908,090035,075405,089769,092340,074540
0000000343,0000342000,086051,091925,076372,086517,094331,075802
0000000344,0000343000,083176,093035,078137,083296,095417,077937
0000000345,0000344000,080550,093264,080534,080416,095495,080738
0000000346,0000345000,078436,092590,083323,078162,094558,083929
0000000347,0000346000,077049,091077,086222,076758,092697,087195
0000000348,0000347000,076519,088866,088962,076337,090091,090221
0000000349,0000348000,076894,086178,091276,076941,086997,092712
0000000350,0000349000,078139,083284,092925,078508,083722,094419
0000000351,0000350000,080137,080460,093751,080890,080582,095177
0000000352,0000351000,082694,077974,093680,083852,077883,094915
0000000353,0000352000,085552,076081,092716,087101,075892,093657
0000000354,0000353000,088429,074966,090952,090319,074804,091527
0000000355,0000354000,091059,074734,088555,093197,074723,088729
0000000356,0000355000,093176,075406,085766,095450,075657,085542
0000000357,0000356000,094567,076916,082865,096855,077514,082280
0000000358,0000357000,095102,079125,080122,097278,080116,079256
0000000359,0000358000,094729,081815,077804,096678,083205,076766
0000000360,0000359000,093487,084710,076151,095114,086477,075059
0000000361,0000360000,091491,087536,075321,092738,089614,074298
0000000362,0000361000,088933,090026,075389,089780,092312,074558
0000000363,0000362000,086074,091924,076350,086535,094303,075812
0000000364,0000363000,083195,093042,078111,083320,095392,077938
0000000365,0000364000,080562,093279,080508,080444,095475,080731
0000000366,0000365000,078440,092610,083298,078191,094545,083913
0000000367,0000366000,077045,091101,086202,076785,092692,087172
0000000368,0000367000,076507,088893,088948,076360,090096,090194
0000000369,0000368000,076875,086204,091269,076956,087011,092683
0000000370,0000369000,078115,083307,092927,078516,083743,094391
0000000371,0000370000,080110,080477,093761,080888,080609,095153
0000000372,0000371000,082667,077984,093697,083841,077912,094897
0000000373,0000372000,085527,076082,092739,087081,075921,093647
0000000374,0000373000,088410,074959,090979,090293,074831,091525
0000000375,0000374000,091046,074719,088583,093168,074744,088737
0000000376,0000375000,093172,075384,085792,095420,075670,085559
0000000377,0000376000,094572,076890,082886,096827,077519,082304
0000000378,0000377000,095114,079097,080137,097255,080110,079284
0000000379,0000378000,094749,081787,077812,096662,083191,076797
0000000380,0000379000,093513,084686,076149,095107,086454,075088
0000000381,0000380000,091519,087518,075310,092740,089586,074324
0000000382,0000381000,088961,090016,075371,089792,092281,074577
0000000383,0000382000,086100,091923,076325,086555,094272,075822
0000000384,0000383000,083215,093050,078083,083347,095364,077939
0000000385,0000384000,080575,093295,080479,080474,095454,080722
0000000386,0000385000,078444,092633,083271,078223,094532,083895
0000000387,0000386000,077040,091129,086179,076814,092688,087147
0000000388,0000387000,076493,088923,088932,076384,090101,090164
0000000389,0000388000,076854,086232,091261,076973,087026,092651
0000000390,0000389000,078089,083331,092928,078523,083766,094360
0000000391,0000390000,080080,080496,093772,080885,080638,095126
0000000392,0000391000,082638,077995,093716,083828,077945,094877
0000000393,0000392000,085501,076083,092764,087060,075953,093636
0000000394,0000393000,088388,074951,091009,090266,074859,091525
0000000395,0000394000,091032,074702,088613,093136,074767,088747
0000000396,0000395000,093167,075360,085820,095387,075685,085578
0000000397,0000396000,094577,076861,082910,096796,077523,082330
0000000398,0000397000,095128,079066,080154,097229,080104,079316
0000000399,0000398000,094771,081758,077820,096644,083175,076830
0000000400,0000399000,093540,084660,076148,095099,086430,075120
0000000401,0000400000,091550,087498,075299,092743,089555,074352
0000000402,0000401000,082269,093790,079145,092189,092069,074422
0000000403,0000402000,086373,089832,074220,090643,092847,074437
0000000404,0000403000,082935,093780,078831,088256,094602,077196
0000000405,0000404000,080588,091658,078888,083787,094375,079627
0000000406,0000405000,083938,091633,082292,080119,094269,083595
0000000407,0000406000,081142,092399,087436,076459,092693,087095
0000000408,0000407000,082281,083959,083940,073053,091011,091000
0000000409,0000408000,080370,086627,091600,069802,088601,094125
0000000410,0000409000,085536,079481,088920,067987,086274,096775
0000000411,0000410000,082166,081152,094276,068135,083615,098052
0000000412,0000411000,087655,077342,092893,068624,081152,098078
0000000413,0000412000,086151,075722,092066,071109,080001,097759
0000000414,0000413000,086883,075896,091554,073962,078094,094948
0000000415,0000414000,091126,074284,087875,078440,078153,092407
0000000416,0000415000,086461,078565,088750,082339,078396,088599
0000000417,0000416000,092291,077430,083288,086727,079455,084582
0000000418,0000417000,088479,083316,084448,090943,081510,081011
0000000419,0000418000,089048,081639,077925,093874,083360,077244
0000000420,0000419000,087722,086783,078572,095844,086188,075037
0000000421,0000420000,087039,088957,077198,096259,088429,073307
0000000422,0000421000,086157,090160,076055,096130,090770,073098
0000000423,0000422000,084045,093871,078808,094076,092274,073747
0000000424,0000423000,084382,090676,076265,091214,093673,076066
0000000425,0000424000,080706,093492,081210,087449,093787,078777
0000000426,0000425000,083949,089970,080964,083444,093292,082318
0000000427,0000426000,080222,090270,085492,079507,092321,086437
0000000428,0000427000,082680,087002,087022,075680,090073,089809
0000000429,0000428000,083156,084480,089280,073255,088206,093543
0000000430,0000429000,081939,082047,091195,071341,085259,095657
0000000431,0000430000,085816,078270,090988,070904,082942,097358
0000000432,0000431000,084571,078920,093968,071663,080651,097648
0000000433,0000432000,088002,075032,090872,073862,078713,096623
0000000434,0000433000,087461,077038,092243,077141,077634,094700
0000000435,0000434000,089243,074975,088172,080785,077142,091643
0000000436,0000435000,088999,077135,087016,085175,077657,088130
0000000437,0000436000,089919,079302,085018,089208,078627,084011
0000000438,0000437000,089726,080452,081576,093148,080701,080414
0000000439,0000438000,088100,084732,081110,095890,082775,076806
0000000440,0000439000,089377,085226,077262,097877,085481,074396
0000000441,0000440000,085431,089326,077931,098464,087963,072801
0000000442,0000441000,086782,089729,076026,097619,090137,072326
0000000443,0000442000,084100,092528,077905,095786,092194,073442
0000000444,0000443000,083438,092198,078241,092689,093062,075160
0000000445,0000444000,083112,091891,079976,089169,093660,078311
0000000446,0000445000,081274,091307,082567,084890,093102,081791
0000000447,0000446000,082511,088305,083703,080938,091936,085749
0000000448,0000447000,081580,088024,088064,077345,090037,089533
0000000449,0000448000,083260,083621,088269,074599,087679,092878
0000000450,0000449000,082895,082572,091478,072933,085118,095490
0000000451,0000450000,085164,079107,091494,072405,082441,096938
0000000452,0000451000,085432,077508,092114,073392,080233,097416
0000000453,0000452000,086941,076683,092096,075327,078163,096353
0000000454,0000453000,088654,075491,090319,078555,077155,094550
0000000455,0000454000,088136,076813,089639,082329,076574,091427
0000000456,0000455000,090354,076578,086179,086550,077019,087841
0000000457,0000456000,088819,079492,085084,090643,078274,083958
0000000458,0000457000,089822,080583,081683,094196,080038,079968
0000000459,0000458000,088813,084087,080558,097143,082547,076693
0000000460,0000459000,087884,086143,078421,098795,085041,073947
0000000461,0000460000,087115,088239,077173,099376,087772,072469
0000000462,0000461000,085394,090790,077460,098468,090075,072008
0000000463,0000462000,084882,090973,076784,096500,092018,072917
0000000464,0000463000,082981,092745,079214,093419,093194,074874
0000000465,0000464000,083215,091334,079768,089650,093639,077851
0000000466,0000465000,081606,091112,082646,085615,093251,081525
0000000467,0000466000,082290,088853,084416,081527,091918,085378
0000000468,0000467000,082110,086782,086829,078060,090139,089389
0000000469,0000468000,082492,084608,089137,075226,087583,092673
0000000470,0000469000,084145,081650,090327,073676,085003,095412
0000000471,0000470000,084168,080039,092078,073248,082272,096951
0000000472,0000471000,086351,077263,091451,074158,079835,097331
0000000473,0000472000,086739,076971,091961,076285,077938,096538
0000000474,0000473000,088323,075716,090126,079366,076600,094460
0000000475,0000474000,088874,076566,089009,083250,076214,091547
0000000476,0000475000,089456,077488,086821,087319,076551,087819
0000000477,0000476000,089676,078837,084282,091434,077854,083899
0000000478,0000477000,089124,081534,082592,094941,079728,079899
0000000479,0000478000,089115,083248,079828,097707,082243,076485
0000000480,0000479000,087490,086489,079023,099332,084944,073779
0000000481,0000480000,087265,088095,077365,099713,087670,072132
0000000482,0000481000,085361,090405,077486,098853,090209,071770
0000000483,0000482000,084553,091280,077564,096676,092106,072522
0000000484,0000483000,083536,091815,078732,093622,093492,074623
0000000485,0000484000,082409,091724,080536,089773,093883,077539
0000000486,0000485000,082468,090321,082167,085722,093508,081272
0000000487,0000486000,081751,089210,084957,081703,092235,085279
0000000488,0000487000,082516,086416,086475,078203,090247,089224
0000000489,0000488000,082653,084649,089060,075555,087758,092752
0000000490,0000489000,083889,081765,090200,073954,084935,095431
0000000491,0000490000,084723,079777,091432,073685,082183,097127
0000000492,0000491000,086009,078028,091758,074620,079585,097508
0000000493,0000492000,087262,076576,091097,076846,077603,096741
0000000494,0000493000,087938,076494,090425,079966,076218,094674
0000000495,0000494000,089248,076352,088362,083813,075759,091696
0000000496,0000495000,089136,077850,086874,087931,076165,087981
0000000497,0000496000,089761,079043,084300,091917,077412,083890
0000000498,0000497000,089168,081448,082451,095437,079483,079933
0000000499,0000498000,088677,083606,080310,098036,081990,076324
0000000500,0000499000,087898,085995,078805,099609,084894,073614
0000000501,0000500000,086597,088373,078022,099851,087732,071884
0000000502,0000501000,085727,089822,077384,098863,090364,071448
0000000503,0000502000,084247,091389,078211,096649,092446,072258
0000000504,0000503000,083578,091384,078810,093473,093819,074278
0000000505,0000504000,082478,091461,080727,089655,094340,077324
0000000506,0000505000,082318,090230,082445,085528,093897,081051
0000000507,0000506000,082061,088710,084669,081596,092636,085191
0000000508,0000507000,082335,086722,086818,078126,090528,089195
0000000509,0000508000,083103,084227,088521,075576,087946,092840
0000000510,0000509000,083670,082127,090277,074089,084995,095612
0000000511,0000510000,085128,079682,090901,073892,082063,097345
0000000512,0000511000,085942,078290,091504,074977,079394,097839
0000000513,0000512000,087340,076865,090828,077224,077217,097007
0000000514,0000513000,088181,076637,089999,080465,075834,095010
0000000515,0000514000,088956,076850,088359,084293,075270,091929
0000000516,0000515000,089440,077784,086430,088424,075709,088174
0000000517,0000516000,089387,079529,084542,092353,077014,084004
0000000518,0000517000,089297,081304,082237,095778,079141,079918
0000000519,0000518000,088440,083844,080684,098306,081819,076254
0000000520,0000519000,087816,085863,078976,099713,084823,073401
0000000521,0000520000,086496,088181,078271,099870,087865,071649
0000000522,0000521000,085517,089749,077882,098716,090596,071118
0000000523,0000522000,084336,090884,078330,096433,092847,071952
0000000524,0000523000,083302,091353,079381,093162,094282,073958
0000000525,0000524000,082743,090928,080747,089312,094858,077062
0000000526,0000525000,082117,090133,082790,085203,094430,080876
0000000527,0000526000,082292,088366,084582,081284,093079,085071
0000000528,0000527000,082401,086622,086786,077929,090928,089238
0000000529,0000528000,083171,084217,088390,075449,088157,092935
0000000530,0000529000,083975,082073,089893,074126,085095,095851
0000000531,0000530000,085074,080005,090723,074037,081968,097638
0000000532,0000531000,086256,078296,090907,075258,079151,098193
0000000533,0000532000,087265,077355,090648,077610,076850,097385
0000000534,0000533000,088370,076797,089481,080910,075352,095354
0000000535,0000534000,088877,077276,088188,084795,074767,092252
0000000536,0000535000,089445,078060,086237,088885,075179,088387
0000000537,0000536000,089327,079705,084410,092791,076575,084156
0000000538,0000537000,089085,081568,082412,096092,078768,079925
0000000539,0000538000,088448,083741,080722,098515,081619,076177
0000000540,0000539000,087481,085977,079430,099767,084775,073206
0000000541,0000540000,086523,087878,078493,099774,087990,071370
0000000542,0000541000,085252,089611,078414,098492,090909,070805
0000000543,0000542000,084299,090489,078665,096068,093271,071586
0000000544,0000543000,083252,091018,079771,092741,094841,073645
0000000545,0000544000,082676,090610,081098,088829,095438,076767
0000000546,0000545000,082261,089709,082895,084752,095033,080683
0000000547,0000546000,082269,088235,084777,080875,093610,084966
0000000548,0000547000,082651,086298,086570,077626,091355,089255
0000000549,0000548000,083216,084276,088316,075281,088440,093071
0000000550,0000549000,084243,082037,089479,074101,085189,096084
0000000551,0000550000,085179,080222,090367,074188,081894,097978
0000000552,0000551000,086417,078564,090465,075537,078876,098564
0000000553,0000552000,087411,077646,090140,078032,076454,097804
0000000554,0000553000,088342,077260,089142,081396,074824,095735
0000000555,0000554000,089001,077560,087757,085328,074200,092597
0000000556,0000555000,089277,078528,086126,089397,074610,088646
0000000557,0000556000,089327,079901,084227,093232,076058,084305
0000000558,0000557000,088877,081832,082555,096430,078380,079973
0000000559,0000558000,088300,083771,080893,098690,081367,076085
0000000560,0000559000,087306,085923,079762,099790,084727,073025
0000000561,0000560000,086306,087741,078973,099606,088117,071081
0000000562,0000561000,085159,089244,078831,098177,091236,070470
0000000563,0000562000,084105,090210,079247,095613,093745,071218
0000000564,0000563000,083275,090504,080127,092200,095431,073296
0000000565,0000564000,082590,090253,081541,088254,096091,076470
0000000566,0000565000,082380,089264,083084,084189,095676,080455
0000000567,0000566000,082351,087937,084889,080401,094207,084860
0000000568,0000567000,082801,086087,086511,077260,091817,089247
0000000569,0000568000,083447,084151,088050,075088,088759,093203
0000000570,0000569000,084377,082151,089166,074079,085302,096315
0000000571,0000570000,085450,080339,089827,074358,081812,098308
0000000572,0000571000,086515,078948,090011,075876,078602,098955
0000000573,0000572000,087590,077988,089537,078504,076010,098216
0000000574,0000573000,088373,077757,088694,081966,074271,096145
0000000575,0000574000,089018,078006,087341,085920,073573,092946
0000000576,0000575000,089222,078949,085843,089974,073997,088929
0000000577,0000576000,089177,080294,084156,093712,075493,084474
0000000578,0000577000,088753,082017,082573,096781,077944,080034
0000000579,0000578000,088036,083931,081191,098860,081090,076017
0000000580,0000579000,087150,085813,080093,099764,084647,072846
0000000581,0000580000,086044,087580,079526,099384,088249,070813
0000000582,0000581000,085014,088877,079373,097767,091559,070128
0000000583,0000582000,083966,089786,079836,095068,094248,070859
0000000584,0000583000,083191,090016,080673,091553,096045,072933
0000000585,0000584000,082624,089711,081949,087585,096781,076161
0000000586,0000585000,082407,088835,083418,083548,096361,080215
0000000587,0000586000,082533,087495,084959,079859,094834,084722
0000000588,0000587000,082946,085865,086494,076870,092325,089225
0000000589,0000588000,083704,083999,087754,074885,089094,093296
0000000590,0000589000,084589,082225,088766,074094,085443,096529
0000000591,0000590000,085682,080548,089280,074578,081730,098607
0000000592,0000591000,086715,079296,089379,076294,078326,099330
0000000593,0000592000,087704,078490,088933,079066,075550,098614
0000000594,0000593000,088481,078257,088078,082626,073690,096545
0000000595,0000594000,088971,078598,086905,086604,072920,093302
0000000596,0000595000,089181,079431,085479,090614,073337,089214
0000000597,0000596000,088998,080750,084048,094244,074898,084668
0000000598,0000597000,088563,082295,082624,097142,077463,080110
0000000599,0000598000,087795,084069,081460,099020,080786,075985
0000000600,0000599000,086882,085775,080551,099689,084538,072696
0000000601,0000600000,085825,087324,080089,099088,088363,070574
0000000602,0000601000,084781,088520,080068,097266,091877,069816
0000000603,0000602000,083852,089242,080482,094413,094745,070514
0000000604,0000603000,083090,089458,081336,090805,096675,072588
0000000605,0000604000,082656,089085,082445,086814,097481,075845
0000000606,0000605000,082484,088282,083782,082835,097073,079968
0000000607,0000606000,082699,087022,085116,079266,095480,084557
0000000608,0000607000,083180,085524,086418,076465,092859,089169
0000000609,0000608000,083945,083870,087488,074702,089453,093346
0000000610,0000609000,084890,082246,088264,074159,085600,096690
0000000611,0000610000,085913,080815,088679,074882,081669,098860
0000000612,0000611000,086954,079691,088635,076809,078053,099650
0000000613,0000612000,087840,079060,088214,079743,075097,098978
0000000614,0000613000,088560,078880,087389,083392,073098,096909
0000000615,0000614000,088957,079254,086338,087389,072257,093645
0000000616,0000615000,089068,080060,085098,091328,072659,089498
0000000617,0000616000,088832,081246,083857,094821,074280,084877
0000000618,0000617000,088299,082680,082706,097515,076960,080221
0000000619,0000618000,087533,084220,081734,099149,080451,075995
0000000620,0000619000,086568,085749,081080,099555,084406,072606
0000000621,0000620000,085563,087053,080750,098697,088446,070390
0000000622,0000621000,084545,088080,080842,096657,092174,069567
0000000623,0000622000,083689,088648,081277,093636,095221,070217
0000000624,0000623000,083027,088760,082067,089943,097291,072280
0000000625,0000624000,082663,088387,083071,085943,098173,075551
0000000626,0000625000,082618,087593,084190,082046,097779,079719
0000000627,0000626000,082883,086472,085331,078636,096134,084373
0000000628,0000627000,083460,085108,086344,076057,093399,089066
0000000629,0000628000,084242,083687,087184,074561,089831,093338
0000000630,0000629000,085210,082279,087720,074298,085777,096771
0000000631,0000630000,086210,081083,087956,075295,081634,099030
0000000632,0000631000,087190,080181,087814,077450,077804,099887
0000000633,0000632000,088018,079687,087347,080553,074668,099265
0000000634,0000633000,088618,079636,086606,084287,072530,097216
0000000635,0000634000,088941,080016,085658,088278,071609,093946
0000000636,0000635000,088925,080802,084643,092122,071994,089771
0000000637,0000636000,088618,081856,083632,095434,073661,085097
0000000638,0000637000,088007,083125,082760,097884,076451,080377
0000000639,0000638000,087198,084442,082063,099228,080096,076070
0000000640,0000639000,086235,085707,081648,099335,084246,072600
0000000641,0000640000,085238,086779,081529,098190,088493,070304
0000000642,0000641000,084299,087557,081716,095910,092426,069413
0000000643,0000642000,083506,087967,082209,092722,095653,070011
0000000644,0000643000,082966,087948,082920,088948,097860,072042
0000000645,0000644000,082698,087554,083794,084968,098826,075305
0000000646,0000645000,082768,086796,084697,081185,098450,079484
0000000647,0000646000,083128,085793,085573,077979,096766,084172
0000000648,0000647000,083769,084629,086302,075669,093929,088911
0000000649,0000648000,084609,083433,086832,074486,090213,093245
0000000650,0000649000,085565,082313,087122,074546,085975,096746
0000000651,0000650000,086554,081374,087127,075843,081632,099074
0000000652,0000651000,087453,080735,086870,078248,077605,099998
0000000653,0000652000,088199,080424,086357,081519,074293,099430
0000000654,0000653000,088684,080502,085678,085326,072021,097424
0000000655,0000654000,088885,080928,084881,089282,071014,094178
0000000656,0000655000,088763,081658,084085,092990,071377,090011
0000000657,0000656000,088343,082598,083368,096074,073078,085326
0000000658,0000657000,087671,083653,082791,098227,075959,080581
0000000659,0000658000,086804,084724,082426,099234,079740,076236
0000000660,0000659000,085850,085683,082287,098995,084059,072715
0000000661,0000660000,084879,086468,082402,097534,088495,070362
0000000662,0000661000,084016,086974,082731,094998,092612,069408
0000000663,0000662000,083327,087166,083266,091643,096006,069947
0000000664,0000663000,082899,087019,083922,087806,098343,071923
0000000665,0000664000,082770,086568,084627,083880,099392,075144
0000000666,0000665000,082950,085866,085305,080258,099045,079290
0000000667,0000666000,083428,084987,085868,077309,097333,083960
0000000668,0000667000,084138,084049,086271,075326,094418,088697
0000000669,0000668000,085027,083123,086460,074509,090579,093042
0000000670,0000669000,085983,082320,086443,074937,086190,096572
0000000671,0000670000,086928,081706,086203,076567,081676,098942
0000000672,0000671000,087754,081351,085784,079234,077480,099923
0000000673,0000672000,088380,081282,085231,082669,074012,099417
0000000674,0000673000,088744,081502,084602,086524,071618,097478
0000000675,0000674000,088799,081990,083981,090407,070530,094297
0000000676,0000675000,088554,082666,083433,093925,070860,090189
0000000677,0000676000,088018,083468,083037,096721,072579,085554
0000000678,0000677000,087265,084292,082816,098514,075523,080845
0000000679,0000678000,086359,085061,082811,099125,079407,076520
0000000680,0000679000,085401,085689,083007,098494,083857,072997
0000000681,0000680000,084485,086123,083377,096686,088439,070620
0000000682,0000681000,083703,086319,083886,093883,092705,069619
0000000683,0000682000,083142,086250,084470,090370,096237,070091
0000000684,0000683000,082850,085945,085069,086503,098686,071987
0000000685,0000684000,082871,085428,085597,082676,099811,075117
0000000686,0000685000,083190,084772,086007,079277,099500,079173
0000000687,0000686000,083783,084049,086233,076652,097781,083753
0000000688,0000687000,084581,083352,086252,075065,094820,088415
0000000689,0000688000,085504,082750,086064,074674,090903,092702
0000000690,0000689000,086460,082303,085687,075519,086410,096201
0000000691,0000690000,087344,082066,085169,077511,081778,098572
0000000692,0000691000,088075,082047,084563,080447,077459,099588
0000000693,0000692000,088567,082254,083948,084031,073878,099151
0000000694,0000693000,088779,082657,083381,087896,071386,097308
0000000695,0000694000,088679,083211,082941,091650,070228,094245
0000000696,0000695000,088282,083843,082682,094909,070519,090265
0000000697,0000696000,087629,084480,082638,097341,072233,085762
0000000698,0000697000,086785,085048,082825,098701,075200,081176
0000000699,0000698000,085845,085472,083223,098851,079134,076953
0000000700,0000699000,084897,085717,083795,097780,083653,073501
0000000701,0000700000,084047,085753,084466,095597,088316,071151
0000000702,0000701000,083375,085581,085174,092525,092669,070131
0000000703,0000702000,082956,085218,085831,088878,096287,070533
0000000704,0000703000,082832,084714,086362,085026,098813,072315
0000000705,0000704000,083016,084122,086706,081363,099998,075296
0000000706,0000705000,083494,083509,086813,078265,099728,079178
0000000707,0000706000,084210,082962,086662,076047,098030,083576
0000000708,0000707000,085098,082539,086254,074935,095069,088060
0000000709,0000708000,086055,082298,085638,075041,091138,092192
0000000710,0000709000,086989,082265,084865,076350,086617,095574
0000000711,0000710000,087801,082449,084026,078727,081948,097883
0000000712,0000711000,088407,082822,083213,081928,077585,098900
0000000713,0000712000,088746,083345,082515,085628,073954,098532
0000000714,0000713000,088779,083965,082013,089448,071412,096821
0000000715,0000714000,088503,084601,081769,092996,070206,093942
0000000716,0000715000,087942,085187,081825,095908,070455,090185
0000000717,0000716000,087159,085644,082179,097885,072132,085923
0000000718,0000717000,086231,085917,082812,098726,075069,081578
0000000719,0000718000,085258,085960,083664,098346,078976,077571
0000000720,0000719000,084342,085769,084646,096787,083473,074289
0000000721,0000720000,083575,085358,085656,094212,088119,072044
0000000722,0000721000,083040,084768,086584,090884,092464,071045
0000000723,0000722000,082788,084070,087328,087144,096085,071380
0000000724,0000723000,082853,083334,087796,083376,098627,073011
0000000725,0000724000,083226,082647,087937,079966,099843,075768
0000000726,0000725000,083872,082086,087717,077266,099615,079372
0000000727,0000726000,084724,081726,087147,075556,097971,083462
0000000728,0000727000,085692,081614,086277,075009,095075,087633
0000000729,0000728000,086675,081773,085187,075681,091219,091477
0000000730,0000729000,087568,082202,083985,077497,086781,094626
0000000731,0000730000,088283,082854,082796,080270,082193,096783
0000000732,0000731000,088740,083665,081752,083714,077900,097750
0000000733,0000732000,088896,084549,080961,087475,074321,097443
0000000734,0000733000,088729,085411,080521,091167,071803,095904
0000000735,0000734000,088255,086150,080489,094409,070590,093292
0000000736,0000735000,087521,086684,080880,096865,070799,089874
0000000737,0000736000,086601,086947,081668,098279,072402,085997
0000000738,0000737000,085596,086891,082784,098507,075234,082046
0000000739,0000738000,084608,086515,084123,097527,079010,078407
0000000740,0000739000,083743,085844,085547,095445,083355,075430
0000000741,0000740000,083089,084942,086916,092476,087844,073391
0000000742,0000741000,082716,083897,088085,088928,092044,072475
0000000743,0000742000,082662,082822,088921,085166,095547,072757
0000000744,0000743000,082937,081831,089331,081577,098015,074197
0000000745,0000744000,083516,081033,089256,078534,099209,076640
0000000746,0000745000,084340,080525,088689,076354,099017,079836
0000000747,0000746000,085326,080369,087674,075264,097467,083458
0000000748,0000747000,086365,080597,086309,075378,094721,087143
0000000749,0000748000,087352,081196,084722,076680,091062,090529
0000000750,0000749000,088180,082120,083069,079032,086854,093294
0000000751,0000750000,088765,083278,081519,082188,082509,095181
0000000752,0000751000,089047,084558,080231,085822,078449,096025
0000000753,0000752000,088992,085831,079345,089558,075065,095761
0000000754,0000753000,088604,086957,078965,093010,072680,094433
0000000755,0000754000,087917,087811,079151,095819,071525,092183
0000000756,0000755000,087004,088294,079894,097688,071706,089248
0000000757,0000756000,085956,088343,081134,098423,073192,085930
0000000758,0000757000,084888,087936,082752,097945,075825,082564
0000000759,0000758000,083911,087107,084590,096308,079330,079481
0000000760,0000759000,083128,085930,086466,093686,083355,076977
0000000761,0000760000,082619,084511,088195,090353,087502,075279
0000000762,0000761000,082438,082991,089603,086655,091371,074530
0000000763,0000762000,082606,081522,090534,082975,094590,074783
0000000764,0000763000,083111,080261,090881,079696,096854,075994
0000000765,0000764000,083905,079347,090589,077159,097947,078024
0000000766,0000765000,084907,078891,089668,075635,097773,080659
0000000767,0000766000,086011,078955,088203,075285,096362,083624
0000000768,0000767000,087101,079541,086337,076146,093871,086617
0000000769,0000768000,088059,080601,084254,078125,090563,089340
0000000770,0000769000,088788,082035,082160,081011,086774,091536
0000000771,0000770000,089211,083710,080260,084502,082882,093007
0000000772,0000771000,089285,085467,078742,088234,079263,093634
0000000773,0000772000,088998,087131,077768,091821,076262,093382
0000000774,0000773000,088374,088524,077456,094888,074161,092298
0000000775,0000774000,087474,089493,077855,097111,073156,090512
0000000776,0000775000,086388,089921,078945,098254,073333,088217
0000000777,0000776000,085234,089746,080628,098191,074657,085657
0000000778,0000777000,084133,088979,082736,096931,076978,083096
0000000779,0000778000,083204,087691,085051,094608,080045,080789
0000000780,0000779000,082541,086006,087350,091469,083542,078954
0000000781,0000780000,082212,084079,089410,087844,087117,077752
0000000782,0000781000,082252,082093,091028,084111,090425,077274
0000000783,0000782000,082661,080246,092035,080657,093151,077538
0000000784,0000783000,083403,078726,092313,077846,095044,078489
0000000785,0000784000,084407,077705,091810,075976,095930,080007
0000000786,0000785000,085568,077310,090555,075250,095741,081922
0000000787,0000786000,086763,077595,088666,075748,094514,084027
0000000788,0000787000,087863,078539,086336,077417,092395,086101
0000000789,0000788000,088751,080049,083803,080079,089616,087935
0000000790,0000789000,089337,081975,081320,083451,086470,089359
0000000791,0000790000,089563,084139,079121,087177,083276,090250
0000000792,0000791000,089404,086339,077416,090871,080345,090551
0000000793,0000792000,088871,088358,076386,094145,077952,090264
0000000794,0000793000,088013,089988,076149,096655,076318,089449
0000000795,0000794000,086913,091053,076751,098130,075582,088219
0000000796,0000795000,085687,091415,078156,098409,075797,086720
0000000797,0000796000,084464,091020,080233,097457,076918,085119
0000000798,0000797000,083378,089906,082763,095375,078807,083587
0000000799,0000798000,082544,088191,085483,092387,081251,082280
0000000800,0000799000,082046,086040,088126,088810,083987,081318
0000000801,0000800000,081931,083657,090443,085019,086734,080778
0000000802,0000801000,082213,081265,092212,081411,089224,080683
0000000803,0000802000,082869,079098,093250,078364,091223,081009
0000000804,0000803000,083837,077372,093444,076202,092551,081685
0000000805,0000804000,085024,076277,092749,075160,093102,082610
0000000806,0000805000,086302,075955,091208,075355,092847,083663
0000000807,0000806000,087537,076453,088969,076772,091840,084719
0000000808,0000807000,088593,077722,086271,079260,090209,085660
0000000809,0000808000,089358,079628,083396,082552,088145,086391
0000000810,0000809000,089758,081977,080629,086297,085875,086847
0000000811,0000810000,089756,084548,078227,090105,083637,086998
0000000812,0000811000,089349,087105,076417,093576,081653,086860
0000000813,0000812000,088573,089393,075387,096344,080107,086482
0000000814,0000813000,087503,091188,075245,098113,079135,085942
0000000815,0000814000,086243,092299,076026,098688,078803,085335
0000000816,0000815000,084930,092577,077681,097999,079113,084753
0000000817,0000816000,083702,091981,080048,096116,080003,084275
0000000818,0000817000,082692,090575,082874,093238,081352,083964
0000000819,0000818000,082010,088505,085863,089674,082996,083850
0000000820,0000819000,081721,085990,088709,085805,084748,083941
0000000821,0000820000,081842,083267,091163,082032,086417,084211
0000000822,0000821000,082377,080578,092984,078753,087838,084605
0000000823,0000822000,083263,078207,093987,076315,088877,085049
0000000824,0000823000,084425,076369,094067,074980,089448,085456
0000000825,0000824000,085739,075265,093210,074901,089530,085742
0000000826,0000825000,087069,075038,091465,076094,089148,085838
0000000827,0000826000,088270,075724,089007,078435,088377,085715
0000000828,0000827000,089212,077245,086106,081675,087329,085369
0000000829,0000828000,089800,079442,083051,085467,086139,084836
0000000830,0000829000,089969,082089,080170,089407,084949,084172
0000000831,0000830000,089724,084919,077710,093086,083898,083456
0000000832,0000831000,089068,087689,075917,096116,083093,082786
0000000833,0000832000,088077,090112,074959,098174,082608,082263
0000000834,0000833000,086842,091954,074942,099036,082475,081983
0000000835,0000834000,085490,093027,075878,098599,082674,082019
0000000836,0000835000,084170,093193,077679,096902,083145,082410
0000000837,0000836000,083015,092436,080182,094123,083798,083143
0000000838,0000837000,082161,090818,083111,090560,084533,084158
0000000839,0000838000,081683,088532,086168,086592,085247,085353
0000000840,0000839000,081637,085811,089027,082641,085838,086607
0000000841,0000840000,082011,082915,091445,079119,086233,087785
0000000842,0000841000,082778,080115,093183,076395,086383,088744
0000000843,0000842000,083865,077689,094059,074764,086277,089358
0000000844,0000843000,085150,075881,094009,074405,085939,089522
0000000845,0000844000,086519,074861,093012,075368,085438,089173
0000000846,0000845000,087806,074767,091177,077556,084865,088301
0000000847,0000846000,088888,075592,088679,080740,084322,086966
0000000848,0000847000,089640,077264,085785,084577,083905,085287
0000000849,0000848000,089991,079601,082789,088658,083684,083431
0000000850,0000849000,089910,082349,080001,092553,083709,081586
0000000851,0000850000,089409,085249,077688,095854,083996,079944
0000000852,0000851000,088540,088019,076050,098215,084528,078689
0000000853,0000852000,087376,090402,075268,099378,085249,077976
0000000854,0000853000,086058,092134,075400,099212,086078,077917
0000000855,0000854000,084702,093066,076445,097725,086900,078563
0000000856,0000855000,083470,093089,078279,095068,087587,079894
0000000857,0000856000,082487,092206,080723,091526,088026,081809
0000000858,0000857000,081855,090505,083527,087475,088130,084128
0000000859,0000858000,081641,088169,086393,083349,087859,086624
0000000860,0000859000,081853,085454,089036,079582,087211,089045
0000000861,0000860000,082475,082612,091199,076566,086233,091143
0000000862,0000861000,083438,079924,092692,074623,085011,092690
0000000863,0000862000,084654,077649,093353,073962,083663,093508
0000000864,0000863000,085984,076032,093132,074664,082334,093477
0000000865,0000864000,087298,075212,092056,076662,081185,092558
0000000866,0000865000,088448,075273,090254,079748,080375,090800
0000000867,0000866000,089311,076204,087911,083593,080029,088347
0000000868,0000867000,089807,077899,085264,087786,080227,085429
0000000869,0000868000,089875,080185,082594,091881,080979,082334
0000000870,0000869000,089528,082809,080163,095447,082237,079371
0000000871,0000870000,088795,085526,078206,098111,083896,076842
0000000872,0000871000,087752,088069,076903,099590,085801,075014
0000000873,0000872000,086508,090175,076387,099722,087768,074090
0000000874,0000873000,085191,091637,076704,098484,089593,074195
0000000875,0000874000,083947,092316,077792,096002,091068,075357
0000000876,0000875000,082905,092163,079532,092536,092007,077497
0000000877,0000876000,082181,091195,081729,088457,092271,080432
0000000878,0000877000,081842,089535,084154,084200,091793,083886
0000000879,0000878000,081922,087357,086559,080217,090584,087521
0000000880,0000879000,082404,084878,088717,076928,088743,090974
0000000881,0000880000,083238,082352,090412,074677,086434,093894
0000000882,0000881000,084341,080029,091475,073703,083874,095980
0000000883,0000882000,085592,078141,091821,074115,081311,097007
0000000884,0000883000,086864,076879,091414,075876,079010,096844
0000000885,0000884000,088013,076369,090318,078803,077220,095478
0000000886,0000885000,088919,076624,088680,082586,076153,093012
0000000887,0000886000,089486,077606,086682,086822,075959,089665
0000000888,0000887000,089656,079205,084527,091056,076695,085753
0000000889,0000888000,089423,081239,082440,094842,078319,081659
0000000890,0000889000,088811,083502,080630,097780,080697,077789
0000000891,0000890000,087889,085771,079255,099562,083608,074532
0000000892,0000891000,086748,087819,078460,099998,086775,072222
0000000893,0000892000,085515,089423,078317,099038,089888,071103
0000000894,0000893000,084317,090436,078823,096779,092632,071305
0000000895,0000894000,083290,090769,079897,093459,094716,072832
0000000896,0000895000,082543,090403,081406,089431,095903,075559
0000000897,0000896000,082151,089407,083173,085126,096042,079233
0000000898,0000897000,082156,087907,084996,081003,095083,083507
0000000899,0000898000,082546,086064,086703,077500,093089,087964
0000000900,0000899000,083280,084062,088125,074984,090238,092162
0000000901,0000900000,084276,082116,089121,073721,086794,095683
0000000902,0000901000,085567,079560,089594,073734,083460,098125
0000000903,0000902000,089891,069321,090142,075015,083880,099843
0000000904,0000903000,087380,069448,093665,077384,086309,098506
0000000905,0000904000,089778,078212,086627,080612,086321,095833
0000000906,0000905000,088983,080435,085034,084741,084758,093609
0000000907,0000906000,090004,076815,088352,088294,084552,088854
0000000908,0000907000,099998,079220,080163,088148,086223,083842
0000000909,0000908000,097212,086919,069972,084813,086507,082768
0000000910,0000909000,087862,095575,069330,085804,086476,086533
0000000911,0000910000,085004,095879,080030,086375,083686,085810
0000000912,0000911000,082132,087011,078092,087125,084898,084009
0000000913,0000912000,084313,094887,076899,086562,087181,084696
0000000914,0000913000,076437,099998,078577,084580,084446,085485
0000000915,0000914000,070328,092889,088078,087187,083591,087165
0000000916,0000915000,077143,086642,097063,087866,084089,084646
0000000917,0000916000,077469,082975,089826,086583,085636,083395
0000000918,0000917000,076635,087768,089922,086730,085700,085970
0000000919,0000918000,076181,082250,097251,086842,082551,085708
0000000920,0000919000,081304,069908,099084,088703,083924,084593
0000000921,0000920000,092002,072004,095490,087707,086238,083140
0000000922,0000921000,090215,076252,086293,085946,085703,083787
0000000923,0000922000,089387,076557,087589,087597,084665,085874
0000000924,0000923000,095411,071502,089439,087888,083921,083896
0000000925,0000924000,099275,070871,079976,087313,086456,082921
0000000926,0000925000,099744,083411,074420,085944,087195,084226
0000000927,0000926000,092677,087740,073909,085626,084727,085101
0000000928,0000927000,091492,084781,076897,087617,084888,085245
0000000929,0000928000,094518,087178,075191,086664,086023,083536
0000000930,0000929000,088023,093751,068993,085226,086623,084495
0000000931,0000930000,081069,099878,074825,085788,085175,086520
0000000932,0000931000,077619,094592,082875,086597,083501,085522
0000000933,0000932000,078614,089948,084346,087296,085410,084631
0000000934,0000933000,078259,094685,084108,085960,085944,084706
0000000935,0000934000,071401,093837,086678,085914,084184,086051
0000000936,0000935000,072197,086223,096066,087817,083371,086280
0000000937,0000936000,078436,078344,098581,087677,084217,083982
0000000938,0000937000,081193,078262,093243,087023,085947,083998
0000000939,0000938000,082010,081280,093462,086787,084823,085254
0000000940,0000939000,083380,073940,095824,087687,083281,085106
0000000941,0000940000,091195,067718,094879,088458,084927,083973
0000000942,0000941000,096685,071438,087318,086885,086310,082961
0000000943,0000942000,094675,077358,080592,086361,085922,084405
0000000944,0000943000,095108,078671,082318,087233,084608,085159
0000000945,0000944000,097796,075747,080573,087356,084976,083755
0000000946,0000945000,098897,081010,073632,086616,087020,083554
0000000947,0000946000,094433,091033,070006,085463,086285,084662
0000000948,0000947000,087694,092428,072647,086097,084688,085720
0000000949,0000948000,087085,090777,077455,086992,085002,085056
0000000950,0000949000,085788,093061,075854,086112,086005,084045
0000000951,0000950000,079907,098464,075133,085661,085920,085423
0000000952,0000951000,074642,098157,082673,086131,084056,086423
0000000953,0000952000,073317,090218,089596,087137,083814,085454
0000000954,0000953000,076176,087491,090953,087211,085346,084483
0000000955,0000954000,075727,089038,090195,086283,085144,084846
0000000956,0000955000,073876,085420,094240,086947,083859,086021
0000000957,0000956000,078030,077351,099998,087968,083622,085156
0000000958,0000957000,084187,072182,097250,087800,084977,083591
0000000959,0000958000,087987,074559,091601,087117,085829,084041
0000000960,0000959000,088920,075583,090499,086910,084601,084889
0000000961,0000960000,091763,071064,090765,087806,084309,084570
0000000962,0000961000,098049,070625,086488,087759,085717,083344
0000000963,0000962000,099520,076502,078069,086449,086449,083480
0000000964,0000963000,096330,082502,075084,086223,085768,084918
0000000965,0000964000,094682,083548,076717,086781,084893,084846
0000000966,0000965000,094958,084169,074554,086891,085741,083955
0000000967,0000966000,093206,090921,070742,085990,086584,084271
0000000968,0000967000,086242,096807,071388,085380,085568,085468
0000000969,0000968000,080658,096041,077165,086403,084538,085885
0000000970,0000969000,080154,093450,081270,086841,084865,084912
0000000971,0000970000,078373,094272,081167,086174,085613,084746
0000000972,0000971000,073993,096097,084482,085989,085002,085847
0000000973,0000972000,071490,091551,091589,086837,083682,085949
0000000974,0000973000,074299,083762,095838,087704,084038,085003
0000000975,0000974000,078425,081077,095292,087212,085133,084343
0000000976,0000975000,078858,080893,094234,086733,084901,084878
0000000977,0000976000,080536,077131,096661,087546,083993,085274
0000000978,0000977000,086755,070879,097067,088116,084180,084230
0000000979,0000978000,092599,069633,091733,087509,085628,083539
0000000980,0000979000,094423,074071,086208,086789,085903,084039
0000000981,0000980000,094541,075703,083930,087017,084919,084579
0000000982,0000981000,097396,074460,082310,087534,085030,084213
0000000983,0000982000,099923,077399,077365,086833,086185,083563
0000000984,0000983000,097125,085070,071849,085930,086550,084146
0000000985,0000984000,092522,090219,071847,086146,085393,085206
0000000986,0000985000,090047,089974,074322,086587,084935,085015
0000000987,0000986000,088225,091576,074298,086326,085898,084510
0000000988,0000987000,083576,097100,073948,085694,086022,084915
0000000989,0000988000,077594,098817,077712,085965,084761,085869
0000000990,0000989000,075108,094607,084759,086740,084114,085888
0000000991,0000990000,075222,090716,088520,086838,084820,084905
0000000992,0000991000,074384,090635,089085,086534,085238,084925
0000000993,0000992000,073240,088873,092443,086758,084233,085672
0000000994,0000993000,075026,081530,097632,087502,083610,085473
0000000995,0000994000,079934,075733,098704,087744,084626,084359
0000000996,0000995000,084106,075283,095121,087314,085288,083986
0000000997,0000996000,086462,074988,092697,087231,084762,084673
0000000998,0000997000,089958,071644,092902,087614,084372,084698
0000000999,0000998000,094809,069569,089878,087659,085228,083698
0000001000,0000999000,098204,073353,082729,087099,086180,083433
0000001001,0001000000,098011,078550,077961,086519,085729,084367
0000001002,0001001000,096666,080261,077264,086710,085193,084738
0000001003,0001002000,096675,082109,075675,086835,085747,084113
0000001004,0001003000,095266,087643,071420,086263,086313,084015
0000001005,0001004000,090549,093516,070169,085775,085855,085063
0000001006,0001005000,085041,095338,074119,085986,085021,085631
0000001007,0001006000,081905,094519,077814,086511,085032,085082
0000001008,0001007000,079945,095580,078881,086340,085499,084857
0000001009,0001008000,075994,096888,081508,085956,085056,085594
0000001010,0001009000,072255,094069,087901,086479,084220,085973
0000001011,0001010000,072788,088566,093102,087262,084148,085246
0000001012,0001011000,075521,084578,094183,087239,084678,084701
0000001013,0001012000,076936,082615,094809,086910,084748,085031
0000001014,0001013000,078178,079040,097203,087239,084199,085183
0000001015,0001014000,082687,073590,097968,087951,084214,084491
0000001016,0001015000,089061,070807,094552,087759,085049,083857
0000001017,0001016000,092306,072063,089940,087052,085500,084067
0000001018,0001017000,093601,073457,087271,087121,085155,084403
0000001019,0001018000,096569,073275,084584,087503,085077,084054
0000001020,0001019000,099646,075023,079601,087115,085802,083730
0000001021,0001020000,098969,080757,074672,086285,086316,084068
0000001022,0001021000,095236,086420,072679,086150,085781,084690
0000001023,0001022000,092726,088536,073040,086580,085270,084820
0000001024,0001023000,091067,090511,072847,086365,085697,084582
0000001025,0001024000,086508,095109,072671,085695,086037,084906
0000001026,0001025000,080565,098385,075429,085947,085222,085505
0000001027,0001026000,077293,096567,080505,086512,084442,085671
0000001028,0001027000,075969,093331,084991,086590,084734,085339
0000001029,0001028000,074141,092575,087696,086396,085127,085128
0000001030,0001029000,072339,091164,090805,086675,084502,085457
0000001031,0001030000,073577,085341,095430,087383,083733,085554
0000001032,0001031000,077358,078932,098096,087487,084361,084788
0000001033,0001032000,080581,076917,096803,087281,085057,084314
0000001034,0001033000,083526,075863,095002,087420,084684,084554
0000001035,0001034000,087842,072127,094365,087695,084307,084631
0000001036,0001035000,092704,069349,092273,087596,085022,084046
0000001037,0001036000,096110,071591,086682,087219,085899,083524
0000001038,0001037000,097516,075833,080963,086917,085688,084043
0000001039,0001038000,097976,077677,078726,086886,085228,084546
0000001040,0001039000,098133,079438,076777,086764,085702,084170
0000001041,0001040000,096619,085116,072593,086335,086392,083932
0000001042,0001041000,093166,091052,070156,086089,085831,084725
0000001043,0001042000,088806,093299,072217,086035,085223,085388
0000001044,0001043000,084671,094172,075518,086158,085349,085151
0000001045,0001044000,081252,096296,076805,086240,085558,084843
0000001046,0001045000,077666,097748,078915,086129,085094,085432
0000001047,0001046000,073933,095411,085037,086240,084336,086074
0000001048,0001047000,072544,091154,090630,086890,084449,085303
0000001049,0001048000,073783,088188,092381,087117,084684,084861
0000001050,0001049000,075203,085150,094001,087011,084416,085212
0000001051,0001050000,076584,080399,097335,087145,084177,085333
0000001052,0001051000,079945,075633,098803,087657,084398,084597
0000001053,0001052000,085575,072767,096000,087872,084801,083968
0000001054,0001053000,090150,071971,092224,087335,085089,084234
0000001055,0001054000,092404,071752,090205,087161,085042,084442
0000001056,0001055000,095298,071840,087177,087487,085250,083912
0000001057,0001056000,098929,073959,081477,087305,085680,083672
0000001058,0001057000,099639,078049,076670,086573,085928,084140
0000001059,0001058000,097138,082672,074528,086263,085883,084510
0000001060,0001059000,094705,086469,073192,086531,085652,084465
0000001061,0001060000,093088,089614,071620,086450,085708,084488
0000001062,0001061000,089267,093588,071493,085809,085864,084983
0000001063,0001062000,082956,097032,074374,085806,085447,085394
0000001064,0001063000,079178,097121,078050,086445,084854,085354
0000001065,0001064000,077436,095418,081497,086481,084823,085346
0000001066,0001065000,074548,094239,085551,086183,084945,085520
0000001067,0001066000,071901,092577,089866,086593,084608,085450
0000001068,0001067000,072619,088039,093697,087275,084029,085345
0000001069,0001068000,075994,081849,096505,087414,084170,085067
0000001070,0001069000,078400,078621,097336,087092,084834,084725
0000001071,0001070000,080630,076823,096881,087386,084663,084597
0000001072,0001071000,085679,072996,095676,087981,084256,084417
0000001073,0001072000,091359,069663,093331,087558,084881,084206
0000001074,0001073000,094218,070734,089391,087115,085650,083888
0000001075,0001074000,096074,074076,084205,087188,085637,083825
0000001076,0001075000,098321,075755,080262,087208,085200,084241
0000001077,0001076000,099518,077298,077533,086796,085642,084213
0000001078,0001077000,097670,082866,073835,086188,086505,083957
0000001079,0001078000,094258,089186,070890,086307,085776,084563
0000001080,0001079000,091609,091142,071585,086345,085219,085093
0000001081,0001080000,087737,092929,073674,085898,085676,085068
0000001082,0001081000,082483,096716,075142,085983,085780,084891
0000001083,0001082000,078629,098663,077095,086278,085041,085330
0000001084,0001083000,075815,096033,082501,086305,084324,086019
0000001085,0001084000,073360,092373,088596,086548,084683,085420
0000001086,0001085000,072717,090817,090790,086841,084909,084898
0000001087,0001086000,073567,087959,092812,087079,084206,085363
0000001088,0001087000,075781,081327,097265,087229,083939,085485
0000001089,0001088000,078402,076732,099242,087381,084606,084661
0000001090,0001089000,082577,075001,096749,087728,084907,084015
0000001091,0001090000,088037,072852,093445,087698,084584,084369
0000001092,0001091000,091685,070389,092260,087244,084832,084568
0000001093,0001092000,094261,070452,089646,087320,085423,083909
0000001094,0001093000,097816,073938,082611,087461,085854,083336
0000001095,0001094000,099666,076838,077842,086851,085440,084361
0000001096,0001095000,098532,079256,076532,086413,085659,084575
0000001097,0001096000,096026,084160,074165,086351,086271,084030
0000001098,0001097000,094140,089630,070590,086539,085778,084327
0000001099,0001098000,091304,092458,070596,086066,085488,085101
0000001100,0001099000,085056,095078,074203,085474,085624,085549
0000001101,0001100000,080391,096983,076951,086480,085299,084874
