0000000001,0000000000,087815,086833,072112,085439,088864,074367
0000000002,0000001000,085267,089267,072226,082423,091580,074665
0000000003,0000002000,082415,091122,073224,079124,093574,075971
0000000004,0000003000,079570,092183,075007,075868,094645,078156
0000000005,0000004000,076987,092366,077408,072965,094693,081010
0000000006,0000005000,074913,091660,080187,070703,093716,084250
0000000007,0000006000,073569,090128,083062,069311,091801,087557
0000000008,0000007000,073093,087900,085768,068914,089143,090612
0000000009,0000008000,073505,085218,088037,069556,085998,093115
0000000010,0000009000,074769,082355,089637,071174,082677,094818
0000000011,0000010000,076792,079553,090416,073611,079503,095555
0000000012,0000011000,079351,077107,090302,076626,076786,095257
0000000013,0000012000,082181,075274,089305,079923,074794,093951
0000000014,0000013000,085034,074205,087521,083184,073719,091766
0000000015,0000014000,087632,074009,085120,086084,073673,088912
0000000016,0000015000,089691,074727,082342,088344,074653,085672
0000000017,0000016000,091026,076269,079466,089741,076563,082365
0000000018,0000017000,091526,078475,076761,090136,079223,079311
0000000019,0000018000,091106,081163,074491,089491,082370,076807
0000000020,0000019000,089824,084045,072891,087875,085690,075104
0000000021,0000020000,087821,086827,072112,085441,088861,074367
0000000022,0000021000,085266,089268,072226,082421,091582,074665
0000000023,0000022000,082415,091123,073223,079124,093574,075971
0000000024,0000023000,079570,092184,075007,075868,094645,078157
0000000025,0000024000,076989,092363,077409,072964,094694,081011
0000000026,0000025000,074911,091663,080186,070703,093716,084250
0000000027,0000026000,073571,090127,083062,069309,091803,087557
0000000028,0000027000,073093,087899,085768,068914,089143,090612
0000000029,0000028000,073502,085221,088037,069555,085999,093115
0000000030,0000029000,074772,082352,089637,071174,082677,094818
0000000031,0000030000,076792,079552,090416,073610,079504,095556
0000000032,0000031000,079348,077110,090303,076625,076787,095257
0000000033,0000032000,082183,075272,089305,079924,074794,093951
0000000034,0000033000,085037,074202,087521,083182,073721,091766
0000000035,0000034000,087628,074012,085120,086083,073673,088912
0000000036,0000035000,089689,074729,082342,088344,074653,085672
0000000037,0000036000,091032,076263,079466,089740,076563,082366
0000000038,0000037000,091522,078478,076761,090134,079224,079311
0000000039,0000038000,091102,081166,074492,089491,082370,076808
0000000040,0000039000,089829,084041,072891,087875,085689,075105
0000000041,0000040000,087823,086826,072112,085439,088863,074367
0000000042,0000041000,085261,089274,072226,082422,091581,074666
0000000043,0000042000,082417,091121,073222,079125,093573,075971
0000000044,0000043000,079575,092179,075006,075867,094645,078157
0000000045,0000044000,076984,092369,077409,072964,094695,081011
0000000046,0000045000,074909,091665,080186,070704,093715,084250
0000000047,0000046000,073576,090122,083062,069310,091803,087556
0000000048,0000047000,073092,087901,085768,068913,089144,090611
0000000049,0000048000,073498,085225,088037,069556,085999,093114
0000000050,0000049000,074775,082348,089637,071174,082678,094817
0000000051,0000050000,076793,079551,090417,073609,079505,095555
0000000052,0000051000,079343,077115,090303,076625,076788,095257
0000000053,0000052000,082184,075271,089306,079924,074794,093951
0000000054,0000053000,085039,074199,087522,083181,073722,091766
0000000055,0000054000,087625,074015,085121,086082,073674,088912
0000000056,0000055000,089689,074729,082342,088343,074653,085673
0000000057,0000056000,091035,076259,079466,089739,076564,082367
0000000058,0000057000,091521,078478,076761,090133,079224,079312
0000000059,0000058000,091101,081168,074492,089491,082369,076809
0000000060,0000059000,089832,084037,072891,087875,085688,075106
0000000061,0000060000,087823,086826,072112,085438,088863,074368
0000000062,0000061000,085260,089276,072225,082422,091581,074666
0000000063,0000062000,082419,091119,073222,079125,093572,075971
0000000064,0000063000,079576,092179,075006,075867,094645,078157
0000000065,0000064000,076982,092371,077408,072964,094694,081010
0000000066,0000065000,074911,091664,080185,070705,093714,084250
0000000067,0000066000,073577,090121,083062,069310,091803,087556
0000000068,0000067000,073088,087904,085767,068913,089145,090611
0000000069,0000068000,073498,085226,088036,069556,085999,093113
0000000070,0000069000,074777,082347,089637,071174,082679,094817
0000000071,0000070000,076789,079554,090417,073608,079507,095554
0000000072,0000071000,079341,077116,090304,076624,076788,095256
0000000073,0000072000,082186,075268,089306,079922,074795,093951
0000000074,0000073000,085037,074200,087523,083179,073724,091766
0000000075,0000074000,087622,074017,085122,086081,073675,088913
0000000076,0000075000,089692,074725,082343,088342,074653,085674
0000000077,0000076000,091036,076257,079467,089737,076565,082368
0000000078,0000077000,091518,078480,076762,090132,079224,079313
0000000079,0000078000,091104,081165,074492,089491,082368,076810
0000000080,0000079000,089835,084034,072891,087874,085688,075107
0000000081,0000080000,087821,086828,072111,085438,088862,074369
0000000082,0000081000,085260,089276,072224,082423,091579,074667
0000000083,0000082000,082423,091116,073221,079126,093571,075972
0000000084,0000083000,079575,092181,075005,075868,094644,078157
0000000085,0000084000,076980,092374,077406,072966,094693,081010
0000000086,0000085000,074914,091662,080184,070707,093714,084249
0000000087,0000086000,073577,090123,083061,069311,091803,087555
0000000088,0000087000,073085,087908,085767,068915,089145,090609
0000000089,0000088000,073499,085225,088036,069557,085999,093112
0000000090,0000089000,074777,082346,089637,071173,082681,094815
0000000091,0000090000,076785,079557,090418,073608,079508,095553
0000000092,0000091000,079340,077116,090305,076624,076790,095255
0000000093,0000092000,082187,075266,089308,079921,074797,093951
0000000094,0000093000,085034,074201,087525,083177,073726,091766
0000000095,0000094000,087620,074017,085123,086079,073676,088913
0000000096,0000095000,089694,074722,082345,088340,074654,085675
0000000097,0000096000,091035,076257,079469,089734,076565,082369
0000000098,0000097000,091518,078480,076762,090130,079224,079315
0000000099,0000098000,091107,081161,074492,089489,082367,076812
0000000100,0000099000,089837,084032,072891,087873,085687,075109
0000000101,0000100000,087821,086829,072111,085438,088860,074371
0000000102,0000101000,085264,089274,072223,082423,091576,074669
0000000103,0000102000,082426,091115,073219,079127,093569,075973
0000000104,0000103000,079574,092183,075003,075870,094642,078157
0000000105,0000104000,076982,092375,077404,072969,094691,081009
0000000106,0000105000,074916,091662,080182,070709,093713,084248
0000000107,0000106000,073575,090126,083059,069313,091803,087553
0000000108,0000107000,073084,087911,085765,068917,089145,090607
0000000109,0000108000,073499,085225,088035,069559,086001,093109
0000000110,0000109000,074774,082349,089638,071174,082683,094812
0000000111,0000110000,076782,079560,090418,073608,079511,095551
0000000112,0000111000,079340,077115,090306,076623,076793,095253
0000000113,0000112000,082184,075266,089310,079919,074801,093950
0000000114,0000113000,085031,074202,087527,083174,073728,091766
0000000115,0000114000,087621,074014,085125,086077,073678,088914
0000000116,0000115000,089694,074719,082347,088336,074656,085676
0000000117,0000116000,091034,076256,079471,089731,076566,082372
0000000118,0000117000,091520,078477,076764,090128,079223,079318
0000000119,0000118000,091111,081157,074493,089487,082366,076816
0000000120,0000119000,089838,084031,072891,087872,085685,075113
0000000121,0000120000,087823,086828,072109,085438,088856,074374
0000000122,0000121000,085269,089271,072221,082425,091573,074671
0000000123,0000122000,082428,091115,073217,079129,093566,075974
0000000124,0000123000,079575,092186,075000,075873,094639,078157
0000000125,0000124000,076985,092375,077401,072972,094688,081009
0000000126,0000125000,074917,091664,080179,070712,093711,084246
0000000127,0000126000,073572,090131,083057,069316,091803,087550
0000000128,0000127000,073083,087914,085763,068920,089145,090603
0000000129,0000128000,073498,085227,088035,069561,086003,093105
0000000130,0000129000,074769,082354,089638,071175,082686,094809
0000000131,0000130000,076778,079563,090420,073608,079514,095547
0000000132,0000131000,079338,077114,090308,076622,076797,095251
0000000133,0000132000,082180,075267,089313,079916,074805,093948
0000000134,0000133000,085028,074202,087530,083171,073732,091766
0000000135,0000134000,087621,074010,085129,086073,073681,088915
0000000136,0000135000,089694,074716,082351,088332,074658,085679
0000000137,0000136000,091033,076254,079473,089727,076567,082375
0000000138,0000137000,091523,078472,076766,090125,079222,079322
0000000139,0000138000,091114,081153,074494,089484,082364,076820
0000000140,0000139000,089840,084030,072891,087870,085682,075117
0000000141,0000140000,087827,086825,072108,085439,088852,074378
0000000142,0000141000,085273,089268,072218,082426,091569,074674
0000000143,0000142000,082430,091117,073214,079131,093561,075976
0000000144,0000143000,079578,092187,074996,075877,094634,078158
0000000145,0000144000,076988,092376,077397,072977,094685,081008
0000000146,0000145000,074916,091668,080176,070717,093709,084243
0000000147,0000146000,073571,090136,083053,069321,091801,087546
0000000148,0000147000,073082,087917,085761,068924,089146,090599
0000000149,0000148000,073495,085232,088034,069563,086005,093100
0000000150,0000149000,074764,082358,089638,071176,082689,094803
0000000151,0000150000,076775,079564,090421,073608,079518,095543
0000000152,0000151000,079334,077115,090311,076620,076802,095247
0000000153,0000152000,082175,075268,089317,079913,074810,093946
0000000154,0000153000,085025,074200,087535,083167,073737,091765
0000000155,0000154000,087620,074007,085134,086067,073685,088916
0000000156,0000155000,089692,074713,082355,088326,074661,085682
0000000157,0000156000,091034,076250,079477,089722,076568,082379
0000000158,0000157000,091526,078466,076768,090120,079222,079328
0000000159,0000158000,091117,081149,074495,089481,082362,076826
0000000160,0000159000,089844,084027,072890,087869,085677,075123
0000000161,0000160000,087834,086821,072106,085439,088847,074383
0000000162,0000161000,085279,089266,072215,082428,091563,074678
0000000163,0000162000,082434,091118,073209,079135,093555,075979
0000000164,0000163000,079582,092188,074990,075882,094628,078158
0000000165,0000164000,076991,092378,077392,072983,094680,081006
0000000166,0000165000,074916,091674,080171,070723,093706,084240
0000000167,0000166000,073570,090141,083049,069327,091800,087541
0000000168,0000167000,073081,087921,085758,068929,089147,090592
0000000169,0000168000,073490,085238,088033,069567,086008,093094
0000000170,0000169000,074758,082364,089639,071178,082694,094797
0000000171,0000170000,076770,079567,090424,073608,079524,095537
0000000172,0000171000,079328,077117,090315,076617,076809,095243
0000000173,0000172000,082169,075269,089322,079908,074817,093943
0000000174,0000173000,085022,074198,087541,083161,073743,091765
0000000175,0000174000,087617,074003,085140,086060,073691,088918
0000000176,0000175000,089690,074709,082361,088319,074665,085685
0000000177,0000176000,091036,076243,079482,089715,076569,082385
0000000178,0000177000,091530,078459,076772,090114,079221,079334
0000000179,0000178000,091120,081143,074497,089477,082359,076833
0000000180,0000179000,089850,084021,072889,087867,085672,075130
0000000181,0000180000,087841,086816,072103,085439,088840,074390
0000000182,0000181000,085284,089265,072211,082430,091555,074683
0000000183,0000182000,082439,091118,073203,079140,093547,075982
0000000184,0000183000,079588,092189,074984,075889,094621,078159
0000000185,0000184000,076993,092382,077385,072990,094675,081004
0000000186,0000185000,074916,091680,080164,070731,093702,084236
0000000187,0000186000,073569,090147,083044,069335,091799,087535
0000000188,0000187000,073077,087928,085755,068936,089148,090585
0000000189,0000188000,073483,085246,088031,069572,086012,093085
0000000190,0000189000,074752,082369,089639,071181,082699,094789
0000000191,0000190000,076764,079570,090427,073607,079532,095530
0000000192,0000191000,079320,077121,090320,076614,076818,095237
0000000193,0000192000,082163,075269,089329,079903,074826,093940
0000000194,0000193000,085017,074195,087548,083154,073751,091764
0000000195,0000194000,087613,073999,085148,086051,073697,088920
0000000196,0000195000,089689,074703,082368,088310,074669,085690
0000000197,0000196000,091038,076235,079487,089707,076570,082392
0000000198,0000197000,091534,078451,076776,090106,079220,079343
0000000199,0000198000,091126,081137,074498,089471,082355,076843
0000000200,0000199000,089858,084014,072888,087864,085665,075139
0000000201,0000200000,087849,086811,072100,085439,088832,074398
0000000202,0000201000,085291,089263,072205,082433,091546,074689
0000000203,0000202000,082447,091118,073196,079146,093538,075985
0000000204,0000203000,079594,092191,074976,075897,094613,078160
0000000205,0000204000,076996,092388,077376,072999,094668,081002
0000000206,0000205000,074917,091687,080156,070741,093697,084230
0000000207,0000206000,073568,090155,083037,069345,091797,087527
0000000208,0000207000,073073,087937,085751,068943,089150,090576
0000000209,0000208000,073477,085254,088029,069577,086016,093075
0000000210,0000209000,074745,082376,089640,071184,082706,094779
0000000211,0000210000,076755,079576,090430,073607,079541,095521
0000000212,0000211000,079310,077124,090326,076610,076828,095230
0000000213,0000212000,082155,075269,089336,079897,074836,093936
0000000214,0000213000,085011,074191,087557,083145,073761,091763
0000000215,0000214000,087609,073994,085157,086041,073705,088923
0000000216,0000215000,089688,074696,082376,088299,074674,085696
0000000217,0000216000,091041,076225,079495,089696,076572,082400
0000000218,0000217000,091538,078442,076781,090098,079218,079353
0000000219,0000218000,091133,081128,074500,089465,082350,076854
0000000220,0000219000,089867,084006,072887,087861,085658,075150
0000000221,0000220000,087859,086805,072096,085439,088822,074407
0000000222,0000221000,085301,089261,072199,082437,091535,074697
0000000223,0000222000,082456,091117,073187,079153,093526,075989
0000000224,0000223000,079601,092194,074966,075906,094602,078160
0000000225,0000224000,077000,092395,077366,073011,094659,080999
0000000226,0000225000,074918,091695,080147,070753,093692,084224
0000000227,0000226000,073567,090164,083030,069356,091795,087518
0000000228,0000227000,073067,087948,085745,068953,089151,090564
0000000229,0000228000,073469,085265,088027,069584,086021,093063
0000000230,0000229000,074735,082384,089641,071187,082715,094767
0000000231,0000230000,076743,079583,090435,073606,079552,095511
0000000232,0000231000,079299,077128,090333,076606,076840,095222
0000000233,0000232000,082146,075268,089346,079889,074848,093931
0000000234,0000233000,085004,074188,087568,083134,073772,091762
0000000235,0000234000,087604,073988,085168,086029,073714,088926
0000000236,0000235000,089687,074686,082387,088286,074680,085703
0000000237,0000236000,091043,076214,079503,089684,076575,082410
0000000238,0000237000,091543,078431,076786,090087,079216,079365
0000000239,0000238000,091141,081116,074503,089458,082344,076867
0000000240,0000239000,089878,083996,072886,087857,085648,075163
0000000241,0000240000,087870,086798,072091,085440,088810,074419
0000000242,0000241000,085312,089257,072191,082442,091521,074705
0000000243,0000242000,082467,091117,073177,079162,093513,075995
0000000244,0000243000,079608,092198,074954,075918,094590,078161
0000000245,0000244000,077005,092402,077354,073024,094649,080996
0000000246,0000245000,074920,091705,080136,070767,093685,084217
0000000247,0000246000,073564,090176,083020,069369,091793,087507
0000000248,0000247000,073060,087961,085739,068964,089153,090551
0000000249,0000248000,073460,085276,088024,069592,086028,093049
0000000250,0000249000,074724,082394,089643,071191,082725,094753
0000000251,0000250000,076730,079591,090440,073606,079565,095498
0000000252,0000251000,079287,077132,090342,076601,076855,095213
0000000253,0000252000,082135,075268,089357,079880,074863,093926
0000000254,0000253000,084994,074185,087581,083122,073786,091762
0000000255,0000254000,087598,073981,085181,086014,073725,088930
0000000256,0000255000,089686,074675,082399,088271,074687,085711
0000000257,0000256000,091045,076202,079513,089670,076577,082422
0000000258,0000257000,091549,078418,076793,090076,079214,079379
0000000259,0000258000,091152,081103,074506,089450,082337,076882
0000000260,0000259000,089891,083985,072885,087853,085638,075178
0000000261,0000260000,087883,086791,072086,085441,088796,074432
0000000262,0000261000,085326,089252,072182,082448,091506,074715
0000000263,0000262000,082479,091116,073165,079171,093497,076000
0000000264,0000263000,079618,092203,074940,075931,094576,078162
0000000265,0000264000,077011,092410,077340,073040,094638,080992
0000000266,0000265000,074922,091716,080123,070783,093678,084208
0000000267,0000266000,073561,090190,083010,069384,091790,087495
0000000268,0000267000,073053,087976,085731,068977,089156,090536
0000000269,0000268000,073450,085290,088021,069601,086035,093032
0000000270,0000269000,074710,082406,089644,071195,082737,094737
0000000271,0000270000,076715,079600,090445,073605,079580,095484
0000000272,0000271000,079273,077136,090352,076595,076871,095202
0000000273,0000272000,082122,075268,089370,079869,074880,093920
0000000274,0000273000,084984,074181,087596,083107,073801,091760
0000000275,0000274000,087592,073972,085196,085998,073737,088934
0000000276,0000275000,089685,074663,082413,088254,074695,085720
0000000277,0000276000,091048,076188,079525,089653,076580,082435
0000000278,0000277000,091557,078403,076801,090062,079211,079396
0000000279,0000278000,091164,081088,074509,089440,082329,076900
0000000280,0000279000,089905,083972,072884,087848,085625,075195
0000000281,0000280000,087899,086781,072080,085441,088780,074447
0000000282,0000281000,085342,089246,072171,082454,091488,074727
0000000283,0000282000,082493,091116,073151,079183,093479,076007
0000000284,0000283000,079628,092208,074924,075946,094559,078163
0000000285,0000284000,077018,092419,077324,073057,094625,080987
0000000286,0000285000,074924,091729,080108,070801,093669,084198
0000000287,0000286000,073557,090206,082997,069401,091787,087480
0000000288,0000287000,073045,087992,085723,068992,089159,090518
0000000289,0000288000,073438,085305,088017,069612,086044,093014
0000000290,0000289000,074695,082420,089646,071200,082750,094719
0000000291,0000290000,076698,079610,090452,073604,079597,095468
0000000292,0000291000,079256,077142,090363,076588,076890,095190
0000000293,0000292000,082107,075268,089385,079857,074899,093913
0000000294,0000293000,084972,074176,087613,083091,073818,091759
0000000295,0000294000,087585,073961,085214,085979,073751,088939
0000000296,0000295000,089682,074649,082429,088234,074704,085731
0000000297,0000296000,091051,076171,079538,089635,076583,082451
0000000298,0000297000,091566,078384,076811,090046,079208,079415
0000000299,0000298000,091177,081070,074513,089429,082320,076920
0000000300,0000299000,089921,083957,072882,087843,085611,075215
0000000301,0000300000,087918,086770,072073,085443,088762,074464
0000000302,0000301000,085361,089240,072159,082461,091468,074740
0000000303,0000302000,082509,091116,073135,079195,093459,076014
0000000304,0000303000,079641,092213,074906,075964,094541,078164
0000000305,0000304000,077026,092429,077305,073078,094610,080982
0000000306,0000305000,074926,091744,080090,070822,093660,084187
0000000307,0000306000,073553,090224,082983,069421,091784,087464
0000000308,0000307000,073036,088011,085713,069008,089162,090499
0000000309,0000308000,073424,085324,088013,069623,086053,092992
0000000310,0000309000,074677,082436,089647,071206,082765,094698
0000000311,0000310000,076679,079622,090460,073603,079616,095450
0000000312,0000311000,079237,077148,090376,076581,076912,095177
0000000313,0000312000,082089,075269,089402,079843,074921,093905
0000000314,0000313000,084958,074170,087632,083073,073838,091758
0000000315,0000314000,087577,073950,085234,085957,073767,088945
0000000316,0000315000,089680,074633,082448,088212,074714,085743
0000000317,0000316000,091055,076152,079553,089614,076587,082468
0000000318,0000317000,091576,078364,076821,090029,079205,079436
0000000319,0000318000,091191,081051,074518,089416,082310,076943
0000000320,0000319000,089939,083941,072880,087837,085595,075237
0000000321,0000320000,087938,086757,072065,085444,088742,074483
0000000322,0000321000,085381,089233,072146,082470,091445,074754
0000000323,0000322000,082527,091116,073117,079210,093436,076023
0000000324,0000323000,079656,092219,074886,075983,094520,078166
0000000325,0000324000,077036,092441,077284,073100,094593,080975
0000000326,0000325000,074929,091761,080071,070846,093649,084174
0000000327,0000326000,073550,090244,082966,069443,091780,087445
0000000328,0000327000,073026,088032,085701,069027,089166,090476
0000000329,0000328000,073408,085345,088008,069636,086064,092968
0000000330,0000329000,074657,082454,089649,071212,082783,094675
0000000331,0000330000,076658,079635,090468,073601,079638,095430
0000000332,0000331000,079215,077156,090390,076572,076936,095161
0000000333,0000332000,082070,075270,089421,079828,074945,093896
0000000334,0000333000,084943,074163,087654,083052,073860,091757
0000000335,0000334000,087567,073937,085256,085933,073784,088951
0000000336,0000335000,089676,074615,082468,088187,074725,085757
0000000337,0000336000,091059,076131,079571,089591,076590,082488
0000000338,0000337000,091586,078341,076833,090009,079200,079459
0000000339,0000338000,091208,081029,074524,089403,082298,076968
0000000340,0000339000,089960,083922,072878,087831,085577,075261
0000000341,0000340000,087961,086743,072056,085445,088719,074505
0000000342,0000341000,085404,089225,072131,082479,091420,074770
0000000343,0000342000,082547,091115,073098,079227,093411,076032
0000000344,0000343000,079672,092225,074863,076005,094497,078167
0000000345,0000344000,077046,092454,077260,073125,094575,080968
0000000346,0000345000,074932,091780,080049,070872,093638,084159
0000000347,0000346000,073546,090267,082948,069468,091776,087425
0000000348,0000347000,073015,088056,085688,069047,089170,090451
0000000349,0000348000,073390,085368,088002,069650,086077,092942
0000000350,0000349000,074635,082474,089651,071218,082802,094649
0000000351,0000350000,076633,079650,090477,073600,079662,095407
0000000352,0000351000,079191,077164,090405,076562,076963,095145
0000000353,0000352000,082048,075271,089441,079810,074972,093887
0000000354,0000353000,084926,074156,087678,083029,073884,091756
0000000355,0000354000,087556,073924,085281,085907,073803,088959
0000000356,0000355000,089673,074596,082492,088160,074737,085772
0000000357,0000356000,091064,076107,079590,089565,076594,082510
0000000358,0000357000,091598,078316,076847,089988,079196,079485
0000000359,0000358000,091226,081005,074530,089388,082285,076996
0000000360,0000359000,089983,083900,072877,087824,085557,075288
0000000361,0000360000,087987,086727,072046,085447,088693,074528
0000000362,0000361000,085429,089217,072115,082489,091392,074788
0000000363,0000362000,082570,091114,073075,079245,093383,076041
0000000364,0000363000,079691,092232,074837,076029,094472,078168
0000000365,0000364000,077058,092469,077234,073153,094555,080961
0000000366,0000365000,074936,091801,080024,070901,093625,084143
0000000367,0000366000,073541,090291,082928,069495,091772,087402
0000000368,0000367000,073003,088083,085674,069069,089175,090424
0000000369,0000368000,073371,085394,087995,069666,086090,092913
0000000370,0000369000,074611,082497,089652,071225,082823,094621
0000000371,0000370000,076607,079667,090487,073598,079689,095383
0000000372,0000371000,079164,077174,090423,076551,076992,095126
0000000373,0000372000,082024,075272,089465,079791,075001,093877
0000000374,0000373000,084907,074149,087705,083003,073910,091755
0000000375,0000374000,087543,073909,085308,085878,073824,088967
0000000376,0000375000,089669,074574,082517,088130,074750,085789
0000000377,0000376000,091068,076080,079612,089537,076598,082534
0000000378,0000377000,091611,078288,076862,089964,079190,079514
0000000379,0000378000,091246,080978,074537,089372,082271,077026
0000000380,0000379000,090009,083877,072875,087817,085534,075318
0000000381,0000380000,088015,086709,072036,085449,088666,074554
0000000382,0000381000,085457,089206,072097,082501,091361,074807
0000000383,0000382000,082596,091113,073051,079265,093352,076052
0000000384,0000383000,079711,092240,074809,076056,094444,078169
0000000385,0000384000,077071,092485,077205,073184,094533,080952
0000000386,0000385000,074940,091823,079997,070932,093611,084125
0000000387,0000386000,073536,090319,082905,069524,091768,087377
0000000388,0000387000,072989,088113,085658,069094,089181,090394
0000000389,0000388000,073350,085422,087987,069683,086105,092880
0000000390,0000389000,074585,082521,089654,071233,082846,094590
0000000391,0000390000,076577,079686,090498,073595,079718,095356
0000000392,0000391000,079134,077185,090441,076538,077024,095106
0000000393,0000392000,081997,075273,089490,079770,075033,093866
0000000394,0000393000,084885,074141,087734,082975,073939,091754
0000000395,0000394000,087529,073892,085339,085846,073847,088976
0000000396,0000395000,089664,074550,082546,088097,074765,085808
0000000397,0000396000,091073,076052,079636,089506,076603,082560
0000000398,0000397000,091625,078257,076879,089939,079184,079546
0000000399,0000398000,091267,080948,074545,089354,082255,077060
0000000400,0000399000,090036,083850,072873,087809,085510,075350
0000000401,0000400000,088046,086689,072025,085452,088635,074582
0000000402,0000401000,084712,091001,073884,081439,091901,075405
0000000403,0000402000,086640,089752,071674,078508,093423,076170
0000000404,0000403000,084662,093185,075749,075170,095022,078782
0000000405,0000404000,084327,090150,074865,075772,093408,079847
0000000406,0000405000,083662,090144,078295,073810,092917,083442
0000000407,0000406000,082189,087290,079818,077735,088884,084481
0000000408,0000407000,082333,084343,081734,078172,086163,087294
0000000409,0000408000,080930,084540,086841,083642,081183,087814
0000000410,0000409000,081313,079532,086391,086278,077680,089279
0000000411,0000410000,080063,080596,091315,090738,073745,089229
0000000412,0000411000,080971,075307,088321,094674,070753,088673
0000000413,0000412000,079646,076609,090387,096668,069091,087812
0000000414,0000413000,081134,074726,087986,099998,067783,085512
0000000415,0000414000,080252,076260,087375,098925,069359,084365
0000000416,0000415000,081435,077882,085472,099960,070363,081250
0000000417,0000416000,081678,078812,082275,096407,074401,080158
0000000418,0000417000,081433,081752,080570,094717,077326,077414
0000000419,0000418000,082869,082556,076448,089717,082311,076830
0000000420,0000419000,081555,086352,075903,085980,086179,075764
0000000421,0000420000,083391,086803,072878,081209,090173,075869
0000000422,0000421000,082054,090586,074144,076949,093468,076748
0000000423,0000422000,083017,089820,072434,074139,095041,077637
0000000424,0000423000,082296,091529,074859,070756,096507,080155
0000000425,0000424000,082181,089728,074967,070934,095250,081615
0000000426,0000425000,082156,089053,077449,069675,094168,084702
0000000427,0000426000,081557,087763,080458,072696,090535,086211
0000000428,0000427000,081906,084829,082161,074086,087452,088717
0000000429,0000428000,081217,084377,086330,078537,082906,089746
0000000430,0000429000,081850,079899,086355,082095,079009,090851
0000000431,0000430000,081119,079615,089738,086235,075189,090917
0000000432,0000431000,082130,076318,088631,090515,072002,090181
0000000433,0000432000,081524,076700,089903,092862,070376,089337
0000000434,0000433000,082628,075815,088542,096003,069171,087086
0000000435,0000434000,082489,076583,087208,095840,070417,085568
0000000436,0000435000,082985,077911,085254,096542,071667,082648
0000000437,0000436000,083542,078811,082204,093906,075273,081049
0000000438,0000437000,083163,081577,080422,091876,078604,078653
0000000439,0000438000,084216,082855,076991,087633,083167,077588
0000000440,0000439000,083312,086299,076264,083717,087274,076688
0000000441,0000440000,084155,087108,073630,079404,091089,076567
0000000442,0000441000,083228,089938,074036,075063,094435,077470
0000000443,0000442000,083376,089678,072892,072278,096120,078444
0000000444,0000443000,082761,090651,074457,069105,097376,080755
0000000445,0000444000,082325,089892,075507,068864,096351,082490
0000000446,0000445000,082048,088829,077543,068061,095000,085353
0000000447,0000446000,081348,087808,080595,070343,091685,087243
0000000448,0000447000,081361,084890,082105,072262,088306,089565
0000000449,0000448000,080631,083803,085578,076119,083932,090869
0000000450,0000449000,081004,080230,086356,080015,079805,091818
0000000451,0000450000,080422,079376,088957,083968,076044,092034
0000000452,0000451000,081124,077030,088821,088247,072770,091285
0000000453,0000452000,080883,076712,089461,090876,071035,090347
0000000454,0000453000,081572,076169,088387,093815,069894,088156
0000000455,0000454000,081834,076590,086794,094188,070870,086357
0000000456,0000455000,082158,077851,085010,094624,072332,083588
0000000457,0000456000,082908,078910,082222,092557,075647,081602
0000000458,0000457000,082800,081569,080415,090323,079197,079336
0000000459,0000458000,083676,083018,077383,086530,083555,077959
0000000460,0000459000,083290,085963,076294,082485,087826,077089
0000000461,0000460000,083829,087077,073979,078371,091625,076846
0000000462,0000461000,083392,089310,073895,074038,094972,077674
0000000463,0000462000,083413,089616,073379,071138,096794,078713
0000000464,0000463000,083059,090241,074484,068139,097946,080893
0000000465,0000464000,082663,089915,075890,067487,097133,082872
0000000466,0000465000,082424,088617,077636,066966,095618,085626
0000000467,0000466000,081809,087563,080458,068755,092485,087788
0000000468,0000467000,081756,084964,082100,070941,088906,090051
0000000469,0000468000,081141,083559,085169,074471,084613,091586
0000000470,0000469000,081357,080655,086462,078497,080341,092529
0000000471,0000470000,080944,079420,088513,082444,076538,092843
0000000472,0000471000,081350,077498,088797,086716,073190,092135
0000000473,0000472000,081295,076802,089066,089634,071299,091103
0000000474,0000473000,081682,076462,088169,092496,070196,088977
0000000475,0000474000,082048,076772,086581,093314,070949,086943
0000000476,0000475000,082257,078005,084938,093676,072531,084219
0000000477,0000476000,082903,079147,082321,092057,075660,081935
0000000478,0000477000,082892,081555,080417,089776,079343,079671
0000000479,0000478000,083494,083066,077657,086295,083633,078057
0000000480,0000479000,083315,085633,076283,082238,088007,077110
0000000481,0000480000,083604,087024,074331,078203,091865,076773
0000000482,0000481000,083340,088870,073992,073906,095242,077498
0000000483,0000482000,083235,089507,073810,070813,097230,078600
0000000484,0000483000,082945,089892,074599,067891,098346,080710
0000000485,0000484000,082526,089664,076079,066857,097706,082882
0000000486,0000485000,082273,088366,077715,066418,096106,085615
0000000487,0000486000,081710,087294,080304,067807,093088,088020
0000000488,0000487000,081598,085017,082133,070025,089385,090338
0000000489,0000488000,081098,083416,084879,073316,085110,092076
0000000490,0000489000,081191,080944,086389,077320,080727,093103
0000000491,0000490000,080935,079479,088080,081279,076820,093509
0000000492,0000491000,081183,077800,088588,085513,073404,092882
0000000493,0000492000,081284,076986,088679,088669,071344,091774
0000000494,0000493000,081577,076787,087917,091525,070232,089693
0000000495,0000494000,082012,077040,086418,092708,070802,087462
0000000496,0000495000,082251,078199,084828,093112,072442,084705
0000000497,0000496000,082837,079372,082349,091860,075455,082174
0000000498,0000497000,082964,081517,080397,089650,079217,079814
0000000499,0000498000,083446,083098,077907,086414,083512,077983
0000000500,0000499000,083436,085405,076376,082431,087970,076898
0000000501,0000500000,083627,086947,074723,078428,091934,076468
0000000502,0000501000,083481,088503,074230,074183,095376,077078
0000000503,0000502000,083330,089282,074180,070900,097535,078223
0000000504,0000503000,083080,089538,074804,067987,098666,080299
0000000505,0000504000,082663,089323,076272,066623,098177,082637
0000000506,0000505000,082389,088143,077869,066136,096552,085421
0000000507,0000506000,081864,087057,080239,067196,093606,088057
0000000508,0000507000,081672,085023,082167,069320,089827,090506
0000000509,0000508000,081232,083327,084623,072417,085523,092445
0000000510,0000509000,081196,081157,086204,076331,081042,093620
0000000511,0000510000,081010,079600,087679,080303,077000,094128
0000000512,0000511000,081131,078113,088301,084506,073502,093602
0000000513,0000512000,081276,077293,088300,087870,071265,092448
0000000514,0000513000,081502,077149,087626,090783,070103,090384
0000000515,0000514000,081917,077364,086217,092291,070519,087981
0000000516,0000515000,082176,078432,084647,092826,072163,085134
0000000517,0000516000,082689,079606,082339,091902,075099,082373
0000000518,0000517000,082902,081518,080405,089850,078910,079847
0000000519,0000518000,083307,083142,078148,086826,083249,077801
0000000520,0000519000,083399,085220,076549,082965,087788,076537
0000000521,0000520000,083544,086778,075118,078979,091887,075995
0000000522,0000521000,083473,088129,074540,074772,095424,076480
0000000523,0000522000,083318,088950,074539,071306,097753,077649
0000000524,0000523000,083105,089142,075108,068327,098946,079720
0000000525,0000524000,082717,088919,076508,066654,098602,082206
0000000526,0000525000,082436,087882,078055,066011,096992,085098
0000000527,0000526000,081960,086785,080220,066758,094098,087965
0000000528,0000527000,081715,084947,082162,068694,090275,090600
0000000529,0000528000,081331,083264,084366,071594,085919,092753
0000000530,0000529000,081215,081337,085948,075368,081341,094124
0000000531,0000530000,081074,079784,087281,079332,077155,094755
0000000532,0000531000,081125,078465,087930,083511,073552,094342
0000000533,0000532000,081278,077686,087876,087058,071136,093171
0000000534,0000533000,081475,077553,087266,090081,069887,091104
0000000535,0000534000,081857,077759,085956,091896,070161,088545
0000000536,0000535000,082138,078739,084422,092640,071768,085567
0000000537,0000536000,082599,079884,082316,092041,074645,082578
0000000538,0000537000,082869,081586,080443,090222,078486,079835
0000000539,0000538000,083231,083192,078385,087420,082882,077559
0000000540,0000539000,083386,085049,076798,083725,087505,076085
0000000541,0000540000,083513,086541,075541,079774,091750,075401
0000000542,0000541000,083492,087743,074939,075600,095404,075755
0000000543,0000542000,083347,088538,074959,071971,097907,076927
0000000544,0000543000,083156,088689,075511,068874,099199,079007
0000000545,0000544000,082798,088455,076804,066903,098997,081632
0000000546,0000545000,082504,087546,078275,066028,097436,084671
0000000547,0000546000,082064,086462,080250,066453,094590,087773
0000000548,0000547000,081774,084814,082132,068129,090748,090635
0000000549,0000548000,081420,083219,084108,070803,086331,093026
0000000550,0000549000,081243,081500,085638,074396,081661,094625
0000000551,0000550000,081111,080023,086846,078316,077327,095405
0000000552,0000551000,081110,078863,087460,082469,073603,095122
0000000553,0000552000,081245,078150,087383,086171,071005,093960
0000000554,0000553000,081421,078021,086824,089339,069640,091876
0000000555,0000554000,081764,078242,085618,091456,069774,089175
0000000556,0000555000,082058,079128,084157,092468,071310,086039
0000000557,0000556000,082482,080207,082264,092208,074131,082814
0000000558,0000557000,082790,081715,080487,090681,077982,079821
0000000559,0000558000,083132,083242,078620,088132,082433,077296
0000000560,0000559000,083335,084878,077121,084642,087138,075582
0000000561,0000560000,083470,086252,076013,080759,091530,074727
0000000562,0000561000,083491,087323,075431,076621,095316,074940
0000000563,0000562000,083375,088039,075468,072852,097994,076091
0000000564,0000563000,083208,088153,076005,069601,099415,078188
0000000565,0000564000,082887,087916,077168,067334,099360,080943
0000000566,0000565000,082591,087118,078544,066168,097877,084153
0000000567,0000566000,082184,086083,080330,066247,095089,087494
0000000568,0000567000,081866,084632,082088,067603,091250,090615
0000000569,0000568000,081526,083174,083843,070009,086779,093268
0000000570,0000569000,081306,081654,085274,073378,082026,095120
0000000571,0000570000,081163,080314,086345,077211,077552,096080
0000000572,0000571000,081122,079318,086889,081326,073692,095942
0000000573,0000572000,081223,078692,086808,085157,070914,094814
0000000574,0000573000,081376,078582,086292,088494,069412,092710
0000000575,0000574000,081677,078823,085196,090911,069397,089880
0000000576,0000575000,081972,079606,083844,092240,070835,086571
0000000577,0000576000,082363,080589,082170,092346,073589,083103
0000000578,0000577000,082692,081911,080529,091170,077425,079836
0000000579,0000578000,083026,083298,078871,088917,081917,077042
0000000580,0000579000,083264,084705,077515,085678,086696,075063
0000000581,0000580000,083417,085923,076549,081910,091225,074008
0000000582,0000581000,083475,086849,076025,077823,095147,074067
0000000583,0000582000,083396,087446,076082,073941,098000,075173
0000000584,0000583000,083254,087524,076592,070520,099573,077282
0000000585,0000584000,082975,087287,077618,067953,099671,080157
0000000586,0000585000,082684,086587,078877,066452,098296,083548
0000000587,0000586000,082307,085639,080459,066151,095585,087133
0000000588,0000587000,081972,084395,082037,067130,091774,090533
0000000589,0000588000,081638,083110,083566,069214,087270,093469
0000000590,0000589000,081385,081806,084847,072309,082451,095596
0000000591,0000590000,081220,080657,085761,076001,077853,096763
0000000592,0000591000,081143,079835,086216,080053,073857,096789
0000000593,0000592000,081203,079320,086133,083980,070905,095721
0000000594,0000593000,081329,079250,085652,087492,069248,093604
0000000595,0000594000,081588,079507,084677,090211,069073,090662
0000000596,0000595000,081872,080181,083470,091894,070385,087174
0000000597,0000596000,082235,081049,082024,092400,073051,083461
0000000598,0000597000,082574,082177,080566,091630,076842,079909
0000000599,0000598000,082908,083370,079145,089731,081346,076827
0000000600,0000599000,083174,084533,077979,086795,086179,074562
0000000601,0000600000,083353,085553,077163,083199,090824,073282
0000000602,0000601000,083447,086303,076733,079195,094875,073169
0000000603,0000602000,083411,086756,076816,075238,097899,074201
0000000604,0000603000,083301,086791,077287,071643,099636,076311
0000000605,0000604000,083065,086553,078174,068778,099899,079291
0000000606,0000605000,082790,085942,079289,066909,098660,082860
0000000607,0000606000,082441,085117,080640,066190,096054,086686
0000000608,0000607000,082100,084092,081990,066737,092305,090376
0000000609,0000608000,081767,083019,083274,068437,087804,093608
0000000610,0000609000,081489,081961,084353,071199,082949,096026
0000000611,0000610000,081294,081051,085086,074686,078253,097428
0000000612,0000611000,081181,080422,085433,078633,074133,097639
0000000613,0000612000,081195,080047,085335,082615,071020,096657
0000000614,0000613000,081286,080038,084887,086294,069198,094545
0000000615,0000614000,081499,080304,084048,089310,068849,091513
0000000616,0000615000,081762,080870,083020,091375,070008,087854
0000000617,0000616000,082097,081603,081817,092319,072553,083902
0000000618,0000617000,082436,082517,080594,092008,076259,080062
0000000619,0000618000,082770,083467,079445,090527,080736,076682
0000000620,0000619000,083059,084363,078508,087957,085587,074118
0000000621,0000620000,083268,085141,077871,084603,090310,072591
0000000622,0000621000,083400,085678,077566,080731,094473,072285
0000000623,0000622000,083411,085965,077682,076746,097652,073213
0000000624,0000623000,083340,085940,078107,072996,099557,075304
0000000625,0000624000,083152,085695,078852,069838,099998,078363
0000000626,0000625000,082904,085175,079790,067579,098927,082094
0000000627,0000626000,082584,084503,080879,066406,096462,086151
0000000628,0000627000,082248,083712,081958,066467,092819,090126
0000000629,0000628000,081914,082890,082964,067715,088369,093659
0000000630,0000629000,081616,082120,083787,070075,083523,096377
0000000631,0000630000,081391,081490,084309,073280,078774,098037
0000000632,0000631000,081240,081085,084527,077063,074559,098451
0000000633,0000632000,081203,080881,084396,081043,071304,097586
0000000634,0000633000,081252,080956,083985,084862,069317,095507
0000000635,0000634000,081415,081225,083296,088163,068783,092415
0000000636,0000635000,081646,081687,082474,090624,069760,088607
0000000637,0000636000,081949,082264,081539,092039,072142,084436
0000000638,0000637000,082279,082937,080605,092241,075712,080322
0000000639,0000638000,082613,083603,079768,091249,080106,076643
0000000640,0000639000,082919,084197,079105,089120,084921,073776
0000000641,0000640000,083160,084684,078686,086091,089668,071984
0000000642,0000641000,083330,084969,078535,082420,093904,071463
0000000643,0000642000,083393,085068,078695,078470,097213,072256
0000000644,0000643000,083368,084958,079071,074602,099280,074297
0000000645,0000644000,083232,084699,079670,071173,099909,077399
0000000646,0000645000,083021,084275,080394,068514,099036,081260
0000000647,0000646000,082735,083780,081188,066856,096757,085521
0000000648,0000647000,082414,083244,081953,066380,093276,089761
0000000649,0000648000,082082,082718,082632,067101,088947,093585
0000000650,0000649000,081769,082281,083148,068980,084174,096602
0000000651,0000650000,081513,081970,083424,071813,079434,098532
0000000652,0000651000,081322,081828,083485,075353,075174,099171
0000000653,0000652000,081233,081830,083300,079257,071814,098455
0000000654,0000653000,081232,082010,082931,083167,069672,096448
0000000655,0000654000,081339,082284,082405,086722,068946,093337
0000000656,0000655000,081528,082646,081815,089579,069711,089422
0000000657,0000656000,081794,083045,081183,091492,071879,085068
0000000658,0000657000,082105,083445,080592,092256,075250,080710
0000000659,0000658000,082433,083788,080112,091828,079484,076752
0000000660,0000659000,082751,084039,079770,090224,084184,073591
0000000661,0000660000,083022,084185,079616,087616,088881,071528
0000000662,0000661000,083233,084177,079647,084236,093131,070772
0000000663,0000662000,083349,084061,079865,080407,096522,071396
0000000664,0000663000,083378,083838,080197,076483,098731,073345
0000000665,0000664000,083300,083557,080639,072822,099554,076440
0000000666,0000665000,083137,083234,081116,069776,098909,080380
0000000667,0000666000,082893,082935,081580,067612,096870,084797
0000000668,0000667000,082595,082679,081982,066551,093625,089260
0000000669,0000668000,082273,082496,082280,066673,089502,093343
0000000670,0000669000,081951,082436,082438,067981,084893,096642
0000000671,0000670000,081668,082487,082430,070338,080252,098842
0000000672,0000671000,081436,082654,082299,073533,076022,099721
0000000673,0000672000,081292,082895,082039,077266,072612,099191
0000000674,0000673000,081234,083200,081714,081188,070344,097303
0000000675,0000674000,081280,083492,081359,084944,069426,094231
0000000676,0000675000,081415,083755,081028,088175,069948,090271
0000000677,0000676000,081635,083953,080740,090595,071845,085798
0000000678,0000677000,081916,084050,080545,091964,074937,081250
0000000679,0000678000,082231,084031,080469,092170,078914,077057
0000000680,0000679000,082555,083891,080503,091184,083394,073633
0000000681,0000680000,082850,083649,080661,089109,087936,071305
0000000682,0000681000,083101,083308,080903,086133,092109,070303
0000000683,0000682000,083273,082943,081200,082534,095514,070722
0000000684,0000683000,083361,082578,081493,078646,097826,072526
0000000685,0000684000,083349,082267,081767,074822,098836,075547
0000000686,0000685000,083243,082048,081966,071425,098447,079490
0000000687,0000686000,083051,081960,082064,068758,096709,083988
0000000688,0000687000,082789,082015,082052,067079,093789,088599
0000000689,0000688000,082485,082218,081914,066532,089983,092883
0000000690,0000689000,082162,082576,081664,067175,085657,096420
0000000691,0000690000,081857,083034,081328,068940,081236,098872
0000000692,0000691000,081587,083553,080970,071666,077143,099998
0000000693,0000692000,081388,084067,080614,075102,073767,099689
0000000694,0000693000,081268,084521,080331,078928,071424,097977
0000000695,0000694000,081245,084843,080154,082799,070329,095021
0000000696,0000695000,081317,085009,080108,086350,070582,091107
0000000697,0000696000,081480,084986,080205,089262,072144,086608
0000000698,0000697000,081720,084754,080454,091256,074860,081962
0000000699,0000698000,082010,084336,080834,092161,078456,077612
0000000700,0000699000,082329,083761,081296,091886,082580,073983
0000000701,0000700000,082643,083088,081808,090465,086830,071423
0000000702,0000701000,082929,082378,082292,088028,090800,070174
0000000703,0000702000,083156,081728,082693,084798,094118,070357
0000000704,0000703000,083308,081194,082955,081074,096469,071952
0000000705,0000704000,083367,080844,083051,077193,097642,074811
0000000706,0000705000,083330,080725,082948,073518,097531,078654
0000000707,0000706000,083199,080864,082645,070380,096160,083118
0000000708,0000707000,082986,081257,082168,068075,093670,087766
0000000709,0000708000,082713,081883,081544,066807,090315,092151
0000000710,0000709000,082401,082695,080841,066695,086426,095849
0000000711,0000710000,082082,083596,080136,067743,082383,098505
0000000712,0000711000,081781,084505,079518,069856,078571,099868
0000000713,0000712000,081528,085319,079047,072842,075347,099810
0000000714,0000713000,081344,085948,078797,076425,073011,098341
0000000715,0000714000,081247,086316,078800,080283,071772,095599
0000000716,0000715000,081246,086385,079063,084057,071741,091852
0000000717,0000716000,081341,086127,079580,087407,072901,087460
0000000718,0000717000,081524,085545,080314,090018,075131,082851
0000000719,0000718000,081777,084698,081194,091659,078198,078468
0000000720,0000719000,082079,083655,082129,092179,081797,074735
0000000721,0000720000,082399,082521,083030,091534,085578,072005
0000000722,0000721000,082714,081413,083784,089786,089181,070532
0000000723,0000722000,082990,080452,084310,087093,092272,070455
0000000724,0000723000,083207,079726,084550,083700,094563,071773
0000000725,0000724000,083341,079325,084465,079914,095853,074360
0000000726,0000725000,083383,079304,084041,076083,096028,077965
0000000727,0000726000,083326,079677,083310,072554,095090,082239
0000000728,0000727000,083176,080429,082330,069654,093145,086763
0000000729,0000728000,082948,081499,081183,067644,090401,091100
0000000730,0000729000,082660,082786,079997,066706,087132,094833
0000000731,0000730000,082342,084153,078893,066921,083661,097610
0000000732,0000731000,082018,085472,077991,068267,080315,099173
0000000733,0000732000,081720,086602,077388,070625,077403,099383
0000000734,0000733000,081472,087425,077161,073779,075189,098226
0000000735,0000734000,081299,087853,077339,077448,073870,095817
0000000736,0000735000,081216,087828,077926,081295,073555,092393
0000000737,0000736000,081232,087329,078884,084972,074252,088288
0000000738,0000737000,081346,086389,080128,088140,075877,083903
0000000739,0000738000,081545,085100,081536,090515,078249,079664
0000000740,0000739000,081814,083578,082965,091882,081126,075977
0000000741,0000740000,082125,081980,084272,092122,084228,073185
0000000742,0000741000,082455,080462,085312,091216,087260,071542
0000000743,0000742000,082772,079178,085983,089245,089945,071196
0000000744,0000743000,083048,078250,086208,086387,092042,072168
0000000745,0000744000,083259,077788,085947,082895,093369,074361
0000000746,0000745000,083384,077857,085201,079089,093816,077554
0000000747,0000746000,083412,078467,084027,075312,093365,081436
0000000748,0000747000,083338,079580,082530,071911,092083,085622
0000000749,0000748000,083172,081089,080853,069191,090119,089705
0000000750,0000749000,082927,082844,079176,067398,087678,093296
0000000751,0000750000,082626,084669,077667,066688,085002,096061
0000000752,0000751000,082296,086392,076477,067122,082341,097752
0000000753,0000752000,081965,087836,075730,068662,079936,098224
0000000754,0000753000,081662,088860,075514,071171,078001,097444
0000000755,0000754000,081415,089353,075861,074427,076697,095497
0000000756,0000755000,081247,089239,076766,078135,076126,092581
0000000757,0000756000,081175,088508,078162,081962,076317,088984
0000000758,0000757000,081206,087222,079910,085557,077225,085065
0000000759,0000758000,081335,085509,081838,088597,078733,081204
0000000760,0000759000,081552,083535,083748,090811,080680,077767
0000000761,0000760000,081835,081500,085447,092002,082871,075070
0000000762,0000761000,082162,079596,086771,092069,085101,073353
0000000763,0000762000,082503,078002,087591,091005,087171,072759
0000000764,0000763000,082828,076882,087809,088905,088901,073329
0000000765,0000764000,083108,076358,087385,085952,090149,074996
0000000766,0000765000,083317,076508,086333,082411,090823,077586
0000000767,0000766000,083435,077342,084735,078601,090889,080835
0000000768,0000767000,083449,078788,082748,074869,090371,084419
0000000769,0000768000,083361,080695,080576,071550,089348,087989
0000000770,0000769000,083178,082872,078443,068941,087939,091206
0000000771,0000770000,082916,085103,076560,067272,086288,093777
0000000772,0000771000,082599,087182,075104,066687,084549,095480
0000000773,0000772000,082255,088912,074217,067238,082872,096175
0000000774,0000773000,081912,090115,074003,068876,081398,095817
0000000775,0000774000,081603,090661,074504,071462,080242,094457
0000000776,0000775000,081354,090470,075698,074765,079481,092244
0000000777,0000776000,081191,089535,077488,078490,079155,089408
0000000778,0000777000,081129,087945,079692,082299,079263,086232
0000000779,0000778000,081174,085871,082077,085847,079764,083029
0000000780,0000779000,081319,083521,084403,088821,080589,080098
0000000781,0000780000,081553,081126,086445,090958,081648,077702
0000000782,0000781000,081854,078900,088015,092071,082844,076048
0000000783,0000782000,082195,077053,088966,092065,084075,075265
0000000784,0000783000,082549,075777,089179,090938,085244,075406
0000000785,0000784000,082883,075210,088614,088787,086268,076433
0000000786,0000785000,083168,075432,087300,085799,087085,078224
0000000787,0000786000,083375,076453,085342,082240,087656,080589
0000000788,0000787000,083484,078166,082947,078433,087958,083285
0000000789,0000788000,083486,080380,080375,074721,087996,086047
0000000790,0000789000,083382,082877,077877,071434,087787,088618
0000000791,0000790000,083183,085412,075694,068860,087361,090773
0000000792,0000791000,082905,087754,074030,067224,086760,092328
0000000793,0000792000,082573,089690,073033,066669,086027,093165
0000000794,0000793000,082215,091022,072823,067244,085210,093237
0000000795,0000794000,081862,091592,073454,068902,084356,092562
0000000796,0000795000,081547,091331,074878,071500,083509,091233
0000000797,0000796000,081299,090243,076970,074811,082707,089400
0000000798,0000797000,081143,088435,079515,078536,081990,087254
0000000799,0000798000,081093,086117,082232,082339,081400,085004
0000000800,0000799000,081151,083524,084850,085880,080971,082858
0000000801,0000800000,081310,080893,087139,088851,080730,081002
0000000802,0000801000,081560,078465,088881,090992,080701,079588
0000000803,0000802000,081874,076472,089910,092115,080896,078720
0000000804,0000803000,082229,075110,090111,092124,081316,078446
0000000805,0000804000,082592,074535,089437,091014,081955,078759
0000000806,0000805000,082932,074827,087930,088878,082795,079595
0000000807,0000806000,083217,075968,085734,085902,083799,080849
0000000808,0000807000,083417,077843,083077,082351,084908,082387
0000000809,0000808000,083516,080224,080262,078548,086043,084056
0000000810,0000809000,083507,082874,077558,074830,087120,085704
0000000811,0000810000,083390,085565,075197,071523,088044,087195
0000000812,0000811000,083178,088028,073414,068917,088731,088413
0000000813,0000812000,082887,090036,072381,067237,089110,089272
0000000814,0000813000,082545,091403,072192,066630,089123,089729
0000000815,0000814000,082179,091959,072908,067152,088731,089784
0000000816,0000815000,081822,091627,074479,068761,087931,089463
0000000817,0000816000,081508,090460,076728,071320,086754,088827
0000000818,0000817000,081265,088564,079437,074605,085273,087950
0000000819,0000818000,081119,086161,082299,078318,083608,086916
0000000820,0000819000,081078,083516,085026,082125,081897,085820
0000000821,0000820000,081147,080828,087407,085696,080286,084748
0000000822,0000821000,081318,078358,089214,088717,078931,083772
0000000823,0000822000,081576,076377,090233,090927,077962,082955
0000000824,0000823000,081898,075048,090390,092132,077488,082338
0000000825,0000824000,082257,074513,089657,092229,077594,081927
0000000826,0000825000,082623,074871,088058,091202,078315,081723
0000000827,0000826000,082959,076061,085783,089138,079621,081720
0000000828,0000827000,083238,077937,083082,086214,081429,081903
0000000829,0000828000,083429,080304,080238,082695,083588,082251
0000000830,0000829000,083520,082916,077519,078898,085910,082739
0000000831,0000830000,083502,085543,075171,075153,088186,083339
0000000832,0000831000,083378,087939,073409,071790,090204,084020
0000000833,0000832000,083160,089860,072419,069099,091770,084750
0000000834,0000833000,082866,091118,072299,067315,092716,085500
0000000835,0000834000,082523,091589,073063,066591,092918,086251
0000000836,0000835000,082159,091214,074647,066997,092312,086972
0000000837,0000836000,081808,090040,076883,068500,090915,087624
0000000838,0000837000,081501,088212,079526,070974,088827,088155
0000000839,0000838000,081269,085939,082285,074198,086226,088517
0000000840,0000839000,081130,083436,084914,077882,083341,088670
0000000841,0000840000,081096,080918,087186,081701,080436,088582
0000000842,0000841000,081168,078641,088875,085323,077784,088235
0000000843,0000842000,081341,076842,089794,088431,075635,087631
0000000844,0000843000,081597,075685,089874,090758,074211,086785
0000000845,0000844000,081915,075281,089103,092102,073681,085722
0000000846,0000845000,082267,075689,087547,092342,074137,084504
0000000847,0000846000,082622,076827,085396,091455,075568,083218
0000000848,0000847000,082949,078550,082892,089511,077875,081971
0000000849,0000848000,083216,080699,080263,086685,080855,080882
0000000850,0000849000,083400,083050,077772,083226,084236,080066
0000000851,0000850000,083486,085371,075661,079444,087709,079610
0000000852,0000851000,083468,087463,074102,075667,090952,079582
0000000853,0000852000,083347,089105,073265,072225,093648,080021
0000000854,0000853000,083136,090109,073253,069416,095531,080927
0000000855,0000854000,082853,090411,074030,067482,096395,082259
0000000856,0000855000,082523,090001,075495,066592,096119,083938
0000000857,0000856000,082174,088920,077510,066827,094697,085832
0000000858,0000857000,081837,087314,079844,068173,092241,087769
0000000859,0000858000,081543,085365,082248,070510,088967,089569
0000000860,0000859000,081318,083239,084522,073634,085170,091053
0000000861,0000860000,081182,081141,086450,077265,081207,092067
0000000862,0000861000,081145,079300,087825,081086,077448,092490
0000000863,0000862000,081210,077891,088521,084763,074251,092254
0000000864,0000863000,081369,077047,088486,087978,071934,091335
0000000865,0000864000,081608,076854,087723,090456,070742,089776
0000000866,0000865000,081906,077301,086342,091980,070813,087687
0000000867,0000866000,082239,078295,084519,092416,072168,085238
0000000868,0000867000,082576,079732,082434,091721,074701,082648
0000000869,0000868000,082887,081468,080285,089956,078181,080165
0000000870,0000869000,083145,083312,078294,087273,082289,078031
0000000871,0000870000,083327,085093,076647,083914,086642,076459
0000000872,0000871000,083419,086640,075488,080173,090830,075621
0000000873,0000872000,083413,087780,074949,076375,094449,075629
0000000874,0000873000,083312,088396,075074,072851,097148,076517
0000000875,0000874000,083124,088469,075805,069902,098654,078241
0000000876,0000875000,082868,088018,077041,067784,098800,080677
0000000877,0000876000,082564,087105,078650,066681,097558,083615
0000000878,0000877000,082238,085858,080444,066694,095031,086786
0000000879,0000878000,081919,084409,082245,067821,091447,089895
0000000880,0000879000,081636,082886,083902,069965,087139,092641
0000000881,0000880000,081413,081454,085238,072937,082515,094747
0000000882,0000881000,081269,080277,086110,076473,078010,095998
0000000883,0000882000,081216,079457,086456,080267,074054,096248
0000000884,0000883000,081255,079070,086261,083989,071036,095434
0000000885,0000884000,081384,079145,085557,087319,069249,093603
0000000886,0000885000,081590,079625,084468,089972,068873,090901
0000000887,0000886000,081856,080420,083134,091716,069956,087559
0000000888,0000887000,082159,081453,081678,092398,072402,083885
0000000889,0000888000,082474,082606,080250,091959,075982,080226
0000000890,0000889000,082772,083742,079006,090436,080360,076934
0000000891,0000890000,083027,084757,078055,087964,085124,074329
0000000892,0000891000,083218,085541,077485,084761,089816,072680
0000000893,0000892000,083330,085998,077363,081106,093989,072165
0000000894,0000893000,083355,086104,077662,077315,097245,072859
0000000895,0000894000,083290,085890,078307,073714,099269,074725
0000000896,0000895000,083143,085396,079215,070614,099866,077608
0000000897,0000896000,082925,084700,080270,068280,098982,081249
0000000898,0000897000,082655,083909,081342,066917,096698,085314
0000000899,0000898000,082357,083101,082328,066641,093232,089422
0000000900,0000899000,082055,082364,083136,067479,088916,093177
0000000901,0000900000,081776,081800,083663,069353,084162,096213
0000000902,0000901000,081544,081471,083868,072103,079424,098228
0000000903,0000902000,081378,081394,083758,075484,075156,099013
0000000904,0000903000,081289,081575,083361,079205,071763,098474
0000000905,0000904000,072115,081625,082412,079523,070278,097353
0000000906,0000905000,063785,081333,080894,079523,068554,093458
0000000907,0000906000,074434,081275,079539,079523,069090,089485
0000000908,0000907000,084539,081600,078724,079523,070845,084962
0000000909,0000908000,081073,085607,090838,079523,074528,084962
0000000910,0000909000,074819,084096,099998,079523,078138,084962
0000000911,0000910000,085030,084578,089596,079523,083927,084962
0000000912,0000911000,094912,075670,073751,079523,084184,084962
0000000913,0000912000,093842,064972,080498,079523,084184,084962
0000000914,0000913000,089850,074833,092989,079523,084184,084962
0000000915,0000914000,083275,079682,072582,079523,084184,084962
0000000916,0000915000,099758,087871,065952,079523,084184,084962
0000000917,0000916000,097653,080055,071485,079523,084184,084962
0000000918,0000917000,081442,079010,077957,079523,084184,084962
0000000919,0000918000,083298,096406,076523,079523,084184,084962
0000000920,0000919000,085006,093850,059748,079523,084184,084962
0000000921,0000920000,087885,090525,070518,079523,084184,084962
0000000922,0000921000,075458,090373,086023,079523,084184,084962
0000000923,0000922000,065084,093581,080257,079523,084184,084962
0000000924,0000923000,078331,099998,076043,079523,084184,084962
0000000925,0000924000,078011,086197,077715,079523,084184,084962
0000000926,0000925000,069846,081551,094035,079523,084184,084962
0000000927,0000926000,066835,088527,097352,079523,084184,084962
0000000928,0000927000,072105,085391,082605,079523,084184,084962
0000000929,0000928000,085523,079424,087331,079523,084184,084962
0000000930,0000929000,079160,069431,096416,079523,084184,084962
0000000931,0000930000,074084,073081,096203,079523,084184,084962
0000000932,0000931000,085862,080571,085975,079523,084184,084962
0000000933,0000932000,092622,071595,077299,079523,084184,084962
0000000934,0000933000,093203,068844,088069,079523,084184,084962
0000000935,0000934000,086393,073361,087671,079523,084184,084962
0000000936,0000935000,089574,080490,072520,079523,084184,084962
0000000937,0000936000,099998,082926,068601,079523,084184,084962
0000000938,0000937000,093074,076673,073250,079523,084184,084962
0000000939,0000938000,085081,084147,078880,079523,084184,084962
0000000940,0000939000,085263,093628,070064,079523,084184,084962
0000000941,0000940000,088506,091975,062233,079523,084184,084962
0000000942,0000941000,086418,090173,073840,079523,084184,084962
0000000943,0000942000,072808,090608,081044,079523,084184,084962
0000000944,0000943000,071600,097329,077537,079523,084184,084962
0000000945,0000944000,078619,096862,074133,079523,084184,084962
0000000946,0000945000,075204,086778,081390,079523,084184,084962
0000000947,0000946000,069156,086587,093565,079523,084184,084962
0000000948,0000947000,067184,088810,089805,079523,084184,084962
0000000949,0000948000,075121,085938,084309,079523,084184,084962
0000000950,0000949000,080430,077965,091205,079523,084184,084962
0000000951,0000950000,074766,072473,096951,079523,084184,084962
0000000952,0000951000,076957,077304,094040,079523,084184,084962
0000000953,0000952000,086231,076620,084052,079523,084184,084962
0000000954,0000953000,090393,070296,084123,079523,084184,084962
0000000955,0000954000,088394,069894,090907,079523,084184,084962
0000000956,0000955000,086782,074095,084101,079523,084184,084962
0000000957,0000956000,095019,079491,072914,079523,084184,084962
0000000958,0000957000,097899,077528,072241,079523,084184,084962
0000000959,0000958000,090734,076930,077069,079523,084184,084962
0000000960,0000959000,086995,086040,075621,079523,084184,084962
0000000961,0000960000,089090,090297,066286,079523,084184,084962
0000000962,0000961000,090903,089148,066653,079523,084184,084962
0000000963,0000962000,083387,089544,075133,079523,084184,084962
0000000964,0000963000,074725,093854,076430,079523,084184,084962
0000000965,0000964000,077146,097800,073101,079523,084184,084962
0000000966,0000965000,078262,093236,074780,079523,084184,084962
0000000967,0000966000,072101,088382,085748,079523,084184,084962
0000000968,0000967000,068479,090934,088684,079523,084184,084962
0000000969,0000968000,071160,091005,083267,079523,084184,084962
0000000970,0000969000,076142,084968,086385,079523,084184,084962
0000000971,0000970000,073998,077353,095422,079523,084184,084962
0000000972,0000971000,071905,077381,096657,079523,084184,084962
0000000973,0000972000,079010,079456,089491,079523,084184,084962
0000000974,0000973000,086741,073972,085163,079523,084184,084962
0000000975,0000974000,086715,069523,090820,079523,084184,084962
0000000976,0000975000,083996,071503,091619,079523,084184,084962
0000000977,0000976000,088787,075494,081554,079523,084184,084962
0000000978,0000977000,096968,075633,075119,079523,084184,084962
0000000979,0000978000,095314,073368,077568,079523,084184,084962
0000000980,0000979000,089675,078415,078632,079523,084184,084962
0000000981,0000980000,089679,086540,071127,079523,084184,084962
0000000982,0000981000,093021,086850,066015,079523,084184,084962
0000000983,0000982000,090723,085292,071405,079523,084184,084962
0000000984,0000983000,081815,089507,075228,079523,084184,084962
0000000985,0000984000,078597,096662,071246,079523,084184,084962
0000000986,0000985000,081366,096700,069344,079523,084184,084962
0000000987,0000986000,078239,090870,076955,079523,084184,084962
0000000988,0000987000,070542,090497,086111,079523,084184,084962
0000000989,0000988000,068642,094227,083899,079523,084184,084962
0000000990,0000989000,073732,092235,080412,079523,084184,084962
0000000991,0000990000,075405,084263,087685,079523,084184,084962
0000000992,0000991000,070455,079508,096315,079523,084184,084962
0000000993,0000992000,070660,081716,094551,079523,084184,084962
0000000994,0000993000,078997,080257,087668,079523,084184,084962
0000000995,0000994000,084948,072787,088603,079523,084184,084962
0000000996,0000995000,083195,069751,094295,079523,084184,084962
0000000997,0000996000,082293,073374,090811,079523,084184,084962
0000000998,0000997000,089708,075718,081327,079523,084184,084962
0000000999,0000998000,096091,072343,078583,079523,084184,084962
0000001000,0000999000,093323,071312,081723,079523,084184,084962
0000001001,0001000000,089626,078508,078965,079523,084184,084962
0000001002,0001001000,092075,084807,069771,079523,084184,084962
0000001003,0001002000,095201,083917,067521,079523,084184,084962
0000001004,0001003000,090601,083161,073288,079523,084184,084962
0000001005,0001004000,082902,089329,074193,079523,084184,084962
0000001006,0001005000,082029,096269,068659,079523,084184,084962
0000001007,0001006000,083647,094914,068210,079523,084184,084962
0000001008,0001007000,078879,090722,076980,079523,084184,084962
0000001009,0001008000,071361,092487,083195,079523,084184,084962
0000001010,0001009000,070245,095938,080332,079523,084184,084962
0000001011,0001010000,074351,092754,079740,079523,084184,084962
0000001012,0001011000,073793,085279,087769,079523,084184,084962
0000001013,0001012000,069266,082797,094493,079523,084184,084962
0000001014,0001013000,070475,084406,092119,079523,084184,084962
0000001015,0001014000,077620,080895,088096,079523,084184,084962
0000001016,0001015000,081716,073680,091368,079523,084184,084962
0000001017,0001016000,080339,071339,095206,079523,084184,084962
0000001018,0001017000,081810,074262,090496,079523,084184,084962
0000001019,0001018000,088959,074743,083228,079523,084184,084962
0000001020,0001019000,093414,070906,082374,079523,084184,084962
0000001021,0001020000,091792,070904,084010,079523,084184,084962
0000001022,0001021000,090676,077248,078969,079523,084184,084962
0000001023,0001022000,093582,081676,071352,079523,084184,084962
0000001024,0001023000,095275,081161,070424,079523,084184,084962
0000001025,0001024000,090922,082268,073573,079523,084184,084962
0000001026,0001025000,085901,088484,072285,079523,084184,084962
0000001027,0001026000,085446,093528,067910,079523,084184,084962
0000001028,0001027000,084766,092992,068890,079523,084184,084962
0000001029,0001028000,079242,091873,075681,079523,084184,084962
0000001030,0001029000,074202,093855,078760,079523,084184,084962
0000001031,0001030000,073420,095792,077442,079523,084184,084962
0000001032,0001031000,073885,092959,080040,079523,084184,084962
0000001033,0001032000,071677,088115,086883,079523,084184,084962
0000001034,0001033000,069682,086627,090442,079523,084184,084962
0000001035,0001034000,071418,085772,089654,079523,084184,084962
0000001036,0001035000,075374,081110,090157,079523,084184,084962
0000001037,0001036000,077270,076445,093156,079523,084184,084962
0000001038,0001037000,078192,074778,093748,079523,084184,084962
0000001039,0001038000,082188,074405,090139,079523,084184,084962
0000001040,0001039000,086941,072734,087157,079523,084184,084962
0000001041,0001040000,088912,070977,086772,079523,084184,084962
0000001042,0001041000,090219,072063,084552,079523,084184,084962
0000001043,0001042000,093023,075529,078178,079523,084184,084962
0000001044,0001043000,094235,077164,075347,079523,084184,084962
0000001045,0001044000,093055,078451,075311,079523,084184,084962
0000001046,0001045000,091207,082441,073062,079523,084184,084962
0000001047,0001046000,090491,087113,069182,079523,084184,084962
0000001048,0001047000,089221,088862,068667,079523,084184,084962
0000001049,0001048000,084815,090519,071410,079523,084184,084962
0000001050,0001049000,079438,093807,073536,079523,084184,084962
0000001051,0001050000,078505,095044,073202,079523,084184,084962
0000001052,0001051000,077698,093804,075257,079523,084184,084962
0000001053,0001052000,073295,092482,081012,079523,084184,084962
0000001054,0001053000,069640,092333,084749,079523,084184,084962
0000001055,0001054000,070960,090940,084873,079523,084184,084962
0000001056,0001055000,073192,086164,087416,079523,084184,084962
0000001057,0001056000,072846,081197,092681,079523,084184,084962
0000001058,0001057000,072577,080319,093914,079523,084184,084962
0000001059,0001058000,076537,079398,090794,079523,084184,084962
0000001060,0001059000,082189,074781,089799,079523,084184,084962
0000001061,0001060000,084176,070678,091925,079523,084184,084962
0000001062,0001061000,084280,071605,090833,079523,084184,084962
0000001063,0001062000,088300,074100,084400,079523,084184,084962
0000001064,0001063000,093927,073720,079084,079523,084184,084962
0000001065,0001064000,094372,072802,079595,079523,084184,084962
0000001066,0001065000,091327,076215,079239,079523,084184,084962
0000001067,0001066000,091442,082000,073289,079523,084184,084962
0000001068,0001067000,093880,084716,068198,079523,084184,084962
0000001069,0001068000,092149,084672,069914,079523,084184,084962
0000001070,0001069000,085847,087957,072956,079523,084184,084962
0000001071,0001070000,081689,093741,071343,079523,084184,084962
0000001072,0001071000,081888,095362,069486,079523,084184,084962
0000001073,0001072000,080434,092741,073611,079523,084184,084962
0000001074,0001073000,074569,092246,079937,079523,084184,084962
0000001075,0001074000,070327,094709,081720,079523,084184,084962
0000001076,0001075000,071692,093848,081235,079523,084184,084962
0000001077,0001076000,073471,087990,085277,079523,084184,084962
0000001078,0001077000,071543,083485,091743,079523,084184,084962
0000001079,0001078000,070347,083273,093140,079523,084184,084962
0000001080,0001079000,074427,082134,090191,079523,084184,084962
0000001081,0001080000,079789,076711,090279,079523,084184,084962
0000001082,0001081000,081288,071899,093561,079523,084184,084962
0000001083,0001082000,081787,072297,092683,079523,084184,084962
0000001084,0001083000,086007,074194,086558,079523,084184,084962
0000001085,0001084000,091499,072818,082429,079523,084184,084962
0000001086,0001085000,093084,071094,082597,079523,084184,084962
0000001087,0001086000,091673,074132,080941,079523,084184,084962
0000001088,0001087000,092085,079325,075364,079523,084184,084962
0000001089,0001088000,094289,081549,070925,079523,084184,084962
0000001090,0001089000,093383,082329,071040,079523,084184,084962
0000001091,0001090000,088812,085916,072042,079523,084184,084962
0000001092,0001091000,085485,090819,070438,079523,084184,084962
0000001093,0001092000,084384,093315,069070,079523,084184,084962
0000001094,0001093000,081529,093142,072078,079523,084184,084962
0000001095,0001094000,077507,093044,076225,079523,084184,084962
0000001096,0001095000,074232,094549,077982,079523,084184,084962
0000001097,0001096000,072593,094569,079594,079523,084184,084962
0000001098,0001097000,071661,091090,084022,079523,084184,084962
0000001099,0001098000,071290,087687,087756,079523,084184,084962
0000001100,0001099000,071309,085765,089708,079523,084184,084962
0000001101,0001100000,072744,083114,090881,079523,084184,084962
