0000000001,0000000000,078209,017902,081189,020540,035395,083690
0000000002,0000001000,056861,045088,080605,030295,026111,083220
0000000003,0000002000,030493,068347,080916,041132,019114,079380
0000000004,0000003000,001916,085161,082092,052004,015075,072547
0000000005,0000004000,-26070,093824,084026,061852,014391,063381
0000000006,0000005000,-50953,093721,086523,069706,017138,052782
0000000007,0000006000,-70121,084829,089330,074795,023031,041800
0000000008,0000007000,-81553,067734,092181,076620,031505,031502
0000000009,0000008000,-84415,044374,094804,074996,041746,022883
0000000010,0000009000,-78466,017164,096931,070099,052723,016804
0000000011,0000010000,-63976,-11551,098352,062411,063354,013860
0000000012,0000011000,-42453,-38913,098938,052656,072638,014330
0000000013,0000012000,-16223,-62035,098626,041805,079651,018169
0000000014,0000013000,012318,-78799,097448,030941,083681,025002
0000000015,0000014000,040448,-87604,095515,021094,084363,034169
0000000016,0000015000,065219,-87410,093019,013230,081627,044768
0000000017,0000016000,084280,-78399,090212,008154,075723,055749
0000000018,0000017000,095923,-61519,087360,006336,067241,066048
0000000019,0000018000,098804,-38173,084737,007943,057017,074665
0000000020,0000019000,092648,-10755,082611,012839,046041,080745
0000000021,0000020000,078256,017863,081188,020540,035396,083690
0000000022,0000021000,056814,045136,080604,030288,026118,083219
0000000023,0000022000,030427,068410,080916,041136,019109,079380
0000000024,0000023000,001952,085120,082092,052012,015066,072546
0000000025,0000024000,-26038,093783,084025,061852,014393,063380
0000000026,0000025000,-50964,093741,086522,069704,017139,052781
0000000027,0000026000,-70106,084811,089329,074796,023029,041800
0000000028,0000027000,-81571,067752,092182,076617,031506,031502
0000000029,0000028000,-84472,044418,094805,074999,041743,022883
0000000030,0000029000,-78447,017140,096931,070109,052713,016803
0000000031,0000030000,-63930,-11597,098352,062412,063354,013859
0000000032,0000031000,-42461,-38910,098937,052652,072643,014330
0000000033,0000032000,-16250,-62008,098626,041809,079647,018169
0000000034,0000033000,012309,-78797,097449,030944,083680,025002
0000000035,0000034000,040439,-87603,095516,021096,084362,034168
0000000036,0000035000,065217,-87414,093019,013238,081622,044766
0000000037,0000036000,084323,-78439,090211,008155,075723,055747
0000000038,0000037000,095928,-61525,087359,006332,067247,066046
0000000039,0000038000,098755,-38127,084737,007945,057016,074664
0000000040,0000039000,092650,-10759,082611,012843,046038,080744
0000000041,0000040000,078281,017833,081188,020541,035397,083688
0000000042,0000041000,056810,045144,080604,030289,026118,083218
0000000043,0000042000,030441,068401,080915,041137,019109,079379
0000000044,0000043000,001968,085109,082092,052009,015070,072546
0000000045,0000044000,-26072,093817,084025,061851,014393,063380
0000000046,0000045000,-50982,093760,086522,069708,017135,052782
0000000047,0000046000,-70068,084776,089329,074797,023028,041801
0000000048,0000047000,-81557,067740,092181,076616,031507,031503
0000000049,0000048000,-84498,044450,094804,074999,041742,022885
0000000050,0000049000,-78448,017141,096930,070109,052712,016804
0000000051,0000050000,-63929,-11600,098353,062413,063352,013860
0000000052,0000051000,-42488,-38888,098938,052657,072638,014330
0000000053,0000052000,-16234,-62023,098626,041813,079644,018168
0000000054,0000053000,012337,-78827,097449,030945,083679,025001
0000000055,0000054000,040412,-87579,095516,021097,084361,034167
0000000056,0000055000,065197,-87396,093019,013242,081619,044765
0000000057,0000056000,084342,-78463,090212,008159,075721,055745
0000000058,0000057000,095931,-61531,087360,006335,067246,066043
0000000059,0000058000,098752,-38123,084737,007947,057016,074661
0000000060,0000059000,092675,-10779,082610,012844,046040,080741
0000000061,0000060000,078282,017834,081188,020540,035400,083686
0000000062,0000061000,056785,045171,080604,030290,026120,083216
0000000063,0000062000,030456,068389,080915,041138,019110,079378
0000000064,0000063000,001997,085086,082092,052007,015072,072546
0000000065,0000064000,-26084,093835,084025,061848,014396,063381
0000000066,0000065000,-50986,093771,086522,069706,017136,052783
0000000067,0000066000,-70057,084769,089329,074795,023027,041803
0000000068,0000067000,-81577,067760,092181,076614,031506,031505
0000000069,0000068000,-84509,044463,094804,074999,041739,022888
0000000070,0000069000,-78426,017119,096930,070109,052708,016808
0000000071,0000070000,-63936,-11596,098353,062412,063350,013863
0000000072,0000071000,-42519,-38861,098938,052658,072634,014332
0000000073,0000072000,-16233,-62030,098626,041817,079638,018170
0000000074,0000073000,012342,-78840,097450,030949,083675,025001
0000000075,0000074000,040395,-87571,095517,021102,084358,034165
0000000076,0000075000,065205,-87408,093020,013247,081616,044762
0000000077,0000076000,084359,-78486,090212,008163,075721,055742
0000000078,0000077000,095915,-61520,087361,006338,067248,066039
0000000079,0000078000,098748,-38121,084737,007952,057016,074656
0000000080,0000079000,092704,-10808,082610,012847,046042,080736
0000000081,0000080000,078290,017828,081188,020539,035405,083682
0000000082,0000081000,056781,045182,080603,030289,026124,083212
0000000083,0000082000,030476,068379,080914,041136,019114,079376
0000000084,0000083000,002002,085087,082091,052003,015077,072545
0000000085,0000084000,-26097,093858,084024,061844,014399,063382
0000000086,0000085000,-50974,093769,086521,069702,017137,052786
0000000087,0000086000,-70043,084764,089328,074789,023029,041807
0000000088,0000087000,-81599,067787,092181,076609,031506,031511
0000000089,0000088000,-84523,044480,094804,074997,041735,022893
0000000090,0000089000,-78422,017114,096930,070108,052704,016813
0000000091,0000090000,-63954,-11583,098354,062412,063345,013868
0000000092,0000091000,-42536,-38850,098939,052662,072627,014336
0000000093,0000092000,-16226,-62046,098627,041822,079631,018172
0000000094,0000093000,012331,-78842,097451,030954,083670,025002
0000000095,0000094000,040372,-87560,095518,021110,084352,034163
0000000096,0000095000,065213,-87428,093021,013256,081611,044758
0000000097,0000096000,084371,-78509,090214,008170,075720,055736
0000000098,0000097000,095909,-61521,087361,006344,067249,066032
0000000099,0000098000,098760,-38135,084738,007958,057019,074648
0000000100,0000099000,092728,-10831,082610,012849,046048,080729
0000000101,0000100000,078291,017831,081187,020539,035412,083675
0000000102,0000101000,056790,045183,080602,030288,026131,083207
0000000103,0000102000,030506,068362,080913,041131,019122,079372
0000000104,0000103000,002010,085094,082089,051995,015085,072544
0000000105,0000104000,-26103,093880,084022,061836,014405,063384
0000000106,0000105000,-50963,093773,086519,069694,017140,052790
0000000107,0000106000,-70043,084774,089327,074780,023031,041814
0000000108,0000107000,-81619,067815,092180,076602,031505,031519
0000000109,0000108000,-84528,044490,094803,074993,041730,022902
0000000110,0000109000,-78428,017118,096931,070105,052698,016823
0000000111,0000110000,-63986,-11560,098354,062412,063336,013876
0000000112,0000111000,-42557,-38840,098940,052667,072616,014342
0000000113,0000112000,-16228,-62060,098629,041828,079621,018176
0000000114,0000113000,012313,-78843,097453,030962,083661,025002
0000000115,0000114000,040357,-87563,095520,021120,084344,034161
0000000116,0000115000,065222,-87454,093023,013267,081606,044753
0000000117,0000116000,084374,-78528,090215,008179,075718,055728
0000000118,0000117000,095906,-61528,087362,006354,067249,066021
0000000119,0000118000,098784,-38162,084738,007965,057023,074637
0000000120,0000119000,092754,-10856,082610,012852,046056,080717
0000000121,0000120000,078301,017830,081187,020539,035422,083664
0000000122,0000121000,056812,045177,080601,030285,026142,083199
0000000123,0000122000,030534,068352,080911,041124,019134,079367
0000000124,0000123000,002016,085108,082087,051985,015097,072543
0000000125,0000124000,-26098,093898,084020,061825,014413,063386
0000000126,0000125000,-50948,093779,086517,069682,017146,052797
0000000127,0000126000,-70052,084799,089325,074768,023034,041824
0000000128,0000127000,-81641,067850,092179,076592,031503,031531
0000000129,0000128000,-84537,044504,094803,074986,041724,022916
0000000130,0000129000,-78447,017133,096931,070101,052689,016836
0000000131,0000130000,-64020,-11535,098355,062413,063324,013888
0000000132,0000131000,-42577,-38836,098941,052672,072602,014351
0000000133,0000132000,-16243,-62068,098631,041836,079607,018181
0000000134,0000133000,012286,-78842,097455,030974,083648,025003
0000000135,0000134000,040345,-87576,095523,021135,084333,034157
0000000136,0000135000,065230,-87486,093025,013282,081599,044745
0000000137,0000136000,084375,-78550,090217,008193,075716,055716
0000000138,0000137000,095913,-61548,087364,006367,067251,066007
0000000139,0000138000,098813,-38197,084738,007974,057029,074622
0000000140,0000139000,092780,-10880,082610,012856,046067,080702
0000000141,0000140000,078321,017822,081185,020539,035436,083651
0000000142,0000141000,056847,045162,080599,030280,026157,083188
0000000143,0000142000,030565,068346,080908,041114,019150,079361
0000000144,0000143000,002027,085127,082084,051971,015112,072542
0000000145,0000144000,-26085,093917,084017,061810,014425,063390
0000000146,0000145000,-50937,093796,086514,069665,017155,052805
0000000147,0000146000,-70065,084834,089323,074751,023038,041837
0000000148,0000147000,-81661,067886,092177,076579,031500,031547
0000000149,0000148000,-84552,044527,094802,074976,041716,022933
0000000150,0000149000,-78479,017161,096932,070095,052677,016853
0000000151,0000150000,-64062,-11507,098357,062414,063308,013903
0000000152,0000151000,-42603,-38832,098944,052678,072583,014363
0000000153,0000152000,-16270,-62072,098634,041847,079589,018189
0000000154,0000153000,012254,-78845,097459,030990,083631,025005
0000000155,0000154000,040333,-87599,095526,021154,084318,034153
0000000156,0000155000,065233,-87522,093029,013302,081589,044735
0000000157,0000156000,084376,-78578,090220,008212,075712,055701
0000000158,0000157000,095931,-61583,087365,006383,067253,065989
0000000159,0000158000,098849,-38240,084739,007986,057037,074601
0000000160,0000159000,092811,-10907,082610,012862,046081,080682
0000000161,0000160000,078353,017806,081184,020539,035454,083633
0000000162,0000161000,056892,045143,080596,030274,026178,083174
0000000163,0000162000,030600,068345,080905,041101,019172,079353
0000000164,0000163000,002046,085147,082081,051954,015131,072540
0000000165,0000164000,-26064,093937,084013,061789,014440,063395
0000000166,0000165000,-50929,093824,086511,069642,017166,052817
0000000167,0000166000,-70081,084881,089320,074730,023042,041853
0000000168,0000167000,-81681,067929,092175,076561,031497,031568
0000000169,0000168000,-84577,044560,094801,074963,041706,022956
0000000170,0000169000,-78524,017199,096932,070088,052661,016876
0000000171,0000170000,-64108,-11478,098359,062415,063287,013923
0000000172,0000171000,-42639,-38825,098947,052686,072559,014379
0000000173,0000172000,-16309,-62072,098638,041862,079565,018198
0000000174,0000173000,012218,-78853,097463,031010,083609,025007
0000000175,0000174000,040320,-87631,095531,021179,084300,034147
0000000176,0000175000,065231,-87563,093033,013326,081577,044722
0000000177,0000176000,084380,-78616,090223,008236,075707,055682
0000000178,0000177000,095957,-61632,087368,006404,067256,065965
0000000179,0000178000,098890,-38291,084740,008001,057049,074575
0000000180,0000179000,092850,-10941,082609,012869,046100,080656
0000000181,0000180000,078401,017780,081182,020539,035477,083610
0000000182,0000181000,056947,045122,080593,030265,026204,083157
0000000183,0000182000,030640,068348,080901,041084,019199,079342
0000000184,0000183000,002075,085169,082075,051932,015156,072537
0000000185,0000184000,-26037,093962,084008,061763,014460,063401
0000000186,0000185000,-50923,093865,086506,069614,017179,052831
0000000187,0000186000,-70099,084938,089316,074703,023047,041875
0000000188,0000187000,-81705,067979,092172,076539,031493,031594
0000000189,0000188000,-84614,044606,094800,074946,041694,022985
0000000190,0000189000,-78579,017248,096933,070080,052641,016904
0000000191,0000190000,-64163,-11446,098361,062416,063260,013948
0000000192,0000191000,-42688,-38814,098950,052696,072530,014399
0000000193,0000192000,-16361,-62069,098643,041880,079536,018209
0000000194,0000193000,012178,-78868,097469,031035,083581,025009
0000000195,0000194000,040303,-87670,095536,021208,084277,034140
0000000196,0000195000,065225,-87610,093038,013357,081563,044705
0000000197,0000196000,084388,-78667,090228,008266,075701,055658
0000000198,0000197000,095991,-61695,087370,006430,067259,065936
0000000199,0000198000,098937,-38350,084741,008019,057063,074543
0000000200,0000199000,092901,-10983,082608,012879,046122,080625
0000000201,0000200000,078463,017743,081179,020538,035505,083582
0000000202,0000201000,057011,045099,080589,030254,026236,083136
0000000203,0000202000,030689,068353,080895,041064,019232,079329
0000000204,0000203000,002116,085191,082069,051904,015186,072535
0000000205,0000204000,-26007,093994,084001,061731,014485,063409
0000000206,0000205000,-50920,093919,086500,069580,017196,052849
0000000207,0000206000,-70117,085003,089311,074671,023053,041901
0000000208,0000207000,-81733,068041,092169,076511,031488,031626
0000000209,0000208000,-84663,044667,094799,074926,041679,023020
0000000210,0000209000,-78645,017306,096934,070070,052617,016939
0000000211,0000210000,-64227,-11408,098364,062417,063229,013979
0000000212,0000211000,-42751,-38797,098955,052708,072494,014422
0000000213,0000212000,-16424,-62066,098649,041902,079499,018223
0000000214,0000213000,012132,-78890,097476,031066,083547,025012
0000000215,0000214000,040279,-87716,095543,021244,084250,034131
0000000216,0000215000,065215,-87665,093045,013395,081545,044686
0000000217,0000216000,084402,-78732,090233,008302,075694,055629
0000000218,0000217000,096031,-61771,087374,006460,067264,065900
0000000219,0000218000,098990,-38419,084743,008040,057080,074505
0000000220,0000219000,092964,-11038,082607,012890,046148,080587
0000000221,0000220000,078540,017697,081176,020537,035539,083549
0000000222,0000221000,057085,045074,080584,030240,026276,083110
0000000223,0000222000,030749,068358,080889,041039,019272,079314
0000000224,0000223000,002167,085214,082062,051871,015222,072532
0000000225,0000224000,-25972,094036,083994,061691,014514,063419
0000000226,0000225000,-50915,093985,086493,069538,017216,052871
0000000227,0000226000,-70135,085080,089305,074632,023060,041933
0000000228,0000227000,-81769,068116,092165,076478,031482,031665
0000000229,0000228000,-84723,044744,094798,074902,041661,023062
0000000230,0000229000,-78722,017374,096935,070058,052587,016980
0000000231,0000230000,-64305,-11364,098367,062419,063191,014016
0000000232,0000231000,-42830,-38773,098960,052723,072452,014450
0000000233,0000232000,-16499,-62063,098656,041929,079456,018240
0000000234,0000233000,012079,-78917,097484,031103,083507,025015
0000000235,0000234000,040247,-87768,095552,021286,084218,034121
0000000236,0000235000,065204,-87730,093052,013439,081524,044662
0000000237,0000236000,084420,-78813,090239,008345,075686,055595
0000000238,0000237000,096078,-61861,087378,006496,067271,065858
0000000239,0000238000,099053,-38500,084745,008066,057100,074459
0000000240,0000239000,093043,-11106,082606,012903,046180,080542
0000000241,0000240000,078632,017642,081172,020536,035580,083509
0000000242,0000241000,057172,045046,080578,030224,026322,083079
0000000243,0000242000,030824,068362,080881,041010,019319,079296
0000000244,0000243000,002230,085241,082053,051832,015265,072528
0000000245,0000244000,-25934,094087,083985,061645,014549,063430
0000000246,0000245000,-50910,094062,086485,069490,017239,052896
0000000247,0000246000,-70154,085168,089298,074587,023069,041970
0000000248,0000247000,-81813,068206,092160,076439,031475,031711
0000000249,0000248000,-84796,044836,094796,074874,041639,023112
0000000250,0000249000,-78810,017452,096936,070045,052552,017028
0000000251,0000250000,-64397,-11311,098371,062420,063146,014058
0000000252,0000251000,-42926,-38742,098967,052740,072402,014483
0000000253,0000252000,-16585,-62061,098665,041960,079405,018259
0000000254,0000253000,012016,-78951,097493,031146,083461,025019
0000000255,0000254000,040207,-87827,095562,021336,084181,034108
0000000256,0000255000,065190,-87808,093061,013492,081499,044634
0000000257,0000256000,084443,-78910,090247,008394,075677,055554
0000000258,0000257000,096130,-61965,087383,006538,067278,065809
0000000259,0000258000,099126,-38594,084747,008096,057123,074406
0000000260,0000259000,093137,-11189,082605,012918,046217,080490
0000000261,0000260000,078738,017578,081168,020534,035628,083463
0000000262,0000261000,057273,045015,080571,030205,026376,083044
0000000263,0000262000,030913,068364,080872,040977,019373,079275
0000000264,0000263000,002304,085271,082042,051786,015314,072524
0000000265,0000264000,-25890,094149,083974,061591,014590,063444
0000000266,0000265000,-50901,094152,086475,069434,017265,052926
0000000267,0000266000,-70175,085270,089290,074534,023078,042013
0000000268,0000267000,-81866,068314,092155,076395,031467,031764
0000000269,0000268000,-84880,044943,094793,074842,041614,023169
0000000270,0000269000,-78911,017541,096937,070029,052512,017084
0000000271,0000270000,-64507,-11247,098375,062423,063095,014108
0000000272,0000271000,-43038,-38705,098974,052760,072344,014520
0000000273,0000272000,-16684,-62060,098674,041997,079347,018281
0000000274,0000273000,011941,-78988,097505,031195,083408,025023
0000000275,0000274000,040158,-87893,095573,021394,084138,034094
0000000276,0000275000,065176,-87899,093072,013552,081471,044602
0000000277,0000276000,084469,-79024,090255,008451,075666,055508
0000000278,0000277000,096189,-62084,087390,006585,067287,065752
0000000279,0000278000,099210,-38704,084750,008130,057150,074344
0000000280,0000279000,093247,-11286,082604,012935,046260,080430
0000000281,0000280000,078859,017504,081163,020531,035683,083411
0000000282,0000281000,057389,044978,080563,030183,026438,083004
0000000283,0000282000,031018,068364,080861,040938,019436,079252
0000000284,0000283000,002389,085306,082030,051733,015371,072520
0000000285,0000284000,-25839,094221,083962,061529,014635,063460
0000000286,0000285000,-50888,094253,086464,069370,017295,052960
0000000287,0000286000,-70198,085388,089281,074473,023089,042063
0000000288,0000287000,-81928,068441,092148,076343,031458,031824
0000000289,0000288000,-84975,045066,094790,074806,041585,023235
0000000290,0000289000,-79026,017644,096938,070011,052466,017148
0000000291,0000290000,-64634,-11171,098380,062425,063036,014164
0000000292,0000291000,-43167,-38661,098983,052783,072278,014563
0000000293,0000292000,-16797,-62059,098686,042039,079280,018306
0000000294,0000293000,011854,-79029,097517,031251,083347,025027
0000000295,0000294000,040100,-87967,095586,021459,084090,034077
0000000296,0000295000,065160,-88004,093084,013621,081439,044566
0000000297,0000296000,084498,-79153,090265,008516,075655,055455
0000000298,0000297000,096253,-62219,087397,006640,067297,065688
0000000299,0000298000,099308,-38832,084753,008169,057181,074274
0000000300,0000299000,093373,-11399,082603,012954,046310,080362
0000000301,0000300000,078997,017420,081158,020528,035746,083351
0000000302,0000301000,057523,044934,080554,030159,026508,082959
0000000303,0000302000,031141,068362,080849,040893,019506,079226
0000000304,0000303000,002487,085346,082017,051673,015436,072516
0000000305,0000304000,-25780,094303,083948,061460,014687,063478
0000000306,0000305000,-50871,094367,086450,069297,017328,053000
0000000307,0000306000,-70225,085522,089270,074404,023101,042120
0000000308,0000307000,-81998,068586,092141,076285,031447,031893
0000000309,0000308000,-85081,045206,094787,074765,041552,023309
0000000310,0000309000,-79157,017762,096939,069991,052413,017221
0000000311,0000310000,-64780,-11082,098386,062429,062969,014227
0000000312,0000311000,-43314,-38610,098993,052810,072204,014611
0000000313,0000312000,-16926,-62057,098698,042086,079205,018334
0000000314,0000313000,011752,-79074,097532,031315,083279,025032
0000000315,0000314000,040033,-88051,095601,021533,084035,034057
0000000316,0000315000,065141,-88125,093098,013698,081403,044524
0000000317,0000316000,084528,-79299,090277,008589,075642,055394
0000000318,0000317000,096326,-62372,087405,006701,067309,065615
0000000319,0000318000,099419,-38979,084756,008212,057217,074196
0000000320,0000319000,093515,-11528,082601,012975,046365,080285
0000000321,0000320000,079152,017325,081152,020524,035817,083284
0000000322,0000321000,057676,044883,080544,030130,026587,082908
0000000323,0000322000,031280,068357,080836,040843,019586,079196
0000000324,0000323000,002597,085391,082001,051605,015508,072511
0000000325,0000324000,-25712,094395,083932,061381,014745,063499
0000000326,0000325000,-50849,094494,086436,069215,017366,053044
0000000327,0000326000,-70254,085674,089258,074327,023114,042183
0000000328,0000327000,-82077,068750,092132,076221,031434,031970
0000000329,0000328000,-85200,045364,094783,074719,041514,023392
0000000330,0000329000,-79305,017896,096941,069969,052354,017301
0000000331,0000330000,-64946,-10979,098392,062433,062894,014298
0000000332,0000331000,-43479,-38552,099003,052840,072120,014664
0000000333,0000332000,-17072,-62054,098713,042140,079121,018364
0000000334,0000333000,011635,-79122,097549,031387,083203,025036
0000000335,0000334000,039957,-88144,095618,021617,083974,034035
0000000336,0000335000,065118,-88260,093114,013784,081364,044477
0000000337,0000336000,084560,-79462,090290,008670,075628,055327
0000000338,0000337000,096405,-62544,087414,006769,067323,065533
0000000339,0000338000,099544,-39146,084760,008260,057256,074108
0000000340,0000339000,093674,-11673,082600,012998,046427,080200
0000000341,0000340000,079326,017217,081145,020520,035896,083209
0000000342,0000341000,057850,044822,080532,030098,026675,082852
0000000343,0000342000,031438,068350,080821,040787,019674,079164
0000000344,0000343000,002721,085440,081984,051530,015588,072507
0000000345,0000344000,-25632,094495,083914,061293,014809,063522
0000000346,0000345000,-50823,094635,086419,069124,017407,053093
0000000347,0000346000,-70285,085844,089244,074242,023129,042255
0000000348,0000347000,-82162,068935,092122,076149,031420,032056
0000000349,0000348000,-85330,045540,094779,074669,041472,023484
0000000350,0000349000,-79470,018049,096942,069945,052289,017391
0000000351,0000350000,-65132,-10862,098399,062438,062811,014376
0000000352,0000351000,-43664,-38485,099015,052874,072027,014723
0000000353,0000352000,-17237,-62047,098728,042199,079028,018398
0000000354,0000353000,011502,-79173,097567,031466,083118,025041
0000000355,0000354000,039871,-88248,095637,021709,083907,034010
0000000356,0000355000,065091,-88410,093131,013880,081321,044425
0000000357,0000356000,084592,-79643,090305,008759,075614,055252
0000000358,0000357000,096493,-62736,087424,006844,067338,065443
0000000359,0000358000,099682,-39333,084765,008313,057301,074011
0000000360,0000359000,093849,-11837,082599,013023,046497,080106
0000000361,0000360000,079520,017094,081138,020514,035984,083127
0000000362,0000361000,058045,044751,080520,030063,026773,082790
0000000363,0000362000,031615,068341,080804,040724,019772,079129
0000000364,0000363000,002861,085494,081964,051446,015677,072502
0000000365,0000364000,-25541,094605,083894,061197,014879,063549
0000000366,0000365000,-50791,094791,086400,069024,017452,053149
0000000367,0000366000,-70318,086034,089228,074148,023144,042333
0000000368,0000367000,-82255,069140,092111,076071,031403,032151
0000000369,0000368000,-85474,045737,094773,074614,041425,023586
0000000370,0000369000,-79653,018220,096943,069919,052216,017490
0000000371,0000370000,-65337,-10731,098407,062444,062719,014462
0000000372,0000371000,-43868,-38410,099028,052912,071925,014788
0000000373,0000372000,-17422,-62038,098746,042265,078925,018435
0000000374,0000373000,011352,-79226,097587,031554,083026,025046
0000000375,0000374000,039773,-88361,095658,021810,083833,033982
0000000376,0000375000,065058,-88575,093151,013985,081273,044367
0000000377,0000376000,084625,-79842,090321,008858,075598,055169
0000000378,0000377000,096588,-62950,087436,006926,067356,065343
0000000379,0000378000,099834,-39542,084771,008371,057350,073904
0000000380,0000379000,094042,-12018,082598,013050,046573,080002
0000000381,0000380000,079734,016957,081131,020507,036080,083038
0000000382,0000381000,058261,044670,080506,030023,026880,082723
0000000383,0000382000,031811,068327,080786,040655,019879,079091
0000000384,0000383000,003018,085550,081943,051354,015774,072497
0000000385,0000384000,-25437,094723,083872,061090,014956,063578
0000000386,0000385000,-50753,094962,086379,068914,017501,053209
0000000387,0000386000,-70353,086244,089211,074045,023160,042420
0000000388,0000387000,-82355,069365,092099,075985,031385,032255
0000000389,0000388000,-85630,045955,094767,074554,041373,023698
0000000390,0000389000,-79855,018412,096944,069891,052136,017598
0000000391,0000390000,-65564,-10583,098415,062451,062618,014555
0000000392,0000391000,-44095,-38324,099042,052954,071813,014858
0000000393,0000392000,-17628,-62023,098765,042337,078813,018474
0000000394,0000393000,011184,-79283,097610,031650,082925,025050
0000000395,0000394000,039663,-88483,095682,021922,083753,033951
0000000396,0000395000,065019,-88754,093173,014100,081222,044303
0000000397,0000396000,084658,-80060,090340,008965,075581,055079
0000000398,0000397000,096690,-63185,087450,007015,067376,065234
0000000399,0000398000,099998,-39772,084778,008433,057404,073788
0000000400,0000399000,094252,-12220,082597,013078,046657,079890
0000000401,0000400000,079970,016801,081123,020500,036186,082940
0000000402,0000401000,049662,080900,084131,039623,027620,083266
0000000403,0000402000,051025,065011,080448,053191,019163,078224
0000000404,0000403000,037150,087936,082191,064440,017963,074606
0000000405,0000404000,012852,099998,084421,066717,014752,063346
0000000406,0000405000,-02007,076785,084557,066856,018859,054587
0000000407,0000406000,-24151,096781,090246,059107,023352,042697
0000000408,0000407000,-22200,038781,088997,046942,030697,031738
0000000409,0000408000,-40204,042486,094339,031940,041815,024379
0000000410,0000409000,-37960,005332,095495,012118,050402,016108
0000000411,0000410000,-36069,-27358,096587,-03908,062586,014723
0000000412,0000411000,-39850,-26992,099998,-20848,069890,012980
0000000413,0000412000,-17613,-77473,096918,-33015,077479,017002
0000000414,0000413000,-12323,-64943,098710,-40961,082151,024007
0000000415,0000414000,006851,-89537,095326,-44858,082063,031867
0000000416,0000415000,013672,-76292,094223,-40523,081704,044351
0000000417,0000416000,022300,-59030,092345,-32735,074483,053650
0000000418,0000417000,038028,-60533,087815,-17587,067662,065315
0000000419,0000418000,034902,-14082,087599,-00586,057597,073846
0000000420,0000419000,046686,-14509,082705,018354,046733,079943
0000000421,0000420000,038192,030151,082896,038775,037593,084480
0000000422,0000421000,031473,050834,081638,055715,026951,082864
0000000423,0000422000,026898,063330,080786,071805,021165,080619
0000000424,0000423000,014558,091808,083050,081161,015825,072968
0000000425,0000424000,011849,075565,082378,085664,015173,064307
0000000426,0000425000,-04722,094183,086551,084196,017935,054164
0000000427,0000426000,-08798,072137,087855,076097,022343,042100
0000000428,0000427000,-17729,059722,091033,064926,031518,032816
0000000429,0000428000,-22896,043765,094237,048078,040020,022640
0000000430,0000429000,-16712,002827,094877,030434,051497,017108
0000000431,0000430000,-21269,-05438,098357,011618,061831,013698
0000000432,0000431000,-12986,-44508,097767,-05636,070756,013414
0000000433,0000432000,-10816,-52435,098945,-18537,078804,017804
0000000434,0000433000,-02339,-69214,097888,-28213,082022,023295
0000000435,0000434000,008305,-82604,095706,-30952,084128,033327
0000000436,0000435000,012667,-69042,094739,-29277,081331,043424
0000000437,0000436000,024086,-75091,090678,-21166,076056,054759
0000000438,0000437000,023392,-44527,089493,-07742,068353,065662
0000000439,0000438000,029518,-31756,086015,008665,057665,073757
0000000440,0000439000,031023,-07013,083748,028464,047770,081059
0000000441,0000440000,028468,023425,082615,047075,036409,083594
0000000442,0000441000,028439,036276,080597,065097,027614,084038
0000000443,0000442000,018233,069510,081823,079549,020288,080441
0000000444,0000443000,015351,072397,081511,089354,015464,073413
0000000445,0000444000,006250,085337,083663,094373,014980,064942
0000000446,0000445000,000464,083045,085615,092267,016508,053525
0000000447,0000446000,-03681,069017,087611,085435,022694,043094
0000000448,0000447000,-12807,063703,091353,072754,030474,032170
0000000449,0000448000,-12883,032804,092911,056756,040451,023210
0000000450,0000449000,-17017,018125,096093,038824,051572,017035
0000000451,0000450000,-13919,-12779,097230,019764,061671,013090
0000000452,0000451000,-10631,-36341,098138,003016,071831,013812
0000000453,0000452000,-07801,-50352,098747,-11531,078661,016809
0000000454,0000453000,000154,-71853,097271,-20806,083442,023741
0000000455,0000454000,003438,-69322,096742,-24831,084580,032803
0000000456,0000455000,013327,-76396,093827,-23248,081980,043184
0000000457,0000456000,018595,-64716,091682,-15426,076964,054943
0000000458,0000457000,023524,-49624,089067,-03417,068256,065083
0000000459,0000458000,028193,-33444,086046,013236,058660,074592
0000000460,0000459000,027038,-02600,084506,031668,047435,080907
0000000461,0000460000,029271,013810,082039,050724,036592,084294
0000000462,0000461000,025084,042587,081640,068520,027303,084552
0000000463,0000462000,021966,058562,081150,082663,019466,080680
0000000464,0000463000,016114,071715,081824,093052,015396,074532
0000000465,0000464000,007849,082851,083700,097459,013841,065009
0000000466,0000465000,003159,076290,085115,096506,016278,054401
0000000467,0000466000,-05064,074511,088211,089669,021845,043122
0000000468,0000467000,-08449,054645,090346,077511,029880,032128
0000000469,0000468000,-13133,037522,093154,061937,040418,023347
0000000470,0000469000,-15521,015652,095519,043530,051086,016299
0000000471,0000470000,-14174,-12033,096892,025178,062271,013037
0000000472,0000471000,-13305,-29597,098362,007772,071824,012815
0000000473,0000472000,-06887,-54077,097945,-06628,079314,016221
0000000474,0000473000,-02622,-63635,097712,-16513,084182,023101
0000000475,0000474000,004343,-72060,096160,-21459,085142,031982
0000000476,0000475000,011359,-72234,094066,-20091,083188,043151
0000000477,0000476000,016864,-61645,091960,-13456,077362,054351
0000000478,0000477000,024175,-52395,088883,-01515,069152,065353
0000000479,0000478000,026762,-28599,086757,014258,058976,074731
0000000480,0000479000,029727,-09175,084204,032235,047601,081366
0000000481,0000480000,028891,015888,082670,051213,036820,085269
0000000482,0000481000,026268,039304,081768,068602,026707,085106
0000000483,0000482000,023196,055127,081274,083458,019217,081874
0000000484,0000483000,016367,072103,082277,093795,014414,075139
0000000485,0000484000,010963,075371,083261,098886,013053,065816
0000000486,0000485000,002883,078116,085494,098425,015456,055023
0000000487,0000486000,-03548,069907,087803,091995,020795,043201
0000000488,0000487000,-08778,055089,090276,080816,029394,032341
0000000489,0000488000,-13539,038649,093012,065337,039595,022720
0000000490,0000489000,-14529,013140,094903,047538,050976,015840
0000000491,0000490000,-15663,-07050,096927,029022,062250,012144
0000000492,0000491000,-12842,-31024,097711,011459,072100,011788
0000000493,0000492000,-08891,-48915,097975,-03073,080097,015385
0000000494,0000493000,-03401,-61603,097478,-13754,084771,021900
0000000495,0000494000,004068,-70833,095934,-19044,086317,031379
0000000496,0000495000,010074,-67915,094293,-18774,084083,042453
0000000497,0000496000,017514,-63503,091727,-12813,078417,054150
0000000498,0000497000,022640,-48519,089374,-01579,070091,065513
0000000499,0000498000,027090,-30506,086829,013467,059442,074989
0000000500,0000499000,029719,-09806,084542,031305,048106,082259
0000000501,0000500000,029118,014925,083059,049777,036634,086041
0000000502,0000501000,027696,034524,081821,067409,026478,086331
0000000503,0000502000,022839,055091,081810,082436,018534,082996
0000000504,0000503000,017755,066892,082234,093279,013421,076129
0000000505,0000504000,011169,074212,083513,099210,012070,066811
0000000506,0000505000,003929,075325,085451,099272,014111,055455
0000000507,0000506000,-02291,067011,087583,093825,019817,043612
0000000508,0000507000,-08817,056204,090268,083162,028343,032150
0000000509,0000508000,-12481,036612,092526,068365,038894,022259
0000000510,0000509000,-15092,016263,094797,051001,050645,015082
0000000511,0000510000,-15147,-06454,096455,032487,062116,010951
0000000512,0000511000,-12917,-28497,097377,014959,072608,010711
0000000513,0000512000,-09543,-45149,097780,-00185,080710,014027
0000000514,0000513000,-03521,-60119,097107,-11323,085858,020815
0000000515,0000514000,002546,-65838,096017,-17436,087503,030411
0000000516,0000515000,009820,-67164,094114,-18067,085287,041728
0000000517,0000516000,016492,-60988,091905,-12900,079738,053950
0000000518,0000517000,021990,-47810,089551,-02685,071035,065511
0000000519,0000518000,026695,-31522,087022,011840,060319,075604
0000000520,0000519000,028664,-09477,085033,029110,048462,083064
0000000521,0000520000,029420,011256,083254,047449,036629,087166
0000000522,0000521000,027379,032994,082292,065201,026106,087674
0000000523,0000522000,023555,050930,082029,080469,017651,084243
0000000524,0000523000,018390,063409,082453,092049,012419,077469
0000000525,0000524000,011638,071844,083724,098643,010678,067756
0000000526,0000525000,005244,071374,085351,099724,012751,056196
0000000527,0000526000,-01690,066370,087617,095177,018471,043914
0000000528,0000527000,-07335,054052,089935,085326,027133,031976
0000000529,0000528000,-11745,037236,092280,071309,038112,021786
0000000530,0000529000,-14502,017590,094453,054296,050100,014071
0000000531,0000530000,-14607,-04837,096002,036098,062153,009789
0000000532,0000531000,-13232,-24404,097107,018383,072988,009274
0000000533,0000532000,-09356,-42896,097329,002843,081531,012576
0000000534,0000533000,-04353,-55594,096936,-08946,087068,019516
0000000535,0000534000,001824,-62745,095822,-16019,088827,029240
0000000536,0000535000,008739,-64298,094081,-17536,086830,041023
0000000537,0000536000,015091,-58202,092067,-13479,081105,053535
0000000538,0000537000,021202,-47663,089666,-04157,072283,065635
0000000539,0000538000,025425,-30754,087425,009552,061235,076170
0000000540,0000539000,028155,-11543,085340,026234,048923,083989
0000000541,0000540000,028798,009269,083701,044400,036711,088497
0000000542,0000541000,027181,029930,082718,062154,025593,089080
0000000543,0000542000,024035,046521,082334,077904,016802,085792
0000000544,0000543000,018824,060143,082802,090111,011156,078859
0000000545,0000544000,012901,067173,083806,097608,009186,068923
0000000546,0000545000,006203,068659,085452,099760,011205,057051
0000000547,0000546000,-00355,063769,087498,096238,016896,044244
0000000548,0000547000,-06005,052649,089691,087479,025850,031916
0000000549,0000548000,-10721,037670,091994,074239,037082,021165
0000000550,0000549000,-13331,018164,093972,057845,049560,013070
0000000551,0000550000,-14279,-01659,095616,039909,062104,008454
0000000552,0000551000,-12953,-21408,096619,022093,073399,007695
0000000553,0000552000,-09710,-38641,096955,006193,082473,011007
0000000554,0000553000,-05058,-51099,096640,-06382,088306,017966
0000000555,0000554000,000998,-59044,095585,-14372,090387,028007
0000000556,0000555000,007298,-60171,094088,-17042,088465,040120
0000000557,0000556000,013862,-56058,092107,-14149,082691,053088
0000000558,0000557000,019650,-45784,089939,-05900,073694,065729
0000000559,0000558000,024219,-30819,087767,006834,062239,076706
0000000560,0000559000,027258,-13056,085758,022899,049545,085043
0000000561,0000560000,028082,007028,084216,040685,036763,089854
0000000562,0000561000,027160,025754,083151,058499,025148,090688
0000000563,0000562000,024128,042599,082813,074658,015875,087464
0000000564,0000563000,019626,055178,083109,087579,009797,080401
0000000565,0000564000,013971,062684,084026,096115,007605,070272
0000000566,0000565000,007530,064807,085533,099391,009452,057966
0000000567,0000566000,001264,060468,087371,097135,015233,044733
0000000568,0000567000,-04659,051399,089490,089539,024370,031859
0000000569,0000568000,-09248,037071,091586,077306,035950,020576
0000000570,0000569000,-12327,019708,093526,061665,048925,012034
0000000571,0000570000,-13549,001007,095087,044072,061958,007002
0000000572,0000571000,-12663,-17692,096084,026278,073847,006056
0000000573,0000572000,-10074,-33664,096515,009947,083393,009253
0000000574,0000573000,-05676,-46374,096229,-03371,089658,016319
0000000575,0000574000,-00231,-53816,095374,-12404,092033,026614
0000000576,0000575000,005959,-56070,093984,-16336,090220,039084
0000000577,0000576000,012278,-52735,092192,-14735,084449,052575
0000000578,0000577000,017997,-43711,090202,-07789,075206,065719
0000000579,0000578000,022828,-30725,088137,003870,063424,077268
0000000580,0000579000,025977,-14036,086286,019110,050240,086084
0000000581,0000580000,027412,003947,084746,036441,036902,091283
0000000582,0000581000,026841,021762,083729,054232,024748,092394
0000000583,0000582000,024369,037578,083325,070746,014919,089226
0000000584,0000583000,020389,049656,083509,084458,008435,082116
0000000585,0000584000,015052,057565,084323,094058,005911,071717
0000000586,0000585000,009113,059813,085613,098640,007620,059032
0000000587,0000586000,002892,057021,087311,097781,013435,045316
0000000588,0000587000,-02892,049059,089222,091526,022751,031872
0000000589,0000588000,-07671,036531,091176,080503,034718,020055
0000000590,0000589000,-11088,021084,093007,065742,048148,010975
0000000591,0000590000,-12622,003744,094469,048685,061755,005552
0000000592,0000591000,-12371,-13184,095497,030971,074217,004328
0000000593,0000592000,-10198,-28524,095937,014272,084300,007415
0000000594,0000593000,-06432,-40456,095780,000193,091037,014571
0000000595,0000594000,-01437,-48044,095067,-09974,093712,025081
0000000596,0000595000,004430,-51018,093846,-15247,092087,037955
0000000597,0000596000,010448,-48518,092273,-15135,086286,051926
0000000598,0000597000,016235,-41379,090443,-09642,076855,065636
0000000599,0000598000,021080,-29883,088582,000730,064728,077762
0000000600,0000599000,024588,-15273,086840,014959,051047,087087
0000000601,0000600000,026439,000944,085384,031702,037163,092735
0000000602,0000601000,026374,017298,084396,049330,024403,094114
0000000603,0000602000,024567,031782,083920,066176,014032,091078
0000000604,0000603000,021058,043577,084025,080653,007073,083910
0000000605,0000604000,016313,051214,084660,091390,004201,073277
0000000606,0000605000,010714,054242,085775,097397,005745,060227
0000000607,0000606000,004760,052586,087258,098082,011539,046002
0000000608,0000607000,-00906,046101,088951,093388,021049,032012
0000000609,0000608000,-05865,035688,090740,083751,033353,019607
0000000610,0000609000,-09501,022068,092399,070092,047262,009991
0000000611,0000610000,-11562,006903,093795,053735,061439,004133
0000000612,0000611000,-11824,-08481,094787,036231,074484,002591
0000000613,0000612000,-10267,-22549,095271,019261,085147,005553
0000000614,0000613000,-07142,-33717,095233,004413,092356,012738
0000000615,0000614000,-02643,-41449,094668,-06915,095397,023468
0000000616,0000615000,002708,-44794,093670,-13657,093970,036705
0000000617,0000616000,008496,-43650,092302,-15186,088182,051156
0000000618,0000617000,014146,-38117,090709,-11336,078599,065436
0000000619,0000618000,019093,-28665,089051,-02482,066131,078130
0000000620,0000619000,022921,-16315,087459,010541,051992,088012
0000000621,0000620000,025177,-02084,086123,026479,037543,094110
0000000622,0000621000,025751,012244,085151,043805,024188,095810
0000000623,0000622000,024547,025511,084644,060881,013250,092936
0000000624,0000623000,021724,036441,084629,076087,005785,085741
0000000625,0000624000,017580,043946,085095,088012,002551,074926
0000000626,0000625000,012439,047648,086002,095528,003870,061519
0000000627,0000626000,006857,047096,087231,097931,009627,046829
0000000628,0000627000,001280,042502,088699,094992,019279,032289
0000000629,0000628000,-03711,034136,090252,086976,031890,019299
0000000630,0000629000,-07649,022935,091738,074658,046258,009144
0000000631,0000630000,-10183,010064,093020,059207,060973,002812
0000000632,0000631000,-11031,-03374,093964,042105,074615,000938
0000000633,0000632000,-10200,-15778,094496,024973,085848,003718
0000000634,0000633000,-07732,-26182,094561,009419,093558,010898
0000000635,0000634000,-03911,-33649,094185,-03093,096993,021799
0000000636,0000635000,000917,-37577,093408,-11402,095796,035353
0000000637,0000636000,006331,-37697,092295,-14719,090079,050262
0000000638,0000637000,011782,-33959,090971,-12733,080375,065070
0000000639,0000638000,016810,-26881,089543,-05626,067624,078334
0000000640,0000639000,020880,-16933,088158,005930,053058,088764
0000000641,0000640000,023639,-05278,086946,020824,038077,095332
0000000642,0000641000,024829,006883,086031,037648,024153,097390
0000000643,0000642000,024342,018482,085491,054798,012641,094712
0000000644,0000643000,022285,028318,085356,070669,004672,087554
0000000645,0000644000,018816,035629,085645,083774,001036,076600
0000000646,0000645000,014298,039781,086302,092887,002097,062901
0000000647,0000646000,009121,040566,087265,097161,007767,047794
0000000648,0000647000,003769,037859,088450,096185,017498,032739
0000000649,0000648000,-01235,031904,089739,090052,030368,019203
0000000650,0000649000,-05449,023441,091012,079340,045127,008506
0000000651,0000650000,-08435,013159,092140,065069,060343,001699
0000000652,0000651000,-09958,002197,093025,048598,074541,-00541
0000000653,0000652000,-09872,-08365,093578,031480,086328,002012
0000000654,0000653000,-08207,-17587,093762,015328,094548,009132
0000000655,0000654000,-05149,-24677,093581,001645,098390,020127
0000000656,0000655000,-00955,-29114,093050,-08290,097474,033937
0000000657,0000656000,003957,-30472,092234,-13548,091875,049227
0000000658,0000657000,009161,-28804,091207,-13638,082123,064509
0000000659,0000658000,014156,-24220,090067,-08545,069163,078300
0000000660,0000659000,018470,-17143,088920,001247,054238,089252
0000000661,0000660000,021711,-08398,087876,014811,038799,096295
0000000662,0000661000,023559,001196,087042,030861,024350,098728
0000000663,0000662000,023886,010675,086477,047882,012301,096301
0000000664,0000663000,022659,019209,086232,064280,003834,089246
0000000665,0000664000,020017,026011,086318,078521,-00220,078234
0000000666,0000665000,016210,030607,086709,089285,000546,064334
0000000667,0000666000,011572,032700,087366,095563,006060,048893
0000000668,0000667000,006552,032030,088225,096772,015799,033409
0000000669,0000668000,001592,028812,089209,092795,028831,019385
0000000670,0000669000,-02822,023351,090215,084005,043890,008188
0000000671,0000670000,-06289,016180,091157,071237,059519,000920
0000000672,0000671000,-08494,008057,091947,055694,074197,-01709
0000000673,0000672000,-09236,-00224,092509,038839,086490,000572
0000000674,0000673000,-08480,-07906,092810,022252,095194,007549
0000000675,0000674000,-06290,-14424,092832,007477,099455,018545
0000000676,0000675000,-02889,-19178,092582,-04112,098857,032500
0000000677,0000676000,001420,-21865,092092,-11438,093444,048059
0000000678,0000677000,006244,-22350,091413,-13817,083739,063715
0000000679,0000678000,011126,-20553,090607,-11028,070675,077942
0000000680,0000679000,015630,-16736,089744,-03331,055514,089358
0000000681,0000680000,019321,-11292,088916,008549,039728,096847
0000000682,0000681000,021876,-04793,088190,023491,024854,099669
0000000683,0000682000,023065,002184,087626,040098,012344,097545
0000000684,0000683000,022789,008986,087272,056813,003416,090676
0000000685,0000684000,021096,015028,087145,072084,-01052,079724
0000000686,0000685000,018134,019937,087245,084492,-00623,065752
0000000687,0000686000,014189,023284,087554,092886,004663,050117
0000000688,0000687000,009608,024849,088045,096488,014303,034336
0000000689,0000688000,004817,024576,088666,094960,027363,019937
0000000690,0000689000,000259,022528,089358,088449,042580,008329
0000000691,0000690000,-03655,018923,090067,077564,058476,000640
0000000692,0000691000,-06557,014118,090722,063325,073506,-02378
0000000693,0000692000,-08203,008627,091273,047065,086204,-00423
0000000694,0000693000,-08444,002853,091680,030297,095330,006315
0000000695,0000694000,-07271,-02733,091918,014581,099998,017182
0000000696,0000695000,-04800,-07667,091973,001374,099750,031122
0000000697,0000696000,-01249,-11644,091849,-08103,094607,046783
0000000698,0000697000,003047,-14379,091566,-12972,085069,062643
0000000699,0000698000,007709,-15674,091145,-12782,072059,077160
0000000700,0000699000,012303,-15456,090628,-07552,056839,088926
0000000701,0000700000,016415,-13821,090061,002229,040885,096795
0000000702,0000701000,019674,-10908,089488,015649,025752,099998
0000000703,0000702000,021784,-06953,088953,031457,012911,098226
0000000704,0000703000,022567,-02342,088497,048186,003610,091650
0000000705,0000704000,021951,002623,088152,064283,-01242,080911
0000000706,0000705000,020004,007592,087934,078258,-01179,067055
0000000707,0000706000,016902,012175,087858,088822,003793,051432
0000000708,0000707000,012925,016060,087929,094998,013190,035557
0000000709,0000708000,008436,018987,088131,096217,026097,020974
0000000710,0000709000,003834,020742,088453,092368,041258,009100
0000000711,0000710000,-00460,021155,088871,083810,057200,001084
0000000712,0000711000,-04063,020238,089350,071336,072376,-02297
0000000713,0000712000,-06652,018043,089856,056103,085307,-00718
0000000714,0000713000,-07993,014678,090356,039521,094740,005666
0000000715,0000714000,-07974,010410,090814,023125,099762,016225
0000000716,0000715000,-06593,005532,091196,008428,099886,029930
0000000717,0000716000,-03983,000367,091478,-03212,095107,045445
0000000718,0000717000,-00377,-04719,091640,-10725,085897,061258
0000000719,0000718000,003903,-09319,091666,-13421,073158,075834
0000000720,0000719000,008471,-13086,091552,-11053,058130,087760
0000000721,0000720000,012925,-15723,091303,-03841,042277,095884
0000000722,0000721000,016861,-16938,090932,007550,027139,099424
0000000723,0000722000,019930,-16586,090460,022070,014182,098045
0000000724,0000723000,021854,-14652,089923,038380,004664,091892
0000000725,0000724000,022459,-11209,089357,054976,-00498,081567
0000000726,0000725000,021692,-06464,088803,070327,-00810,068088
0000000727,0000726000,019621,-00758,088305,083020,003748,052770
0000000728,0000727000,016436,005488,087903,091888,012720,037107
0000000729,0000728000,012416,011830,087632,096120,025222,022623
0000000730,0000729000,007918,017721,087520,095331,040027,010719
0000000731,0000730000,003339,022633,087588,089593,055696,002539
0000000732,0000731000,-00916,026127,087838,079433,070706,-01138
0000000733,0000732000,-04463,027798,088260,065780,083604,000033
0000000734,0000733000,-06983,027399,088830,049886,093146,005923
0000000735,0000734000,-08245,024895,089504,033214,098414,015944
0000000736,0000735000,-08132,020411,090229,017296,098908,029112
0000000737,0000736000,-06653,014214,090952,003597,094596,044134
0000000738,0000737000,-03939,006773,091607,-06627,085919,059538
0000000739,0000738000,-00230,-01301,092135,-12444,073740,073827
0000000740,0000739000,004150,-09369,092486,-13325,059256,085623
0000000741,0000740000,008818,-16703,092617,-09190,043884,093795
0000000742,0000741000,013363,-22567,092502,-00416,029115,097573
0000000743,0000742000,017381,-26374,092138,012203,016371,096614
0000000744,0000743000,020505,-27690,091548,027514,006881,091029
0000000745,0000744000,022450,-26258,090771,044116,001554,081378
0000000746,0000745000,023031,-22096,089869,060487,000888,068622
0000000747,0000746000,022192,-15493,088919,075122,004925,054016
0000000748,0000747000,020007,-06917,088002,086682,013246,038994
0000000749,0000748000,016664,002950,087202,094116,025011,025020
0000000750,0000749000,012456,013235,086598,096749,039054,013439
0000000751,0000750000,007744,023027,086257,094344,054000,005352
0000000752,0000751000,002941,031396,086222,087115,068402,001513
0000000753,0000752000,-01528,037481,086512,075714,080872,002265
0000000754,0000753000,-05257,040612,087116,061172,090216,007507
0000000755,0000754000,-07902,040388,087989,044812,095547,016704
0000000756,0000755000,-09214,036697,089064,028133,096367,028939
0000000757,0000756000,-09065,029740,090247,012660,092628,042996
0000000758,0000757000,-07464,020055,091434,-00189,084733,057491
0000000759,0000758000,-04548,008449,092513,-09249,073487,071009
0000000760,0000759000,-00567,-04092,093382,-13700,060016,082252
0000000761,0000760000,004134,-16414,093949,-13142,045643,090159
0000000762,0000761000,009151,-27340,094146,-07621,031760,094004
0000000763,0000762000,014042,-35799,093942,002371,019699,093453
0000000764,0000763000,018365,-40899,093339,015939,010609,088595
0000000765,0000764000,021721,-42006,092376,031855,005349,079934
0000000766,0000765000,023792,-38879,091132,048670,004400,068346
0000000767,0000766000,024378,-31692,089716,064845,007815,054988
0000000768,0000767000,023415,-20971,088257,078904,015214,041183
0000000769,0000768000,020986,-07631,086888,089570,025824,028281
0000000770,0000769000,017298,007131,085747,095882,038575,017519
0000000771,0000770000,012667,021978,084946,097275,052209,009901
0000000772,0000771000,007492,035530,084571,093619,065405,006117
0000000773,0000772000,002220,046444,084677,085235,076901,006484
0000000774,0000773000,-02673,053586,085269,072864,085608,010919
0000000775,0000774000,-06737,056160,086308,057617,090712,018952
0000000776,0000775000,-09586,053743,087713,040877,091753,029761
0000000777,0000776000,-10942,046403,089358,024171,088681,042254
0000000778,0000777000,-10672,034748,091091,009022,081857,055186
0000000779,0000778000,-08791,019776,092747,-03195,072005,067291
0000000780,0000779000,-05464,002829,094169,-11381,060134,077411
0000000781,0000780000,-00972,-14524,095213,-14806,047422,084612
0000000782,0000781000,004299,-30674,095772,-13159,035102,088256
0000000783,0000782000,009894,-44081,095779,-06579,024346,088051
0000000784,0000783000,015318,-53362,095213,004360,016169,084073
0000000785,0000784000,020070,-57483,094109,018686,011323,076760
0000000786,0000785000,023702,-55892,092556,035108,010234,066874
0000000787,0000786000,025857,-48560,090692,052132,012946,055425
0000000788,0000787000,026323,-36078,088691,068207,019122,043563
0000000789,0000788000,025053,-19575,086748,081876,028085,032454
0000000790,0000789000,022154,-00570,085049,091910,038904,023153
0000000791,0000790000,017877,019194,083760,097416,050497,016510
0000000792,0000791000,012588,037909,083007,097902,061739,013099
0000000793,0000792000,006738,053778,082877,093315,071560,013178
0000000794,0000793000,000842,065208,083402,084047,079046,016668
0000000795,0000794000,-04562,070983,084553,070912,083518,023168
0000000796,0000795000,-08963,070330,086238,055084,084596,031985
0000000797,0000796000,-11929,063126,088309,037997,082253,042203
0000000798,0000797000,-13168,049989,090562,021208,076802,052783
0000000799,0000798000,-12561,032134,092781,006237,068860,062686
0000000800,0000799000,-10162,011220,094752,-05570,059270,070974
0000000801,0000800000,-06182,-10801,096285,-13166,049001,076903
0000000802,0000801000,-00960,-31932,097233,-15875,039053,079978
0000000803,0000802000,005058,-50204,097497,-13450,030369,079984
0000000804,0000803000,011350,-63774,097027,-06088,023750,077002
0000000805,0000804000,017348,-71212,095846,005574,019782,071403
0000000806,0000805000,022484,-71603,094050,020504,018781,063801
0000000807,0000806000,026254,-64697,091799,037357,020757,055005
0000000808,0000807000,028287,-51083,089311,054599,025415,045921
0000000809,0000808000,028389,-32089,086835,070666,032205,037443
0000000810,0000809000,026560,-09523,084608,084117,040390,030367
0000000811,0000810000,022961,014541,082839,093759,049128,025315
0000000812,0000811000,017901,037909,081695,098740,057563,022693
0000000813,0000812000,011813,058403,081295,098614,064898,022657
0000000814,0000813000,005221,074020,081696,093377,070467,025117
0000000815,0000814000,-01287,083133,082883,083470,073793,029738
0000000816,0000815000,-07098,084628,084764,069760,074637,035986
0000000817,0000816000,-11645,078172,087169,053475,073019,043175
0000000818,0000817000,-14475,064329,089858,036092,069212,050552
0000000819,0000818000,-15321,044473,092564,019191,063694,057386
0000000820,0000819000,-14121,020536,095026,004289,057083,063049
0000000821,0000820000,-10989,-05258,097015,-07296,050077,067054
0000000822,0000821000,-06195,-30570,098345,-14543,043369,069104
0000000823,0000822000,-00149,-53065,098884,-16810,037590,069106
0000000824,0000823000,006629,-70570,098566,-13884,033256,067168
0000000825,0000824000,013542,-81278,097393,-06003,030715,063589
0000000826,0000825000,019941,-83925,095459,006156,030116,058819
0000000827,0000826000,025209,-78082,092939,021513,031398,053405
0000000828,0000827000,028819,-64253,090085,038680,034311,047934
0000000829,0000828000,030424,-43860,087188,056094,038453,042949
0000000830,0000829000,029906,-18945,084525,072191,043338,038894
0000000831,0000830000,027326,008206,082339,085548,048430,036100
0000000832,0000831000,022901,035108,080836,094991,053211,034748
0000000833,0000832000,017019,059262,080162,099688,057236,034852
0000000834,0000833000,010185,078426,080387,099219,060158,036280
0000000835,0000834000,002998,090609,081520,093605,061771,038772
0000000836,0000835000,-03877,094382,083475,083320,062034,041966
0000000837,0000836000,-09777,089302,086064,069268,061054,045456
0000000838,0000837000,-14127,075790,089032,052713,059060,048854
0000000839,0000838000,-16497,055215,092080,035156,056371,051804
0000000840,0000839000,-16685,029751,094896,018187,053341,054072
0000000841,0000840000,-14744,001766,097248,003300,050317,055503
0000000842,0000841000,-10787,-26358,098906,-08198,047631,056036
0000000843,0000842000,-05195,-51766,099708,-15294,045541,055749
0000000844,0000843000,001545,-72215,099578,-17370,044188,054801
0000000845,0000844000,008866,-85705,098507,-14223,043635,053421
0000000846,0000845000,016071,-90552,096575,-06112,043805,051870
0000000847,0000846000,022500,-86349,093960,006260,044529,050410
0000000848,0000847000,027501,-73424,090937,021790,045602,049229
0000000849,0000848000,030607,-53132,087801,039067,046787,048453
0000000850,0000849000,031536,-27606,084873,056533,047881,048123
0000000851,0000850000,030274,000781,082402,072636,048713,048194
0000000852,0000851000,026913,029463,080615,085972,049166,048590
0000000853,0000852000,021732,055715,079704,095364,049189,049139
0000000854,0000853000,015243,077071,079728,099998,048831,049649
0000000855,0000854000,007953,091538,080720,099462,048210,049928
0000000856,0000855000,000570,097393,082595,093782,047517,049796
0000000857,0000856000,-06227,094148,085169,083447,046992,049165
0000000858,0000857000,-11803,082133,088192,069365,046815,048046
0000000859,0000858000,-15578,062476,091349,052811,047143,046539
0000000860,0000859000,-17263,037506,094327,035285,048035,044824
0000000861,0000860000,-16725,009329,096869,018342,049457,043141
0000000862,0000861000,-14032,-19437,098749,003468,051328,041723
0000000863,0000862000,-09407,-45898,099757,-08037,053473,040828
0000000864,0000863000,-03292,-67704,099824,-15171,055638,040702
0000000865,0000864000,003767,-82817,098942,-17318,057526,041499
0000000866,0000865000,011154,-89564,097164,-14272,058821,043293
0000000867,0000866000,018162,-87278,094679,-06291,059219,046031
0000000868,0000867000,024163,-76431,091733,005931,058542,049482
0000000869,0000868000,028549,-57971,088623,021299,056735,053318
0000000870,0000869000,030937,-33934,085655,038416,053867,057140
0000000871,0000870000,031162,-06664,083098,055762,050169,060510
0000000872,0000871000,029204,021448,081182,071812,045949,063023
0000000873,0000872000,025257,047616,080093,085160,041591,064327
0000000874,0000873000,019697,069340,079931,094653,037562,064146
0000000875,0000874000,013022,084656,080705,099471,034345,062336
0000000876,0000875000,005835,092069,082340,099191,032385,058926
0000000877,0000876000,-01215,090884,084675,093828,032040,054136
0000000878,0000877000,-07475,081323,087481,083844,033489,048385
0000000879,0000878000,-12349,064453,090472,070121,036713,042230
0000000880,0000879000,-15388,042047,093345,053903,041490,036296
0000000881,0000880000,-16376,016258,095856,036640,047413,031218
0000000882,0000881000,-15225,-10567,097772,019848,053957,027558
0000000883,0000882000,-12062,-35718,098898,005001,060515,025779
0000000884,0000883000,-07215,-56765,099145,-06620,066406,026197
0000000885,0000884000,-01101,-71964,098503,-14018,070976,028929
0000000886,0000885000,005698,-79759,097041,-16553,073656,033848
0000000887,0000886000,012583,-79539,094904,-14004,074017,040589
0000000888,0000887000,018936,-71554,092312,-06580,071891,048541
0000000889,0000888000,024148,-56619,089525,005064,067368,056933
0000000890,0000889000,027779,-36355,086807,019882,060797,064922
0000000891,0000890000,029501,-12711,084413,036550,052762,071691
0000000892,0000891000,029184,012069,082563,053594,043993,076505
0000000893,0000892000,026903,035534,081426,069523,035321,078804
0000000894,0000893000,022877,055420,081108,082958,027613,078234
0000000895,0000894000,017517,069900,081613,092751,021704,074698
0000000896,0000895000,011299,077827,082874,098064,018287,068411
0000000897,0000896000,004775,078532,084758,098436,017832,059886
0000000898,0000897000,-01471,072168,087072,093834,020521,049902
0000000899,0000898000,-06883,059568,089586,084656,026195,039425
0000000900,0000899000,-10965,041927,092062,071720,034383,029499
0000000901,0000900000,-13370,021046,094271,056180,044352,021123
0000000902,0000901000,-14045,-02024,095414,041478,049375,015713
0000000903,0000902000,015161,017592,099102,041478,049375,013189
0000000904,0000903000,012582,016982,097882,041478,049375,011901
0000000905,0000904000,010807,009282,097058,041478,049375,017971
0000000906,0000905000,000516,000807,096211,041478,049375,026850
0000000907,0000906000,015388,004544,094862,041478,049375,034496
0000000908,0000907000,027569,009717,092247,041478,049375,047026
0000000909,0000908000,014536,005334,091244,041478,049375,048773
0000000910,0000909000,017345,003356,091173,041478,049375,048773
0000000911,0000910000,021744,-01056,090458,041478,049375,048773
0000000912,0000911000,020226,-00246,090374,041478,049375,048773
0000000913,0000912000,010661,-00807,090652,041478,049375,048773
0000000914,0000913000,009596,-01973,090730,041478,049375,048773
0000000915,0000914000,014451,-05617,090010,041478,049375,048773
0000000916,0000915000,016316,-05516,089805,041478,049375,048773
0000000917,0000916000,008918,-05445,090160,041478,049375,048773
0000000918,0000917000,006637,-04538,090476,041478,049375,048773
0000000919,0000918000,011256,-06011,090011,041478,049375,048773
0000000920,0000919000,015885,-05520,089836,041478,049375,048773
0000000921,0000920000,012004,-04866,090173,041478,049375,048773
0000000922,0000921000,009600,-02646,090608,041478,049375,048773
0000000923,0000922000,012571,-02624,090392,041478,049375,048773
0000000924,0000923000,017668,-02216,090241,041478,049375,048773
0000000925,0000924000,016359,-02071,090417,041478,049375,048773
0000000926,0000925000,013899,-00127,090775,041478,049375,048773
0000000927,0000926000,014270,000098,090691,041478,049375,048773
0000000928,0000927000,017866,-00153,090534,041478,049375,048773
0000000929,0000928000,017861,-01074,090501,041478,049375,048773
0000000930,0000929000,015659,-00168,090688,041478,049375,048773
0000000931,0000930000,013909,-00218,090664,041478,049375,048773
0000000932,0000931000,015556,-00843,090541,041478,049375,048773
0000000933,0000932000,016293,-02308,090381,041478,049375,048773
0000000934,0000933000,015099,-02083,090432,041478,049375,048773
0000000935,0000934000,012656,-02089,090466,041478,049375,048773
0000000936,0000935000,012982,-02376,090439,041478,049375,048773
0000000937,0000936000,014265,-03533,090275,041478,049375,048773
0000000938,0000937000,014510,-03384,090263,041478,049375,048773
0000000939,0000938000,012563,-03076,090348,041478,049375,048773
0000000940,0000939000,012233,-02732,090428,041478,049375,048773
0000000941,0000940000,013642,-03258,090323,041478,049375,048773
0000000942,0000941000,014963,-03035,090286,041478,049375,048773
0000000943,0000942000,013853,-02619,090375,041478,049375,048773
0000000944,0000943000,013139,-01964,090507,041478,049375,048773
0000000945,0000944000,014070,-02111,090454,041478,049375,048773
0000000946,0000945000,015654,-02019,090394,041478,049375,048773
0000000947,0000946000,015166,-01876,090436,041478,049375,048773
0000000948,0000947000,014193,-01362,090554,041478,049375,048773
0000000949,0000948000,014325,-01452,090528,041478,049375,048773
0000000950,0000949000,015553,-01599,090453,041478,049375,048773
0000000951,0000950000,015449,-01831,090437,041478,049375,048773
0000000952,0000951000,014490,-01605,090511,041478,049375,048773
0000000953,0000952000,013995,-01697,090504,041478,049375,048773
0000000954,0000953000,014717,-01919,090440,041478,049375,048773
0000000955,0000954000,014918,-02313,090392,041478,049375,048773
0000000956,0000955000,014317,-02236,090431,041478,049375,048773
0000000957,0000956000,013624,-02223,090445,041478,049375,048773
0000000958,0000957000,013961,-02298,090417,041478,049375,048773
0000000959,0000958000,014398,-02605,090371,041478,049375,048773
0000000960,0000959000,014305,-02532,090388,041478,049375,048773
0000000961,0000960000,013733,-02386,090419,041478,049375,048773
0000000962,0000961000,013805,-02268,090429,041478,049375,048773
0000000963,0000962000,014293,-02421,090399,041478,049375,048773
0000000964,0000963000,014578,-02352,090400,041478,049375,048773
0000000965,0000964000,014214,-02187,090430,041478,049375,048773
0000000966,0000965000,014067,-01995,090460,041478,049375,048773
0000000967,0000966000,014388,-02071,090442,041478,049375,048773
0000000968,0000967000,014800,-02074,090428,041478,049375,048773
0000000969,0000968000,014603,-02010,090440,041478,049375,048773
0000000970,0000969000,014299,-01868,090471,041478,049375,048773
0000000971,0000970000,014362,-01935,090461,041478,049375,048773
0000000972,0000971000,014720,-02014,090437,041478,049375,048773
0000000973,0000972000,014657,-02066,090431,041478,049375,048773
0000000974,0000973000,014326,-01998,090454,041478,049375,048773
0000000975,0000974000,014193,-02045,090452,041478,049375,048773
0000000976,0000975000,014446,-02131,090430,041478,049375,048773
0000000977,0000976000,014510,-02226,090415,041478,049375,048773
0000000978,0000977000,014283,-02188,090430,041478,049375,048773
0000000979,0000978000,014083,-02181,090437,041478,049375,048773
0000000980,0000979000,014240,-02210,090426,041478,049375,048773
0000000981,0000980000,014398,-02283,090412,041478,049375,048773
0000000982,0000981000,014328,-02245,090421,041478,049375,048773
0000000983,0000982000,014148,-02192,090433,041478,049375,048773
0000000984,0000983000,014214,-02161,090433,041478,049375,048773
0000000985,0000984000,014391,-02202,090423,041478,049375,048773
0000000986,0000985000,014440,-02178,090426,041478,049375,048773
0000000987,0000986000,014306,-02124,090437,041478,049375,048773
0000000988,0000987000,014284,-02073,090443,041478,049375,048773
0000000989,0000988000,014405,-02103,090436,041478,049375,048773
0000000990,0000989000,014503,-02111,090432,041478,049375,048773
0000000991,0000990000,014415,-02090,090438,041478,049375,048773
0000000992,0000991000,014327,-02052,090445,041478,049375,048773
0000000993,0000992000,014365,-02081,090440,041478,049375,048773
0000000994,0000993000,014464,-02114,090433,041478,049375,048773
0000000995,0000994000,014426,-02125,090433,041478,049375,048773
0000000996,0000995000,014321,-02103,090439,041478,049375,048773
0000000997,0000996000,014296,-02120,090437,041478,049375,048773
0000000998,0000997000,014379,-02151,090431,041478,049375,048773
0000000999,0000998000,014392,-02173,090427,041478,049375,048773
0000001000,0000999000,014316,-02155,090432,041478,049375,048773
0000001001,0001000000,014264,-02151,090435,041478,049375,048773
0000001002,0001001000,014324,-02163,090431,041478,049375,048773
0000001003,0001002000,014375,-02180,090427,041478,049375,048773
0000001004,0001003000,014345,-02163,090430,041478,049375,048773
0000001005,0001004000,014290,-02145,090435,041478,049375,048773
0000001006,0001005000,014320,-02139,090434,041478,049375,048773
0000001007,0001006000,014380,-02150,090430,041478,049375,048773
0000001008,0001007000,014385,-02141,090432,041478,049375,048773
0000001009,0001008000,014337,-02124,090436,041478,049375,048773
0000001010,0001009000,014336,-02113,090437,041478,049375,048773
0000001011,0001010000,014380,-02124,090434,041478,049375,048773
0000001012,0001011000,014402,-02128,090433,041478,049375,048773
0000001013,0001012000,014366,-02121,090435,041478,049375,048773
0000001014,0001013000,014340,-02112,090437,041478,049375,048773
0000001015,0001014000,014359,-02123,090435,041478,049375,048773
0000001016,0001015000,014387,-02134,090433,041478,049375,048773
0000001017,0001016000,014368,-02136,090433,041478,049375,048773
0000001018,0001017000,014336,-02129,090435,041478,049375,048773
0000001019,0001018000,014335,-02134,090434,041478,049375,048773
0000001020,0001019000,014362,-02145,090432,041478,049375,048773
0000001021,0001020000,014362,-02149,090431,041478,049375,048773
0000001022,0001021000,014337,-02142,090433,041478,049375,048773
0000001023,0001022000,014326,-02140,090434,041478,049375,048773
0000001024,0001023000,014348,-02145,090432,041478,049375,048773
0000001025,0001024000,014362,-02148,090431,041478,049375,048773
0000001026,0001025000,014350,-02142,090433,041478,049375,048773
0000001027,0001026000,014335,-02136,090434,041478,049375,048773
0000001028,0001027000,014347,-02135,090434,041478,049375,048773
0000001029,0001028000,014366,-02139,090433,041478,049375,048773
0000001030,0001029000,014364,-02135,090433,041478,049375,048773
0000001031,0001030000,014348,-02130,090434,041478,049375,048773
0000001032,0001031000,014349,-02128,090435,041478,049375,048773
0000001033,0001032000,014364,-02132,090433,041478,049375,048773
0000001034,0001033000,014368,-02133,090433,041478,049375,048773
0000001035,0001034000,014355,-02131,090434,041478,049375,048773
0000001036,0001035000,014348,-02129,090434,041478,049375,048773
0000001037,0001036000,014356,-02133,090434,041478,049375,048773
0000001038,0001037000,014363,-02137,090433,041478,049375,048773
0000001039,0001038000,014356,-02137,090433,041478,049375,048773
0000001040,0001039000,014346,-02134,090434,041478,049375,048773
0000001041,0001040000,014348,-02136,090434,041478,049375,048773
0000001042,0001041000,014357,-02139,090433,041478,049375,048773
0000001043,0001042000,014355,-02140,090433,041478,049375,048773
0000001044,0001043000,014347,-02137,090433,041478,049375,048773
0000001045,0001044000,014345,-02137,090434,041478,049375,048773
0000001046,0001045000,014353,-02138,090433,041478,049375,048773
0000001047,0001046000,014357,-02139,090433,041478,049375,048773
0000001048,0001047000,014352,-02137,090433,041478,049375,048773
0000001049,0001048000,014348,-02135,090434,041478,049375,048773
0000001050,0001049000,014353,-02135,090434,041478,049375,048773
0000001051,0001050000,014358,-02136,090433,041478,049375,048773
0000001052,0001051000,014356,-02135,090433,041478,049375,048773
0000001053,0001052000,014351,-02133,090434,041478,049375,048773
0000001054,0001053000,014352,-02133,090434,041478,049375,048773
0000001055,0001054000,014357,-02135,090433,041478,049375,048773
0000001056,0001055000,014358,-02135,090433,041478,049375,048773
0000001057,0001056000,014353,-02134,090434,041478,049375,048773
0000001058,0001057000,014351,-02134,090434,041478,049375,048773
0000001059,0001058000,014354,-02135,090433,041478,049375,048773
0000001060,0001059000,014356,-02136,090433,041478,049375,048773
0000001061,0001060000,014353,-02136,090433,041478,049375,048773
0000001062,0001061000,014350,-02136,090434,041478,049375,048773
0000001063,0001062000,014352,-02136,090433,041478,049375,048773
0000001064,0001063000,014355,-02137,090433,041478,049375,048773
0000001065,0001064000,014354,-02137,090433,041478,049375,048773
0000001066,0001065000,014351,-02136,090433,041478,049375,048773
0000001067,0001066000,014351,-02136,090433,041478,049375,048773
0000001068,0001067000,014354,-02136,090433,041478,049375,048773
0000001069,0001068000,014355,-02137,090433,041478,049375,048773
0000001070,0001069000,014353,-02136,090433,041478,049375,048773
0000001071,0001070000,014352,-02135,090434,041478,049375,048773
0000001072,0001071000,014354,-02135,090433,041478,049375,048773
0000001073,0001072000,014355,-02136,090433,041478,049375,048773
0000001074,0001073000,014354,-02135,090433,041478,049375,048773
0000001075,0001074000,014353,-02135,090434,041478,049375,048773
0000001076,0001075000,014353,-02135,090434,041478,049375,048773
0000001077,0001076000,014355,-02136,090433,041478,049375,048773
0000001078,0001077000,014355,-02136,090433,041478,049375,048773
0000001079,0001078000,014353,-02135,090434,041478,049375,048773
0000001080,0001079000,014353,-02135,090434,041478,049375,048773
0000001081,0001080000,014354,-02136,090433,041478,049375,048773
0000001082,0001081000,014354,-02136,090433,041478,049375,048773
0000001083,0001082000,014353,-02136,090433,041478,049375,048773
0000001084,0001083000,014352,-02136,090433,041478,049375,048773
0000001085,0001084000,014353,-02136,090433,041478,049375,048773
0000001086,0001085000,014354,-02136,090433,041478,049375,048773
0000001087,0001086000,014353,-02136,090433,041478,049375,048773
0000001088,0001087000,014353,-02136,090433,041478,049375,048773
0000001089,0001088000,014353,-02136,090433,041478,049375,048773
0000001090,0001089000,014354,-02136,090433,041478,049375,048773
0000001091,0001090000,014354,-02136,090433,041478,049375,048773
0000001092,0001091000,014353,-02136,090433,041478,049375,048773
0000001093,0001092000,014353,-02136,090433,041478,049375,048773
0000001094,0001093000,014354,-02136,090433,041478,049375,048773
0000001095,0001094000,014354,-02136,090433,041478,049375,048773
0000001096,0001095000,014354,-02136,090433,041478,049375,048773
0000001097,0001096000,014353,-02135,090433,041478,049375,048773
0000001098,0001097000,014353,-02136,090433,041478,049375,048773
0000001099,0001098000,014354,-02136,090433,041478,049375,048773
0000001100,0001099000,014354,-02136,090433,041478,049375,048773
0000001101,0001100000,014353,-02136,090433,041478,049375,048773
