0000000001,0000000000,061911,034324,080651,084415,089294,074176
0000000002,0000001000,036425,058664,080765,081400,092010,074475
0000000003,0000002000,007916,077212,081763,078099,094005,075780
0000000004,0000003000,-20547,087834,083546,074845,095074,077966
0000000005,0000004000,-46368,089645,085948,071940,095125,080820
0000000006,0000005000,-67113,082599,088726,069680,094145,084060
0000000007,0000006000,-80568,067291,091601,068285,092233,087366
0000000008,0000007000,-85300,044981,094307,067892,089572,090421
0000000009,0000008000,-81199,018183,096576,068530,086430,092924
0000000010,0000009000,-68556,-10453,098177,070150,083107,094627
0000000011,0000010000,-48349,-38458,098956,072586,079934,095365
0000000012,0000011000,-22724,-62948,098842,075602,077216,095066
0000000013,0000012000,005564,-81266,097845,078898,075226,093761
0000000014,0000013000,034067,-91939,096061,082159,074150,091575
0000000015,0000014000,060070,-93920,093660,085060,074103,088721
0000000016,0000015000,080669,-86743,090882,087320,075083,085482
0000000017,0000016000,094016,-71319,088006,088715,076994,082175
0000000018,0000017000,098981,-49236,085301,089112,079652,079120
0000000019,0000018000,094827,-22395,083031,088467,082801,076617
0000000020,0000019000,082005,006435,081431,086851,086119,074914
0000000021,0000020000,061948,034277,080651,084416,089293,074177
0000000022,0000021000,036410,058682,080765,081399,092011,074475
0000000023,0000022000,007918,077207,081762,078100,094005,075780
0000000024,0000023000,-20537,087830,083546,074844,095075,077966
0000000025,0000024000,-46378,089650,085948,071940,095125,080820
0000000026,0000025000,-67133,082623,088725,069680,094146,084059
0000000027,0000026000,-80519,067255,091601,068285,092233,087366
0000000028,0000027000,-85322,044995,094307,067890,089574,090421
0000000029,0000028000,-81237,018220,096576,068531,086429,092924
0000000030,0000029000,-68524,-10488,098176,070150,083108,094627
0000000031,0000030000,-48322,-38485,098955,072585,079935,095365
0000000032,0000031000,-22786,-62887,098843,075601,077218,095067
0000000033,0000032000,005567,-81274,097845,078899,075224,093761
0000000034,0000033000,034128,-91993,096061,082158,074151,091576
0000000035,0000034000,060033,-93888,093660,085059,074104,088722
0000000036,0000035000,080630,-86705,090882,087319,075083,085482
0000000037,0000036000,094070,-71378,088006,088716,076993,082176
0000000038,0000037000,098991,-49247,085300,089110,079654,079121
0000000039,0000038000,094776,-22341,083032,088467,082800,076618
0000000040,0000039000,082027,006410,081431,086851,086119,074915
0000000041,0000040000,061989,034241,080651,084415,089293,074177
0000000042,0000041000,036376,058719,080765,081397,092012,074475
0000000043,0000042000,007912,077216,081762,078101,094004,075781
0000000044,0000043000,-20502,087794,083546,074844,095075,077966
0000000045,0000044000,-46393,089666,085947,071940,095125,080820
0000000046,0000045000,-67147,082646,088725,069680,094146,084059
0000000047,0000046000,-80497,067232,091601,068286,092233,087366
0000000048,0000047000,-85331,045005,094307,067889,089575,090421
0000000049,0000048000,-81255,018242,096576,068531,086430,092924
0000000050,0000049000,-68506,-10507,098176,070149,083108,094627
0000000051,0000050000,-48331,-38481,098956,072584,079936,095365
0000000052,0000051000,-22816,-62864,098843,075600,077218,095066
0000000053,0000052000,005589,-81295,097845,078899,075225,093761
0000000054,0000053000,034133,-92005,096062,082156,074153,091576
0000000055,0000054000,059995,-93857,093660,085058,074105,088722
0000000056,0000055000,080644,-86721,090882,087319,075083,085483
0000000057,0000056000,094100,-71414,088006,088714,076994,082176
0000000058,0000057000,098961,-49221,085301,089109,079654,079122
0000000059,0000058000,094767,-22335,083032,088467,082799,076618
0000000060,0000059000,082075,006363,081431,086851,086118,074915
0000000061,0000060000,061982,034250,080651,084414,089293,074178
0000000062,0000061000,036350,058749,080764,081398,092011,074476
0000000063,0000062000,007949,077187,081761,078101,094002,075781
0000000064,0000063000,-20483,087781,083545,074843,095075,077966
0000000065,0000064000,-46426,089708,085947,071940,095125,080820
0000000066,0000065000,-67136,082642,088724,069681,094145,084059
0000000067,0000066000,-80472,067212,091600,068286,092233,087365
0000000068,0000067000,-85358,045038,094306,067889,089575,090420
0000000069,0000068000,-81270,018260,096575,068532,086430,092923
0000000070,0000069000,-68486,-10528,098176,070149,083109,094626
0000000071,0000070000,-48351,-38465,098956,072584,079937,095364
0000000072,0000071000,-22840,-62844,098843,075600,077219,095066
0000000073,0000072000,005601,-81316,097846,078898,075226,093761
0000000074,0000073000,034124,-92008,096063,082155,074154,091576
0000000075,0000074000,059972,-93841,093661,085057,074105,088722
0000000076,0000075000,080661,-86746,090883,087318,075083,085484
0000000077,0000076000,094107,-71430,088007,088713,076995,082177
0000000078,0000077000,098943,-49209,085302,089108,079654,079123
0000000079,0000078000,094787,-22356,083032,088466,082799,076620
0000000080,0000079000,082102,006336,081431,086850,086118,074917
0000000081,0000080000,061968,034266,080651,084414,089292,074179
0000000082,0000081000,036362,058747,080763,081399,092009,074477
0000000083,0000082000,007987,077160,081760,078102,094001,075782
0000000084,0000083000,-20491,087800,083544,074844,095074,077966
0000000085,0000084000,-46437,089733,085945,071942,095123,080819
0000000086,0000085000,-67107,082625,088723,069683,094144,084058
0000000087,0000086000,-80475,067225,091599,068287,092234,087364
0000000088,0000087000,-85391,045079,094306,067891,089576,090418
0000000089,0000088000,-81264,018259,096575,068533,086430,092921
0000000090,0000089000,-68485,-10531,098176,070149,083111,094624
0000000091,0000090000,-48392,-38430,098957,072583,079939,095363
0000000092,0000091000,-22853,-62839,098844,075600,077221,095065
0000000093,0000092000,005609,-81338,097848,078897,075228,093760
0000000094,0000093000,034097,-91997,096064,082153,074156,091576
0000000095,0000094000,059954,-93840,093663,085055,074107,088723
0000000096,0000095000,080679,-86781,090885,087316,075084,085485
0000000097,0000096000,094104,-71442,088009,088710,076995,082179
0000000098,0000097000,098936,-49211,085302,089106,079654,079125
0000000099,0000098000,094817,-22389,083032,088465,082797,076622
0000000100,0000099000,082121,006316,081431,086849,086117,074919
0000000101,0000100000,061969,034273,080650,084414,089290,074181
0000000102,0000101000,036393,058730,080762,081400,092007,074478
0000000103,0000102000,008014,077148,081758,078103,093999,075783
0000000104,0000103000,-20496,087824,083542,074846,095072,077967
0000000105,0000104000,-46424,089743,085943,071945,095121,080819
0000000106,0000105000,-67087,082625,088721,069685,094143,084057
0000000107,0000106000,-80495,067260,091598,068289,092234,087362
0000000108,0000107000,-85408,045109,094304,067893,089576,090416
0000000109,0000108000,-81259,018260,096574,068535,086431,092919
0000000110,0000109000,-68512,-10507,098177,070150,083113,094622
0000000111,0000110000,-48431,-38398,098958,072583,079941,095360
0000000112,0000111000,-22859,-62847,098845,075599,077223,095063
0000000113,0000112000,005592,-81344,097850,078894,075231,093759
0000000114,0000113000,034059,-91984,096067,082150,074159,091576
0000000115,0000114000,059951,-93861,093665,085052,074109,088724
0000000116,0000115000,080690,-86817,090887,087312,075086,085486
0000000117,0000116000,094092,-71451,088011,088707,076996,082182
0000000118,0000117000,098946,-49234,085304,089104,079653,079128
0000000119,0000118000,094854,-22434,083033,088463,082796,076625
0000000120,0000119000,082137,006302,081431,086848,086115,074922
0000000121,0000120000,061987,034268,080649,084414,089287,074184
0000000122,0000121000,036436,058705,080760,081401,092003,074481
0000000123,0000122000,008038,077147,081756,078105,093996,075784
0000000124,0000123000,-20489,087848,083539,074849,095069,077967
0000000125,0000124000,-46400,089750,085940,071948,095119,080818
0000000126,0000125000,-67077,082642,088718,069688,094142,084055
0000000127,0000126000,-80516,067304,091596,068292,092233,087359
0000000128,0000127000,-85418,045138,094302,067896,089576,090413
0000000129,0000128000,-81272,018278,096574,068537,086433,092915
0000000130,0000129000,-68556,-10467,098177,070150,083116,094618
0000000131,0000130000,-48467,-38374,098959,072583,079945,095357
0000000132,0000131000,-22877,-62852,098848,075597,077227,095060
0000000133,0000132000,005554,-81336,097853,078892,075235,093758
0000000134,0000133000,034026,-91983,096070,082147,074163,091575
0000000135,0000134000,059951,-93895,093669,085048,074112,088725
0000000136,0000135000,080685,-86847,090891,087308,075088,085489
0000000137,0000136000,094085,-71471,088013,088703,076997,082185
0000000138,0000137000,098974,-49280,085305,089100,079652,079132
0000000139,0000138000,094889,-22479,083034,088460,082795,076630
0000000140,0000139000,082157,006285,081430,086846,086112,074927
0000000141,0000140000,062029,034243,080647,084415,089282,074188
0000000142,0000141000,036488,058679,080758,081402,091999,074484
0000000143,0000142000,008063,077156,081753,078107,093992,075786
0000000144,0000143000,-20467,087866,083535,074853,095065,077967
0000000145,0000144000,-46369,089760,085936,071953,095115,080817
0000000146,0000145000,-67077,082678,088715,069693,094140,084053
0000000147,0000146000,-80534,067356,091592,068297,092232,087356
0000000148,0000147000,-85428,045170,094300,067900,089577,090408
0000000149,0000148000,-81302,018317,096573,068539,086436,092910
0000000150,0000149000,-68608,-10419,098177,070152,083120,094613
0000000151,0000150000,-48505,-38353,098961,072583,079949,095352
0000000152,0000151000,-22915,-62845,098851,075595,077233,095057
0000000153,0000152000,005502,-81325,097857,078888,075241,093756
0000000154,0000153000,033995,-91997,096075,082142,074167,091575
0000000155,0000154000,059942,-93934,093674,085043,074116,088726
0000000156,0000155000,080671,-86878,090895,087302,075091,085492
0000000157,0000156000,094090,-71511,088017,088698,076998,082189
0000000158,0000157000,099010,-49341,085308,089096,079652,079137
0000000159,0000158000,094923,-22524,083035,088457,082792,076636
0000000160,0000159000,082194,006254,081430,086845,086108,074933
0000000161,0000160000,062089,034203,080645,084415,089277,074193
0000000162,0000161000,036542,058658,080754,081404,091993,074488
0000000163,0000162000,008097,077168,081748,078111,093985,075788
0000000164,0000163000,-20425,087878,083529,074858,095059,077968
0000000165,0000164000,-46338,089782,085930,071959,095111,080816
0000000166,0000165000,-67081,082732,088710,069699,094137,084049
0000000167,0000166000,-80546,067411,091588,068303,092231,087351
0000000168,0000167000,-85445,045215,094297,067905,089578,090402
0000000169,0000168000,-81349,018376,096572,068543,086439,092903
0000000170,0000169000,-68667,-10364,098178,070154,083124,094606
0000000171,0000170000,-48553,-38328,098963,072583,079955,095347
0000000172,0000171000,-22974,-62826,098855,075593,077240,095052
0000000173,0000172000,005441,-81314,097862,078884,075248,093753
0000000174,0000173000,033961,-92022,096080,082137,074174,091574
0000000175,0000174000,059920,-93974,093680,085036,074121,088728
0000000176,0000175000,080654,-86918,090901,087295,075095,085495
0000000177,0000176000,094105,-71572,088021,088691,076999,082195
0000000178,0000177000,099048,-49413,085311,089090,079651,079144
0000000179,0000178000,094962,-22578,083036,088452,082789,076643
0000000180,0000179000,082251,006204,081429,086843,086102,074940
0000000181,0000180000,062164,034154,080643,084415,089270,074199
0000000182,0000181000,036602,058640,080750,081406,091986,074493
0000000183,0000182000,008149,077174,081742,078116,093978,075791
0000000184,0000183000,-20371,087891,083523,074865,095052,077968
0000000185,0000184000,-46309,089820,085924,071966,095105,080814
0000000186,0000185000,-67082,082797,088703,069707,094133,084045
0000000187,0000186000,-80555,067473,091583,068311,092229,087344
0000000188,0000187000,-85475,045281,094294,067912,089579,090394
0000000189,0000188000,-81411,018453,096570,068547,086442,092895
0000000190,0000189000,-68731,-10306,098178,070156,083130,094598
0000000191,0000190000,-48618,-38292,098966,072583,079963,095339
0000000192,0000191000,-23053,-62797,098860,075590,077248,095047
0000000193,0000192000,005373,-81310,097868,078879,075256,093750
0000000194,0000193000,033918,-92053,096088,082129,074182,091574
0000000195,0000194000,059885,-94017,093687,085027,074128,088730
0000000196,0000195000,080639,-86973,090908,087286,075099,085500
0000000197,0000196000,094128,-71653,088027,088682,077001,082202
0000000198,0000197000,099088,-49494,085315,089082,079650,079153
0000000199,0000198000,095013,-22646,083038,088447,082785,076652
0000000200,0000199000,082329,006136,081428,086840,086096,074949
0000000201,0000200000,062250,034100,080639,084415,089262,074207
0000000202,0000201000,036675,058621,080745,081409,091976,074499
0000000203,0000202000,008222,077175,081735,078122,093968,075795
0000000204,0000203000,-20307,087909,083515,074873,095043,077969
0000000205,0000204000,-46279,089874,085915,071975,095098,080811
0000000206,0000205000,-67075,082870,088695,069717,094128,084040
0000000207,0000206000,-80565,067548,091576,068320,092227,087337
0000000208,0000207000,-85520,045369,094289,067919,089580,090385
0000000209,0000208000,-81481,018543,096568,068553,086447,092885
0000000210,0000209000,-68807,-10239,098179,070159,083137,094588
0000000211,0000210000,-48706,-38241,098970,072582,079972,095331
0000000212,0000211000,-23148,-62761,098866,075586,077259,095040
0000000213,0000212000,005297,-81312,097876,078872,075267,093746
0000000214,0000213000,033860,-92086,096097,082120,074191,091573
0000000215,0000214000,059840,-94065,093697,085017,074135,088733
0000000216,0000215000,080629,-87047,090916,087275,075104,085506
0000000217,0000216000,094154,-71750,088034,088672,077003,082210
0000000218,0000217000,099132,-49587,085320,089074,079648,079163
0000000219,0000218000,095080,-22733,083040,088441,082780,076664
0000000220,0000219000,082424,006050,081427,086837,086088,074960
0000000221,0000220000,062347,034041,080636,084415,089252,074217
0000000222,0000221000,036767,058595,080738,081413,091965,074506
0000000223,0000222000,008313,077170,081726,078129,093957,075799
0000000224,0000223000,-20236,087936,083505,074882,095033,077970
0000000225,0000224000,-46242,089939,085905,071987,095090,080808
0000000226,0000225000,-67062,082952,088686,069729,094122,084033
0000000227,0000226000,-80582,067642,091568,068332,092225,087328
0000000228,0000227000,-85576,045479,094284,067929,089582,090374
0000000229,0000228000,-81561,018646,096566,068560,086452,092873
0000000230,0000229000,-68899,-10158,098180,070163,083146,094577
0000000231,0000230000,-48816,-38175,098974,072582,079983,095320
0000000232,0000231000,-23259,-62722,098873,075582,077271,095032
0000000233,0000232000,005207,-81316,097886,078865,075279,093741
0000000234,0000233000,033786,-92121,096108,082110,074203,091572
0000000235,0000234000,059788,-94124,093708,085004,074145,088736
0000000236,0000235000,080619,-87140,090927,087262,075110,085513
0000000237,0000236000,094179,-71862,088043,088660,077005,082220
0000000238,0000237000,099183,-49697,085326,089063,079646,079175
0000000239,0000238000,095166,-22843,083042,088434,082774,076677
0000000240,0000239000,082535,005951,081426,086833,086079,074973
0000000241,0000240000,062460,033974,080631,084416,089240,074228
0000000242,0000241000,036881,058560,080730,081418,091952,074515
0000000243,0000242000,008422,077164,081716,078138,093943,075804
0000000244,0000243000,-20156,087973,083493,074894,095020,077971
0000000245,0000244000,-46195,090013,085893,072000,095080,080805
0000000246,0000245000,-67044,083046,088674,069743,094116,084026
0000000247,0000246000,-80606,067757,091559,068345,092223,087317
0000000248,0000247000,-85641,045608,094278,067940,089584,090361
0000000249,0000248000,-81650,018764,096563,068568,086458,092858
0000000250,0000249000,-69011,-10059,098182,070166,083156,094563
0000000251,0000250000,-48947,-38094,098979,072581,079996,095308
0000000252,0000251000,-23384,-62680,098881,075577,077285,095023
0000000253,0000252000,005098,-81320,097897,078855,075294,093736
0000000254,0000253000,033694,-92158,096121,082097,074216,091571
0000000255,0000254000,059731,-94197,093721,084990,074155,088739
0000000256,0000255000,080609,-87251,090939,087247,075117,085521
0000000257,0000256000,094205,-71989,088053,088646,077007,082232
0000000258,0000257000,099244,-49827,085333,089051,079644,079189
0000000259,0000258000,095269,-22975,083045,088425,082767,076692
0000000260,0000259000,082661,005837,081425,086829,086068,074988
0000000261,0000260000,062593,033896,080625,084417,089227,074242
0000000262,0000261000,037019,058514,080721,081424,091936,074525
0000000263,0000262000,008546,077160,081704,078147,093927,075810
0000000264,0000263000,-20064,088019,083479,074907,095006,077972
0000000265,0000264000,-46136,090096,085879,072016,095068,080801
0000000266,0000265000,-67024,083157,088661,069759,094108,084017
0000000267,0000266000,-80636,067896,091548,068360,092221,087304
0000000268,0000267000,-85714,045756,094270,067953,089587,090345
0000000269,0000268000,-81754,018899,096560,068577,086466,092842
0000000270,0000269000,-69145,-09939,098183,070171,083167,094547
0000000271,0000270000,-49098,-38001,098985,072580,080011,095294
0000000272,0000271000,-23528,-62634,098891,075571,077302,095012
0000000273,0000272000,004969,-81320,097910,078845,075310,093730
0000000274,0000273000,033587,-92199,096136,082083,074231,091570
0000000275,0000274000,059668,-94285,093736,084973,074167,088744
0000000276,0000275000,080594,-87377,090953,087230,075125,085530
0000000277,0000276000,094233,-72133,088065,088629,077010,082245
0000000278,0000277000,099319,-49982,085341,089038,079641,079206
0000000279,0000278000,095387,-23129,083049,088416,082759,076710
0000000280,0000279000,082803,005709,081423,086824,086055,075005
0000000281,0000280000,062749,033802,080619,084417,089211,074257
0000000282,0000281000,037179,058459,080711,081430,091918,074536
0000000283,0000282000,008687,077157,081690,078159,093910,075816
0000000284,0000283000,-19956,088070,083463,074922,094990,077973
0000000285,0000284000,-46064,090188,085863,072033,095055,080796
0000000286,0000285000,-67003,083286,088646,069777,094100,084007
0000000287,0000286000,-80672,068056,091536,068377,092218,087290
0000000288,0000287000,-85795,045924,094261,067968,089589,090328
0000000289,0000288000,-81873,019057,096556,068587,086474,092823
0000000290,0000289000,-69302,-09799,098185,070176,083181,094528
0000000291,0000290000,-49269,-37896,098991,072580,080028,095278
0000000292,0000291000,-23693,-62581,098902,075564,077321,095000
0000000293,0000292000,004817,-81317,097925,078833,075330,093723
0000000294,0000293000,033466,-92247,096153,082067,074249,091569
0000000295,0000294000,059595,-94387,093753,084954,074181,088749
0000000296,0000295000,080573,-87518,090969,087210,075134,085541
0000000297,0000296000,094264,-72298,088078,088611,077013,082261
0000000298,0000297000,099407,-50162,085350,089022,079638,079224
0000000299,0000298000,095520,-23302,083053,088405,082750,076730
0000000300,0000299000,082964,005564,081422,086819,086041,075025
0000000301,0000300000,062931,033692,080612,084419,089192,074274
0000000302,0000301000,037361,058396,080699,081437,091898,074549
0000000303,0000302000,008846,077155,081674,078172,093889,075824
0000000304,0000303000,-19830,088126,083445,074940,094971,077974
0000000305,0000304000,-45982,090291,085844,072054,095040,080791
0000000306,0000305000,-66980,083435,088629,069798,094090,083996
0000000307,0000306000,-80710,068238,091522,068397,092214,087273
0000000308,0000307000,-85884,046112,094251,067984,089593,090308
0000000309,0000308000,-82012,019238,096552,068599,086484,092802
0000000310,0000309000,-69479,-09638,098186,070181,083196,094507
0000000311,0000310000,-49461,-37779,098999,072578,080047,095260
0000000312,0000311000,-23883,-62518,098915,075556,077342,094986
0000000313,0000312000,004643,-81311,097941,078819,075351,093715
0000000314,0000313000,033330,-92303,096172,082048,074268,091568
0000000315,0000314000,059512,-94502,093773,084933,074197,088755
0000000316,0000315000,080546,-87676,090988,087188,075144,085553
0000000317,0000316000,094300,-72487,088093,088590,077017,082278
0000000318,0000317000,099505,-50367,085361,089005,079635,079245
0000000319,0000318000,095667,-23497,083058,088392,082740,076752
0000000320,0000319000,083148,005398,081420,086813,086025,075046
0000000321,0000320000,063137,033565,080604,084420,089172,074293
0000000322,0000321000,037566,058325,080685,081446,091875,074564
0000000323,0000322000,009027,077153,081657,078186,093866,075832
0000000324,0000323000,-19685,088186,083425,074959,094950,077975
0000000325,0000324000,-45888,090408,085823,072076,095024,080785
0000000326,0000325000,-66954,083605,088610,069822,094080,083983
0000000327,0000326000,-80750,068441,091505,068419,092211,087255
0000000328,0000327000,-85983,046325,094240,068002,089596,090286
0000000329,0000328000,-82169,019446,096547,068612,086495,092778
0000000330,0000329000,-69677,-09457,098188,070187,083213,094484
0000000331,0000330000,-49676,-37646,099007,072577,080069,095239
0000000332,0000331000,-24098,-62444,098929,075547,077366,094971
0000000333,0000332000,004447,-81303,097960,078803,075375,093706
0000000334,0000333000,033177,-92367,096193,082028,074290,091567
0000000335,0000334000,059415,-94628,093796,084909,074214,088761
0000000336,0000335000,080514,-87852,091008,087163,075155,085567
0000000337,0000336000,094342,-72700,088111,088567,077021,082298
0000000338,0000337000,099614,-50596,085373,088985,079631,079269
0000000339,0000338000,095830,-23715,083063,088379,082728,076778
0000000340,0000339000,083355,005209,081418,086807,086007,075071
0000000341,0000340000,063369,033421,080595,084421,089149,074314
0000000342,0000341000,037794,058245,080670,081455,091850,074580
0000000343,0000342000,009231,077148,081637,078203,093841,075841
0000000344,0000343000,-19520,088250,083402,074981,094927,077976
0000000345,0000344000,-45784,090539,085799,072101,095006,080778
0000000346,0000345000,-66924,083794,088588,069848,094068,083969
0000000347,0000346000,-80792,068666,091487,068444,092207,087234
0000000348,0000347000,-86095,046564,094227,068023,089601,090261
0000000349,0000348000,-82343,019679,096541,068626,086507,092751
0000000350,0000349000,-69896,-09256,098190,070194,083232,094458
0000000351,0000350000,-49917,-37497,099016,072575,080093,095217
0000000352,0000351000,-24341,-62358,098945,075537,077393,094954
0000000353,0000352000,004229,-81294,097981,078786,075402,093697
0000000354,0000353000,033006,-92437,096218,082004,074314,091566
0000000355,0000354000,059304,-94767,093821,084882,074234,088769
0000000356,0000355000,080478,-88047,091031,087135,075167,085582
0000000357,0000356000,094387,-72939,088130,088541,077025,082319
0000000358,0000357000,099733,-50851,085387,088964,079626,079295
0000000359,0000358000,096010,-23958,083070,088364,082715,076806
0000000360,0000359000,083586,004996,081416,086800,085987,075098
0000000361,0000360000,063626,033259,080586,084423,089124,074338
0000000362,0000361000,038047,058156,080654,081466,091822,074597
0000000363,0000362000,009461,077139,081615,078221,093813,075851
0000000364,0000363000,-19335,088320,083376,075006,094902,077977
0000000365,0000364000,-45667,090684,085773,072129,094986,080770
0000000366,0000365000,-66886,084002,088563,069877,094056,083952
0000000367,0000366000,-80836,068915,091467,068471,092203,087211
0000000368,0000367000,-86218,046831,094213,068045,089606,090233
0000000369,0000368000,-82536,019938,096534,068642,086521,092722
0000000370,0000369000,-70137,-09032,098192,070201,083253,094430
0000000371,0000370000,-50186,-37328,099026,072573,080119,095192
0000000372,0000371000,-24611,-62261,098962,075526,077423,094936
0000000373,0000372000,003987,-81283,098004,078767,075431,093686
0000000374,0000373000,032813,-92513,096244,081979,074341,091565
0000000375,0000374000,059178,-94917,093848,084853,074254,088777
0000000376,0000375000,080436,-88263,091057,087105,075181,085599
0000000377,0000376000,094435,-73202,088152,088513,077029,082343
0000000378,0000377000,099860,-51132,085402,088940,079621,079324
0000000379,0000378000,096209,-24229,083077,088348,082701,076836
0000000380,0000379000,083841,004759,081415,086793,085964,075128
0000000381,0000380000,063908,033080,080576,084425,089096,074363
0000000382,0000381000,038328,058055,080636,081477,091791,074616
0000000383,0000382000,009716,077125,081590,078241,093782,075862
0000000384,0000383000,-19131,088395,083348,075032,094874,077978
0000000385,0000384000,-45536,090843,085744,072160,094964,080761
0000000386,0000385000,-66842,084229,088536,069908,094042,083935
0000000387,0000386000,-80882,069188,091444,068500,092198,087186
0000000388,0000387000,-86352,047126,094197,068070,089612,090203
0000000389,0000388000,-82745,020224,096526,068659,086536,092690
0000000390,0000389000,-70401,-08785,098193,070209,083277,094399
0000000391,0000390000,-50482,-37140,099037,072571,080148,095166
0000000392,0000391000,-24908,-62152,098981,075514,077455,094916
0000000393,0000392000,003720,-81269,098029,078746,075464,093675
0000000394,0000393000,032599,-92592,096274,081951,074370,091564
0000000395,0000394000,059038,-95081,093879,084821,074277,088786
0000000396,0000395000,080389,-88501,091086,087072,075195,085617
0000000397,0000396000,094484,-73491,088175,088482,077033,082370
0000000398,0000397000,099998,-51439,085419,088915,079615,079355
0000000399,0000398000,096427,-24527,083085,088330,082685,076870
0000000400,0000399000,084119,004497,081413,086785,085940,075160
0000000401,0000400000,064217,032881,080565,084428,089065,074391
0000000402,0000401000,015920,080214,082845,084701,091786,074669
0000000403,0000402000,015393,068069,080666,080741,093826,075951
0000000404,0000403000,008618,099998,084502,078413,095168,078305
0000000405,0000404000,003561,086494,085308,071627,094340,080152
0000000406,0000405000,001165,059907,086078,066339,093853,083746
0000000407,0000406000,-03137,075916,092061,058746,091397,086362
0000000408,0000407000,000601,022897,091666,053239,088542,089072
0000000409,0000408000,-02371,028863,097265,048552,085191,091249
0000000410,0000409000,002519,-15393,097350,044210,081426,092446
0000000411,0000410000,004565,-36234,098997,044166,078456,093390
0000000412,0000411000,006447,-58956,099153,043503,075118,092509
0000000413,0000412000,009409,-78994,097974,047200,073631,091811
0000000414,0000413000,008765,-64201,098804,051654,072325,089539
0000000415,0000414000,011935,-96260,093530,057936,072491,087034
0000000416,0000415000,009522,-60633,093660,065468,073915,084353
0000000417,0000416000,010780,-66634,088752,072052,075920,081256
0000000418,0000417000,009895,-43087,086379,079695,079388,079094
0000000419,0000418000,007964,-06063,085212,084568,082487,076609
0000000420,0000419000,008545,003812,081702,089405,086532,075672
0000000421,0000420000,006341,043786,082134,091219,089757,074993
0000000422,0000421000,007137,044776,079843,090882,092664,075431
0000000423,0000422000,005123,080214,082403,089072,094944,076947
0000000424,0000423000,005370,075032,082509,084171,095649,078662
0000000425,0000424000,004810,081795,085259,079190,095913,081607
0000000426,0000425000,003755,082007,088529,072213,094316,084115
0000000427,0000426000,005033,046753,089235,065775,092362,087286
0000000428,0000427000,003651,048273,094175,059352,089249,089788
0000000429,0000428000,004897,007940,094906,054049,085721,091841
0000000430,0000429000,004632,-05667,097967,050942,082303,093440
0000000431,0000430000,005429,-35927,098594,048876,078568,093645
0000000432,0000431000,006460,-58472,098674,050122,076055,093618
0000000433,0000432000,006687,-68219,098561,052486,073725,092099
0000000434,0000433000,008352,-88832,095955,057264,072906,090303
0000000435,0000434000,007948,-70250,095794,063443,072994,087700
0000000436,0000435000,009359,-80430,091456,070155,074137,084724
0000000437,0000436000,009225,-55943,089775,077538,076615,082058
0000000438,0000437000,009252,-39126,086843,083711,079384,079147
0000000439,0000438000,009489,-21157,083864,089501,083218,077341
0000000440,0000439000,008265,015274,083152,092990,086656,075742
0000000441,0000440000,008294,028043,080943,094958,090233,075344
0000000442,0000441000,006856,059837,081745,094722,093154,075746
0000000443,0000442000,006543,063424,081146,091987,095102,076891
0000000444,0000443000,005423,079820,083389,087992,096379,079154
0000000445,0000444000,004680,078427,085219,081971,096041,081496
0000000446,0000445000,004526,067296,087260,075671,095047,084640
0000000447,0000446000,003648,063934,091050,068846,092643,087409
0000000448,0000447000,004368,030516,092326,062688,089687,090144
0000000449,0000448000,004115,018144,095742,057631,086217,092344
0000000450,0000449000,004888,-13212,096938,053947,082406,093632
0000000451,0000450000,005512,-34146,098382,052723,079148,094394
0000000452,0000451000,006198,-53831,098709,053092,076002,093807
0000000453,0000452000,007363,-73456,097654,056029,074085,092745
0000000454,0000453000,007764,-74481,097028,060512,072914,090615
0000000455,0000454000,008919,-85092,093994,066400,073021,088031
0000000456,0000455000,008940,-67442,092580,073253,074317,085178
0000000457,0000456000,009424,-60427,089282,079989,076420,082073
0000000458,0000457000,009435,-40267,086764,086535,079653,079545
0000000459,0000458000,008960,-13980,084741,091581,083029,077192
0000000460,0000459000,008798,004032,082317,095341,086879,075893
0000000461,0000460000,007748,035032,081977,096910,090320,075253
0000000462,0000461000,007248,048773,081004,096392,093273,075601
0000000463,0000462000,006170,069678,082181,093968,095491,076952
0000000464,0000463000,005549,072816,083059,089420,096453,078857
0000000465,0000464000,004888,074880,085145,083827,096558,081647
0000000466,0000465000,004239,071232,087860,077178,095213,084478
0000000467,0000466000,004287,051521,089902,070589,093070,087579
0000000468,0000467000,003966,040233,093243,064424,089986,090290
0000000469,0000468000,004516,010880,094844,059369,086387,092487
0000000470,0000469000,004872,-09574,097040,056045,082743,094069
0000000471,0000470000,005579,-34346,097999,054455,079084,094551
0000000472,0000471000,006431,-54748,098205,055277,076213,094347
0000000473,0000472000,007122,-66793,097924,057915,073927,092991
0000000474,0000473000,008115,-79679,096135,062494,072863,091001
0000000475,0000474000,008536,-74554,094730,068387,072891,088338
0000000476,0000475000,009220,-73556,091775,074957,074038,085294
0000000477,0000476000,009312,-56497,089598,081784,076369,082329
0000000478,0000477000,009296,-38458,086970,087900,079333,079418
0000000479,0000478000,009138,-18231,084482,093074,083031,077250
0000000480,0000479000,008479,009056,083104,096442,086723,075641
0000000481,0000480000,007987,027683,081583,097967,090349,075041
0000000482,0000481000,007031,051842,081714,097361,093406,075374
0000000483,0000482000,006332,062822,081934,094630,095566,076573
0000000484,0000483000,005484,073103,083476,090283,096817,078717
0000000485,0000484000,004853,073311,085303,084432,096720,081310
0000000486,0000485000,004482,065021,087485,077986,095621,084438
0000000487,0000486000,004103,055520,090411,071337,093330,087485
0000000488,0000487000,004297,033060,092477,065291,090268,090357
0000000489,0000488000,004422,014960,095099,060389,086662,092712
0000000490,0000489000,005008,-11218,096602,057046,082797,094239
0000000491,0000490000,005667,-33049,097729,055779,079242,094988
0000000492,0000491000,006417,-51869,098055,056459,076063,094619
0000000493,0000492000,007303,-67973,097370,059313,073857,093438
0000000494,0000493000,007955,-73068,096359,063837,072614,091320
0000000495,0000494000,008717,-77016,094122,069677,072587,088605
0000000496,0000495000,009047,-67643,092136,076273,073776,085544
0000000497,0000496000,009339,-57062,089420,082860,075967,082327
0000000498,0000497000,009296,-38383,086990,088976,079130,079469
0000000499,0000498000,008965,-15633,084920,093834,082722,077016
0000000500,0000499000,008561,005039,082997,097159,086624,075423
0000000501,0000500000,007794,029942,082191,098460,090288,074682
0000000502,0000501000,007110,046657,081665,097684,093433,074948
0000000503,0000502000,006234,062608,082404,094938,095784,076220
0000000504,0000503000,005525,069171,083529,090376,096991,078262
0000000505,0000504000,004900,070284,085393,084640,097103,081067
0000000506,0000505000,004428,064863,087762,078122,095911,084162
0000000507,0000506000,004303,050255,090016,071610,093704,087412
0000000508,0000507000,004245,035241,092678,065655,090578,090392
0000000509,0000508000,004605,011783,094626,060864,086872,092842
0000000510,0000509000,005052,-09509,096458,057746,082999,094568
0000000511,0000510000,005732,-31718,097425,056516,079212,095290
0000000512,0000511000,006524,-50966,097654,057448,076034,095094
0000000513,0000512000,007277,-63842,097259,060299,073619,093824
0000000514,0000513000,008073,-72872,095863,064910,072333,091731
0000000515,0000514000,008611,-71659,094234,070755,072231,088942
0000000516,0000515000,009097,-67477,091850,077241,073336,085725
0000000517,0000516000,009251,-54005,089554,083794,075606,082460
0000000518,0000517000,009213,-36888,087142,089679,078704,079360
0000000519,0000518000,008955,-16927,084974,094439,082464,076858
0000000520,0000519000,008406,006533,083466,097501,086398,075067
0000000521,0000520000,007801,026500,082292,098648,090212,074261
0000000522,0000521000,006988,046242,082171,097718,093497,074478
0000000523,0000522000,006246,058529,082567,094786,095920,075682
0000000524,0000523000,005498,066741,083825,090221,097308,077835
0000000525,0000524000,004906,067418,085588,084383,097413,080632
0000000526,0000525000,004521,060776,087708,077961,096338,083912
0000000527,0000526000,004294,050004,090170,071509,094086,087257
0000000528,0000527000,004404,031734,092339,065705,090933,090405
0000000529,0000528000,004647,012640,094545,061104,087173,093030
0000000530,0000529000,005174,-09830,096071,058134,083141,094842
0000000531,0000530000,005825,-30347,097071,057154,079292,095740
0000000532,0000531000,006570,-48141,097363,058185,075909,095538
0000000533,0000532000,007367,-62051,096811,061215,073419,094339
0000000534,0000533000,008044,-68226,095717,065870,071988,092184
0000000535,0000534000,008660,-70013,093886,071715,071801,089315
0000000536,0000535000,009015,-63287,091882,078171,072888,086005
0000000537,0000536000,009209,-52160,089511,084564,075104,082542
0000000538,0000537000,009139,-35532,087262,090327,078297,079335
0000000539,0000538000,008829,-15525,085299,094835,082084,076612
0000000540,0000539000,008358,004859,083654,097710,086171,074714
0000000541,0000540000,007669,026168,082781,098617,090103,073776
0000000542,0000541000,006954,042703,082457,097484,093526,073913
0000000543,0000542000,006173,056154,082998,094432,096120,075127
0000000544,0000543000,005492,062885,084094,089731,097583,077269
0000000545,0000544000,004930,063511,085783,083915,097829,080198
0000000546,0000545000,004542,058151,087879,077508,096766,083561
0000000547,0000546000,004410,046211,090033,071192,094546,087092
0000000548,0000547000,004458,030993,092310,065556,091348,090409
0000000549,0000548000,004787,010973,094199,061158,087493,093194
0000000550,0000549000,005272,-08980,095758,058446,083373,095195
0000000551,0000550000,005928,-28816,096666,057659,079342,096177
0000000552,0000551000,006670,-46007,096900,058929,075848,096092
0000000553,0000552000,007401,-58006,096470,062082,073179,094886
0000000554,0000553000,008098,-65242,095295,066839,071634,092716
0000000555,0000554000,008619,-65310,093731,072699,071352,089762
0000000556,0000555000,008996,-60366,091686,079072,072364,086304
0000000557,0000556000,009122,-48855,089555,085351,074596,082707
0000000558,0000557000,009036,-33447,087426,090887,077794,079281
0000000559,0000558000,008734,-15153,085520,095181,081696,076405
0000000560,0000559000,008215,005192,084090,097774,085880,074318
0000000561,0000560000,007588,023739,083146,098433,089969,073257
0000000562,0000561000,006845,040494,082975,097077,093558,073313
0000000563,0000562000,006129,052147,083389,093834,096288,074481
0000000564,0000563000,005464,058870,084481,089057,097913,076680
0000000565,0000564000,004941,059322,086068,083196,098237,079667
0000000566,0000565000,004612,053757,087969,076875,097262,083190
0000000567,0000566000,004475,043513,090083,070691,095042,086878
0000000568,0000567000,004594,027992,092091,065268,091813,090390
0000000569,0000568000,004897,010441,093955,061133,087885,093376
0000000570,0000569000,005411,-08878,095329,058684,083624,095536
0000000571,0000570000,006051,-27177,096192,058189,079465,096683
0000000572,0000571000,006761,-42843,096421,059675,075786,096666
0000000573,0000572000,007483,-54485,095946,063023,072972,095513
0000000574,0000573000,008109,-60316,094934,067872,071275,093307
0000000575,0000574000,008622,-61179,093383,073740,070881,090265
0000000576,0000575000,008927,-55619,091560,080042,071833,086680
0000000577,0000576000,009038,-45437,089534,086141,074026,082891
0000000578,0000577000,008920,-31015,087581,091458,077275,079286
0000000579,0000578000,008588,-13655,085853,095452,081240,076190
0000000580,0000579000,008092,004492,084476,097750,085559,073932
0000000581,0000580000,007444,022325,083700,098106,089797,072716
0000000582,0000581000,006753,037005,083480,096487,093551,072669
0000000583,0000582000,006051,048194,083928,093060,096459,073809
0000000584,0000583000,005439,053908,084924,088159,098219,076017
0000000585,0000584000,004963,054171,086391,082301,098680,079104
0000000586,0000585000,004665,049274,088171,076055,097767,082752
0000000587,0000586000,004590,039136,090058,070056,095583,086629
0000000588,0000587000,004713,025482,091965,064885,092328,090343
0000000589,0000588000,005058,008777,093596,061050,088318,093533
0000000590,0000589000,005560,-08518,094882,058937,083945,095897
0000000591,0000590000,006192,-25341,095645,058748,079621,097188
0000000592,0000591000,006883,-39650,095814,060520,075783,097291
0000000593,0000592000,007552,-49753,095398,064061,072787,096175
0000000594,0000593000,008151,-55407,094415,069022,070940,093955
0000000595,0000594000,008595,-55443,093041,074894,070421,090831
0000000596,0000595000,008869,-50638,091330,081087,071282,087104
0000000597,0000596000,008926,-40987,089524,086993,073450,083143
0000000598,0000597000,008777,-27841,087753,092021,076707,079318
0000000599,0000598000,008434,-12209,086178,095689,080754,076018
0000000600,0000599000,007919,004557,084991,097624,085184,073553
0000000601,0000600000,007302,020125,084269,097639,089578,072174
0000000602,0000601000,006623,033686,084134,095727,093507,072014
0000000603,0000602000,005974,043249,084533,092077,096583,073094
0000000604,0000603000,005405,048275,085469,087071,098515,075324
0000000605,0000604000,004982,048310,086801,081204,099100,078480
0000000606,0000605000,004744,043501,088387,075080,098287,082273
0000000607,0000606000,004702,034499,090114,069297,096142,086327
0000000608,0000607000,004876,021759,091771,064430,092878,090252
0000000609,0000608000,005228,007132,093244,060959,088805,093665
0000000610,0000609000,005743,-08557,094349,059223,084313,096231
0000000611,0000610000,006358,-23382,095006,059406,079848,097702
0000000612,0000611000,007014,-35797,095131,061483,075831,097922
0000000613,0000612000,007647,-44748,094711,065253,072663,096873
0000000614,0000613000,008181,-49207,093843,070324,070648,094644
0000000615,0000614000,008578,-49181,092574,076185,069988,091448
0000000616,0000615000,008786,-44386,091078,082247,070751,087592
0000000617,0000616000,008799,-35809,089472,087903,072861,083446
0000000618,0000617000,008611,-23987,087923,092601,076127,079415
0000000619,0000618000,008242,-10027,086569,095872,080224,075887
0000000620,0000619000,007731,004429,085540,097396,084762,073214
0000000621,0000620000,007120,018211,084969,097016,089300,071652
0000000622,0000621000,006483,029626,084864,094770,093397,071360
0000000623,0000622000,005876,037797,085271,090888,096654,072374
0000000624,0000623000,005370,041716,086111,085762,098751,074596
0000000625,0000624000,005010,041367,087289,079919,099488,077823
0000000626,0000625000,004829,036916,088690,073941,098782,081739
0000000627,0000626000,004848,028604,090170,068430,096703,085971
0000000628,0000627000,005053,017602,091606,063927,093448,090106
0000000629,0000628000,005437,004687,092830,060879,089329,093742
0000000630,0000629000,005951,-08693,093757,059591,084746,096528
0000000631,0000630000,006550,-21279,094271,060189,080140,098181
0000000632,0000631000,007171,-31654,094320,062620,075963,098546
0000000633,0000632000,007746,-38807,093929,066630,072616,097574
0000000634,0000633000,008223,-42306,093132,071815,070430,095358
0000000635,0000634000,008546,-41609,092037,077645,069618,092107
0000000636,0000635000,008693,-37233,090740,083531,070259,088132
0000000637,0000636000,008646,-29513,089391,088890,072298,083818
0000000638,0000637000,008415,-19235,088098,093185,075537,079577
0000000639,0000638000,008022,-07419,086987,095996,079668,075830
0000000640,0000639000,007503,004784,086185,097039,084287,072935
0000000641,0000640000,006917,015993,085747,096212,088951,071181
0000000642,0000641000,006315,025289,085735,093596,093205,070742
0000000643,0000642000,005770,031474,086125,089458,096633,071665
0000000644,0000643000,005331,034206,086876,084223,098907,073866
0000000645,0000644000,005043,033348,087887,078422,099799,077134
0000000646,0000645000,004936,029015,089057,072643,099223,081160
0000000647,0000646000,005012,021800,090283,067462,097231,085552
0000000648,0000647000,005269,012344,091423,063396,094015,089887
0000000649,0000648000,005675,001727,092391,060848,089883,093746
0000000650,0000649000,006195,-09194,093080,060073,085232,096748
0000000651,0000650000,006772,-19096,093424,061150,080518,098601
0000000652,0000651000,007348,-26979,093391,063968,076193,099119
0000000653,0000652000,007864,-32209,092998,068241,072681,098250
0000000654,0000653000,008262,-34194,092305,073531,070323,096070
0000000655,0000654000,008510,-32975,091375,079298,069347,092789
0000000656,0000655000,008578,-28730,090330,084960,069851,088721
0000000657,0000656000,008466,-22063,089260,089949,071787,084255
0000000658,0000657000,008185,-13514,088267,093768,074971,079827
0000000659,0000658000,007762,-04019,087454,096035,079094,075863
0000000660,0000659000,007243,005366,086897,096526,083761,072753
0000000661,0000660000,006677,013847,086653,095189,088518,070799
0000000662,0000661000,006127,020375,086731,092162,092902,070196
0000000663,0000662000,005647,024400,087130,087756,096490,071008
0000000664,0000663000,005289,025590,087778,082420,098931,073156
0000000665,0000664000,005087,024003,088603,076702,099990,076439
0000000666,0000665000,005060,019859,089523,071178,099562,080541
0000000667,0000666000,005210,013635,090435,066405,097689,085068
0000000668,0000667000,005518,006113,091258,062860,094549,089581
0000000669,0000668000,005956,-02099,091905,060899,090444,093643
0000000670,0000669000,006477,-10032,092323,060718,085773,096858
0000000671,0000670000,007028,-16862,092460,062334,080986,098911
0000000672,0000671000,007552,-21901,092316,065583,076551,099600
0000000673,0000672000,007993,-24677,091922,070130,072894,098854
0000000674,0000673000,008307,-25008,091320,075509,070374,096743
0000000675,0000674000,008460,-22920,090592,081170,069230,093467
0000000676,0000675000,008442,-18868,089816,086540,069575,089342
0000000677,0000676000,008253,-13222,089073,091077,071378,084764
0000000678,0000677000,007914,-06625,088429,094324,074462,080176
0000000679,0000678000,007461,000167,087957,095956,078531,076023
0000000680,0000679000,006939,006473,087702,095809,083191,072708
0000000681,0000680000,006404,011607,087676,093899,087991,070556
0000000682,0000681000,005910,015052,087885,090422,092463,069778
0000000683,0000682000,005511,016424,088292,085738,096177,070452
0000000684,0000683000,005246,015782,088839,080326,098772,072515
0000000685,0000684000,005143,013257,089461,074739,099998,075770
0000000686,0000685000,005211,009169,090090,069548,099738,079904
0000000687,0000686000,005441,004099,090657,065276,098017,084518
0000000688,0000687000,005811,-01423,091100,062355,095002,089167
0000000689,0000688000,006280,-06778,091385,061081,090984,093401
0000000690,0000689000,006802,-11376,091475,061582,086353,096806
0000000691,0000690000,007321,-14653,091368,063805,081558,099054
0000000692,0000691000,007782,-16337,091087,067520,077063,099922
0000000693,0000692000,008137,-16291,090671,072346,073305,099325
0000000694,0000693000,008349,-14535,090174,077784,070643,097320
0000000695,0000694000,008397,-11444,089659,083280,069335,094099
0000000696,0000695000,008277,-07400,089192,088272,069505,089972
0000000697,0000696000,008001,-02885,088815,092252,071135,085337
0000000698,0000697000,007599,001552,088575,094817,074066,080643
0000000699,0000698000,007112,005349,088500,095707,078012,076344
0000000700,0000699000,006592,008083,088590,094830,082592,072856
0000000701,0000700000,006092,009457,088833,092280,087360,070519
0000000702,0000701000,005667,009247,089196,088321,091855,069561
0000000703,0000702000,005361,007582,089630,083360,095643,070073
0000000704,0000703000,005205,004707,090072,077909,098359,072007
0000000705,0000704000,005216,000978,090472,072527,099744,075178
0000000706,0000705000,005391,-03113,090779,067764,099667,079278
0000000707,0000706000,005715,-07035,090950,064108,098139,083911
0000000708,0000707000,006151,-10291,090967,061931,095309,088631
0000000709,0000708000,006655,-12500,090827,061458,091454,092978
0000000710,0000709000,007173,-13283,090541,062736,086951,096532
0000000711,0000710000,007651,-12539,090146,065630,082235,098950
0000000712,0000711000,008038,-10367,089694,069842,077764,099998
0000000713,0000712000,008292,-06991,089243,074935,073967,099575
0000000714,0000713000,008387,-02831,088849,080385,071209,097723
0000000715,0000714000,008314,001590,088569,085632,069752,094621
0000000716,0000715000,008079,005714,088438,090136,069733,090570
0000000717,0000716000,007706,009061,088479,093436,071150,085962
0000000718,0000717000,007234,011129,088696,095189,073859,081242
0000000719,0000718000,006713,011584,089072,095217,077596,076869
0000000720,0000719000,006198,010332,089564,093516,081994,073265
0000000721,0000720000,005745,007404,090118,090264,086626,070777
0000000722,0000721000,005400,003089,090670,085799,091045,069644
0000000723,0000722000,005202,-02119,091145,080583,094825,069971
0000000724,0000723000,005171,-07615,091485,075155,097607,071727
0000000725,0000724000,005311,-12811,091645,070072,099127,074739
0000000726,0000725000,005609,-17054,091595,065861,099243,078715
0000000727,0000726000,006034,-19763,091328,062958,097949,083268
0000000728,0000727000,006543,-20587,090862,061664,095379,087958
0000000729,0000728000,007080,-19277,090243,062114,091788,092329
0000000730,0000729000,007590,-15843,089528,064263,087528,095959
0000000731,0000730000,008016,-10594,088801,067886,083015,098502
0000000732,0000731000,008314,-04068,088148,072605,078683,099715
0000000733,0000732000,008452,003082,087642,077932,074947,099486
0000000734,0000733000,008415,010067,087350,083317,072163,097841
0000000735,0000734000,008204,016070,087317,088204,070593,094942
0000000736,0000735000,007841,020433,087557,092085,070381,091070
0000000737,0000736000,007362,022565,088058,094554,071540,086606
0000000738,0000737000,006816,022076,088784,095352,073948,081981
0000000739,0000738000,006263,018889,089664,094393,077362,077645
0000000740,0000739000,005761,013227,090608,091777,081446,074016
0000000741,0000740000,005365,005570,091516,087777,085800,071438
0000000742,0000741000,005117,-03320,092284,082809,090005,070154
0000000743,0000742000,005043,-12488,092822,077388,093660,070281
0000000744,0000743000,005153,-21009,093064,072076,096419,071801
0000000745,0000744000,005437,-27940,092971,067422,098025,074562
0000000746,0000745000,005869,-32453,092537,063914,098330,078293
0000000747,0000746000,006404,-33962,091789,061921,097316,082630
0000000748,0000747000,006986,-32157,090795,061658,095093,087148
0000000749,0000748000,007553,-27056,089646,063155,091889,091409
0000000750,0000749000,008045,-19048,088459,066257,088023,095004
0000000751,0000750000,008407,-08909,087363,070640,083873,097592
0000000752,0000751000,008602,002382,086478,075846,079840,098934
0000000753,0000752000,008607,013691,085900,081338,076306,098910
0000000754,0000753000,008421,023832,085705,086545,073603,097530
0000000755,0000754000,008060,031704,085928,090925,071983,094934
0000000756,0000755000,007558,036416,086561,094018,071590,091379
0000000757,0000756000,006967,037329,087559,095491,072450,087216
0000000758,0000757000,006349,034148,088832,095184,074463,082852
0000000759,0000758000,005770,027081,090258,093123,077420,078711
0000000760,0000759000,005293,016722,091690,089524,081022,075191
0000000761,0000760000,004968,004030,092981,084763,084916,072622
0000000762,0000761000,004831,-09739,093991,079335,088726,071238
0000000763,0000762000,004897,-23205,094608,073803,092092,071161
0000000764,0000763000,005162,-35012,094758,068742,094700,072387
0000000765,0000764000,005602,-43908,094409,064681,096311,074788
0000000766,0000765000,006175,-48824,093574,062052,096783,078124
0000000767,0000766000,006822,-49120,092321,061142,096086,082065
0000000768,0000767000,007474,-44594,090766,062054,094306,086221
0000000769,0000768000,008061,-35536,089060,064700,091634,090188
0000000770,0000769000,008521,-22781,087377,068802,088345,093587
0000000771,0000770000,008803,-07552,085892,073932,084763,096102
0000000772,0000771000,008879,008696,084756,079556,081232,097506
0000000773,0000772000,008738,024371,084094,085091,078086,097680
0000000774,0000773000,008392,037858,083987,089960,075614,096621
0000000775,0000774000,007872,047767,084463,093653,074042,094443
0000000776,0000775000,007228,052936,085497,095771,073504,091369
0000000777,0000776000,006528,052629,087005,096078,074033,087707
0000000778,0000777000,005845,046732,088842,094531,075555,083818
0000000779,0000778000,005254,035717,090825,091287,077902,080083
0000000780,0000779000,004817,020610,092755,086686,080827,076857
0000000781,0000780000,004581,002853,094435,081209,084039,074438
0000000782,0000781000,004570,-15838,095695,075425,087229,073040
0000000783,0000782000,004787,-33660,096402,069933,090098,072778
0000000784,0000783000,005216,-48834,096469,065307,092384,073658
0000000785,0000784000,005816,-59758,095871,062036,093884,075581
0000000786,0000785000,006528,-65157,094640,060478,094472,078347
0000000787,0000786000,007278,-64273,092885,060813,094114,081674
0000000788,0000787000,007987,-57053,090774,063017,092871,085231
0000000789,0000788000,008577,-44117,088520,066863,090889,088669
0000000790,0000789000,008986,-26725,086351,071948,088380,091663
0000000791,0000790000,009172,-06567,084485,077741,085598,093939
0000000792,0000791000,009115,014483,083105,083640,082812,095300
0000000793,0000792000,008819,034388,082353,089034,080280,095640
0000000794,0000793000,008309,051157,082324,093360,078231,094946
0000000795,0000794000,007632,063048,083040,096155,076844,093305
0000000796,0000795000,006855,068686,084455,097107,076227,090894
0000000797,0000796000,006060,067237,086448,096100,076415,087962
0000000798,0000797000,005332,058733,088819,093227,077360,084805
0000000799,0000798000,004750,044006,091327,088787,078941,081731
0000000800,0000799000,004375,024468,093719,083247,080982,079031
0000000801,0000800000,004243,002046,095759,077184,083273,076949
0000000802,0000801000,004369,-21177,097249,071227,085591,075660
0000000803,0000802000,004744,-43010,098041,065992,087722,075261
0000000804,0000803000,005334,-61268,098037,062029,089479,075763
0000000805,0000804000,006084,-74039,097210,059766,090712,077096
0000000806,0000805000,006919,-79860,095623,059460,091332,079108
0000000807,0000806000,007751,-77893,093414,061163,091308,081585
0000000808,0000807000,008490,-68202,090805,064706,090677,084276
0000000809,0000808000,009056,-51815,088068,069717,089529,086914
0000000810,0000809000,009392,-30354,085477,075669,088002,089254
0000000811,0000810000,009466,-05903,083282,081943,086259,091088
0000000812,0000811000,009269,019262,081694,087891,084472,092266
0000000813,0000812000,008817,042796,080869,092897,082802,092704
0000000814,0000813000,008152,062349,080907,096433,081394,092392
0000000815,0000814000,007335,075871,081832,098112,080359,091388
0000000816,0000815000,006451,081814,083572,097736,079766,089816
0000000817,0000816000,005591,079347,085973,095327,079636,087849
0000000818,0000817000,004851,068609,088788,091130,079947,085691
0000000819,0000818000,004310,050783,091718,085588,080635,083556
0000000820,0000819000,004019,027679,094476,079284,081606,081641
0000000821,0000820000,004006,001492,096801,072871,082750,080112
0000000822,0000821000,004274,-25292,098467,067010,083951,079089
0000000823,0000822000,004799,-50215,099314,062309,085100,078637
0000000824,0000823000,005534,-70824,099246,059268,086105,078764
0000000825,0000824000,006408,-84907,098235,058221,086895,079423
0000000826,0000825000,007331,-90871,096363,059302,087429,080522
0000000827,0000826000,008205,-87969,093812,062412,087695,081930
0000000828,0000827000,008935,-76347,090829,067231,087707,083494
0000000829,0000828000,009443,-57297,087745,073248,087495,085062
0000000830,0000829000,009682,-32947,084864,079830,087110,086488
0000000831,0000830000,009632,-05418,082442,086297,086608,087656
0000000832,0000831000,009294,022653,080719,091983,086043,088482
0000000833,0000832000,008700,048532,079866,096299,085465,088919
0000000834,0000833000,007905,069871,079968,098783,084914,088965
0000000835,0000834000,006986,084309,081044,099156,084411,088656
0000000836,0000835000,006039,090161,083021,097357,083970,088056
0000000837,0000836000,005165,086821,085686,093565,083590,087247
0000000838,0000837000,004457,074566,088777,088176,083265,086328
0000000839,0000838000,003991,054642,091969,081759,082993,085384
0000000840,0000839000,003810,029369,094922,074992,082775,084503
0000000841,0000840000,003924,001047,097399,068570,082605,083749
0000000842,0000841000,004330,-27892,099150,063151,082498,083165
0000000843,0000842000,004985,-54309,099998,059303,082464,082773
0000000844,0000843000,005829,-75926,099856,057438,082518,082571
0000000845,0000844000,006780,-90443,098727,057770,082692,082532
0000000846,0000845000,007734,-96063,096687,060282,083005,082619
0000000847,0000846000,008594,-92357,093953,064718,083472,082801
0000000848,0000847000,009265,-79588,090811,070609,084093,083039
0000000849,0000848000,009678,-59243,087576,077332,084840,083314
0000000850,0000849000,009797,-33504,084601,084181,085669,083602
0000000851,0000850000,009617,-04837,082115,090453,086521,083894
0000000852,0000851000,009149,024338,080371,095504,087325,084196
0000000853,0000852000,008441,050826,079555,098803,087999,084508
0000000854,0000853000,007561,072249,079731,099997,088474,084843
0000000855,0000854000,006596,086533,080901,098941,088663,085221
0000000856,0000855000,005652,091747,082965,095735,088511,085645
0000000857,0000856000,004825,087692,085713,090712,087989,086104
0000000858,0000857000,004204,074713,088846,084405,087099,086567
0000000859,0000858000,003853,054281,092052,077483,085897,086993
0000000860,0000859000,003801,028635,094993,070669,084471,087332
0000000861,0000860000,004046,000166,097426,064664,082938,087539
0000000862,0000861000,004570,-28643,099129,060082,081435,087558
0000000863,0000862000,005320,-54654,099894,057407,080106,087359
0000000864,0000863000,006221,-75364,099673,056930,079085,086917
0000000865,0000864000,007182,-89014,098486,058714,078506,086224
0000000866,0000865000,008098,-93748,096438,062579,078466,085301
0000000867,0000866000,008873,-89292,093733,068114,079010,084208
0000000868,0000867000,009429,-76380,090675,074733,080132,083038
0000000869,0000868000,009709,-56293,087574,081733,081755,081900
0000000870,0000869000,009691,-31209,084725,088385,083747,080911
0000000871,0000870000,009381,-03540,082397,094007,085937,080181
0000000872,0000871000,008809,024175,080797,098019,088125,079809
0000000873,0000872000,008030,049103,080096,099998,090104,079863
0000000874,0000873000,007126,068710,080363,099728,091675,080380
0000000875,0000874000,006188,081194,081555,097227,092658,081360
0000000876,0000875000,005321,085269,083551,092758,092917,082752
0000000877,0000876000,004613,080558,086143,086800,092386,084456
0000000878,0000877000,004137,067823,089063,079986,091076,086317
0000000879,0000878000,003938,048506,091991,073040,089082,088159
0000000880,0000879000,004028,024623,094664,066682,086570,089801
0000000881,0000880000,004400,-01667,096834,061565,083766,091066
0000000882,0000881000,005012,-27689,098293,058219,080929,091811
0000000883,0000882000,005806,-50797,098889,056997,078325,091931
0000000884,0000883000,006696,-68776,098578,058034,076215,091375
0000000885,0000884000,007588,-79808,097407,061224,074827,090148
0000000886,0000885000,008388,-82918,095496,066226,074330,088327
0000000887,0000886000,009009,-77945,093067,072501,074810,086058
0000000888,0000887000,009394,-65746,090373,079378,076259,083542
0000000889,0000888000,009504,-47547,087679,086132,078568,081022
0000000890,0000889000,009337,-25237,085245,092060,081532,078747
0000000891,0000890000,008910,-01142,083306,096554,084885,076948
0000000892,0000891000,008267,022516,082041,099146,088317,075819
0000000893,0000892000,007476,043296,081562,099562,091498,075500
0000000894,0000893000,006618,058999,081929,097756,094116,076061
0000000895,0000894000,005790,068172,083071,093922,095900,077486
0000000896,0000895000,005079,070222,084840,088474,096647,079679
0000000897,0000896000,004559,065038,087053,082002,096248,082459
0000000898,0000897000,004280,053367,089474,075199,094714,085569
0000000899,0000898000,004263,036728,091853,068781,092165,088714
0000000900,0000899000,004508,016662,093968,063416,088826,091588
0000000901,0000900000,004985,-04827,095628,059659,085006,093900
0000000902,0000901000,007038,015046,098528,058524,084615,095441
0000000903,0000902000,006725,012532,096638,059270,084615,096105
0000000904,0000903000,008069,027138,098581,062471,084615,095675
0000000905,0000904000,008362,005832,093965,067006,084615,094123
0000000906,0000905000,009123,013828,094697,072604,084615,091551
0000000907,0000906000,020321,-03446,090653,078499,084615,088433
0000000908,0000907000,004753,-16473,086851,078499,084615,084771
0000000909,0000908000,016776,-02752,088468,078499,084615,084771
0000000910,0000909000,032132,013820,090391,078499,084615,084771
0000000911,0000910000,026406,008575,090189,078499,084615,084771
0000000912,0000911000,008363,-09762,088661,078499,084615,084771
0000000913,0000912000,005086,-13989,088468,078499,084615,084771
0000000914,0000913000,019917,-00514,089926,078499,084615,084771
0000000915,0000914000,029674,007790,090734,078499,084615,084771
0000000916,0000915000,021604,-01522,089664,078499,084615,084771
0000000917,0000916000,011126,-12790,088319,078499,084615,084771
0000000918,0000917000,015749,-08379,088513,078499,084615,084771
0000000919,0000918000,028368,004606,089589,078499,084615,084771
0000000920,0000919000,029994,007055,089681,078499,084615,084771
0000000921,0000920000,019181,-02685,088649,078499,084615,084771
0000000922,0000921000,012588,-08193,088140,078499,084615,084771
0000000923,0000922000,018556,-01355,088948,078499,084615,084771
0000000924,0000923000,025687,006270,089887,078499,084615,084771
0000000925,0000924000,022036,002662,089712,078499,084615,084771
0000000926,0000925000,013247,-06507,088953,078499,084615,084771
0000000927,0000926000,012599,-07847,088919,078499,084615,084771
0000000928,0000927000,020465,-00818,089646,078499,084615,084771
0000000929,0000928000,024900,002820,089960,078499,084615,084771
0000000930,0000929000,020503,-02174,089353,078499,084615,084771
0000000931,0000930000,015658,-07308,088701,078499,084615,084771
0000000932,0000931000,018493,-04418,088851,078499,084615,084771
0000000933,0000932000,024588,002037,089386,078499,084615,084771
0000000934,0000933000,024683,002700,089391,078499,084615,084771
0000000935,0000934000,018975,-02366,088881,078499,084615,084771
0000000936,0000935000,016005,-04758,088692,078499,084615,084771
0000000937,0000936000,019237,-01128,089146,078499,084615,084771
0000000938,0000937000,022522,002309,089597,078499,084615,084771
0000000939,0000938000,020353,000034,089471,078499,084615,084771
0000000940,0000939000,016146,-04496,089094,078499,084615,084771
0000000941,0000940000,016340,-04759,089103,078499,084615,084771
0000000942,0000941000,020471,-01112,089459,078499,084615,084771
0000000943,0000942000,022448,000453,089568,078499,084615,084771
0000000944,0000943000,020079,-02174,089232,078499,084615,084771
0000000945,0000944000,017855,-04462,088920,078499,084615,084771
0000000946,0000945000,019495,-02695,089023,078499,084615,084771
0000000947,0000946000,022385,000474,089290,078499,084615,084771
0000000948,0000947000,022060,000510,089275,078499,084615,084771
0000000949,0000948000,019077,-02112,089028,078499,084615,084771
0000000950,0000949000,017770,-03131,088969,078499,084615,084771
0000000951,0000950000,019504,-01237,089217,078499,084615,084771
0000000952,0000951000,021008,000276,089431,078499,084615,084771
0000000953,0000952000,019781,-01081,089347,078499,084615,084771
0000000954,0000953000,017806,-03290,089159,078499,084615,084771
0000000955,0000954000,018170,-03206,089174,078499,084615,084771
0000000956,0000955000,020319,-01323,089345,078499,084615,084771
0000000957,0000956000,021175,-00664,089375,078499,084615,084771
0000000958,0000957000,019907,-02024,089192,078499,084615,084771
0000000959,0000958000,018891,-03018,089046,078499,084615,084771
0000000960,0000959000,019800,-01986,089113,078499,084615,084771
0000000961,0000960000,021142,-00453,089247,078499,084615,084771
0000000962,0000961000,020789,-00591,089232,078499,084615,084771
0000000963,0000962000,019246,-01942,089115,078499,084615,084771
0000000964,0000963000,018692,-02365,089103,078499,084615,084771
0000000965,0000964000,019617,-01392,089236,078499,084615,084771
0000000966,0000965000,020304,-00744,089335,078499,084615,084771
0000000967,0000966000,019636,-01522,089282,078499,084615,084771
0000000968,0000967000,018730,-02581,089187,078499,084615,084771
0000000969,0000968000,019046,-02426,089200,078499,084615,084771
0000000970,0000969000,020151,-01458,089280,078499,084615,084771
0000000971,0000970000,020505,-01188,089282,078499,084615,084771
0000000972,0000971000,019830,-01883,089185,078499,084615,084771
0000000973,0000972000,019366,-02302,089119,078499,084615,084771
0000000974,0000973000,019853,-01720,089161,078499,084615,084771
0000000975,0000974000,020461,-00991,089228,078499,084615,084771
0000000976,0000975000,020190,-01142,089218,078499,084615,084771
0000000977,0000976000,019401,-01836,089163,078499,084615,084771
0000000978,0000977000,019179,-02006,089166,078499,084615,084771
0000000979,0000978000,019672,-01511,089236,078499,084615,084771
0000000980,0000979000,019985,-01243,089280,078499,084615,084771
0000000981,0000980000,019633,-01675,089248,078499,084615,084771
0000000982,0000981000,019228,-02174,089200,078499,084615,084771
0000000983,0000982000,019453,-02037,089207,078499,084615,084771
0000000984,0000983000,020014,-01541,089245,078499,084615,084771
0000000985,0000984000,020150,-01435,089240,078499,084615,084771
0000000986,0000985000,019790,-01786,089189,078499,084615,084771
0000000987,0000986000,019578,-01956,089160,078499,084615,084771
0000000988,0000987000,019831,-01638,089186,078499,084615,084771
0000000989,0000988000,020099,-01298,089220,078499,084615,084771
0000000990,0000989000,019917,-01417,089214,078499,084615,084771
0000000991,0000990000,019519,-01771,089189,078499,084615,084771
0000000992,0000991000,019440,-01836,089194,078499,084615,084771
0000000993,0000992000,019702,-01587,089230,078499,084615,084771
0000000994,0000993000,019846,-01481,089249,078499,084615,084771
0000000995,0000994000,019665,-01714,089229,078499,084615,084771
0000000996,0000995000,019489,-01943,089205,078499,084615,084771
0000000997,0000996000,019634,-01844,089210,078499,084615,084771
0000000998,0000997000,019914,-01591,089227,078499,084615,084771
0000000999,0000998000,019959,-01552,089221,078499,084615,084771
0000001000,0000999000,019767,-01728,089195,078499,084615,084771
0000001001,0001000000,019669,-01794,089183,078499,084615,084771
0000001002,0001001000,019798,-01624,089199,078499,084615,084771
0000001003,0001002000,019912,-01471,089216,078499,084615,084771
0000001004,0001003000,019799,-01552,089213,078499,084615,084771
0000001005,0001004000,019602,-01732,089201,078499,084615,084771
0000001006,0001005000,019580,-01755,089206,078499,084615,084771
0000001007,0001006000,019720,-01630,089224,078499,084615,084771
0000001008,0001007000,019786,-01590,089232,078499,084615,084771
0000001009,0001008000,019695,-01713,089220,078499,084615,084771
0000001010,0001009000,019622,-01815,089208,078499,084615,084771
0000001011,0001010000,019709,-01750,089210,078499,084615,084771
0000001012,0001011000,019847,-01621,089218,078499,084615,084771
0000001013,0001012000,019856,-01609,089214,078499,084615,084771
0000001014,0001013000,019753,-01697,089201,078499,084615,084771
0000001015,0001014000,019708,-01721,089197,078499,084615,084771
0000001016,0001015000,019772,-01633,089205,078499,084615,084771
0000001017,0001016000,019818,-01565,089214,078499,084615,084771
0000001018,0001017000,019752,-01617,089212,078499,084615,084771
0000001019,0001018000,019656,-01709,089207,078499,084615,084771
0000001020,0001019000,019655,-01715,089211,078499,084615,084771
0000001021,0001020000,019730,-01652,089219,078499,084615,084771
0000001022,0001021000,019761,-01639,089222,078499,084615,084771
0000001023,0001022000,019716,-01702,089215,078499,084615,084771
0000001024,0001023000,019687,-01745,089209,078499,084615,084771
0000001025,0001024000,019737,-01705,089210,078499,084615,084771
0000001026,0001025000,019804,-01640,089214,078499,084615,084771
0000001027,0001026000,019800,-01638,089211,078499,084615,084771
0000001028,0001027000,019746,-01681,089205,078499,084615,084771
0000001029,0001028000,019724,-01689,089204,078499,084615,084771
0000001030,0001029000,019756,-01645,089209,078499,084615,084771
0000001031,0001030000,019773,-01616,089213,078499,084615,084771
0000001032,0001031000,019736,-01648,089212,078499,084615,084771
0000001033,0001032000,019691,-01694,089210,078499,084615,084771
0000001034,0001033000,019696,-01694,089212,078499,084615,084771
0000001035,0001034000,019736,-01663,089216,078499,084615,084771
0000001036,0001035000,019751,-01659,089217,078499,084615,084771
0000001037,0001036000,019729,-01690,089213,078499,084615,084771
0000001038,0001037000,019718,-01708,089210,078499,084615,084771
0000001039,0001038000,019745,-01684,089210,078499,084615,084771
0000001040,0001039000,019777,-01651,089212,078499,084615,084771
0000001041,0001040000,019771,-01652,089210,078499,084615,084771
0000001042,0001041000,019741,-01674,089208,078499,084615,084771
0000001043,0001042000,019731,-01676,089207,078499,084615,084771
0000001044,0001043000,019746,-01654,089210,078499,084615,084771
0000001045,0001044000,019753,-01643,089213,078499,084615,084771
0000001046,0001045000,019733,-01662,089212,078499,084615,084771
0000001047,0001046000,019712,-01685,089211,078499,084615,084771
0000001048,0001047000,019717,-01683,089212,078499,084615,084771
0000001049,0001048000,019739,-01668,089214,078499,084615,084771
0000001050,0001049000,019746,-01667,089214,078499,084615,084771
0000001051,0001050000,019735,-01682,089212,078499,084615,084771
0000001052,0001051000,019732,-01689,089210,078499,084615,084771
0000001053,0001052000,019746,-01675,089211,078499,084615,084771
0000001054,0001053000,019760,-01659,089211,078499,084615,084771
0000001055,0001054000,019755,-01660,089211,078499,084615,084771
0000001056,0001055000,019739,-01671,089209,078499,084615,084771
0000001057,0001056000,019735,-01672,089209,078499,084615,084771
0000001058,0001057000,019742,-01661,089211,078499,084615,084771
0000001059,0001058000,019744,-01657,089212,078499,084615,084771
0000001060,0001059000,019733,-01668,089212,078499,084615,084771
0000001061,0001060000,019724,-01679,089211,078499,084615,084771
0000001062,0001061000,019729,-01677,089212,078499,084615,084771
0000001063,0001062000,019740,-01670,089213,078499,084615,084771
0000001064,0001063000,019743,-01669,089213,078499,084615,084771
0000001065,0001064000,019738,-01677,089211,078499,084615,084771
0000001066,0001065000,019737,-01679,089211,078499,084615,084771
0000001067,0001066000,019745,-01671,089211,078499,084615,084771
0000001068,0001067000,019751,-01663,089211,078499,084615,084771
0000001069,0001068000,019747,-01665,089211,078499,084615,084771
0000001070,0001069000,019739,-01670,089210,078499,084615,084771
0000001071,0001070000,019736,-01670,089210,078499,084615,084771
0000001072,0001071000,019740,-01665,089211,078499,084615,084771
0000001073,0001072000,019740,-01664,089212,078499,084615,084771
0000001074,0001073000,019735,-01670,089212,078499,084615,084771
0000001075,0001074000,019731,-01675,089212,078499,084615,084771
0000001076,0001075000,019734,-01674,089212,078499,084615,084771
0000001077,0001076000,019740,-01670,089212,078499,084615,084771
0000001078,0001077000,019742,-01670,089212,078499,084615,084771
0000001079,0001078000,019740,-01674,089211,078499,084615,084771
0000001080,0001079000,019739,-01674,089211,078499,084615,084771
0000001081,0001080000,019743,-01670,089211,078499,084615,084771
0000001082,0001081000,019745,-01666,089211,078499,084615,084771
0000001083,0001082000,019743,-01667,089211,078499,084615,084771
0000001084,0001083000,019738,-01670,089211,078499,084615,084771
0000001085,0001084000,019737,-01670,089211,078499,084615,084771
0000001086,0001085000,019739,-01668,089211,078499,084615,084771
0000001087,0001086000,019739,-01668,089212,078499,084615,084771
0000001088,0001087000,019737,-01671,089212,078499,084615,084771
0000001089,0001088000,019735,-01673,089211,078499,084615,084771
0000001090,0001089000,019737,-01672,089212,078499,084615,084771
0000001091,0001090000,019740,-01670,089212,078499,084615,084771
0000001092,0001091000,019741,-01670,089212,078499,084615,084771
0000001093,0001092000,019740,-01672,089211,078499,084615,084771
0000001094,0001093000,019740,-01672,089211,078499,084615,084771
0000001095,0001094000,019742,-01669,089211,078499,084615,084771
0000001096,0001095000,019743,-01668,089211,078499,084615,084771
0000001097,0001096000,019741,-01668,089211,078499,084615,084771
0000001098,0001097000,019739,-01670,089211,078499,084615,084771
0000001099,0001098000,019738,-01670,089211,078499,084615,084771
0000001100,0001099000,019739,-01669,089211,078499,084615,084771
0000001101,0001100000,019739,-01669,089212,078499,084615,084771
