0000000001,0000000000,089594,087684,075240,092055,089703,074065
0000000002,0000001000,087046,090118,075354,089039,092419,074364
0000000003,0000002000,084195,091973,076352,085740,094414,075669
0000000004,0000003000,081349,093034,078135,082485,095484,077855
0000000005,0000004000,078765,093217,080537,079580,095534,080709
0000000006,0000005000,076693,092510,083315,077320,094555,083949
0000000007,0000006000,075347,090980,086190,075926,092642,087255
0000000008,0000007000,074874,088749,088896,075531,089982,090310
0000000009,0000008000,075282,086071,091165,076172,086838,092813
0000000010,0000009000,076550,083204,092766,077790,083517,094516
0000000011,0000010000,078569,080405,093544,080227,080342,095254
0000000012,0000011000,081131,077956,093431,083242,077626,094955
0000000013,0000012000,083959,076126,092434,086540,075633,093650
0000000014,0000013000,086813,075055,090649,089799,074560,091464
0000000015,0000014000,089411,074860,088248,092701,074512,088610
0000000016,0000015000,091470,075578,085470,094959,075493,085371
0000000017,0000016000,092805,077120,082594,096357,077402,082064
0000000018,0000017000,093304,079326,079889,096751,080063,079009
0000000019,0000018000,092885,082014,077620,096108,083210,076506
0000000020,0000019000,091603,084896,076020,094491,086529,074803
0000000021,0000020000,089599,087678,075240,092057,089701,074065
0000000022,0000021000,087045,090119,075354,089037,092422,074364
0000000023,0000022000,084194,091974,076351,085740,094413,075670
0000000024,0000023000,081349,093034,078135,082484,095484,077855
0000000025,0000024000,078767,093215,080537,079581,095533,080709
0000000026,0000025000,076690,092514,083314,077319,094556,083949
0000000027,0000026000,075350,090978,086190,075926,092642,087256
0000000028,0000027000,074872,088750,088896,075530,089983,090310
0000000029,0000028000,075281,086072,091165,076172,086838,092813
0000000030,0000029000,076551,083203,092765,077790,083517,094516
0000000031,0000030000,078571,080403,093545,080226,080343,095254
0000000032,0000031000,081126,077962,093431,083241,077627,094955
0000000033,0000032000,083962,076123,092433,086540,075633,093650
0000000034,0000033000,086816,075053,090649,089798,074561,091465
0000000035,0000034000,089407,074863,088248,092700,074513,088611
0000000036,0000035000,091468,075580,085470,094960,075492,085371
0000000037,0000036000,092811,077113,082594,096356,077403,082064
0000000038,0000037000,093301,079328,079889,096750,080064,079010
0000000039,0000038000,092881,082017,077620,096107,083210,076506
0000000040,0000039000,091608,084891,076019,094491,086528,074803
0000000041,0000040000,089602,087676,075240,092055,089702,074066
0000000042,0000041000,087039,090125,075354,089038,092421,074364
0000000043,0000042000,084195,091972,076351,085741,094413,075670
0000000044,0000043000,081354,093030,078135,082483,095485,077855
0000000045,0000044000,078763,093219,080537,079579,095535,080709
0000000046,0000045000,076688,092516,083314,077320,094554,083949
0000000047,0000046000,075355,090973,086190,075926,092642,087255
0000000048,0000047000,074870,088752,088896,075529,089984,090310
0000000049,0000048000,075277,086077,091165,076172,086838,092813
0000000050,0000049000,076554,083200,092765,077790,083517,094516
0000000051,0000050000,078572,080402,093545,080225,080345,095254
0000000052,0000051000,081122,077965,093431,083241,077627,094955
0000000053,0000052000,083962,076122,092434,086540,075634,093650
0000000054,0000053000,086818,075050,090650,089797,074562,091465
0000000055,0000054000,089404,074866,088249,092698,074514,088611
0000000056,0000055000,091468,075580,085471,094960,075492,085371
0000000057,0000056000,092814,077110,082595,096355,077403,082065
0000000058,0000057000,093300,079329,079889,096749,080064,079010
0000000059,0000058000,092880,082019,077620,096107,083209,076507
0000000060,0000059000,091611,084888,076019,094491,086528,074804
0000000061,0000060000,089601,087677,075240,092054,089702,074067
0000000062,0000061000,087039,090126,075353,089038,092420,074365
0000000063,0000062000,084198,091970,076350,085741,094412,075670
0000000064,0000063000,081354,093030,078134,082483,095484,077856
0000000065,0000064000,078760,093222,080536,079580,095534,080709
0000000066,0000065000,076690,092515,083313,077321,094554,083948
0000000067,0000066000,075356,090972,086190,075926,092643,087255
0000000068,0000067000,074867,088755,088896,075530,089984,090309
0000000069,0000068000,075277,086077,091164,076173,086838,092812
0000000070,0000069000,076556,083198,092765,077790,083518,094515
0000000071,0000070000,078568,080405,093545,080224,080346,095253
0000000072,0000071000,081120,077967,093432,083241,077628,094955
0000000073,0000072000,083965,076119,092435,086539,075635,093650
0000000074,0000073000,086816,075051,090651,089795,074563,091465
0000000075,0000074000,089400,074868,088250,092697,074515,088611
0000000076,0000075000,091471,075576,085471,094958,075493,085372
0000000077,0000076000,092815,077108,082595,096353,077404,082066
0000000078,0000077000,093297,079332,079890,096748,080064,079012
0000000079,0000078000,092882,082016,077620,096107,083208,076509
0000000080,0000079000,091614,084885,076019,094490,086528,074806
0000000081,0000080000,089600,087679,075240,092054,089701,074068
0000000082,0000081000,087039,090127,075352,089039,092419,074366
0000000083,0000082000,084202,091967,076349,085742,094411,075671
0000000084,0000083000,081354,093032,078133,082484,095484,077856
0000000085,0000084000,078759,093225,080534,079582,095533,080709
0000000086,0000085000,076693,092513,083312,077323,094553,083948
0000000087,0000086000,075356,090973,086189,075927,092643,087253
0000000088,0000087000,074864,088759,088895,075531,089985,090308
0000000089,0000088000,075278,086076,091164,076174,086839,092811
0000000090,0000089000,076555,083198,092765,077790,083520,094514
0000000091,0000090000,078564,080408,093546,080224,080348,095252
0000000092,0000091000,081119,077967,093433,083240,077630,094954
0000000093,0000092000,083965,076117,092436,086537,075637,093649
0000000094,0000093000,086813,075052,090653,089793,074565,091465
0000000095,0000094000,089399,074868,088251,092696,074516,088612
0000000096,0000095000,091472,075573,085473,094956,075494,085373
0000000097,0000096000,092814,077108,082597,096350,077405,082068
0000000098,0000097000,093297,079331,079891,096746,080063,079014
0000000099,0000098000,092886,082012,077621,096105,083207,076511
0000000100,0000099000,091615,084883,076019,094489,086526,074808
0000000101,0000100000,089600,087680,075239,092054,089699,074070
0000000102,0000101000,087043,090124,075351,089039,092416,074368
0000000103,0000102000,084205,091966,076348,085743,094409,075672
0000000104,0000103000,081353,093034,078131,082486,095482,077856
0000000105,0000104000,078761,093226,080532,079585,095530,080708
0000000106,0000105000,076695,092513,083310,077325,094552,083946
0000000107,0000106000,075354,090977,086187,075929,092643,087252
0000000108,0000107000,074863,088762,088893,075533,089985,090305
0000000109,0000108000,075278,086076,091164,076175,086840,092808
0000000110,0000109000,076552,083200,092766,077790,083522,094511
0000000111,0000110000,078560,080411,093547,080224,080350,095249
0000000112,0000111000,081119,077966,093434,083239,077632,094952
0000000113,0000112000,083963,076117,092438,086535,075640,093648
0000000114,0000113000,086809,075053,090655,089791,074568,091464
0000000115,0000114000,089399,074865,088254,092693,074518,088612
0000000116,0000115000,091473,075570,085476,094953,075496,085375
0000000117,0000116000,092812,077107,082599,096347,077406,082070
0000000118,0000117000,093298,079328,079892,096744,080063,079017
0000000119,0000118000,092889,082008,077621,096103,083206,076514
0000000120,0000119000,091617,084882,076019,094488,086524,074811
0000000121,0000120000,089602,087679,075238,092054,089696,074073
0000000122,0000121000,087047,090122,075349,089041,092413,074370
0000000123,0000122000,084207,091966,076345,085745,094406,075673
0000000124,0000123000,081354,093037,078128,082489,095478,077856
0000000125,0000124000,078764,093226,080529,079588,095528,080707
0000000126,0000125000,076696,092515,083308,077328,094551,083944
0000000127,0000126000,075351,090982,086185,075932,092642,087249
0000000128,0000127000,074862,088765,088892,075536,089985,090302
0000000129,0000128000,075277,086078,091163,076177,086842,092804
0000000130,0000129000,076548,083205,092766,077791,083525,094507
0000000131,0000130000,078557,080414,093548,080224,080353,095246
0000000132,0000131000,081117,077965,093437,083238,077636,094949
0000000133,0000132000,083959,076118,092441,086532,075645,093647
0000000134,0000133000,086806,075053,090659,089787,074572,091464
0000000135,0000134000,089399,074861,088257,092689,074521,088614
0000000136,0000135000,091472,075567,085479,094948,075498,085377
0000000137,0000136000,092812,077105,082602,096343,077406,082073
0000000138,0000137000,093301,079323,079894,096741,080062,079021
0000000139,0000138000,092892,082004,077622,096100,083204,076519
0000000140,0000139000,091619,084881,076019,094486,086521,074816
0000000141,0000140000,089606,087676,075236,092055,089692,074077
0000000142,0000141000,087052,090119,075347,089042,092408,074373
0000000143,0000142000,084209,091968,076342,085747,094401,075675
0000000144,0000143000,081357,093038,078124,082493,095474,077857
0000000145,0000144000,078767,093227,080525,079593,095524,080706
0000000146,0000145000,076695,092519,083304,077333,094549,083942
0000000147,0000146000,075350,090987,086181,075937,092641,087245
0000000148,0000147000,074861,088768,088889,075540,089985,090297
0000000149,0000148000,075274,086083,091162,076179,086845,092799
0000000150,0000149000,076543,083210,092766,077792,083529,094502
0000000151,0000150000,078554,080415,093549,080224,080358,095241
0000000152,0000151000,081113,077966,093440,083236,077642,094946
0000000153,0000152000,083954,076119,092445,086529,075650,093644
0000000154,0000153000,086804,075052,090663,089783,074576,091464
0000000155,0000154000,089398,074858,088262,092683,074525,088615
0000000156,0000155000,091471,075564,085484,094942,075501,085380
0000000157,0000156000,092813,077101,082605,096338,077407,082078
0000000158,0000157000,093305,079317,079896,096736,080061,079026
0000000159,0000158000,092896,081999,077624,096097,083202,076525
0000000160,0000159000,091622,084878,076018,094485,086517,074821
0000000161,0000160000,089613,087672,075234,092055,089687,074082
0000000162,0000161000,087057,090117,075343,089044,092403,074377
0000000163,0000162000,084212,091969,076337,085751,094395,075677
0000000164,0000163000,081361,093039,078119,082498,095468,077857
0000000165,0000164000,078770,093229,080520,079599,095520,080705
0000000166,0000165000,076695,092525,083299,077339,094546,083939
0000000167,0000166000,075349,090992,086177,075944,092640,087240
0000000168,0000167000,074859,088772,088887,075545,089986,090291
0000000169,0000168000,075268,086089,091161,076183,086848,092792
0000000170,0000169000,076537,083215,092767,077794,083533,094496
0000000171,0000170000,078549,080418,093552,080224,080364,095236
0000000172,0000171000,081106,077969,093444,083233,077649,094941
0000000173,0000172000,083948,076120,092450,086525,075657,093642
0000000174,0000173000,086800,075049,090669,089777,074583,091463
0000000175,0000174000,089396,074854,088268,092676,074530,088617
0000000176,0000175000,091469,075560,085489,094935,075504,085384
0000000177,0000176000,092814,077094,082610,096331,077408,082083
0000000178,0000177000,093309,079310,079900,096730,080060,079033
0000000179,0000178000,092899,081994,077625,096093,083199,076532
0000000180,0000179000,091628,084872,076018,094483,086512,074829
0000000181,0000180000,089620,087667,075231,092055,089680,074088
0000000182,0000181000,087063,090116,075339,089046,092395,074382
0000000183,0000182000,084218,091969,076331,085756,094387,075680
0000000184,0000183000,081366,093040,078112,082505,095461,077858
0000000185,0000184000,078772,093233,080513,079606,095514,080703
0000000186,0000185000,076695,092531,083292,077347,094542,083934
0000000187,0000186000,075348,090998,086172,075951,092638,087234
0000000188,0000187000,074856,088779,088883,075552,089988,090284
0000000189,0000188000,075262,086097,091159,076188,086851,092784
0000000190,0000189000,076531,083220,092767,077797,083539,094487
0000000191,0000190000,078542,080421,093555,080223,080372,095228
0000000192,0000191000,081098,077972,093449,083230,077657,094936
0000000193,0000192000,083941,076120,092457,086519,075665,093639
0000000194,0000193000,086796,075046,090676,089770,074591,091463
0000000195,0000194000,089392,074850,088276,092667,074537,088619
0000000196,0000195000,091468,075555,085496,094926,075508,085389
0000000197,0000196000,092817,077086,082616,096323,077410,082090
0000000198,0000197000,093312,079302,079904,096723,080059,079041
0000000199,0000198000,092904,081988,077627,096087,083195,076541
0000000200,0000199000,091636,084865,076017,094480,086505,074838
0000000201,0000200000,089628,087662,075228,092055,089672,074096
0000000202,0000201000,087070,090114,075334,089049,092386,074388
0000000203,0000202000,084225,091969,076324,085762,094377,075684
0000000204,0000203000,081373,093042,078104,082513,095452,077858
0000000205,0000204000,078775,093239,080505,079615,095507,080701
0000000206,0000205000,076696,092538,083284,077357,094537,083929
0000000207,0000206000,075347,091005,086165,075961,092636,087226
0000000208,0000207000,074851,088788,088879,075560,089989,090274
0000000209,0000208000,075255,086105,091157,076194,086856,092774
0000000210,0000209000,076523,083227,092768,077800,083546,094478
0000000211,0000210000,078533,080427,093558,080223,080381,095220
0000000212,0000211000,081089,077975,093454,083227,077668,094929
0000000213,0000212000,083934,076120,092465,086513,075676,093635
0000000214,0000213000,086790,075042,090686,089761,074600,091462
0000000215,0000214000,089388,074845,088285,092657,074545,088621
0000000216,0000215000,091467,075547,085505,094915,075513,085394
0000000217,0000216000,092819,077076,082623,096312,077412,082099
0000000218,0000217000,093316,079293,079909,096714,080058,079052
0000000219,0000218000,092911,081979,077629,096081,083190,076552
0000000220,0000219000,091646,084856,076016,094477,086497,074849
0000000221,0000220000,089638,087656,075224,092055,089662,074106
0000000222,0000221000,087080,090111,075327,089053,092374,074395
0000000223,0000222000,084235,091968,076315,085769,094366,075688
0000000224,0000223000,081380,093045,078094,082522,095442,077859
0000000225,0000224000,078779,093246,080494,079627,095499,080698
0000000226,0000225000,076697,092546,083275,077369,094531,083923
0000000227,0000226000,075346,091015,086158,075972,092634,087217
0000000228,0000227000,074846,088799,088873,075569,089991,090263
0000000229,0000228000,075248,086116,091155,076200,086861,092762
0000000230,0000229000,076514,083235,092769,077803,083555,094466
0000000231,0000230000,078522,080434,093563,080222,080392,095209
0000000232,0000231000,081078,077979,093462,083223,077680,094921
0000000233,0000232000,083925,076119,092474,086505,075688,093630
0000000234,0000233000,086782,075039,090696,089750,074612,091461
0000000235,0000234000,089383,074839,088296,092645,074554,088624
0000000236,0000235000,091466,075537,085515,094903,075519,085401
0000000237,0000236000,092822,077065,082631,096300,077414,082109
0000000238,0000237000,093322,079282,079915,096704,080056,079064
0000000239,0000238000,092920,081967,077631,096074,083184,076566
0000000240,0000239000,091657,084847,076015,094473,086488,074862
0000000241,0000240000,089649,087649,075220,092056,089650,074117
0000000242,0000241000,087091,090108,075319,089058,092361,074404
0000000243,0000242000,084246,091968,076305,085777,094352,075693
0000000244,0000243000,081387,093049,078082,082534,095430,077860
0000000245,0000244000,078784,093253,080482,079640,095489,080694
0000000246,0000245000,076699,092556,083264,077383,094525,083915
0000000247,0000246000,075343,091027,086149,075985,092632,087206
0000000248,0000247000,074839,088812,088867,075580,089993,090250
0000000249,0000248000,075239,086127,091152,076208,086867,092748
0000000250,0000249000,076503,083245,092771,077807,083565,094452
0000000251,0000250000,078509,080442,093568,080222,080405,095197
0000000252,0000251000,081066,077983,093470,083217,077694,094912
0000000253,0000252000,083914,076119,092485,086496,075703,093625
0000000254,0000253000,086773,075036,090709,089738,074625,091460
0000000255,0000254000,089377,074832,088309,092631,074564,088628
0000000256,0000255000,091465,075526,085527,094888,075526,085409
0000000257,0000256000,092824,077053,082642,096286,077417,082120
0000000258,0000257000,093328,079269,079922,096692,080054,079078
0000000259,0000258000,092931,081954,077634,096066,083177,076581
0000000260,0000259000,091669,084836,076013,094469,086477,074877
0000000261,0000260000,089662,087642,075214,092057,089636,074131
0000000262,0000261000,087105,090103,075310,089064,092345,074414
0000000263,0000262000,084258,091967,076293,085787,094337,075699
0000000264,0000263000,081397,093054,078068,082547,095415,077861
0000000265,0000264000,078790,093261,080468,079656,095477,080690
0000000266,0000265000,076701,092567,083251,077399,094518,083907
0000000267,0000266000,075340,091041,086138,076000,092630,087194
0000000268,0000267000,074832,088827,088859,075593,089995,090235
0000000269,0000268000,075229,086141,091149,076217,086874,092731
0000000270,0000269000,076489,083257,092772,077811,083576,094436
0000000271,0000270000,078494,080451,093574,080221,080420,095183
0000000272,0000271000,081051,077987,093480,083212,077711,094901
0000000273,0000272000,083901,076119,092498,086485,075720,093618
0000000274,0000273000,086762,075032,090724,089724,074640,091459
0000000275,0000274000,089371,074823,088324,092614,074577,088632
0000000276,0000275000,091463,075514,085541,094870,075534,085419
0000000277,0000276000,092827,077039,082653,096270,077420,082134
0000000278,0000277000,093336,079254,079930,096678,080051,079094
0000000279,0000278000,092942,081939,077637,096056,083169,076599
0000000280,0000279000,091683,084823,076012,094464,086465,074894
0000000281,0000280000,089678,087632,075208,092057,089620,074146
0000000282,0000281000,087121,090097,075299,089070,092328,074425
0000000283,0000282000,084272,091967,076279,085799,094319,075706
0000000284,0000283000,081407,093059,078053,082562,095399,077862
0000000285,0000284000,078797,093270,080452,079673,095464,080686
0000000286,0000285000,076703,092580,083236,077417,094509,083897
0000000287,0000286000,075336,091057,086125,076017,092627,087179
0000000288,0000287000,074824,088843,088851,075608,089998,090217
0000000289,0000288000,075217,086156,091145,076228,086883,092712
0000000290,0000289000,076473,083271,092774,077816,083590,094417
0000000291,0000290000,078477,080461,093580,080220,080436,095167
0000000292,0000291000,081035,077993,093491,083205,077730,094889
0000000293,0000292000,083886,076120,092513,086473,075739,093611
0000000294,0000293000,086750,075027,090741,089707,074658,091458
0000000295,0000294000,089364,074813,088342,092595,074591,088638
0000000296,0000295000,091461,075500,085557,094850,075543,085429
0000000297,0000296000,092830,077022,082667,096251,077423,082149
0000000298,0000297000,093344,079235,079939,096662,080048,079113
0000000299,0000298000,092955,081921,077642,096045,083160,076619
0000000300,0000299000,091700,084808,076010,094459,086451,074913
0000000301,0000300000,089696,087621,075201,092059,089602,074163
0000000302,0000301000,087139,090091,075288,089077,092307,074438
0000000303,0000302000,084288,091967,076264,085811,094299,075713
0000000304,0000303000,081420,093064,078034,082580,095380,077863
0000000305,0000304000,078805,093280,080433,079694,095450,080680
0000000306,0000305000,076705,092595,083218,077438,094500,083885
0000000307,0000306000,075332,091075,086111,076037,092623,087163
0000000308,0000307000,074815,088862,088841,075624,090002,090197
0000000309,0000308000,075203,086175,091141,076239,086893,092691
0000000310,0000309000,076456,083287,092775,077822,083605,094397
0000000311,0000310000,078458,080473,093588,080219,080456,095149
0000000312,0000311000,081016,077999,093504,083197,077751,094875
0000000313,0000312000,083868,076120,092530,086459,075760,093604
0000000314,0000313000,086737,075021,090760,089689,074677,091457
0000000315,0000314000,089355,074801,088362,092574,074606,088643
0000000316,0000315000,091458,075484,085576,094828,075553,085442
0000000317,0000316000,092834,077003,082682,096230,077426,082167
0000000318,0000317000,093354,079215,079949,096645,080044,079134
0000000319,0000318000,092970,081902,077646,096032,083150,076641
0000000320,0000319000,091718,084792,076009,094453,086435,074935
0000000321,0000320000,089717,087608,075193,092060,089581,074182
0000000322,0000321000,087160,090084,075274,089086,092285,074453
0000000323,0000322000,084306,091967,076246,085826,094276,075721
0000000324,0000323000,081435,093070,078014,082599,095360,077864
0000000325,0000324000,078814,093292,080412,079716,095433,080674
0000000326,0000325000,076708,092612,083199,077462,094489,083872
0000000327,0000326000,075329,091095,086095,076059,092620,087144
0000000328,0000327000,074805,088883,088829,075643,090005,090175
0000000329,0000328000,075187,086196,091136,076252,086904,092667
0000000330,0000329000,076436,083305,092777,077828,083622,094373
0000000331,0000330000,078436,080486,093596,080218,080477,095128
0000000332,0000331000,080994,078007,093518,083188,077775,094860
0000000333,0000332000,083849,076121,092549,086444,075784,093595
0000000334,0000333000,086722,075014,090782,089668,074699,091456
0000000335,0000334000,089345,074789,088384,092550,074624,088650
0000000336,0000335000,091455,075467,085597,094803,075565,085455
0000000337,0000336000,092838,076982,082699,096207,077430,082186
0000000338,0000337000,093365,079192,079962,096625,080040,079158
0000000339,0000338000,092986,081880,077652,096019,083138,076666
0000000340,0000339000,091739,084773,076007,094447,086416,074960
0000000341,0000340000,089740,087594,075184,092061,089559,074203
0000000342,0000341000,087182,090076,075259,089095,092259,074469
0000000343,0000342000,084326,091966,076226,085843,094250,075730
0000000344,0000343000,081451,093076,077991,082621,095337,077865
0000000345,0000344000,078825,093305,080389,079741,095415,080667
0000000346,0000345000,076711,092631,083177,077488,094477,083858
0000000347,0000346000,075324,091118,086076,076084,092616,087124
0000000348,0000347000,074794,088907,088817,075663,090010,090150
0000000349,0000348000,075169,086219,091130,076266,086916,092641
0000000350,0000349000,076414,083325,092779,077835,083641,094348
0000000351,0000350000,078412,080501,093605,080216,080502,095106
0000000352,0000351000,080970,078015,093534,083178,077802,094843
0000000353,0000352000,083827,076122,092570,086427,075811,093586
0000000354,0000353000,086705,075007,090806,089645,074723,091455
0000000355,0000354000,089334,074775,088409,092523,074643,088657
0000000356,0000355000,091452,075447,085620,094776,075577,085471
0000000357,0000356000,092842,076958,082718,096181,077434,082208
0000000358,0000357000,093377,079167,079975,096604,080035,079184
0000000359,0000358000,093004,081856,077658,096004,083125,076694
0000000360,0000359000,091762,084751,076005,094440,086396,074987
0000000361,0000360000,089766,087578,075175,092063,089533,074227
0000000362,0000361000,087208,090067,075243,089105,092231,074486
0000000363,0000362000,084349,091965,076204,085861,094222,075740
0000000364,0000363000,081470,093083,077966,082645,095311,077866
0000000365,0000364000,078836,093320,080362,079769,095395,080659
0000000366,0000365000,076715,092651,083152,077517,094465,083842
0000000367,0000366000,075320,091142,086056,076111,092612,087101
0000000368,0000367000,074782,088934,088802,075685,090015,090123
0000000369,0000368000,075150,086245,091123,076282,086930,092611
0000000370,0000369000,076390,083348,092781,077842,083662,094319
0000000371,0000370000,078385,080518,093615,080214,080528,095081
0000000372,0000371000,080943,078025,093551,083167,077832,094825
0000000373,0000372000,083803,076123,092593,086408,075840,093575
0000000374,0000373000,086685,075000,090833,089620,074750,091454
0000000375,0000374000,089322,074760,088437,092494,074664,088666
0000000376,0000375000,091447,075425,085646,094746,075590,085487
0000000377,0000376000,092847,076931,082740,096153,077438,082232
0000000378,0000377000,093390,079139,079990,096581,080030,079213
0000000379,0000378000,093024,081829,077665,095988,083111,076725
0000000380,0000379000,091787,084728,076003,094433,086374,075016
0000000381,0000380000,089794,087560,075164,092065,089505,074252
0000000382,0000381000,087236,090057,075225,089117,092200,074505
0000000383,0000382000,084375,091964,076179,085881,094192,075751
0000000384,0000383000,081490,093091,077938,082672,095284,077867
0000000385,0000384000,078850,093336,080333,079800,095373,080651
0000000386,0000385000,076719,092674,083125,077548,094451,083824
0000000387,0000386000,075315,091170,086033,076140,092607,087076
0000000388,0000387000,074768,088964,088786,075710,090021,090093
0000000389,0000388000,075129,086273,091116,076299,086945,092579
0000000390,0000389000,076364,083372,092782,077849,083686,094288
0000000391,0000390000,078356,080537,093626,080211,080557,095055
0000000392,0000391000,080913,078036,093570,083155,077864,094805
0000000393,0000392000,083776,076124,092618,086386,075873,093564
0000000394,0000393000,086664,074992,090862,089592,074779,091453
0000000395,0000394000,089308,074743,088467,092462,074686,088675
0000000396,0000395000,091443,075401,085674,094713,075604,085506
0000000397,0000396000,092852,076903,082764,096122,077443,082258
0000000398,0000397000,093403,079108,080007,096555,080024,079244
0000000399,0000398000,093046,081799,077673,095970,083095,076759
0000000400,0000399000,091815,084701,076002,094425,086350,075049
0000000401,0000400000,089825,087540,075153,092068,089475,074280
0000000402,0000401000,081394,093423,078589,091874,092062,074424
0000000403,0000402000,083283,089642,073841,089752,093168,074769
0000000404,0000403000,082363,093480,078338,087162,094897,077504
0000000405,0000404000,079838,092901,079929,082719,094712,079982
0000000406,0000405000,081295,090917,081375,079308,094274,083621
0000000407,0000406000,080030,092557,087403,074710,092755,087179
0000000408,0000407000,080894,084593,084372,071265,090815,090822
0000000409,0000408000,078397,086197,090970,068086,088204,093748
0000000410,0000409000,083963,081335,090596,066244,085188,095708
0000000411,0000410000,081454,080522,093471,066014,083103,097551
0000000412,0000411000,083527,078199,093574,066905,079835,096767
0000000413,0000412000,086589,075075,091266,069320,078683,096433
0000000414,0000413000,083616,076536,092054,072571,077103,093935
0000000415,0000414000,088230,074154,087602,076737,076729,090939
0000000416,0000415000,087448,079164,089190,081593,077484,087636
0000000417,0000416000,087703,077615,083319,085947,078585,083653
0000000418,0000417000,087340,080872,081838,090441,080806,080248
0000000419,0000418000,087151,083746,079837,093245,083077,076908
0000000420,0000419000,086470,084797,076390,095659,086127,074938
0000000421,0000420000,084406,090427,078464,096296,088448,073299
0000000422,0000421000,086184,089404,075075,095795,091076,073392
0000000423,0000422000,080970,092823,077528,093923,092988,074468
0000000424,0000423000,082729,091479,076837,090622,093753,076171
0000000425,0000424000,081294,092718,080192,086980,094527,079559
0000000426,0000425000,079722,091792,082540,082454,093560,082643
0000000427,0000426000,081326,089010,084005,078537,092359,086540
0000000428,0000427000,079774,088489,088295,074549,090255,090055
0000000429,0000428000,081095,083171,087753,071642,087658,093059
0000000430,0000429000,081197,083314,092278,069825,084921,095377
0000000431,0000430000,083597,079455,092025,069228,082058,096513
0000000432,0000431000,083298,077835,092720,070337,079851,096866
0000000433,0000432000,084963,076796,092509,072369,077568,095478
0000000434,0000433000,086792,074884,090003,075781,076722,093754
0000000435,0000434000,085602,076844,089926,079771,076140,090578
0000000436,0000435000,088742,076320,086078,084277,076663,087057
0000000437,0000436000,087222,079665,085267,088805,078210,083505
0000000438,0000437000,087459,080191,081167,092630,080012,079634
0000000439,0000438000,087287,083383,079572,095892,082784,076735
0000000440,0000439000,086050,086361,078208,097662,085406,074261
0000000441,0000440000,085556,087708,076100,098469,088291,073087
0000000442,0000441000,083859,091409,077451,097686,090634,072808
0000000443,0000442000,083671,090829,075948,095633,092635,073898
0000000444,0000443000,081052,092708,078492,092550,093838,075975
0000000445,0000444000,081740,091807,079605,088476,094028,078743
0000000446,0000445000,080625,091225,082205,084343,093728,082503
0000000447,0000446000,079909,089782,084930,079948,092088,085995
0000000448,0000447000,081282,086717,086514,076302,090152,089741
0000000449,0000448000,080327,085369,089795,073248,087543,092829
0000000450,0000449000,082139,081466,090192,071456,084629,095074
0000000451,0000450000,082709,080514,092748,071006,081937,096484
0000000452,0000451000,084123,077678,092153,071826,079322,096527
0000000453,0000452000,084912,076458,091778,074122,077470,095651
0000000454,0000453000,086084,076264,091020,077275,076079,093427
0000000455,0000454000,087223,075635,088378,081370,075860,090636
0000000456,0000455000,086915,077777,087302,085749,076264,086986
0000000457,0000456000,088379,078368,083873,090084,077658,083230
0000000458,0000457000,087073,081262,082224,094002,079853,079673
0000000459,0000458000,087053,083109,079411,096906,082296,076351
0000000460,0000459000,086500,085889,077985,098867,085314,074150
0000000461,0000460000,084939,088529,077230,099310,088042,072697
0000000462,0000461000,084455,089790,076186,098570,090636,072564
0000000463,0000462000,082780,092032,077568,096409,092612,073540
0000000464,0000463000,082210,091519,077689,093191,093861,075599
0000000465,0000464000,080862,092166,080271,089272,094279,078579
0000000466,0000465000,080954,090878,082108,084879,093667,082052
0000000467,0000466000,080415,089223,084511,080724,092394,085969
0000000468,0000467000,080408,087397,087170,076889,090136,089497
0000000469,0000468000,081522,084399,088695,074032,087588,092779
0000000470,0000469000,081447,082598,091106,072233,084653,095138
0000000471,0000470000,083212,079593,091483,071782,081727,096449
0000000472,0000471000,083945,078358,092428,072749,079225,096735
0000000473,0000472000,085097,076598,091532,074897,077091,095666
0000000474,0000473000,086196,076050,090419,078238,075875,093667
0000000475,0000474000,086858,076603,088993,082184,075400,090636
0000000476,0000475000,087614,077001,086294,086593,075969,087120
0000000477,0000476000,087406,079260,084645,090861,077333,083248
0000000478,0000477000,087785,080720,081656,094629,079485,079536
0000000479,0000478000,086700,083526,079953,097575,082210,076357
0000000480,0000479000,086270,085768,078120,099286,085071,073839
0000000481,0000480000,085328,088085,077106,099788,088111,072543
0000000482,0000481000,083858,090204,076997,098820,090671,072245
0000000483,0000482000,083231,091035,077017,096657,092787,073255
0000000484,0000483000,081794,092109,078684,093383,094118,075332
0000000485,0000484000,081304,091387,079839,089375,094518,078289
0000000486,0000485000,080626,090896,082411,085086,094035,081931
0000000487,0000486000,080612,089122,084554,080811,092575,085751
0000000488,0000487000,080694,086987,086752,077146,090456,089557
0000000489,0000488000,081115,084889,089069,074255,087669,092766
0000000490,0000489000,082196,082064,090321,072585,084715,095280
0000000491,0000490000,082748,080255,091766,072204,081709,096685
0000000492,0000491000,084303,078037,091684,073188,078991,096908
0000000493,0000492000,085112,077044,091536,075474,076911,095999
0000000494,0000493000,086134,076324,090236,078744,075487,093853
0000000495,0000494000,087045,076524,088528,082805,075085,090905
0000000496,0000495000,087329,077651,086676,087114,075560,087239
0000000497,0000496000,087697,078855,084070,091368,077009,083346
0000000498,0000497000,087294,081283,082190,095072,079213,079540
0000000499,0000498000,087010,083238,079811,097880,081974,076215
0000000500,0000499000,085988,085844,078462,099568,085064,073727
0000000501,0000500000,085168,088015,077399,099874,088079,072221
0000000502,0000501000,084075,089772,077033,098886,090887,072008
0000000503,0000502000,082799,091169,077652,096576,093032,072921
0000000504,0000503000,082124,091448,078487,093271,094460,075031
0000000505,0000504000,081071,091554,080428,089243,094939,078065
0000000506,0000505000,080813,090365,082211,084908,094406,081712
0000000507,0000506000,080586,089046,084650,080732,092996,085698
0000000508,0000507000,080789,086973,086756,077046,090720,089519
0000000509,0000508000,081341,084612,088669,074309,087926,092920
0000000510,0000509000,082052,082444,090413,072688,084779,095453
0000000511,0000510000,083189,080036,091125,072428,081676,096971
0000000512,0000511000,084068,078504,091665,073514,078847,097260
0000000513,0000512000,085368,077071,091033,075843,076591,096302
0000000514,0000513000,086155,076680,090060,079220,075173,094233
0000000515,0000514000,086933,076841,088392,083244,074632,091150
0000000516,0000515000,087475,077681,086366,087595,075167,087476
0000000517,0000516000,087439,079321,084321,091763,076611,083451
0000000518,0000517000,087395,081089,081958,095403,078898,079551
0000000519,0000518000,086726,083531,080254,098123,081782,076130
0000000520,0000519000,086037,085642,078555,099658,084966,073505
0000000521,0000520000,084975,087907,077723,099891,088184,071982
0000000522,0000521000,083946,089635,077443,098735,091056,071643
0000000523,0000522000,082893,090740,077803,096372,093394,072605
0000000524,0000523000,081863,091389,078988,092970,094870,074691
0000000525,0000524000,081301,091027,080415,088918,095410,077782
0000000526,0000525000,080697,090302,082541,084598,094918,081535
0000000527,0000526000,080724,088702,084523,080434,093423,085576
0000000528,0000527000,080894,086870,086704,076865,091122,089567
0000000529,0000528000,081412,084640,088562,074189,088164,093033
0000000530,0000529000,082271,082339,089974,072726,084918,095715
0000000531,0000530000,083176,080378,090991,072569,081631,097291
0000000532,0000531000,084335,078514,091107,073778,078665,097645
0000000533,0000532000,085284,077504,090830,076217,076293,096719
0000000534,0000533000,086301,076907,089659,079637,074738,094597
0000000535,0000534000,086923,077161,088170,083725,074192,091513
0000000536,0000535000,087357,078024,086280,088030,074665,087701
0000000537,0000536000,087491,079426,084157,092173,076184,083609
0000000538,0000537000,087150,081395,082209,095705,078536,079570
0000000539,0000538000,086715,083413,080286,098310,081541,076022
0000000540,0000539000,085820,085733,078978,099719,084892,073303
0000000541,0000540000,084898,087680,078007,099787,088242,071663
0000000542,0000541000,083816,089387,077832,098526,091309,071299
0000000543,0000542000,082782,090509,078251,096023,093748,072202
0000000544,0000543000,081906,090937,079213,092566,095361,074340
0000000545,0000544000,081180,090813,080818,088467,095944,077465
0000000546,0000545000,080870,089859,082569,084158,095467,081306
0000000547,0000546000,080717,088548,084654,080059,093951,085478
0000000548,0000547000,081049,086641,086559,076566,091531,089564
0000000549,0000548000,081573,084578,088351,074040,088481,093193
0000000550,0000549000,082366,082449,089710,072701,085046,095964
0000000551,0000550000,083391,080435,090504,072714,081608,097656
0000000552,0000551000,084378,078884,090801,074053,078466,098061
0000000553,0000552000,085452,077721,090293,076608,075946,097158
0000000554,0000553000,086277,077355,089366,080116,074290,095032
0000000555,0000554000,086968,077496,087847,084220,073657,091868
0000000556,0000555000,087304,078358,086084,088529,074144,087995
0000000557,0000556000,087352,079757,084157,092589,075673,083760
0000000558,0000557000,087099,081497,082224,096027,078137,079612
0000000559,0000558000,086475,083580,080603,098484,081267,075921
0000000560,0000559000,085730,085599,079225,099732,084776,073075
0000000561,0000560000,084701,087573,078495,099643,088320,071350
0000000562,0000561000,083698,089079,078261,098214,091542,070899
0000000563,0000562000,082696,090146,078692,095603,094155,071797
0000000564,0000563000,081829,090584,079673,092046,095867,073932
0000000565,0000564000,081232,090328,081068,087924,096536,077126
0000000566,0000565000,080863,089563,082844,083629,096067,081049
0000000567,0000566000,080885,088167,084639,079600,094510,085338
0000000568,0000567000,081141,086475,086514,076232,092010,089568
0000000569,0000568000,081760,084476,088090,073846,088804,093316
0000000570,0000569000,082558,082487,089333,072693,085218,096235
0000000571,0000570000,083518,080649,090093,072871,081577,098013
0000000572,0000571000,084571,079119,090241,074381,078264,098498
0000000573,0000572000,085505,078173,089858,077063,075579,097622
0000000574,0000573000,086370,077726,088862,080656,073795,095478
0000000575,0000574000,086935,077980,087536,084800,073098,092268
0000000576,0000575000,087257,078762,085845,089072,073551,088292
0000000577,0000576000,087244,080080,084073,093062,075132,083954
0000000578,0000577000,086919,081764,082359,096360,077677,079656
0000000579,0000578000,086337,083633,080803,098657,080957,075836
0000000580,0000579000,085490,085606,079665,099715,084636,072858
0000000581,0000580000,084562,087334,078940,099433,088368,071021
0000000582,0000581000,083522,088794,078829,097838,091789,070505
0000000583,0000582000,082589,089724,079219,095079,094554,071358
0000000584,0000583000,081789,090096,080150,091443,096408,073515
0000000585,0000584000,081214,089874,081487,087282,097148,076750
0000000586,0000585000,080962,089069,083044,083024,096707,080768
0000000587,0000586000,080976,087835,084768,079085,095111,085172
0000000588,0000587000,081340,086177,086381,075857,092515,089534
0000000589,0000588000,081934,084385,087841,073658,089173,093429
0000000590,0000589000,082772,082525,088914,072700,085399,096470
0000000591,0000590000,083723,080832,089557,073088,081574,098369
0000000592,0000591000,084710,079487,089680,074776,078057,098921
0000000593,0000592000,085654,078584,089237,077606,075204,098089
0000000594,0000593000,086395,078270,088371,081289,073285,095937
0000000595,0000594000,086947,078479,087080,085457,072500,092675
0000000596,0000595000,087169,079277,085587,089695,072934,088621
0000000597,0000596000,087109,080486,083977,093575,074542,084160
0000000598,0000597000,086743,082039,082442,096721,077187,079736
0000000599,0000598000,086107,083793,081107,098815,080603,075770
0000000600,0000599000,085290,085534,080080,099658,084465,072664
0000000601,0000600000,084325,087152,079535,099160,088395,070712
0000000602,0000601000,083368,088410,079433,097368,092010,070113
0000000603,0000602000,082453,089255,079866,094463,094958,070931
0000000604,0000603000,081731,089539,080728,090731,096944,073081
0000000605,0000604000,081240,089291,081937,086553,097779,076365
0000000606,0000605000,081029,088550,083367,082340,097362,080459
0000000607,0000606000,081145,087354,084856,078520,095736,084974
0000000608,0000607000,081522,085883,086310,075466,093051,089465
0000000609,0000608000,082180,084216,087522,073480,089564,093495
0000000610,0000609000,083005,082567,088452,072759,085614,096674
0000000611,0000610000,083950,081053,088953,073374,081584,098679
0000000612,0000611000,084905,079865,088987,075270,077873,099322
0000000613,0000612000,085769,079118,088570,078252,074834,098532
0000000614,0000613000,086473,078846,087726,082028,072775,096386
0000000615,0000614000,086911,079124,086592,086213,071898,093088
0000000616,0000615000,087087,079850,085237,090389,072294,088959
0000000617,0000616000,086940,080987,083857,094141,073935,084399
0000000618,0000617000,086523,082395,082535,097092,076663,079846
0000000619,0000618000,085864,083958,081408,098957,080221,075752
0000000620,0000619000,085019,085519,080602,099546,084258,072511
0000000621,0000620000,084096,086903,080166,098803,088388,070447
0000000622,0000621000,083154,088015,080178,096798,092204,069762
0000000623,0000622000,082326,088686,080598,093731,095332,070526
0000000624,0000623000,081665,088897,081413,089911,097468,072666
0000000625,0000624000,081261,088620,082489,085721,098394,075974
0000000626,0000625000,081142,087900,083729,081584,098019,080136
0000000627,0000626000,081312,086822,085019,077910,096368,084742
0000000628,0000627000,081771,085479,086203,075067,093602,089349
0000000629,0000628000,082441,084033,087208,073334,089980,093508
0000000630,0000629000,083291,082578,087908,072883,085855,096809
0000000631,0000630000,084207,081300,088261,073761,081632,098931
0000000632,0000631000,085116,080310,088203,075879,077717,099660
0000000633,0000632000,085919,079706,087763,079028,074498,098929
0000000634,0000633000,086526,079555,087001,082889,072289,096801
0000000635,0000634000,086892,079846,085976,087076,071312,093487
0000000636,0000635000,086960,080556,084841,091165,071666,089305
0000000637,0000636000,086750,081573,083680,094748,073323,084661
0000000638,0000637000,086264,082831,082622,097470,076129,080005
0000000639,0000638000,085568,084182,081753,099058,079811,075791
0000000640,0000639000,084724,085498,081166,099359,084019,072433
0000000641,0000640000,083810,086661,080916,098338,088338,070257
0000000642,0000641000,082935,087537,081012,096100,092350,069481
0000000643,0000642000,082168,088051,081470,092866,095660,070183
0000000644,0000643000,081608,088140,082203,088962,097943,072292
0000000645,0000644000,081296,087830,083144,084784,098974,075608
0000000646,0000645000,081271,087144,084180,080750,098644,079806
0000000647,0000646000,081532,086167,085207,077266,096985,084481
0000000648,0000647000,082043,085013,086126,074677,094149,089178
0000000649,0000648000,082765,083773,086843,073242,090408,093442
0000000650,0000649000,083609,082587,087313,073102,086126,096855
0000000651,0000650000,084508,081559,087463,074272,081718,099081
0000000652,0000651000,085356,080809,087299,076635,077615,099904
0000000653,0000652000,086076,080394,086838,079952,074217,099239
0000000654,0000653000,086591,080361,086133,083892,071862,097152
0000000655,0000654000,086842,080710,085271,088054,070779,093846
0000000656,0000655000,086818,081370,084345,092020,071080,089642
0000000657,0000656000,086509,082287,083465,095392,072741,084948
0000000658,0000657000,085963,083352,082694,097832,075603,080219
0000000659,0000658000,085225,084464,082127,099099,079394,075917
0000000660,0000659000,084374,085508,081806,099065,083747,072458
0000000661,0000660000,083496,086387,081754,097737,088239,070184
0000000662,0000661000,082676,087013,081987,095244,092429,069317
0000000663,0000662000,082006,087309,082464,091840,095909,069944
0000000664,0000663000,081545,087273,083137,087868,098338,072002
0000000665,0000664000,081352,086902,083913,083728,099473,075291
0000000666,0000665000,081435,086252,084719,079841,099203,079492
0000000667,0000666000,081789,085399,085457,076595,097548,084194
0000000668,0000667000,082376,084436,086053,074316,094666,088943
0000000669,0000668000,083131,083460,086462,073231,090832,093276
0000000670,0000669000,083985,082561,086635,073448,086420,096771
0000000671,0000670000,084843,081845,086566,074944,081856,099087
0000000672,0000671000,085627,081366,086262,077568,077586,099998
0000000673,0000672000,086248,081180,085767,081056,074030,099414
0000000674,0000673000,086645,081301,085130,085054,071535,097391
0000000675,0000674000,086780,081704,084432,089159,070347,094130
0000000676,0000675000,086633,082337,083762,092953,070585,089948
0000000677,0000676000,086229,083123,083180,096056,072230,085253
0000000678,0000677000,085603,083983,082757,098156,075125,080500
0000000679,0000678000,084827,084814,082529,099043,078990,076152
0000000680,0000679000,083975,085544,082516,098629,083453,072631
0000000681,0000680000,083135,086099,082710,096957,088079,070279
0000000682,0000681000,082395,086416,083090,094196,092417,069329
0000000683,0000682000,081827,086473,083616,090626,096043,069870
0000000684,0000683000,081495,086266,084212,086607,098601,071848
0000000685,0000684000,081428,085829,084820,082549,099840,075071
0000000686,0000685000,081639,085208,085359,078861,099636,079220
0000000687,0000686000,082099,084490,085769,075918,098008,083892
0000000688,0000687000,082763,083750,086004,074014,095111,088632
0000000689,0000688000,083561,083064,086044,073341,091226,092980
0000000690,0000689000,084410,082512,085889,073964,086728,096513
0000000691,0000690000,085226,082142,085553,075819,082055,098890
0000000692,0000691000,085922,081992,085088,078718,077662,099879
0000000693,0000692000,086429,082073,084539,082367,073979,099384
0000000694,0000693000,086692,082377,083972,086395,071366,097457
0000000695,0000694000,086684,082859,083460,090392,070080,094288
0000000696,0000695000,086407,083458,083065,093953,070248,090190
0000000697,0000696000,085887,084110,082834,096717,071854,085562
0000000698,0000697000,085184,084729,082795,098404,074742,080857
0000000699,0000698000,084365,085249,082960,098845,078633,076531
0000000700,0000699000,083520,085615,083299,097999,083150,073002
0000000701,0000700000,082733,085792,083777,095952,087853,070613
0000000702,0000701000,082085,085758,084341,092912,092284,069593
0000000703,0000702000,081644,085524,084921,089190,096012,070039
0000000704,0000703000,081456,085121,085450,085164,098669,071906
0000000705,0000704000,081542,084590,085865,081243,099998,075006
0000000706,0000705000,081892,084002,086113,077828,099868,079034
0000000707,0000706000,082472,083429,086151,075265,098292,083594
0000000708,0000707000,083218,082938,085977,073816,095425,088240
0000000709,0000708000,084054,082588,085603,073623,091546,092522
0000000710,0000709000,084894,082421,085066,074706,087032,096026
0000000711,0000710000,085649,082456,084431,076951,082321,098414
0000000712,0000711000,086243,082681,083768,080130,077873,099458
0000000713,0000712000,086612,083078,083152,083917,074121,099061
0000000714,0000713000,086720,083597,082655,087928,071431,097265
0000000715,0000714000,086551,084177,082343,091751,070066,094251
0000000716,0000715000,086123,084752,082255,094997,070159,090318
0000000717,0000716000,085482,085249,082412,097333,071697,085854
0000000718,0000717000,084692,085604,082812,098523,074529,081296
0000000719,0000718000,083838,085769,083413,098446,078377,077087
0000000720,0000719000,083008,085727,084153,097113,082865,073634
0000000721,0000720000,082290,085473,084954,094663,087556,071266
0000000722,0000721000,081756,085036,085728,091347,091996,070207
0000000723,0000722000,081463,084468,086383,087504,095751,070555
0000000724,0000723000,081443,083828,086843,083527,098456,072271
0000000725,0000724000,081699,083188,087055,079822,099848,075179
0000000726,0000725000,082208,082625,086977,076771,099794,078991
0000000727,0000726000,082914,082212,086607,074687,098302,083328
0000000728,0000727000,083747,081999,085975,073782,095522,087763
0000000729,0000728000,084616,082024,085139,074147,091730,091866
0000000730,0000729000,085432,082292,084181,075741,087298,095241
0000000731,0000730000,086109,082777,083205,078399,082656,097569
0000000732,0000731000,086577,083431,082319,081846,078257,098630
0000000733,0000732000,086787,084186,081618,085731,074527,098330
0000000734,0000733000,086715,084957,081190,089654,071827,096706
0000000735,0000734000,086365,085658,081089,093213,070419,093924
0000000736,0000735000,085773,086209,081337,096040,070438,090264
0000000737,0000736000,085000,086541,081923,097843,071876,086091
0000000738,0000737000,084126,086601,082801,098438,074585,081817
0000000739,0000738000,083244,086376,083884,097766,078294,077859
0000000740,0000739000,082447,085876,085064,095899,082638,074596
0000000741,0000740000,081817,085146,086222,093032,087191,072336
0000000742,0000741000,081420,084261,087230,089460,091514,071287
0000000743,0000742000,081300,083315,087975,085551,095188,071542
0000000744,0000743000,081470,082406,088372,081706,097857,073064
0000000745,0000744000,081917,081635,088366,078322,099265,075696
0000000746,0000745000,082595,081097,087940,075751,099279,079170
0000000747,0000746000,083436,080854,087126,074258,097905,083139
0000000748,0000747000,084349,080947,085999,073998,095288,087208
0000000749,0000748000,085240,081382,084662,074996,091693,090978
0000000750,0000749000,086013,082125,083249,077144,087477,094091
0000000751,0000750000,086589,083105,081907,080218,083053,096255
0000000752,0000751000,086907,084227,080776,083901,078850,097272
0000000753,0000752000,086932,085377,079980,087813,075273,097060
0000000754,0000753000,086659,086428,079615,091549,072664,095650
0000000755,0000754000,086111,087269,079734,094724,071275,093193
0000000756,0000755000,085345,087800,080338,097006,071234,089941
0000000757,0000756000,084439,087953,081381,098156,072535,086222
0000000758,0000757000,083488,087697,082768,098055,075037,082408
0000000759,0000758000,082595,087047,084362,096716,078484,078873
0000000760,0000759000,081852,086057,086008,094281,082528,075955
0000000761,0000760000,081337,084818,087538,091005,086774,073923
0000000762,0000761000,081104,083453,088794,087228,090809,072957
0000000763,0000762000,081180,082100,089639,083341,094246,073134
0000000764,0000763000,081561,080898,089973,079745,096758,074421
0000000765,0000764000,082211,079984,089745,076815,098106,076678
0000000766,0000765000,083066,079463,088958,074859,098167,079669
0000000767,0000766000,084035,079403,087683,074083,096949,083089
0000000768,0000767000,085017,079822,086039,074569,094586,086595
0000000769,0000768000,085908,080693,084185,076263,091326,089840
0000000770,0000769000,086613,081935,082307,078986,087501,092517
0000000771,0000770000,087060,083431,080592,082451,083488,094380
0000000772,0000771000,087201,085041,079213,086298,079677,095269
0000000773,0000772000,087019,086602,078318,090130,076430,095119
0000000774,0000773000,086527,087950,078017,093547,074056,093964
0000000775,0000774000,085774,088939,078354,096192,072776,091934
0000000776,0000775000,084832,089452,079319,097785,072705,089245
0000000777,0000776000,083803,089417,080825,098154,073832,086176
0000000778,0000777000,082796,088831,082726,097262,076030,083036
0000000779,0000778000,081917,087742,084832,095204,079062,080138
0000000780,0000779000,081258,086249,086935,092198,082615,077755
0000000781,0000780000,080887,084495,088830,088561,086337,076102
0000000782,0000781000,080844,082645,090325,084671,089866,075317
0000000783,0000782000,081136,080882,091265,080933,092866,075452
0000000784,0000783000,081740,079388,091537,077735,095057,076468
0000000785,0000784000,082596,078328,091091,075417,096237,078245
0000000786,0000785000,083619,077827,089952,074226,096307,080589
0000000787,0000786000,084701,077953,088224,074291,095277,083256
0000000788,0000787000,085725,078705,086077,075607,093272,085969
0000000789,0000788000,086584,080012,083728,078032,090511,088462
0000000790,0000789000,087187,081748,081412,081309,087284,090497
0000000791,0000790000,087474,083750,079351,085093,083916,091895
0000000792,0000791000,087414,085832,077747,088989,080734,092545
0000000793,0000792000,087009,087788,076769,092593,078039,092415
0000000794,0000793000,086294,089417,076531,095525,076082,091543
0000000795,0000794000,085338,090545,077080,097473,075035,090042
0000000796,0000795000,084240,091033,078383,098227,074984,088082
0000000797,0000796000,083114,090812,080322,097701,075910,085872
0000000798,0000797000,082084,089901,082698,095951,077697,083643
0000000799,0000798000,081257,088388,085268,093163,080143,081618
0000000800,0000799000,080719,086419,087779,089634,082987,079986
0000000801,0000800000,080523,084182,089989,085736,085938,078888
0000000802,0000801000,080691,081887,091686,081874,088707,078403
0000000803,0000802000,081210,079754,092693,078452,091034,078546
0000000804,0000803000,082033,078001,092896,075833,092707,079271
0000000805,0000804000,083082,076817,092249,074297,093583,080475
0000000806,0000805000,084246,076347,090794,074013,093598,082014
0000000807,0000806000,085403,076656,088666,075018,092779,083717
0000000808,0000807000,086428,077720,086084,077207,091234,085404
0000000809,0000808000,087210,079427,083318,080344,089144,086904
0000000810,0000809000,087673,081607,080642,084096,086739,088080
0000000811,0000810000,087771,084055,078307,088068,084270,088833
0000000812,0000811000,087492,086543,076536,091848,081978,089120
0000000813,0000812000,086861,088828,075514,095036,080080,088948
0000000814,0000813000,085934,090684,075351,097296,078746,088370
0000000815,0000814000,084803,091912,076087,098380,078080,087479
0000000816,0000815000,083586,092359,077677,098165,078120,086393
0000000817,0000816000,082412,091962,079969,096668,078833,085240
0000000818,0000817000,081409,090761,082721,094048,080115,084147
0000000819,0000818000,080684,088883,085645,090585,081809,083225
0000000820,0000819000,080306,086517,088452,086648,083723,082557
0000000821,0000820000,080311,083886,090883,082648,085652,082190
0000000822,0000821000,080702,081238,092702,079004,087403,082132
0000000823,0000822000,081442,078831,093724,076101,088813,082351
0000000824,0000823000,082462,076897,093843,074249,089758,082787
0000000825,0000824000,083663,075644,093024,073653,090176,083353
0000000826,0000825000,084917,075229,091321,074385,090058,083963
0000000827,0000826000,086089,075705,088903,076374,089450,084531
0000000828,0000827000,087056,077025,086024,079409,088447,084987
0000000829,0000828000,087712,079052,082977,083164,087181,085287
0000000830,0000829000,087992,081571,080086,087240,085803,085405
0000000831,0000830000,087884,084339,077599,091211,084469,085347
0000000832,0000831000,087380,087115,075761,094662,083315,085148
0000000833,0000832000,086538,089606,074757,097227,082447,084863
0000000834,0000833000,085435,091583,074691,098629,081937,084563
0000000835,0000834000,084180,092840,075583,098707,081803,084323
0000000836,0000835000,082911,093214,077368,097446,082022,084206
0000000837,0000836000,081757,092664,079879,094974,082532,084247
0000000838,0000837000,080848,091243,082835,091554,083245,084455
0000000839,0000838000,080273,089108,085942,087553,084059,084813
0000000840,0000839000,080096,086478,088873,083393,084863,085277
0000000841,0000840000,080317,083608,091373,079511,085560,085791
0000000842,0000841000,080924,080763,093197,076312,086071,086272
0000000843,0000842000,081863,078224,094156,074138,086351,086641
0000000844,0000843000,083029,076242,094171,073226,086386,086816
0000000845,0000844000,084319,075009,093210,073684,086203,086731
0000000846,0000845000,085584,074689,091369,075473,085863,086355
0000000847,0000846000,086696,075303,088821,078406,085441,085697
0000000848,0000847000,087532,076795,085839,082171,085021,084807
0000000849,0000848000,088007,079010,082730,086363,084674,083774
0000000850,0000849000,088080,081697,079810,090542,084468,082706
0000000851,0000850000,087744,084616,077357,094270,084440,081717
0000000852,0000851000,087039,087478,075583,097157,084605,080934
0000000853,0000852000,086019,090015,074688,098892,084947,080466
0000000854,0000853000,084803,091962,074739,099283,085418,080402
0000000855,0000854000,083504,093135,075749,098277,085942,080799
0000000856,0000855000,082262,093400,077619,095973,086423,081659
0000000857,0000856000,081220,092722,080154,092615,086770,082929
0000000858,0000857000,080472,091187,083104,088559,086904,084496
0000000859,0000858000,080109,088939,086146,084240,086779,086204
0000000860,0000859000,080149,086243,088988,080112,086378,087884
0000000861,0000860000,080594,083339,091350,076605,085721,089356
0000000862,0000861000,081393,080511,093025,074090,084861,090454
0000000863,0000862000,082475,078038,093836,072838,083878,091035
0000000864,0000863000,083723,076167,093708,072990,082882,091005
0000000865,0000864000,085005,075083,092663,074541,081999,090315
0000000866,0000865000,086195,074892,090800,077332,081360,088993
0000000867,0000866000,087150,075621,088324,081069,081075,087136
0000000868,0000867000,087786,077175,085477,085351,081215,084914
0000000869,0000868000,088033,079403,082561,089724,081802,082546
0000000870,0000869000,087870,082060,079869,093726,082803,080268
0000000871,0000870000,087324,084881,077652,096941,084143,078317
0000000872,0000871000,086441,087612,076124,099029,085700,076903
0000000873,0000872000,085316,089966,075423,099763,087327,076196
0000000874,0000873000,084063,091710,075631,099056,088854,076303
0000000875,0000874000,082818,092676,076703,096975,090104,077256
0000000876,0000875000,081710,092778,078517,093735,090912,079006
0000000877,0000876000,080859,092011,080889,089682,091151,081410
0000000878,0000877000,080353,090459,083571,085247,090757,084245
0000000879,0000878000,080235,088298,086287,080901,089733,087234
0000000880,0000879000,080518,085749,088761,077103,088152,090080
0000000881,0000880000,081163,083065,090773,074247,086151,092492
0000000882,0000881000,082113,080501,092117,072637,083915,094214
0000000883,0000882000,083263,078329,092669,072449,081659,095053
0000000884,0000883000,084495,076758,092382,073710,079610,094891
0000000885,0000884000,085676,075936,091303,076294,077997,093707
0000000886,0000885000,086678,075940,089562,079929,077014,091577
0000000887,0000886000,087401,076744,087344,084228,076802,088685
0000000888,0000887000,087764,078256,084894,088732,077424,085298
0000000889,0000888000,087744,080307,082447,092963,078852,081745
0000000890,0000889000,087342,082697,080246,096479,080972,078381
0000000891,0000890000,086605,085174,078508,098909,083592,075546
0000000892,0000891000,085608,087496,077397,099998,086469,073533
0000000893,0000892000,084454,089437,077013,099624,089322,072562
0000000894,0000893000,083270,090785,077385,097821,091865,072757
0000000895,0000894000,082179,091423,078464,094776,093829,074131
0000000896,0000895000,081305,091311,080093,090811,094987,076580
0000000897,0000896000,080733,090481,082100,086349,095186,079892
0000000898,0000897000,080522,089028,084276,081866,094368,083752
0000000899,0000898000,080688,087123,086390,077837,092583,087788
0000000900,0000899000,081205,084963,088241,074684,089981,091601
0000000901,0000900000,082023,082752,089655,072739,086800,094808
0000000902,0000901000,083107,080255,090502,072154,083563,097041
0000000903,0000902000,086727,070160,091607,072948,083641,098370
0000000904,0000903000,085479,068963,093760,074990,086065,097414
0000000905,0000904000,086839,077229,088106,078126,086240,095097
0000000906,0000905000,087476,079915,086514,082213,084602,092997
0000000907,0000906000,086994,075521,088387,086563,084484,088820
0000000908,0000907000,096319,078914,083080,088160,086355,084204
0000000909,0000908000,097670,084978,070867,084723,085912,081888
0000000910,0000909000,088739,091611,066168,085094,086698,086320
0000000911,0000910000,085201,096271,079577,085177,084147,086188
0000000912,0000911000,079703,087686,078141,086228,084344,083638
0000000913,0000912000,084579,094189,075668,086824,087141,084545
0000000914,0000913000,079221,099998,076438,083601,084561,085171
0000000915,0000914000,067886,093454,084823,085623,083962,087394
0000000916,0000915000,072989,089853,096624,087383,084147,084874
0000000917,0000916000,075371,084476,088673,086324,084817,082779
0000000918,0000917000,076620,087706,087569,086197,085830,086095
0000000919,0000918000,074451,084795,097447,085235,082884,086080
0000000920,0000919000,074408,072301,099947,087685,083754,084637
0000000921,0000920000,087461,073275,096721,088079,085841,083007
0000000922,0000921000,089525,075244,086267,085431,085157,083372
0000000923,0000922000,087152,075331,087862,086338,084945,086287
0000000924,0000923000,091148,072761,093006,086891,083969,084126
0000000925,0000924000,095265,070116,082325,087217,085852,082374
0000000926,0000925000,099998,080655,074769,086062,087057,084019
0000000927,0000926000,093488,085372,074012,084407,084780,085033
0000000928,0000927000,088761,083441,077399,086549,085051,085376
0000000929,0000928000,093175,086884,076510,086551,085795,083274
0000000930,0000929000,089632,091658,067756,084920,086254,083895
0000000931,0000930000,082767,098353,072537,084818,085642,086658
0000000932,0000931000,076371,095790,081852,085335,083694,085568
0000000933,0000932000,075878,090879,082695,086917,085124,084386
0000000934,0000933000,078841,095090,081920,085800,085764,084507
0000000935,0000934000,071910,094410,084115,084633,084280,086000
0000000936,0000935000,068809,088761,094767,086552,083779,086610
0000000937,0000936000,073945,081857,098755,087203,083895,083911
0000000938,0000937000,078490,079029,092189,086854,085402,083726
0000000939,0000938000,080758,081474,092707,085969,084930,085439
0000000940,0000939000,079343,075518,096797,086240,083382,085303
0000000941,0000940000,085266,069308,096933,087982,084690,084010
0000000942,0000941000,093949,071369,089341,086919,085778,082692
0000000943,0000942000,093784,075171,081256,085712,085723,084229
0000000944,0000943000,092905,077394,083702,086172,084875,085404
0000000945,0000944000,094311,075314,082962,086649,084756,083640
0000000946,0000945000,097372,078865,074869,086604,086598,083197
0000000947,0000946000,096056,088379,070040,085015,086304,084380
0000000948,0000947000,088052,090818,071959,084922,084893,085659
0000000949,0000948000,085491,090481,077195,086278,085065,085105
0000000950,0000949000,085543,092489,075157,085850,085689,083682
0000000951,0000950000,081308,097113,072597,085095,085922,085119
0000000952,0000951000,075182,098758,080188,084985,084444,086494
0000000953,0000952000,070962,092463,088041,086059,083811,085519
0000000954,0000953000,073642,089303,089564,086904,085097,084367
0000000955,0000954000,075133,090127,088240,085778,084991,084647
0000000956,0000955000,072054,086850,092239,085753,084017,086148
0000000957,0000956000,073566,080133,099998,086921,083680,085462
0000000958,0000957000,079349,074402,098295,087359,084560,083469
0000000959,0000958000,085225,074886,091959,086874,085505,083866
0000000960,0000959000,086881,075572,091117,086009,084592,084999
0000000961,0000960000,087465,071321,092610,086731,084263,084765
0000000962,0000961000,093584,070424,089245,087424,085429,083270
0000000963,0000962000,097959,074812,079733,086307,086068,083069
0000000964,0000963000,096204,079980,075664,085523,085736,084850
0000000965,0000964000,093394,081990,078092,085790,085007,084955
0000000966,0000965000,092961,082870,075870,086372,085581,083709
0000000967,0000966000,093470,088914,070477,085858,086387,083878
0000000968,0000967000,088224,094775,069808,084665,085600,085264
0000000969,0000968000,080679,095399,075714,085222,084804,085957
0000000970,0000969000,078709,094303,080293,086187,084887,084788
0000000971,0000970000,078187,094805,079006,085858,085380,084380
0000000972,0000971000,074727,096408,081416,085219,085046,085824
0000000973,0000972000,070079,093253,089640,085569,083916,086134
0000000974,0000973000,070418,086640,094783,086863,084031,084984
0000000975,0000974000,075444,083439,094215,086924,084799,084210
0000000976,0000975000,077146,081992,093130,086038,084683,084892
0000000977,0000976000,077149,078447,096736,086385,084118,085529
0000000978,0000977000,081392,072979,098658,087316,084092,084300
0000000979,0000978000,088369,070390,093201,087302,085154,083342
0000000980,0000979000,092453,073024,087406,086345,085615,084006
0000000981,0000980000,092228,074469,085793,086033,084939,084665
0000000982,0000981000,093773,073744,084689,086813,084995,084158
0000000983,0000982000,097737,076032,079226,086649,085833,083302
0000000984,0000983000,097426,082100,072589,085559,086281,083909
0000000985,0000984000,092905,087709,072077,085237,085612,085120
0000000986,0000985000,089108,089044,074488,085758,085032,084888
0000000987,0000986000,087840,090657,073669,085992,085679,084233
0000000988,0000987000,085027,095650,072229,085209,085943,084686
0000000989,0000988000,078509,098304,075454,084954,084998,085775
0000000990,0000989000,074009,095942,082595,085778,084311,085863
0000000991,0000990000,073596,092567,086563,086255,084638,084830
0000000992,0000991000,073503,091773,086913,085969,085076,084808
0000000993,0000992000,071884,090518,090399,085784,084395,085694
0000000994,0000993000,071531,084396,096462,086467,083637,085619
0000000995,0000994000,075574,078220,098651,087141,084349,084436
0000000996,0000995000,080730,076533,095497,086846,085000,083918
0000000997,0000996000,083406,075643,093196,086457,084685,084674
0000000998,0000997000,085934,072487,094281,086742,084302,084845
0000000999,0000998000,090464,069760,092266,087092,084906,083735
0000001000,0000999000,095309,072004,085061,086803,085868,083224
0000001001,0001000000,096735,076596,079422,085971,085651,084179
0000001002,0001001000,095173,078516,078630,085888,085158,084743
0000001003,0001002000,094945,080301,077366,086266,085591,084037
0000001004,0001003000,094915,085421,072235,085925,086181,083645
0000001005,0001004000,091696,091301,069346,085247,085851,084766
0000001006,0001005000,085937,093981,072794,085082,085146,085600
0000001007,0001006000,081425,094211,076756,085669,085084,085023
0000001008,0001007000,079672,095667,077198,085884,085441,084562
0000001009,0001008000,076743,097299,078577,085346,085083,085345
0000001010,0001009000,071887,095282,085191,085366,084302,086172
0000001011,0001010000,070210,090823,091623,086317,084239,085290
0000001012,0001011000,072586,087194,092677,086704,084551,084522
0000001013,0001012000,074822,084618,093041,086326,084532,085014
0000001014,0001013000,075353,080708,096567,086224,084144,085428
0000001015,0001014000,077841,075607,098944,086979,084195,084645
0000001016,0001015000,084227,072413,095970,087404,084739,083710
0000001017,0001016000,089419,072102,090983,086648,085148,083984
0000001018,0001017000,090911,072560,088981,086264,085036,084559
0000001019,0001018000,092800,072484,087337,086708,085033,084070
0000001020,0001019000,096645,073927,081847,086819,085556,083435
0000001021,0001020000,098354,078351,075867,085997,085977,083881
0000001022,0001021000,095462,083419,073659,085370,085796,084621
0000001023,0001022000,091912,086725,073805,085736,085446,084662
0000001024,0001023000,090546,089390,072672,085966,085582,084276
0000001025,0001024000,087909,093363,071176,085335,085827,084640
0000001026,0001025000,081867,097077,073587,084957,085421,085477
0000001027,0001026000,076769,097118,078682,085565,084691,085542
0000001028,0001027000,074992,094938,082508,086026,084680,085125
0000001029,0001028000,073819,093810,084962,085791,084931,085112
0000001030,0001029000,071349,092485,088650,085703,084583,085513
0000001031,0001030000,070530,088129,093839,086338,083963,085548
0000001032,0001031000,073496,081993,097087,086890,084059,084861
0000001033,0001032000,077398,078490,096566,086718,084729,084374
0000001034,0001033000,080112,076927,095522,086554,084673,084611
0000001035,0001034000,083304,073646,095566,086885,084265,084652
0000001036,0001035000,088301,070211,093973,087085,084682,084071
0000001037,0001036000,092913,070670,088987,086760,085493,083566
0000001038,0001037000,095168,073989,083314,086332,085621,083864
0000001039,0001038000,095817,076227,080495,086219,085223,084397
0000001040,0001039000,096418,077734,078379,086252,085447,084107
0000001041,0001040000,096213,082241,074035,085905,086172,083757
0000001042,0001041000,093618,088492,070448,085488,085923,084410
0000001043,0001042000,089379,091720,071379,085347,085297,085172
0000001044,0001043000,085136,093151,074239,085450,085333,085055
0000001045,0001044000,081600,095641,075296,085578,085556,084678
0000001046,0001045000,078139,097852,076501,085468,085195,085166
0000001047,0001046000,074084,096713,081762,085416,084454,085957
0000001048,0001047000,071189,092957,088343,085925,084396,085490
0000001049,0001048000,071438,090239,090824,086381,084675,084781
0000001050,0001049000,072783,087713,092054,086322,084411,085082
0000001051,0001050000,073761,082814,095913,086335,083987,085501
0000001052,0001051000,075892,077626,099036,086736,084278,084818
0000001053,0001052000,080678,074572,097260,087188,084687,083935
0000001054,0001053000,086281,073007,093206,086950,084792,084091
0000001055,0001054000,089365,071664,091515,086460,084788,084571
0000001056,0001055000,091540,070990,089964,086646,085060,084114
0000001057,0001056000,095407,072764,084359,086926,085599,083307
0000001058,0001057000,098141,076299,078089,086252,085655,083908
0000001059,0001058000,096859,079856,075781,085634,085651,084540
0000001060,0001059000,094007,083773,074763,085705,085768,084353
0000001061,0001060000,092417,087972,072117,085976,085741,084098
0000001062,0001061000,090372,091888,070253,085519,085674,084639
0000001063,0001062000,084785,095257,072480,084842,085548,085426
0000001064,0001063000,079021,096837,076647,085512,085048,085267
0000001065,0001064000,076971,096392,079182,085954,084874,084995
0000001066,0001065000,074962,095471,082084,085580,084837,085403
0000001067,0001066000,071344,093843,087329,085517,084643,085667
0000001068,0001067000,069743,090561,092207,086244,084247,085328
0000001069,0001068000,072263,085403,094836,086837,084031,084957
0000001070,0001069000,075665,080746,096125,086580,084426,084818
0000001071,0001070000,077478,078036,097010,086404,084609,084807
0000001072,0001071000,080460,074953,097108,086977,084351,084500
0000001073,0001072000,086481,071236,094804,087252,084498,084069
0000001074,0001073000,091232,070226,091035,086695,085185,083944
0000001075,0001074000,093301,072252,086979,086378,085497,083952
0000001076,0001075000,095142,074453,082927,086554,085303,083962
0000001077,0001076000,097342,076050,079127,086432,085384,084013
0000001078,0001077000,097508,079714,075309,085869,085969,083983
0000001079,0001078000,094470,086036,071996,085449,086118,084253
0000001080,0001079000,091192,090024,071302,085672,085387,084768
0000001081,0001080000,088410,091776,072348,085588,085352,084882
0000001082,0001081000,084033,094858,073614,085164,085749,084909
0000001083,0001082000,079039,098025,075462,085407,085310,085111
0000001084,0001083000,075585,097504,079424,085640,084590,085587
0000001085,0001084000,072904,094250,085363,085714,084414,085699
0000001086,0001085000,071325,092057,089152,085986,084836,084998
0000001087,0001086000,071122,090271,091118,086232,084497,085096
0000001088,0001087000,072527,085076,094903,086555,083740,085528
0000001089,0001088000,075043,078969,098504,086591,084295,084938
0000001090,0001089000,078234,076510,097784,086816,084816,084188
0000001091,0001090000,083025,074614,094894,087115,084516,084194
0000001092,0001091000,087799,071432,093292,086797,084462,084563
0000001093,0001092000,090934,069700,091864,086627,085044,084154
0000001094,0001093000,094081,071882,086539,086783,085726,083313
0000001095,0001094000,097097,075463,079971,086443,085493,083891
0000001096,0001095000,097391,077510,077650,085958,085322,084540
0000001097,0001096000,095799,080668,076054,085808,085914,084104
0000001098,0001097000,093822,086808,071879,085852,086059,083911
0000001099,0001098000,091780,091121,069582,085625,085549,084647
0000001100,0001099000,087246,093346,071933,085032,085361,085433
0000001101,0001100000,080971,095847,075732,085307,085447,085069
