0000000001,0000000000,091371,087661,075459,092845,089793,074116
0000000002,0000001000,088822,090094,075573,089830,092509,074414
0000000003,0000002000,085971,091950,076571,086530,094504,075720
0000000004,0000003000,083126,093011,078354,083275,095574,077905
0000000005,0000004000,080541,093194,080756,080370,095624,080759
0000000006,0000005000,078469,092487,083534,078110,094645,083999
0000000007,0000006000,077123,090957,086409,076716,092732,087305
0000000008,0000007000,076650,088726,089115,076321,090073,090360
0000000009,0000008000,077058,086048,091384,076962,086928,092864
0000000010,0000009000,078326,083181,092985,078580,083608,094567
0000000011,0000010000,080345,080382,093763,081017,080432,095304
0000000012,0000011000,082906,077934,093650,084031,077717,095006
0000000013,0000012000,085735,076102,092653,087330,075723,093700
0000000014,0000013000,088589,075032,090868,090588,074651,091515
0000000015,0000014000,091186,074837,088467,093491,074602,088661
0000000016,0000015000,093245,075555,085690,095749,075584,085421
0000000017,0000016000,094581,077095,082814,097147,077492,082115
0000000018,0000017000,095080,079303,080108,097541,080153,079060
0000000019,0000018000,094661,081990,077839,096898,083300,076557
0000000020,0000019000,093379,084873,076239,095281,086619,074854
0000000021,0000020000,091376,087654,075459,092847,089791,074116
0000000022,0000021000,088821,090096,075573,089827,092512,074414
0000000023,0000022000,085970,091951,076570,086531,094503,075720
0000000024,0000023000,083125,093011,078354,083274,095575,077905
0000000025,0000024000,080544,093191,080756,080371,095624,080759
0000000026,0000025000,078466,092491,083533,078109,094646,083999
0000000027,0000026000,077126,090954,086409,076716,092732,087306
0000000028,0000027000,076648,088727,089115,076320,090073,090361
0000000029,0000028000,077058,086048,091384,076961,086929,092864
0000000030,0000029000,078326,083181,092984,078579,083608,094567
0000000031,0000030000,080347,080380,093764,081016,080434,095305
0000000032,0000031000,082902,077938,093650,084031,077717,095006
0000000033,0000032000,085738,076100,092653,087329,075724,093701
0000000034,0000033000,088591,075030,090869,090588,074651,091515
0000000035,0000034000,091183,074839,088468,093489,074603,088661
0000000036,0000035000,093244,075556,085690,095750,075582,085422
0000000037,0000036000,094587,077090,082813,097145,077493,082115
0000000038,0000037000,095077,079305,080109,097540,080153,079060
0000000039,0000038000,094658,081993,077839,096897,083300,076557
0000000040,0000039000,093384,084868,076239,095281,086618,074854
0000000041,0000040000,091377,087653,075459,092845,089792,074116
0000000042,0000041000,088816,090101,075573,089828,092511,074415
0000000043,0000042000,085972,091949,076570,086531,094503,075720
0000000044,0000043000,083130,093007,078353,083274,095575,077906
0000000045,0000044000,080539,093196,080756,080370,095625,080759
0000000046,0000045000,078465,092492,083533,078110,094645,083999
0000000047,0000046000,077131,090950,086409,076716,092733,087305
0000000048,0000047000,076646,088729,089115,076319,090074,090360
0000000049,0000048000,077053,086053,091384,076962,086929,092863
0000000050,0000049000,078330,083176,092984,078580,083608,094566
0000000051,0000050000,080347,080379,093764,081014,080435,095304
0000000052,0000051000,082897,077942,093651,084030,077718,095006
0000000053,0000052000,085738,076099,092653,087329,075724,093701
0000000054,0000053000,088594,075026,090869,090586,074652,091515
0000000055,0000054000,091179,074843,088468,093488,074604,088661
0000000056,0000055000,093244,075556,085690,095749,075582,085422
0000000057,0000056000,094590,077086,082814,097145,077493,082116
0000000058,0000057000,095076,079306,080109,097539,080154,079061
0000000059,0000058000,094656,081995,077839,096897,083299,076558
0000000060,0000059000,093387,084864,076239,095281,086618,074855
0000000061,0000060000,091378,087653,075459,092844,089792,074117
0000000062,0000061000,088815,090103,075572,089828,092510,074415
0000000063,0000062000,085974,091947,076569,086532,094502,075720
0000000064,0000063000,083131,093006,078353,083274,095575,077906
0000000065,0000064000,080537,093199,080755,080370,095624,080759
0000000066,0000065000,078466,092492,083532,078111,094644,083998
0000000067,0000066000,077132,090949,086409,076716,092733,087305
0000000068,0000067000,076644,088732,089114,076319,090075,090359
0000000069,0000068000,077053,086054,091383,076962,086929,092862
0000000070,0000069000,078331,083175,092984,078579,083609,094566
0000000071,0000070000,080344,080382,093764,081014,080437,095303
0000000072,0000071000,082896,077944,093651,084030,077719,095005
0000000073,0000072000,085740,076096,092654,087328,075725,093700
0000000074,0000073000,088592,075027,090871,090585,074654,091515
0000000075,0000074000,091177,074844,088469,093487,074605,088662
0000000076,0000075000,093246,075553,085691,095748,075583,085423
0000000077,0000076000,094590,077085,082815,097143,077494,082117
0000000078,0000077000,095074,079308,080109,097538,080154,079062
0000000079,0000078000,094659,081992,077839,096897,083298,076559
0000000080,0000079000,093390,084862,076239,095280,086617,074856
0000000081,0000080000,091376,087655,075459,092844,089791,074118
0000000082,0000081000,088816,090103,075571,089829,092509,074416
0000000083,0000082000,085978,091944,076568,086532,094501,075721
0000000084,0000083000,083130,093008,078352,083274,095574,077906
0000000085,0000084000,080536,093201,080753,080372,095623,080759
0000000086,0000085000,078469,092490,083531,078113,094644,083998
0000000087,0000086000,077132,090951,086408,076717,092733,087304
0000000088,0000087000,076640,088736,089114,076321,090075,090358
0000000089,0000088000,077054,086053,091383,076963,086930,092861
0000000090,0000089000,078331,083175,092984,078579,083611,094564
0000000091,0000090000,080340,080385,093765,081014,080438,095302
0000000092,0000091000,082895,077944,093652,084030,077720,095004
0000000093,0000092000,085741,076094,092655,087327,075727,093700
0000000094,0000093000,088589,075029,090872,090583,074656,091515
0000000095,0000094000,091175,074844,088471,093485,074606,088662
0000000096,0000095000,093248,075549,085693,095746,075584,085424
0000000097,0000096000,094590,077084,082816,097140,077495,082118
0000000098,0000097000,095073,079307,080110,097536,080153,079064
0000000099,0000098000,094662,081989,077840,096895,083297,076562
0000000100,0000099000,093392,084860,076239,095279,086616,074858
0000000101,0000100000,091376,087656,075458,092844,089789,074120
0000000102,0000101000,088819,090101,075570,089830,092506,074418
0000000103,0000102000,085981,091943,076567,086533,094499,075722
0000000104,0000103000,083130,093011,078350,083276,095572,077906
0000000105,0000104000,080537,093202,080751,080375,095621,080758
0000000106,0000105000,078471,092490,083529,078115,094643,083996
0000000107,0000106000,077130,090954,086406,076719,092733,087302
0000000108,0000107000,076639,088739,089112,076323,090075,090355
0000000109,0000108000,077054,086054,091382,076965,086931,092858
0000000110,0000109000,078328,083177,092985,078580,083613,094561
0000000111,0000110000,080336,080388,093766,081014,080441,095300
0000000112,0000111000,082894,077943,093653,084029,077723,095002
0000000113,0000112000,085739,076094,092658,087325,075731,093699
0000000114,0000113000,088585,075030,090875,090580,074658,091515
0000000115,0000114000,091175,074842,088473,093482,074608,088663
0000000116,0000115000,093249,075546,085695,095742,075586,085426
0000000117,0000116000,094588,077083,082818,097137,077496,082121
0000000118,0000117000,095074,079305,080111,097534,080153,079067
0000000119,0000118000,094665,081984,077841,096893,083296,076565
0000000120,0000119000,093393,084859,076239,095278,086614,074862
0000000121,0000120000,091378,087655,075457,092844,089786,074123
0000000122,0000121000,088824,090098,075568,089831,092503,074420
0000000123,0000122000,085983,091943,076564,086535,094496,075723
0000000124,0000123000,083130,093013,078347,083279,095568,077906
0000000125,0000124000,080540,093203,080748,080378,095618,080758
0000000126,0000125000,078472,092492,083526,078118,094641,083995
0000000127,0000126000,077128,090959,086404,076722,092733,087299
0000000128,0000127000,076638,088742,089110,076326,090075,090352
0000000129,0000128000,077053,086055,091382,076967,086933,092854
0000000130,0000129000,078324,083182,092985,078581,083616,094557
0000000131,0000130000,080333,080391,093767,081014,080444,095296
0000000132,0000131000,082892,077942,093656,084027,077727,095000
0000000133,0000132000,085735,076095,092661,087322,075735,093697
0000000134,0000133000,088582,075030,090878,090577,074662,091515
0000000135,0000134000,091175,074838,088477,093478,074611,088664
0000000136,0000135000,093248,075543,085699,095738,075588,085428
0000000137,0000136000,094588,077081,082821,097133,077497,082124
0000000138,0000137000,095077,079300,080113,097531,080152,079071
0000000139,0000138000,094669,081980,077842,096891,083294,076569
0000000140,0000139000,093395,084857,076238,095276,086611,074866
0000000141,0000140000,091383,087652,075455,092845,089782,074127
0000000142,0000141000,088829,090096,075566,089832,092498,074423
0000000143,0000142000,085986,091944,076561,086538,094491,075725
0000000144,0000143000,083133,093015,078343,083283,095564,077907
0000000145,0000144000,080543,093204,080744,080383,095615,080756
0000000146,0000145000,078472,092496,083523,078123,094639,083992
0000000147,0000146000,077126,090964,086400,076727,092732,087295
0000000148,0000147000,076637,088745,089108,076330,090076,090347
0000000149,0000148000,077050,086060,091381,076969,086935,092849
0000000150,0000149000,078319,083186,092985,078582,083619,094552
0000000151,0000150000,080329,080392,093769,081014,080448,095292
0000000152,0000151000,082888,077943,093659,084025,077732,094996
0000000153,0000152000,085730,076096,092665,087318,075740,093695
0000000154,0000153000,088579,075028,090882,090573,074667,091514
0000000155,0000154000,091174,074834,088481,093473,074615,088666
0000000156,0000155000,093246,075541,085703,095732,075591,085431
0000000157,0000156000,094589,077077,082825,097128,077497,082129
0000000158,0000157000,095081,079294,080116,097526,080151,079077
0000000159,0000158000,094672,081976,077843,096887,083292,076575
0000000160,0000159000,093399,084854,076238,095275,086607,074872
0000000161,0000160000,091389,087648,075453,092845,089776,074132
0000000162,0000161000,088834,090094,075562,089834,092493,074427
0000000163,0000162000,085989,091945,076556,086541,094485,075727
0000000164,0000163000,083137,093016,078338,083289,095558,077907
0000000165,0000164000,080546,093206,080739,080389,095610,080755
0000000166,0000165000,078471,092501,083518,078129,094636,083989
0000000167,0000166000,077125,090969,086396,076734,092730,087290
0000000168,0000167000,076635,088749,089105,076335,090077,090341
0000000169,0000168000,077045,086066,091380,076973,086938,092843
0000000170,0000169000,078313,083192,092986,078584,083624,094546
0000000171,0000170000,080325,080395,093771,081013,080454,095286
0000000172,0000171000,082882,077945,093663,084023,077739,094992
0000000173,0000172000,085724,076097,092670,087314,075747,093692
0000000174,0000173000,088576,075026,090888,090567,074673,091514
0000000175,0000174000,091172,074830,088488,093466,074621,088667
0000000176,0000175000,093245,075537,085709,095725,075594,085435
0000000177,0000176000,094590,077071,082829,097121,077499,082134
0000000178,0000177000,095085,079287,080119,097520,080150,079084
0000000179,0000178000,094675,081971,077844,096883,083289,076583
0000000180,0000179000,093405,084849,076237,095273,086602,074879
0000000181,0000180000,091396,087643,075451,092845,089770,074139
0000000182,0000181000,088840,090092,075558,089836,092485,074432
0000000183,0000182000,085994,091946,076550,086546,094477,075730
0000000184,0000183000,083143,093017,078331,083295,095551,077908
0000000185,0000184000,080549,093210,080732,080396,095605,080753
0000000186,0000185000,078471,092508,083511,078137,094632,083984
0000000187,0000186000,077124,090975,086391,076741,092729,087284
0000000188,0000187000,076632,088756,089102,076342,090078,090334
0000000189,0000188000,077038,086073,091378,076978,086942,092834
0000000190,0000189000,078307,083197,092986,078587,083629,094538
0000000191,0000190000,080318,080399,093774,081013,080462,095279
0000000192,0000191000,082874,077949,093668,084020,077748,094986
0000000193,0000192000,085717,076097,092676,087309,075756,093689
0000000194,0000193000,088572,075022,090896,090560,074681,091513
0000000195,0000194000,091168,074826,088495,093457,074627,088669
0000000196,0000195000,093243,075531,085716,095716,075598,085439
0000000197,0000196000,094593,077063,082835,097113,077500,082141
0000000198,0000197000,095088,079279,080123,097513,080149,079092
0000000199,0000198000,094681,081964,077846,096877,083285,076592
0000000200,0000199000,093413,084842,076236,095270,086595,074888
0000000201,0000200000,091405,087638,075447,092845,089762,074147
0000000202,0000201000,088847,090090,075553,089840,092476,074438
0000000203,0000202000,086002,091945,076543,086552,094467,075734
0000000204,0000203000,083149,093019,078323,083303,095542,077909
0000000205,0000204000,080551,093216,080723,080406,095598,080751
0000000206,0000205000,078472,092515,083503,078147,094627,083979
0000000207,0000206000,077123,090982,086384,076751,092727,087276
0000000208,0000207000,076628,088765,089098,076350,090080,090324
0000000209,0000208000,077031,086082,091376,076983,086946,092824
0000000210,0000209000,078299,083204,092987,078589,083637,094528
0000000211,0000210000,080309,080404,093778,081013,080471,095270
0000000212,0000211000,082865,077952,093674,084016,077758,094979
0000000213,0000212000,085710,076097,092684,087303,075766,093685
0000000214,0000213000,088566,075019,090905,090551,074691,091513
0000000215,0000214000,091164,074822,088505,093447,074635,088672
0000000216,0000215000,093243,075523,085724,095705,075603,085445
0000000217,0000216000,094595,077053,082842,097102,077502,082150
0000000218,0000217000,095093,079270,080128,097504,080148,079102
0000000219,0000218000,094688,081955,077848,096871,083280,076603
0000000220,0000219000,093422,084833,076235,095267,086587,074899
0000000221,0000220000,091414,087632,075444,092846,089752,074156
0000000222,0000221000,088856,090088,075546,089844,092464,074446
0000000223,0000222000,086011,091945,076534,086559,094456,075738
0000000224,0000223000,083156,093022,078313,083313,095532,077909
0000000225,0000224000,080555,093222,080713,080417,095589,080748
0000000226,0000225000,078474,092523,083494,078159,094622,083973
0000000227,0000226000,077122,090992,086377,076762,092725,087267
0000000228,0000227000,076622,088776,089092,076359,090082,090313
0000000229,0000228000,077024,086093,091374,076990,086951,092812
0000000230,0000229000,078290,083212,092988,078593,083645,094516
0000000231,0000230000,080298,080411,093782,081012,080482,095260
0000000232,0000231000,082854,077956,093681,084012,077770,094972
0000000233,0000232000,085701,076096,092693,087295,075778,093681
0000000234,0000233000,088558,075016,090916,090540,074702,091512
0000000235,0000234000,091158,074816,088516,093435,074644,088675
0000000236,0000235000,093242,075514,085734,095692,075609,085452
0000000237,0000236000,094598,077042,082851,097090,077504,082159
0000000238,0000237000,095098,079259,080134,097493,080146,079115
0000000239,0000238000,094696,081944,077850,096864,083274,076616
0000000240,0000239000,093433,084823,076234,095264,086578,074912
0000000241,0000240000,091425,087626,075439,092846,089740,074168
0000000242,0000241000,088868,090084,075538,089848,092451,074454
0000000243,0000242000,086022,091944,076524,086568,094443,075743
0000000244,0000243000,083164,093025,078301,083324,095520,077910
0000000245,0000244000,080560,093229,080701,080430,095579,080744
0000000246,0000245000,078475,092532,083483,078173,094615,083965
0000000247,0000246000,077119,091004,086367,076775,092723,087256
0000000248,0000247000,076615,088789,089086,076370,090084,090300
0000000249,0000248000,077015,086104,091371,076998,086958,092798
0000000250,0000249000,078279,083222,092990,078597,083655,094502
0000000251,0000250000,080285,080419,093787,081011,080495,095247
0000000252,0000251000,082841,077960,093689,084007,077785,094962
0000000253,0000252000,085690,076096,092705,087286,075793,093675
0000000254,0000253000,088549,075012,090929,090528,074715,091511
0000000255,0000254000,091153,074808,088529,093420,074655,088679
0000000256,0000255000,093241,075503,085747,095677,075616,085460
0000000257,0000256000,094600,077029,082861,097076,077507,082171
0000000258,0000257000,095104,079246,080141,097482,080144,079129
0000000259,0000258000,094707,081930,077853,096856,083267,076631
0000000260,0000259000,093446,084812,076233,095259,086567,074927
0000000261,0000260000,091439,087618,075433,092847,089726,074181
0000000262,0000261000,088882,090079,075529,089854,092435,074464
0000000263,0000262000,086034,091944,076512,086577,094427,075749
0000000264,0000263000,083173,093030,078287,083337,095506,077911
0000000265,0000264000,080566,093238,080687,080446,095568,080740
0000000266,0000265000,078477,092543,083470,078189,094608,083957
0000000267,0000266000,077116,091018,086357,076790,092720,087244
0000000268,0000267000,076608,088804,089078,076383,090086,090285
0000000269,0000268000,077005,086118,091368,077007,086965,092781
0000000270,0000269000,078265,083234,092991,078601,083667,094486
0000000271,0000270000,080270,080428,093793,081011,080510,095233
0000000272,0000271000,082827,077964,093699,084001,077801,094952
0000000273,0000272000,085677,076096,092718,087275,075810,093669
0000000274,0000273000,088538,075008,090943,090513,074731,091510
0000000275,0000274000,091147,074799,088544,093404,074667,088683
0000000276,0000275000,093239,075490,085761,095660,075624,085469
0000000277,0000276000,094603,077015,082873,097059,077510,082185
0000000278,0000277000,095112,079230,080149,097468,080141,079145
0000000279,0000278000,094718,081915,077857,096846,083259,076649
0000000280,0000279000,093460,084799,076231,095255,086555,074944
0000000281,0000280000,091454,087608,075427,092848,089710,074196
0000000282,0000281000,088898,090074,075519,089860,092418,074476
0000000283,0000282000,086048,091944,076498,086589,094409,075756
0000000284,0000283000,083184,093035,078271,083353,095489,077912
0000000285,0000284000,080573,093247,080671,080464,095555,080736
0000000286,0000285000,078479,092556,083454,078208,094599,083947
0000000287,0000286000,077112,091034,086344,076807,092717,087229
0000000288,0000287000,076600,088820,089069,076398,090089,090267
0000000289,0000288000,076992,086133,091364,077018,086974,092763
0000000290,0000289000,078249,083248,092993,078606,083680,094468
0000000291,0000290000,080253,080438,093799,081010,080527,095217
0000000292,0000291000,082811,077970,093710,083994,077820,094939
0000000293,0000292000,085661,076096,092732,087263,075829,093662
0000000294,0000293000,088526,075003,090960,090497,074748,091509
0000000295,0000294000,091139,074789,088561,093385,074681,088688
0000000296,0000295000,093237,075476,085777,095640,075633,085480
0000000297,0000296000,094606,076998,082886,097041,077513,082200
0000000298,0000297000,095120,079212,080158,097452,080138,079164
0000000299,0000298000,094732,081898,077861,096835,083250,076669
0000000300,0000299000,093476,084785,076230,095249,086541,074964
0000000301,0000300000,091473,087597,075420,092849,089692,074213
0000000302,0000301000,088916,090068,075507,089868,092397,074489
0000000303,0000302000,086064,091944,076483,086602,094389,075763
0000000304,0000303000,083196,093041,078253,083370,095471,077913
0000000305,0000304000,080582,093257,080652,080484,095540,080730
0000000306,0000305000,078482,092572,083437,078229,094590,083935
0000000307,0000306000,077109,091052,086330,076827,092714,087213
0000000308,0000307000,076591,088839,089060,076414,090092,090247
0000000309,0000308000,076979,086152,091360,077029,086983,092741
0000000310,0000309000,078232,083264,092994,078611,083696,094447
0000000311,0000310000,080234,080450,093807,081009,080546,095199
0000000312,0000311000,082792,077976,093723,083986,077842,094926
0000000313,0000312000,085644,076097,092749,087249,075851,093654
0000000314,0000313000,088513,074998,090980,090479,074768,091508
0000000315,0000314000,091131,074778,088581,093363,074696,088694
0000000316,0000315000,093234,075461,085795,095618,075644,085492
0000000317,0000316000,094610,076980,082901,097020,077516,082218
0000000318,0000317000,095130,079191,080169,097435,080134,079185
0000000319,0000318000,094746,081878,077866,096822,083240,076692
0000000320,0000319000,093494,084768,076228,095243,086524,074986
0000000321,0000320000,091493,087585,075412,092850,089671,074232
0000000322,0000321000,088936,090061,075493,089876,092375,074503
0000000323,0000322000,086082,091943,076465,086616,094366,075771
0000000324,0000323000,083211,093047,078233,083390,095450,077914
0000000325,0000324000,080591,093269,080631,080506,095523,080724
0000000326,0000325000,078484,092589,083418,078252,094579,083922
0000000327,0000326000,077105,091072,086313,076849,092710,087194
0000000328,0000327000,076581,088860,089048,076433,090096,090225
0000000329,0000328000,076963,086173,091355,077042,086994,092717
0000000330,0000329000,078212,083282,092996,078618,083713,094424
0000000331,0000330000,080212,080463,093815,081007,080568,095179
0000000332,0000331000,082770,077984,093737,083978,077866,094910
0000000333,0000332000,085624,076098,092768,087234,075875,093645
0000000334,0000333000,088498,074991,091001,090458,074790,091506
0000000335,0000334000,091121,074765,088604,093339,074714,088701
0000000336,0000335000,093231,075443,085816,095593,075655,085506
0000000337,0000336000,094614,076958,082918,096997,077520,082237
0000000338,0000337000,095141,079168,080181,097415,080130,079208
0000000339,0000338000,094762,081857,077871,096809,083228,076717
0000000340,0000339000,093515,084749,076226,095237,086506,075010
0000000341,0000340000,091517,087570,075403,092852,089649,074254
0000000342,0000341000,088959,090053,075478,089885,092349,074519
0000000343,0000342000,086103,091943,076445,086633,094340,075781
0000000344,0000343000,083228,093053,078210,083411,095427,077916
0000000345,0000344000,080601,093282,080607,080532,095505,080717
0000000346,0000345000,078487,092607,083396,078278,094568,083908
0000000347,0000346000,077101,091094,086295,076874,092706,087174
0000000348,0000347000,076570,088884,089035,076453,090100,090200
0000000349,0000348000,076945,086196,091349,077056,087007,092691
0000000350,0000349000,078190,083302,092998,078624,083732,094398
0000000351,0000350000,080188,080478,093824,081006,080592,095156
0000000352,0000351000,082746,077992,093753,083968,077893,094894
0000000353,0000352000,085603,076099,092789,087216,075901,093636
0000000354,0000353000,088480,074984,091025,090435,074814,091505
0000000355,0000354000,091110,074751,088628,093313,074733,088708
0000000356,0000355000,093227,075423,085839,095566,075667,085521
0000000357,0000356000,094618,076934,082938,096971,077524,082259
0000000358,0000357000,095153,079143,080195,097394,080125,079235
0000000359,0000358000,094781,081832,077877,096794,083215,076745
0000000360,0000359000,093538,084728,076224,095230,086486,075037
0000000361,0000360000,091542,087554,075394,092853,089623,074277
0000000362,0000361000,088984,090044,075462,089896,092321,074537
0000000363,0000362000,086126,091942,076423,086651,094312,075790
0000000364,0000363000,083246,093060,078184,083436,095402,077917
0000000365,0000364000,080613,093297,080581,080559,095485,080709
0000000366,0000365000,078491,092628,083371,078307,094555,083892
0000000367,0000366000,077096,091119,086275,076901,092702,087151
0000000368,0000367000,076558,088911,089021,076475,090105,090173
0000000369,0000368000,076926,086222,091342,077072,087020,092661
0000000370,0000369000,078166,083325,093000,078631,083753,094370
0000000371,0000370000,080161,080495,093834,081003,080619,095132
0000000372,0000371000,082719,078002,093770,083957,077922,094875
0000000373,0000372000,085579,076100,092812,087197,075931,093626
0000000374,0000373000,088461,074977,091052,090409,074840,091504
0000000375,0000374000,091097,074736,088656,093283,074754,088716
0000000376,0000375000,093223,075402,085865,095536,075680,085538
0000000377,0000376000,094623,076908,082959,096943,077528,082283
0000000378,0000377000,095166,079115,080210,097371,080120,079263
0000000379,0000378000,094800,081805,077885,096778,083201,076776
0000000380,0000379000,093564,084704,076223,095223,086464,075067
0000000381,0000380000,091570,087536,075384,092856,089595,074303
0000000382,0000381000,089012,090034,075444,089907,092290,074556
0000000383,0000382000,086151,091941,076398,086671,094282,075801
0000000384,0000383000,083266,093068,078156,083462,095374,077918
0000000385,0000384000,080626,093312,080552,080590,095463,080701
0000000386,0000385000,078495,092651,083344,078339,094541,083874
0000000387,0000386000,077091,091147,086252,076930,092698,087126
0000000388,0000387000,076544,088941,089005,076500,090111,090143
0000000389,0000388000,076905,086250,091334,077089,087035,092629
0000000390,0000389000,078140,083349,093001,078639,083776,094339
0000000391,0000390000,080131,080514,093845,081001,080648,095105
0000000392,0000391000,082689,078013,093789,083944,077954,094855
0000000393,0000392000,085552,076101,092837,087176,075963,093615
0000000394,0000393000,088440,074969,091082,090381,074869,091503
0000000395,0000394000,091083,074720,088686,093251,074777,088726
0000000396,0000395000,093219,075378,085894,095503,075694,085557
0000000397,0000396000,094628,076879,082983,096912,077533,082309
0000000398,0000397000,095179,079084,080227,097345,080114,079295
0000000399,0000398000,094822,081775,077893,096760,083185,076809
0000000400,0000399000,093592,084678,076221,095215,086440,075099
0000000401,0000400000,091601,087516,075372,092858,089565,074331
0000000402,0000401000,081875,093799,079209,092328,092035,074356
0000000403,0000402000,086720,089830,074274,090531,092895,074454
0000000404,0000403000,083340,094143,079251,088365,094563,077126
0000000405,0000404000,080759,091552,078839,084326,094181,079401
0000000406,0000405000,083224,091420,082135,080442,094191,083484
0000000407,0000406000,080761,092165,087259,076235,092850,087220
0000000408,0000407000,083274,084405,084444,073116,091089,091045
0000000409,0000408000,080835,086878,091905,070454,088536,094027
0000000410,0000409000,084797,078826,088322,068528,086307,096775
0000000411,0000410000,081735,081092,094269,068036,083841,098246
0000000412,0000411000,088436,077378,092976,068662,081456,098352
0000000413,0000412000,086249,076133,092525,071544,080090,097821
0000000414,0000413000,087272,075726,091432,074361,078214,095044
0000000415,0000414000,090543,074183,087819,078545,078437,092669
0000000416,0000415000,086513,078416,088650,082354,078539,088722
0000000417,0000416000,092880,077627,083539,086868,079643,084751
0000000418,0000417000,088118,083494,084676,091012,081598,081079
0000000419,0000418000,089614,081638,077977,093973,083400,077263
0000000420,0000419000,087506,087149,078997,095981,086210,075038
0000000421,0000420000,086756,088335,076636,096273,088421,073274
0000000422,0000421000,086296,090596,076551,096016,090757,073058
0000000423,0000422000,084512,093923,078922,094133,092224,073668
0000000424,0000423000,084125,090791,076446,091488,093532,075893
0000000425,0000424000,080713,093566,081350,087547,093675,078629
0000000426,0000425000,083841,089581,080635,083452,093373,082362
0000000427,0000426000,080136,090538,085822,079601,092222,086300
0000000428,0000427000,083489,086842,086927,076004,090069,089766
0000000429,0000428000,082300,084664,089522,073507,088244,093543
0000000430,0000429000,082410,081778,090977,071446,085323,095684
0000000431,0000430000,085935,078529,091302,071131,083145,097527
0000000432,0000431000,084376,078559,093657,071896,080729,097692
0000000433,0000432000,088426,075071,090952,074093,078878,096761
0000000434,0000433000,087261,077280,092533,077265,077821,094863
0000000435,0000434000,089456,074692,087931,080953,077299,091780
0000000436,0000435000,089062,077656,087570,085280,077793,088250
0000000437,0000436000,090106,078786,084553,089284,078783,084155
0000000438,0000437000,089466,080791,081969,093218,080742,080440
0000000439,0000438000,088616,084727,081151,095933,082799,076814
0000000440,0000439000,088966,085313,077407,097906,085540,074437
0000000441,0000440000,085634,089537,078211,098400,087870,072685
0000000442,0000441000,087189,089622,075978,097713,090141,072302
0000000443,0000442000,083415,092639,078081,095848,092045,073264
0000000444,0000443000,084018,091960,078079,092723,092969,075032
0000000445,0000444000,082741,092342,080498,089205,093633,078245
0000000446,0000445000,081543,091000,082328,085003,092979,081626
0000000447,0000446000,082621,088589,084059,081156,091908,085678
0000000448,0000447000,081348,087698,087801,077491,090012,089464
0000000449,0000448000,083354,083516,088223,074771,087713,092870
0000000450,0000449000,083040,082901,091865,073100,085170,095502
0000000451,0000450000,085299,078743,091179,072652,082566,097025
0000000452,0000451000,085302,077880,092526,073592,080312,097463
0000000453,0000452000,087403,076280,091734,075525,078334,096498
0000000454,0000453000,088159,075647,090512,078725,077303,094676
0000000455,0000454000,088677,076766,089627,082417,076679,091514
0000000456,0000455000,090356,076754,086388,086689,077212,088020
0000000457,0000456000,088720,079564,085198,090716,078300,083973
0000000458,0000457000,090262,080496,081644,094296,080133,080051
0000000459,0000458000,088331,084283,080803,097137,082575,076706
0000000460,0000459000,088310,085913,078249,098789,085014,073903
0000000461,0000460000,087047,088776,077777,099408,087743,072417
0000000462,0000461000,085463,090498,077235,098500,089980,071885
0000000463,0000462000,084806,091216,077097,096548,091932,072797
0000000464,0000463000,083079,092670,079218,093435,093091,074733
0000000465,0000464000,083134,091214,079725,089751,093562,077730
0000000466,0000465000,081656,091401,083009,085703,093126,081355
0000000467,0000466000,082515,088588,084226,081693,091904,085319
0000000468,0000467000,081746,087010,087127,078218,090084,089288
0000000469,0000468000,083003,084309,088896,075414,087595,092641
0000000470,0000469000,083793,081780,090513,073887,085079,095447
0000000471,0000470000,084438,079875,091964,073426,082303,096945
0000000472,0000471000,086516,077398,091624,074396,079985,097450
0000000473,0000472000,086581,076955,091979,076458,078030,096606
0000000474,0000473000,088670,075575,090019,079551,076743,094583
0000000475,0000474000,088738,076811,089280,083378,076341,091659
0000000476,0000475000,089693,077208,086569,087440,076653,087910
0000000477,0000476000,089630,079249,084734,091523,077934,083970
0000000478,0000477000,089350,081365,082464,094989,079784,079944
0000000479,0000478000,088974,083430,080055,097760,082267,076495
0000000480,0000479000,087695,086533,079127,099338,084900,073716
0000000481,0000480000,087229,088043,077379,099754,087653,072090
0000000482,0000481000,085256,090641,077790,098844,090092,071621
0000000483,0000482000,084884,091170,077532,096725,092038,072418
0000000484,0000483000,083178,092035,079037,093678,093381,074469
0000000485,0000484000,082735,091502,080394,089851,093767,077376
0000000486,0000485000,082287,090502,082429,085843,093450,081166
0000000487,0000486000,081815,089037,084865,081821,092142,085136
0000000488,0000487000,082641,086498,086628,078390,090235,089165
0000000489,0000488000,082596,084658,089131,075731,087745,092696
0000000490,0000489000,084052,081565,090057,074178,084977,095433
0000000491,0000490000,084678,079959,091661,073888,082238,097149
0000000492,0000491000,086222,077754,091519,074831,079686,097582
0000000493,0000492000,087172,076815,091366,077040,077705,096822
0000000494,0000493000,088265,076368,090326,080138,076329,094770
0000000495,0000494000,089140,076444,088474,083986,075886,091813
0000000496,0000495000,089293,077867,086915,088035,076232,088040
0000000497,0000496000,089888,079039,084328,092025,077519,083989
0000000498,0000497000,089054,081625,082664,095484,079504,079944
0000000499,0000498000,088990,083552,080302,098092,082012,076331
0000000500,0000499000,087697,086238,079107,099639,084878,073576
0000000501,0000500000,086782,088226,077941,099867,087668,071791
0000000502,0000501000,085656,090043,077679,098894,090303,071352
0000000503,0000502000,084290,091318,078224,096669,092339,072110
0000000504,0000503000,083599,091455,078970,093542,093730,074141
0000000505,0000504000,082472,091539,080893,089724,094229,077163
0000000506,0000505000,082384,090077,082382,085653,093825,080927
0000000507,0000506000,081973,088851,084894,081726,092557,085059
0000000508,0000507000,082544,086524,086693,078296,090500,089119
0000000509,0000508000,082961,084351,088711,075771,087938,092789
0000000510,0000509000,083918,081994,090202,074292,085008,095588
0000000511,0000510000,085093,079715,090975,074124,082137,097389
0000000512,0000511000,086024,078243,091488,075176,079449,097872
0000000513,0000512000,087522,076830,090819,077441,077331,097104
0000000514,0000513000,088131,076737,090116,080639,075924,095089
0000000515,0000514000,089202,076761,088283,084460,075372,092024
0000000516,0000515000,089394,077984,086649,088555,075800,088260
0000000517,0000516000,089557,079420,084457,092451,077076,084060
0000000518,0000517000,089282,081487,082452,095856,079190,079956
0000000519,0000518000,088548,083849,080735,098344,081823,076241
0000000520,0000519000,087823,085939,079110,099756,084817,073370
0000000521,0000520000,086514,088305,078463,099883,087805,071556
0000000522,0000521000,085597,089700,077913,098752,090541,071023
0000000523,0000522000,084220,091032,078569,096461,092750,071808
0000000524,0000523000,083467,091260,079382,093217,094191,073816
0000000525,0000524000,082606,091049,080965,089395,094770,076920
0000000526,0000525000,082242,090041,082796,085305,094336,080726
0000000527,0000526000,082279,088402,084708,081434,093030,084968
0000000528,0000527000,082417,086571,086813,078087,090873,089135
0000000529,0000528000,083288,084152,088393,075651,088154,092891
0000000530,0000529000,083959,082120,089995,074330,085105,095828
0000000531,0000530000,085244,079876,090633,074262,082014,097658
0000000532,0000531000,086257,078402,091041,075478,079217,098241
0000000533,0000532000,087442,077239,090551,077819,076931,097454
0000000534,0000533000,088383,076886,089578,081107,075448,095443
0000000535,0000534000,089029,077273,088191,084954,074848,092330
0000000536,0000535000,089509,078104,086292,089032,075271,088476
0000000537,0000536000,089375,079805,084526,092890,076626,084201
0000000538,0000537000,089221,081567,082438,096177,078820,079965
0000000539,0000538000,088386,083886,080913,098563,081629,076168
0000000540,0000539000,087626,085956,079467,099802,084763,073166
0000000541,0000540000,086456,088028,078714,099801,087958,071300
0000000542,0000541000,085322,089594,078485,098511,090841,070691
0000000543,0000542000,084287,090567,078841,096109,093205,071467
0000000544,0000543000,083245,091031,079887,092785,094749,073496
0000000545,0000544000,082719,090581,081176,088910,095360,076631
0000000546,0000545000,082230,089765,083056,084851,094951,080543
0000000547,0000546000,082363,088134,084772,081016,093552,084854
0000000548,0000547000,082618,086353,086709,077793,091312,089164
0000000549,0000548000,083348,084168,088280,075472,088420,093013
0000000550,0000549000,084247,082055,089548,074318,085202,096067
0000000551,0000550000,085301,080175,090355,074405,081919,097982
0000000552,0000551000,086508,078550,090473,075769,078939,098614
0000000553,0000552000,087472,077675,090178,078242,076515,097859
0000000554,0000553000,088502,077229,089110,081600,074908,095817
0000000555,0000554000,089019,077654,087848,085499,074277,092674
0000000556,0000555000,089432,078507,086105,089542,074683,088717
0000000557,0000556000,089346,080028,084361,093347,076122,084364
0000000558,0000557000,088973,081851,082597,096508,078417,079998
0000000559,0000558000,088327,083864,081028,098750,081393,076089
0000000560,0000559000,087334,085991,079889,099819,084718,072983
0000000561,0000560000,086343,087771,079079,099634,088096,071018
0000000562,0000561000,085130,089340,079022,098194,091185,070368
0000000563,0000562000,084164,090188,079331,095644,093687,071102
0000000564,0000563000,083217,090580,080317,092246,095359,073163
0000000565,0000564000,082656,090204,081611,088323,096015,076332
0000000566,0000565000,082354,089285,083220,084293,095611,080331
0000000567,0000566000,082399,087896,084952,080529,094142,084741
0000000568,0000567000,082853,086055,086571,077429,091781,089165
0000000569,0000568000,083477,084139,088111,075277,088731,093139
0000000570,0000569000,084493,082083,089149,074296,085305,096292
0000000571,0000570000,085488,080365,089884,074583,081832,098312
0000000572,0000571000,086655,078886,089963,076105,078643,098987
0000000573,0000572000,087652,078039,089585,078728,076068,098272
0000000574,0000573000,088502,077748,088672,082169,074334,096209
0000000575,0000574000,089097,078056,087378,086105,073647,093021
0000000576,0000575000,089307,079005,085888,090120,074059,088990
0000000577,0000576000,089266,080334,084195,093833,075555,084530
0000000578,0000577000,088777,082119,082692,096863,077984,080059
0000000579,0000578000,088121,083961,081259,098918,081118,076020
0000000580,0000579000,087131,085919,080258,099797,084654,072816
0000000581,0000580000,086096,087601,079630,099402,088234,070751
0000000582,0000581000,084994,088946,079545,097785,091531,070045
0000000583,0000582000,083976,089804,079970,095087,094197,070747
0000000584,0000583000,083200,090027,080812,091595,095992,072816
0000000585,0000584000,082611,089725,082095,087645,096716,076032
0000000586,0000585000,082452,088789,083498,083644,096302,080096
0000000587,0000586000,082532,087504,085082,079986,094778,084614
0000000588,0000587000,083026,085797,086523,077031,092282,089138
0000000589,0000588000,083738,083996,087826,075078,089068,093237
0000000590,0000589000,084690,082178,088767,074307,085431,096494
0000000591,0000590000,085762,080536,089294,074811,081743,098607
0000000592,0000591000,086811,079294,089381,076527,078350,099348
0000000593,0000592000,087823,078484,088912,079297,075595,098660
0000000594,0000593000,088557,078307,088104,082837,073741,096599
0000000595,0000594000,089098,078612,086890,086793,072980,093364
0000000596,0000595000,089235,079516,085539,090770,073398,089272
0000000597,0000596000,089093,080790,084077,094365,074952,084713
0000000598,0000597000,088601,082381,082721,097231,077512,080141
0000000599,0000598000,087837,084130,081557,099073,080818,075987
0000000600,0000599000,086909,085835,080673,099722,084559,072677
0000000601,0000600000,085822,087390,080246,099101,088362,070523
0000000602,0000601000,084802,088538,080199,097276,091863,069745
0000000603,0000602000,083825,089291,080661,094426,094715,070421
0000000604,0000603000,083114,089441,081462,090835,096633,072482
0000000605,0000604000,082641,089096,082603,086870,097433,075735
0000000606,0000605000,082517,088248,083887,082921,097019,079856
0000000607,0000606000,082727,086997,085216,079391,095432,084459
0000000608,0000607000,083226,085493,086492,076622,092813,089082
0000000609,0000608000,084025,083826,087520,074895,089422,093285
0000000610,0000609000,084954,082238,088301,074375,085579,096650
0000000611,0000610000,086030,080780,088661,075118,081665,098846
0000000612,0000611000,087038,079711,088647,077051,078065,099659
0000000613,0000612000,087963,079058,088183,079979,075123,099004
0000000614,0000613000,088654,078923,087392,083614,073139,096952
0000000615,0000614000,089057,079298,086338,087582,072304,093691
0000000616,0000615000,089155,080116,085117,091491,072715,089547
0000000617,0000616000,088890,081325,083914,094945,074332,084916
0000000618,0000617000,088364,082735,082765,097603,077011,080250
0000000619,0000618000,087548,084305,081852,099202,080493,076004
0000000620,0000619000,086602,085792,081189,099581,084436,072594
0000000621,0000620000,085553,087114,080911,098705,088464,070357
0000000622,0000621000,084551,088104,080992,096655,092175,069510
0000000623,0000622000,083681,088667,081444,093642,095210,070145
0000000624,0000623000,083021,088763,082231,089962,097264,072192
0000000625,0000624000,082679,088363,083209,085991,098138,075458
0000000626,0000625000,082625,087579,084331,082126,097735,079622
0000000627,0000626000,082934,086424,085420,078755,096088,084282
0000000628,0000627000,083501,085086,086434,076215,093354,088985
0000000629,0000628000,084326,083645,087218,074754,089790,093271
0000000630,0000629000,085291,082264,087747,074521,085747,096725
0000000631,0000630000,086313,081071,087953,075535,081614,099000
0000000632,0000631000,087301,080184,087795,077701,077802,099879
0000000633,0000632000,088120,079719,087333,080797,074678,099271
0000000634,0000633000,088734,079665,086577,084516,072556,097238
0000000635,0000634000,089024,080083,085663,088479,071646,093976
0000000636,0000635000,089018,080856,084645,092288,072042,089805
0000000637,0000636000,088673,081936,083680,095562,073715,085130
0000000638,0000637000,088058,083192,082823,097970,076505,080401
0000000639,0000638000,087223,084511,082163,099279,080149,076086
0000000640,0000639000,086244,085766,081778,099353,084289,072600
0000000641,0000640000,085243,086814,081673,098189,088528,070289
0000000642,0000641000,084283,087591,081891,095899,092446,069380
0000000643,0000642000,083508,087964,082372,092715,095658,069963
0000000644,0000643000,082953,087948,083100,088958,097851,071980
0000000645,0000644000,082713,087524,083945,085006,098802,075232
0000000646,0000645000,082785,086768,084840,081260,098415,079407
0000000647,0000646000,083170,085754,085684,078094,096720,084091
0000000648,0000647000,083831,084590,086380,075827,093881,088835
0000000649,0000648000,084682,083409,086886,074682,090164,093174
0000000650,0000649000,085667,082288,087134,074774,085932,096686
0000000651,0000650000,086651,081380,087130,076093,081598,099027
0000000652,0000651000,087573,080743,086838,078507,077584,099965
0000000653,0000652000,088305,080464,086332,081774,074288,099412
0000000654,0000653000,088793,080549,085646,085563,072032,097419
0000000655,0000654000,088979,080992,084864,089491,071043,094186
0000000656,0000655000,088839,081733,084090,093160,071419,090027
0000000657,0000656000,088407,082669,083394,096202,073132,085348
0000000658,0000657000,087704,083733,082860,098311,076019,080604
0000000659,0000658000,086832,084782,082516,099276,079803,076257
0000000660,0000659000,085849,085741,082422,099004,084119,072731
0000000661,0000660000,084878,086497,082552,097520,088546,070367
0000000662,0000661000,084002,086992,082907,094975,092651,069403
0000000663,0000662000,083317,087162,083448,091623,096029,069928
0000000664,0000663000,082898,086997,084101,087807,098349,071892
0000000665,0000664000,082775,086539,084800,083909,099379,075099
0000000666,0000665000,082982,085820,085449,080328,099015,079235
0000000667,0000666000,083469,084950,085994,077424,097289,083894
0000000668,0000667000,084210,084006,086352,075487,094364,088624
0000000669,0000668000,085108,083100,086515,074712,090521,092967
0000000670,0000669000,086085,082306,086458,075175,086132,096497
0000000671,0000670000,087038,081713,086192,076829,081627,098873
0000000672,0000671000,087867,081380,085755,079505,077442,099861
0000000673,0000672000,088496,081323,085187,082935,073992,099367
0000000674,0000673000,088845,081568,084566,086770,071616,097441
0000000675,0000674000,088895,082060,083947,090621,070550,094275
0000000676,0000675000,088622,082750,083431,094098,070900,090182
0000000677,0000676000,088074,083545,083056,096846,072635,085561
0000000678,0000677000,087296,084369,082874,098591,075592,080865
0000000679,0000678000,086372,085123,082905,099157,079482,076548
0000000680,0000679000,085401,085732,083134,098491,083933,073031
0000000681,0000680000,084472,086150,083538,096658,088508,070653
0000000682,0000681000,083693,086318,084063,093846,092762,069649
0000000683,0000682000,083128,086237,084666,090339,096276,070111
0000000684,0000683000,082852,085909,085257,086492,098704,071993
0000000685,0000684000,082882,085387,085779,082699,099807,075107
0000000686,0000685000,083223,084721,086164,079344,099473,079144
0000000687,0000686000,083836,084002,086361,076769,097735,083706
0000000688,0000687000,084654,083315,086345,075232,094758,088348
0000000689,0000688000,085599,082723,086115,074888,090833,092620
0000000690,0000689000,086563,082302,085707,075770,086338,096107
0000000691,0000690000,087462,082081,085151,077786,081712,098473
0000000692,0000691000,088189,082089,084529,080732,077407,099489
0000000693,0000692000,088681,082311,083897,084308,073844,099059
0000000694,0000693000,088879,082733,083332,088151,071375,097230
0000000695,0000694000,088764,083296,082902,091868,070242,094185
0000000696,0000695000,088349,083930,082665,095081,070559,090229
0000000697,0000696000,087672,084566,082655,097460,072294,085751
0000000698,0000697000,086812,085120,082874,098767,075279,081190
0000000699,0000698000,085849,085531,083318,098869,079224,076990
0000000700,0000699000,084892,085750,083922,097760,083745,073556
0000000701,0000700000,084031,085767,084629,095552,088403,071219
0000000702,0000701000,083361,085569,085359,092472,092742,070202
0000000703,0000702000,082947,085186,086030,088833,096340,070600
0000000704,0000703000,082834,084668,086563,085006,098840,072368
0000000705,0000704000,083038,084065,086893,081383,099998,075329
0000000706,0000705000,083532,083454,086981,078334,099700,079183
0000000707,0000706000,084275,082910,086793,076171,097977,083550
0000000708,0000707000,085178,082504,086352,075115,094997,088001
0000000709,0000708000,086156,082279,085692,075270,091053,092102
0000000710,0000709000,087101,082271,084883,076618,086530,095457
0000000711,0000710000,087918,082480,084009,079019,081867,097747
0000000712,0000711000,088525,082876,083171,082228,077519,098756
0000000713,0000712000,088855,083422,082461,085917,073910,098389
0000000714,0000713000,088877,084053,081955,089709,071395,096692
0000000715,0000714000,088580,084700,081726,093214,070220,093837
0000000716,0000715000,088001,085281,081801,096074,070500,090112
0000000717,0000716000,087193,085733,082190,097993,072204,085889
0000000718,0000717000,086246,085988,082860,098775,075162,081584
0000000719,0000718000,085258,086010,083753,098344,079083,077618
0000000720,0000719000,084329,085794,084775,096746,083582,074371
0000000721,0000720000,083560,085355,085818,094147,088221,072152
0000000722,0000721000,083025,084742,086775,090814,092550,071167
0000000723,0000722000,082785,084021,087530,087088,096146,071504
0000000724,0000723000,082862,083274,088002,083351,098658,073122
0000000725,0000724000,083256,082579,088130,079987,099841,075852
0000000726,0000725000,083923,082022,087888,077344,099580,079419
0000000727,0000726000,084796,081674,087285,075694,097906,083463
0000000728,0000727000,085784,081580,086375,075208,094988,087584
0000000729,0000728000,086781,081765,085245,075931,091118,091378
0000000730,0000729000,087685,082219,084002,077786,086677,094482
0000000731,0000730000,088400,082902,082781,080581,082098,096605
0000000732,0000731000,088855,083736,081709,084028,077824,097552
0000000733,0000732000,088999,084641,080905,087772,074273,097241
0000000734,0000733000,088816,085515,080462,091429,071787,095714
0000000735,0000734000,088322,086258,080441,094621,070611,093132
0000000736,0000735000,087565,086787,080857,097017,070856,089758
0000000737,0000736000,086626,087034,081676,098367,072490,085934
0000000738,0000737000,085601,086958,082832,098534,075346,082043
0000000739,0000738000,084601,086553,084210,097501,079135,078464
0000000740,0000739000,083727,085854,085675,095380,083481,075541
0000000741,0000740000,083074,084922,087077,092392,087960,073545
0000000742,0000741000,082707,083853,088271,088844,092138,072657
0000000743,0000742000,082666,082759,089123,085103,095611,072946
0000000744,0000743000,082959,081756,089533,081554,098042,074373
0000000745,0000744000,083558,080957,089448,078565,099197,076785
0000000746,0000745000,084405,080456,088857,076449,098967,079931
0000000747,0000746000,085409,080320,087811,075426,097384,083490
0000000748,0000747000,086467,080571,086407,075602,094614,087106
0000000749,0000748000,087464,081200,084781,076957,090943,090422
0000000750,0000749000,088297,082154,083089,079345,086735,093121
0000000751,0000750000,088881,083342,081507,082519,082403,094957
0000000752,0000751000,089153,084647,080195,086147,078369,095767
0000000753,0000752000,089085,085937,079294,089858,075018,095492
0000000754,0000753000,088677,087073,078914,093265,072674,094175
0000000755,0000754000,087970,087925,079109,096015,071562,091960
0000000756,0000755000,087034,088398,079876,097817,071782,089081
0000000757,0000756000,085968,088425,081146,098482,073302,085834
0000000758,0000757000,084884,087991,082802,097940,075959,082548
0000000759,0000758000,083898,087131,084678,096252,079475,079547
0000000760,0000759000,083113,085922,086589,093596,083497,077118
0000000761,0000760000,082609,084475,088350,090250,087627,075481
0000000762,0000761000,082439,082929,089779,086562,091467,074774
0000000763,0000762000,082623,081445,090723,082914,094648,075043
0000000764,0000763000,083149,080176,091071,079684,096868,076241
0000000765,0000764000,083964,079267,090769,077211,097916,078234
0000000766,0000765000,084987,078826,089827,075758,097701,080807
0000000767,0000766000,086109,078914,088332,075479,096256,083693
0000000768,0000767000,087210,079530,086431,076404,093741,086595
0000000769,0000768000,088175,080622,084313,078432,090424,089225
0000000770,0000769000,088902,082090,082186,081348,086641,091335
0000000771,0000770000,089318,083792,080258,084847,082770,092736
0000000772,0000771000,089378,085572,078721,088564,079185,093315
0000000773,0000772000,089074,087249,077735,092113,076226,093043
0000000774,0000773000,088429,088646,077422,095124,074173,091970
0000000775,0000774000,087508,089608,077832,097279,073216,090224
0000000776,0000775000,086403,090018,078942,098347,073436,087997
0000000777,0000776000,085233,089816,080653,098212,074794,085526
0000000778,0000777000,084123,089015,082791,096889,077137,083065
0000000779,0000778000,083190,087695,085139,094520,080210,080861
0000000780,0000779000,082532,085977,087465,091356,083696,079122
0000000781,0000780000,082213,084023,089549,087730,087246,077999
0000000782,0000781000,082269,082017,091184,084019,090516,077576
0000000783,0000782000,082698,080159,092199,080610,093196,077864
0000000784,0000783000,083461,078640,092477,077860,095037,078806
0000000785,0000784000,084485,077630,091965,076063,095873,080281
0000000786,0000785000,085664,077256,090692,075414,095640,082123
0000000787,0000786000,086872,077571,088778,075984,094379,084132
0000000788,0000787000,087978,078550,086422,077714,092241,086096
0000000789,0000788000,088866,080094,083862,080417,089459,087817
0000000790,0000789000,089444,082052,081355,083808,086328,089136
0000000791,0000790000,089656,084240,079137,087528,083164,089939
0000000792,0000791000,089479,086457,077420,091191,080276,090179
0000000793,0000792000,088925,088482,076385,094414,077934,089863
0000000794,0000793000,088046,090107,076150,096856,076354,089057
0000000795,0000794000,086926,091157,076761,098254,075671,087872
0000000796,0000795000,085685,091494,078181,098454,075931,086450
0000000797,0000796000,084452,091066,080280,097431,077083,084952
0000000798,0000797000,083364,089918,082831,095293,078989,083538
0000000799,0000798000,082535,088168,085571,092269,081431,082352
0000000800,0000799000,082049,085988,088231,088681,084148,081504
0000000801,0000800000,081950,083583,090561,084905,086861,081059
0000000802,0000801000,082252,081179,092337,081336,089303,081032
0000000803,0000802000,082930,079010,093376,078348,091246,081389
0000000804,0000803000,083919,077294,093567,076260,092517,082058
0000000805,0000804000,085124,076218,092863,075298,093014,082937
0000000806,0000805000,086414,075925,091309,075572,092716,083909
0000000807,0000806000,087655,076458,089055,077057,091678,084857
0000000808,0000807000,088709,077762,086342,079596,090035,085674
0000000809,0000808000,089465,079701,083454,082916,087977,086276
0000000810,0000809000,089849,082077,080677,086663,085731,086611
0000000811,0000810000,089828,084666,078269,090446,083534,086662
0000000812,0000811000,089399,087230,076457,093869,081601,086453
0000000813,0000812000,088601,089514,075430,096571,080113,086041
0000000814,0000813000,087510,091294,075295,098261,079200,085507
0000000815,0000814000,086235,092380,076084,098753,078922,084946
0000000816,0000815000,084913,092626,077749,097987,079275,084446
0000000817,0000816000,083684,091994,080125,096039,080192,084081
0000000818,0000817000,082680,090553,082958,093118,081549,083898
0000000819,0000818000,082012,088451,085953,089535,083183,083917
0000000820,0000819000,081741,085914,088799,085674,084906,084132
0000000821,0000820000,081885,083179,091251,081936,086530,084507
0000000822,0000821000,082443,080487,093067,078714,087896,084975
0000000823,0000822000,083352,078127,094063,076349,088874,085455
0000000824,0000823000,084533,076310,094134,075098,089386,085858
0000000825,0000824000,085859,075235,093270,075103,089414,086097
0000000826,0000825000,087195,075044,091518,076371,088992,086111
0000000827,0000826000,088392,075766,089057,078770,088198,085875
0000000828,0000827000,089322,077322,086157,082045,087146,085399
0000000829,0000828000,089892,079547,083107,085845,085972,084731
0000000830,0000829000,090039,082212,080234,089765,084816,083941
0000000831,0000830000,089770,085049,077785,093398,083813,083119
0000000832,0000831000,089089,087814,076004,096362,083066,082374
0000000833,0000832000,088075,090221,075059,098340,082642,081813
0000000834,0000833000,086824,092036,075053,099115,082569,081537
0000000835,0000834000,085463,093073,075996,098595,082818,081618
0000000836,0000835000,084142,093202,077800,096828,083326,082091
0000000837,0000836000,082995,092407,080298,093999,083999,082935
0000000838,0000837000,082158,090757,083217,090410,084733,084079
0000000839,0000838000,081702,088447,086260,086447,085425,085407
0000000840,0000839000,081682,085712,089102,082528,085979,086786
0000000841,0000840000,082082,082817,091499,079062,086323,088069
0000000842,0000841000,082875,080028,093216,076413,086414,089102
0000000843,0000842000,083983,077627,094076,074868,086246,089753
0000000844,0000843000,085282,075852,094011,074598,085851,089915
0000000845,0000844000,086657,074872,093008,075641,085302,089522
0000000846,0000845000,087939,074818,091175,077894,084697,088572
0000000847,0000846000,089008,075679,088687,081118,084140,087129
0000000848,0000847000,089738,077382,085813,084968,083730,085326
0000000849,0000848000,090064,079736,082841,089032,083534,083341
0000000850,0000849000,089954,082493,080082,092883,083601,081376
0000000851,0000850000,089425,085384,077797,096117,083940,079634
0000000852,0000851000,088529,088136,076189,098394,084531,078307
0000000853,0000852000,087347,090488,075428,099466,085313,077559
0000000854,0000853000,086018,092180,075577,099211,086195,077502
0000000855,0000854000,084660,093068,076630,097648,087059,078189
0000000856,0000855000,083439,093049,078456,094935,087773,079594
0000000857,0000856000,082472,092131,080883,091363,088220,081610
0000000858,0000857000,081867,090403,083657,087314,088312,084045
0000000859,0000858000,081681,088055,086490,083218,088012,086661
0000000860,0000859000,081926,085340,089091,079508,087319,089194
0000000861,0000860000,082577,082512,091217,076570,086288,091385
0000000862,0000861000,083565,079850,092675,074717,085008,092999
0000000863,0000862000,084798,077615,093307,074151,083604,093849
0000000864,0000863000,086136,076043,093067,074940,082226,093815
0000000865,0000864000,087447,075269,091986,077008,081041,092858
0000000866,0000865000,088582,075374,090194,080140,080211,091032
0000000867,0000866000,089423,076339,087875,084001,079865,088488
0000000868,0000867000,089887,078056,085266,088180,080079,085466
0000000869,0000868000,089923,080348,082643,092230,080864,082263
0000000870,0000869000,089543,082963,080260,095726,082169,079199
0000000871,0000870000,088780,085660,078350,098302,083881,076587
0000000872,0000871000,087714,088166,077091,099684,085841,074701
0000000873,0000872000,086454,090228,076610,099721,087860,073749
0000000874,0000873000,085135,091640,076945,098400,089726,073858
0000000875,0000874000,083899,092270,078038,095855,091230,075054
0000000876,0000875000,082876,092072,079764,092355,092180,077254
0000000877,0000876000,082180,091074,081929,088273,092438,080269
0000000878,0000877000,081874,089398,084309,084046,091937,083813
0000000879,0000878000,081990,087218,086660,080123,090692,087540
0000000880,0000879000,082506,084756,088760,076916,088804,091078
0000000881,0000880000,083370,082260,090396,074761,086444,094068
0000000882,0000881000,084494,079980,091410,073888,083832,096203
0000000883,0000882000,085757,078142,091718,074395,081225,097251
0000000884,0000883000,087028,076935,091289,076233,078891,097083
0000000885,0000884000,088163,076475,090191,079213,077081,095687
0000000886,0000885000,089046,076772,088570,083018,076012,093171
0000000887,0000886000,089580,077784,086609,087240,075831,089758
0000000888,0000887000,089716,079393,084507,091430,076594,085772
0000000889,0000888000,089443,081421,082485,095142,078258,081605
0000000890,0000889000,088797,083660,080740,097987,080683,077667
0000000891,0000890000,087846,085891,079431,099665,083643,074357
0000000892,0000891000,086687,087888,078692,099998,086855,072012
0000000893,0000892000,085446,089436,078590,098946,090004,070878
0000000894,0000893000,084254,090393,079119,096617,092772,071087
0000000895,0000894000,083244,090673,080194,093255,094865,072640
0000000896,0000895000,082524,090268,081683,089220,096045,075407
0000000897,0000896000,082169,089248,083406,084943,096163,079132
0000000898,0000897000,082212,087743,085172,080881,095170,083460
0000000899,0000898000,082642,085912,086808,077464,093135,087969
0000000900,0000899000,083410,083942,088154,075052,090239,092213
0000000901,0000900000,084432,082043,089080,073898,086751,095769
0000000902,0000901000,085766,079395,089477,073996,083433,098232
0000000903,0000902000,090200,069223,090027,075358,083938,099998
0000000904,0000903000,087510,069697,093657,077778,086369,098613
0000000905,0000904000,089924,078434,086350,081034,086304,095885
0000000906,0000905000,088986,080439,084834,085156,084746,093626
0000000907,0000906000,090580,077095,088492,088487,084591,088800
0000000908,0000907000,099998,079328,079648,088094,086249,083760
0000000909,0000908000,096610,087370,069830,084894,086587,082886
0000000910,0000909000,087536,096133,069852,085961,086346,086504
0000000911,0000910000,084970,095666,080185,086566,083631,085735
0000000912,0000911000,082407,087071,078346,087215,085032,084048
0000000913,0000912000,083817,095131,077188,086524,087185,084673
0000000914,0000913000,075700,099960,078924,084822,084404,085512
0000000915,0000914000,070617,092618,088561,087438,083499,087076
0000000916,0000915000,077595,086038,097134,087917,084105,084591
0000000917,0000916000,077603,082937,090201,086624,085776,083464
0000000918,0000917000,076457,087834,090382,086843,085645,085896
0000000919,0000918000,076358,081771,097208,087131,082517,085630
0000000920,0000919000,082186,069526,098918,088835,083964,084548
0000000921,0000920000,092316,071854,095234,087654,086294,083131
0000000922,0000921000,090158,076500,086370,086074,085760,083822
0000000923,0000922000,089701,076731,087601,087790,084606,085763
0000000924,0000923000,095888,071363,088921,088025,083965,083846
0000000925,0000924000,099522,071204,079666,087327,086555,082972
0000000926,0000925000,099319,083878,074323,085977,087168,084221
0000000927,0000926000,092440,088020,073929,085855,084697,085092
0000000928,0000927000,091784,084964,076922,087738,084882,085186
0000000929,0000928000,094360,087387,075108,086669,086093,083554
0000000930,0000929000,087442,094261,069321,085321,086650,084551
0000000931,0000930000,080618,099998,075199,085984,085057,086462
0000000932,0000931000,077684,094251,083083,086793,083491,085497
0000000933,0000932000,078766,089838,084712,087321,085472,084629
0000000934,0000933000,077852,094714,084538,086014,085963,084700
0000000935,0000934000,071225,093756,087180,086160,084142,086024
0000000936,0000935000,072638,085712,096298,088012,083308,086192
0000000937,0000936000,078894,077801,098565,087743,084300,083969
0000000938,0000937000,081335,078231,093430,087064,086015,084000
0000000939,0000938000,082045,081214,093577,086949,084780,085188
0000000940,0000939000,083953,073679,095717,087912,083281,085046
0000000941,0000940000,091888,067575,094584,088509,084984,083929
0000000942,0000941000,096783,071598,086999,086908,086387,082977
0000000943,0000942000,094617,077725,080501,086500,085917,084400
0000000944,0000943000,095295,078790,082106,087396,084568,085089
0000000945,0000944000,098086,075907,080265,087444,085047,083745
0000000946,0000945000,098772,081549,073515,086625,087075,083573
0000000947,0000946000,093913,091500,070069,085584,086246,084679
0000000948,0000947000,087504,092604,072837,086298,084646,085700
0000000949,0000948000,087082,090786,077557,087080,085014,085016
0000000950,0000949000,085478,093246,076063,086158,086063,084073
0000000951,0000950000,079430,098722,075640,085784,085886,085430
0000000952,0000951000,074430,097974,083143,086340,083982,086377
0000000953,0000952000,073552,089825,089915,087298,083832,085414
0000000954,0000953000,076295,087236,091228,087253,085390,084469
0000000955,0000954000,075574,088878,090555,086396,085153,084843
0000000956,0000955000,074055,085142,094586,087156,083823,085956
0000000957,0000956000,078605,076891,099998,088125,083627,085076
0000000958,0000957000,084721,071929,097121,087865,085053,083585
0000000959,0000958000,088167,074582,091570,087178,085861,084033
0000000960,0000959000,089084,075567,090394,087079,084593,084837
0000000961,0000960000,092289,071037,090467,087964,084329,084506
0000000962,0000961000,098455,070769,086074,087796,085772,083333
0000000963,0000962000,099453,076909,077870,086499,086495,083512
0000000964,0000963000,096152,082932,075030,086364,085748,084892
0000000965,0000964000,094705,083770,076537,086936,084881,084806
0000000966,0000965000,094972,084441,074434,086954,085783,083968
0000000967,0000966000,092795,091336,070881,086026,086604,084298
0000000968,0000967000,085701,097139,071722,085539,085535,085462
0000000969,0000968000,080522,096075,077472,086591,084491,085844
0000000970,0000969000,080133,093306,081527,086928,084880,084907
0000000971,0000970000,078092,094245,081622,086240,085647,084766
0000000972,0000971000,073677,096028,085015,086149,084971,085806
0000000973,0000972000,071615,091190,091935,087049,083639,085892
0000000974,0000973000,074742,083286,096070,087820,084057,084974
0000000975,0000974000,078630,080778,095507,087266,085191,084326
0000000976,0000975000,078946,080753,094423,086878,084914,084839
0000000977,0000976000,080974,076868,096640,087740,083966,085200
0000000978,0000977000,087411,070567,096826,088220,084219,084193
0000000979,0000978000,092973,069650,091522,087548,085705,083532
0000000980,0000979000,094505,074324,086011,086891,085924,084009
0000000981,0000980000,094763,075895,083651,087184,084905,084543
0000000982,0000981000,097738,074604,081986,087628,085054,084192
0000000983,0000982000,099918,077755,077118,086863,086252,083570
0000000984,0000983000,096780,085645,071780,086023,086558,084155
0000000985,0000984000,092274,090576,071886,086307,085342,085191
0000000986,0000985000,089967,090115,074395,086706,084937,085005
0000000987,0000986000,087956,091812,074496,086378,085939,084520
0000000988,0000987000,083067,097369,074301,085805,086008,084919
0000000989,0000988000,077284,098817,078168,086146,084706,085855
0000000990,0000989000,075102,094321,085199,086887,084097,085854
0000000991,0000990000,075234,090462,088893,086930,084862,084879
0000000992,0000991000,074296,090492,089483,086646,085244,084912
0000000993,0000992000,073316,088543,092823,086937,084190,085637
0000000994,0000993000,075443,081039,097845,087662,083627,085408
0000000995,0000994000,080413,075401,098708,087838,084677,084312
0000000996,0000995000,084422,075151,095064,087405,085321,083969
0000000997,0000996000,086780,074889,092640,087370,084762,084641
0000000998,0000997000,090425,071525,092692,087753,084393,084637
0000000999,0000998000,095262,069640,089490,087745,085291,083659
0000001000,0000999000,098373,073679,082387,087151,086214,083448
0000001001,0001000000,097960,078905,077784,086628,085729,084362
0000001002,0001001000,096689,080571,077084,086847,085200,084701
0000001003,0001002000,096684,082466,075452,086921,085775,084099
0000001004,0001003000,095006,088073,071386,086322,086328,084049
0000001005,0001004000,090083,093898,070406,085880,085840,085076
0000001006,0001005000,084691,095525,074412,086152,084990,085599
0000001007,0001006000,081767,094552,078066,086639,085030,085064
0000001008,0001007000,079704,095584,079265,086415,085506,084874
0000001009,0001008000,075632,096816,082078,086081,085040,085592
0000001010,0001009000,072174,093825,088378,086673,084194,085909
0000001011,0001010000,073043,088154,093393,087410,084140,085208
0000001012,0001011000,075768,084175,094480,087325,084708,084693
0000001013,0001012000,077067,082337,095103,087025,084774,084991
0000001014,0001013000,078501,078761,097295,087418,084194,085114
0000001015,0001014000,083319,073255,097821,088100,084224,084438
0000001016,0001015000,089566,070631,094360,087807,085112,083848
0000001017,0001016000,092511,072166,089770,087140,085549,084038
0000001018,0001017000,093858,073649,086969,087276,085158,084348
0000001019,0001018000,096963,073427,084173,087616,085085,084036
0000001020,0001019000,099811,075292,079317,087159,085853,083741
0000001021,0001020000,098752,081270,074517,086350,086364,084058
0000001022,0001021000,094981,086919,072571,086301,085747,084680
0000001023,0001022000,092636,088792,073020,086706,085247,084821
0000001024,0001023000,090822,090746,072993,086421,085731,084595
0000001025,0001024000,085970,095466,072998,085787,086052,084907
0000001026,0001025000,080168,098556,075799,086120,085170,085485
0000001027,0001026000,077168,096406,080927,086659,084404,085668
0000001028,0001027000,075868,093071,085498,086691,084755,085322
0000001029,0001028000,073984,092407,088158,086515,085147,085091
0000001030,0001029000,072368,090898,091185,086847,084469,085424
0000001031,0001030000,073924,084802,095767,087544,083703,085526
0000001032,0001031000,077751,078481,098291,087583,084425,084732
0000001033,0001032000,080885,076737,096823,087393,085097,084266
0000001034,0001033000,083942,075689,094902,087572,084675,084515
0000001035,0001034000,088381,071904,094190,087813,084323,084603
0000001036,0001035000,093148,069316,092007,087678,085087,084003
0000001037,0001036000,096371,071860,086290,087312,085949,083485
0000001038,0001037000,097668,076157,080631,087018,085683,084052
0000001039,0001038000,098074,077931,078516,086993,085236,084534
0000001040,0001039000,098110,079828,076552,086844,085758,084139
0000001041,0001040000,096398,085650,072424,086428,086386,083948
0000001042,0001041000,092839,091447,070226,086190,085816,084744
0000001043,0001042000,088438,093561,072466,086150,085217,085385
0000001044,0001043000,084341,094374,075789,086289,085349,085123
0000001045,0001044000,080964,096406,077126,086354,085541,084850
0000001046,0001045000,077350,097685,079438,086242,085067,085450
0000001047,0001046000,073718,095156,085645,086404,084330,086020
0000001048,0001047000,072605,090860,091005,087041,084450,085257
0000001049,0001048000,073946,087812,092740,087236,084677,084853
0000001050,0001049000,075381,084723,094392,087134,084426,085184
0000001051,0001050000,076882,080029,097551,087301,084204,085253
0000001052,0001051000,080483,075327,098708,087808,084411,084535
0000001053,0001052000,086169,072502,095811,087962,084831,083954
0000001054,0001053000,090496,071891,092103,087407,085132,084222
0000001055,0001054000,092692,071838,089973,087300,085077,084373
0000001056,0001055000,095728,072038,086694,087618,085274,083861
0000001057,0001056000,099211,074209,081085,087357,085703,083700
0000001058,0001057000,099550,078446,076501,086630,085970,084146
0000001059,0001058000,096908,083218,074357,086386,085905,084468
0000001060,0001059000,094589,086888,073031,086669,085616,084467
0000001061,0001060000,092905,089891,071670,086521,085717,084513
0000001062,0001061000,088744,093939,071805,085861,085895,085003
0000001063,0001062000,082516,097294,074694,086004,085403,085345
0000001064,0001063000,079051,097077,078366,086591,084810,085354
0000001065,0001064000,077263,095206,082027,086544,084832,085378
0000001066,0001065000,074218,094080,086181,086312,084973,085466
0000001067,0001066000,071842,092375,090264,086777,084582,085396
0000001068,0001067000,072936,087537,094022,087453,083972,085327
0000001069,0001068000,076372,081296,096827,087486,084243,085027
0000001070,0001069000,078628,078379,097497,087210,084881,084664
0000001071,0001070000,081039,076627,096810,087558,084649,084545
0000001072,0001071000,086376,072633,095480,088112,084255,084390
0000001073,0001072000,091836,069511,093143,087613,084959,084178
0000001074,0001073000,094490,070942,089057,087220,085716,083821
0000001075,0001074000,096361,074438,083701,087310,085636,083808
0000001076,0001075000,098580,075970,079931,087297,085193,084263
0000001077,0001076000,099495,077632,077360,086853,085702,084200
0000001078,0001077000,097355,083580,073575,086264,086584,083906
0000001079,0001078000,093992,089726,070763,086462,085691,084597
0000001080,0001079000,091407,091333,071746,086432,085215,085114
0000001081,0001080000,087256,093192,074029,085968,085697,085082
0000001082,0001081000,082029,096966,075482,086133,085781,084845
0000001083,0001082000,078407,098643,077477,086436,084976,085340
0000001084,0001083000,075592,095746,083159,086380,084319,086054
0000001085,0001084000,073203,092137,089141,086709,084710,085337
0000001086,0001085000,072782,090650,091032,086996,084906,084852
0000001087,0001086000,073846,087412,093211,087235,084122,085394
0000001088,0001087000,076070,080838,097604,087312,084040,085406
0000001089,0001088000,078731,076494,099301,087523,084648,084580
0000001090,0001089000,083119,074838,096523,087898,084871,083985
0000001091,0001090000,088619,072503,093354,087765,084612,084379
0000001092,0001091000,092038,070309,092116,087346,084892,084512
0000001093,0001092000,094629,070673,089191,087448,085511,083798
0000001094,0001093000,098136,074303,082078,087511,085794,083450
0000001095,0001094000,099715,077073,077713,086935,085490,084330
0000001096,0001095000,098404,079711,076348,086517,085700,084536
0000001097,0001096000,095892,084829,073761,086489,086281,083986
0000001098,0001097000,093976,089994,070521,086601,085731,084416
0000001099,0001098000,090799,092807,070902,086111,085525,085122
0000001100,0001099000,084369,095421,074703,085673,085583,085498
0000001101,0001100000,080218,097113,077140,086634,085283,084840
