0000000001,0000000000,090810,083373,075040,014048,036239,083825
0000000002,0000001000,088676,086090,074455,023800,026962,083351
0000000003,0000002000,086035,088421,074767,034641,019963,079510
0000000004,0000003000,083178,090101,075943,045520,015920,072675
0000000005,0000004000,080386,090962,077876,055362,015245,063505
0000000006,0000005000,077898,090954,080373,063210,017998,052905
0000000007,0000006000,075977,090067,083179,068297,023891,041924
0000000008,0000007000,074832,088360,086032,070120,032366,031627
0000000009,0000008000,074547,086021,088654,068495,042608,023010
0000000010,0000009000,075144,083299,090780,063598,053583,016932
0000000011,0000010000,076592,080428,092202,055905,064217,013992
0000000012,0000011000,078745,077691,092787,046146,073502,014465
0000000013,0000012000,081367,075382,092475,035297,080509,018307
0000000014,0000013000,084218,073707,091298,024431,084539,025143
0000000015,0000014000,087032,072824,089367,014587,085214,034311
0000000016,0000015000,089511,072841,086869,006729,082474,044910
0000000017,0000016000,091419,073742,084062,001650,076571,055892
0000000018,0000017000,092581,075432,081210,-00169,068091,066190
0000000019,0000018000,092866,077769,078588,001447,057859,074806
0000000020,0000019000,092254,080508,076462,006346,046883,080883
0000000021,0000020000,090816,083368,075039,014047,036241,083825
0000000022,0000021000,088670,086098,074455,023798,026963,083351
0000000023,0000022000,086033,088423,074767,034648,019956,079509
0000000024,0000023000,083187,090093,075943,045520,015920,072673
0000000025,0000024000,080383,090964,077876,055359,015248,063505
0000000026,0000025000,077891,090960,080373,063214,017993,052905
0000000027,0000026000,075982,090061,083179,068302,023887,041924
0000000028,0000027000,074835,088357,086032,070117,032370,031626
0000000029,0000028000,074540,086029,088654,068497,042607,023010
0000000030,0000029000,075145,083298,090780,063605,053576,016932
0000000031,0000030000,076598,080422,092202,055904,064217,013991
0000000032,0000031000,078741,077696,092787,046145,073503,014464
0000000033,0000032000,081364,075384,092475,035302,080505,018306
0000000034,0000033000,084223,073701,091299,024435,084536,025142
0000000035,0000034000,087032,072825,089367,014586,085217,034310
0000000036,0000035000,089507,072846,086869,006733,082471,044909
0000000037,0000036000,091422,073738,084062,001654,076568,055890
0000000038,0000037000,092583,075430,081210,-00168,068092,066188
0000000039,0000038000,092863,077773,078588,001447,057861,074804
0000000040,0000039000,092255,080507,076462,006350,046881,080882
0000000041,0000040000,090818,083365,075039,014048,036242,083823
0000000042,0000041000,088668,086100,074455,023799,026965,083350
0000000043,0000042000,086033,088424,074766,034649,019956,079508
0000000044,0000043000,083189,090091,075943,045520,015920,072673
0000000045,0000044000,080382,090966,077876,055359,015249,063505
0000000046,0000045000,077890,090961,080372,063215,017992,052906
0000000047,0000046000,075985,090059,083179,068301,023886,041925
0000000048,0000047000,074833,088358,086032,070116,032369,031627
0000000049,0000048000,074538,086030,088654,068498,042604,023011
0000000050,0000049000,075147,083296,090780,063605,053574,016933
0000000051,0000050000,076597,080423,092203,055905,064216,013992
0000000052,0000051000,078738,077698,092787,046148,073500,014465
0000000053,0000052000,081366,075381,092475,035305,080501,018306
0000000054,0000053000,084224,073700,091299,024436,084535,025142
0000000055,0000054000,087028,072828,089367,014590,085215,034309
0000000056,0000055000,089509,072844,086870,006738,082468,044907
0000000057,0000056000,091425,073735,084063,001655,076569,055888
0000000058,0000057000,092580,075433,081211,-00166,068093,066185
0000000059,0000058000,092862,077773,078588,001452,057859,074801
0000000060,0000059000,092259,080502,076461,006351,046883,080879
0000000061,0000060000,090817,083366,075039,014046,036246,083821
0000000062,0000061000,088665,086103,074455,023800,026965,083348
0000000063,0000062000,086037,088420,074766,034649,019957,079507
0000000064,0000063000,083190,090090,075942,045516,015925,072672
0000000065,0000064000,080378,090970,077875,055357,015250,063505
0000000066,0000065000,077892,090959,080371,063215,017990,052907
0000000067,0000066000,075987,090057,083179,068298,023888,041927
0000000068,0000067000,074829,088362,086031,070114,032370,031630
0000000069,0000068000,074537,086031,088654,068499,042600,023014
0000000070,0000069000,075150,083293,090780,063605,053571,016936
0000000071,0000070000,076595,080425,092203,055904,064214,013994
0000000072,0000071000,078735,077701,092788,046152,073494,014467
0000000073,0000072000,081369,075378,092476,035309,080496,018307
0000000074,0000073000,084223,073700,091300,024438,084533,025141
0000000075,0000074000,087025,072830,089368,014595,085211,034307
0000000076,0000075000,089511,072842,086870,006744,082464,044905
0000000077,0000076000,091427,073733,084063,001659,076569,055884
0000000078,0000077000,092578,075434,081211,-00162,068094,066181
0000000079,0000078000,092864,077772,078588,001457,057859,074796
0000000080,0000079000,092262,080500,076462,006352,046886,080874
0000000081,0000080000,090816,083368,075039,014046,036251,083816
0000000082,0000081000,088666,086103,074454,023800,026968,083344
0000000083,0000082000,086040,088418,074765,034647,019962,079505
0000000084,0000083000,083190,090092,075942,045511,015930,072671
0000000085,0000084000,080377,090972,077874,055353,015252,063506
0000000086,0000085000,077895,090958,080371,063210,017992,052910
0000000087,0000086000,075986,090058,083178,068292,023890,041931
0000000088,0000087000,074827,088365,086031,070110,032368,031635
0000000089,0000088000,074539,086031,088653,068497,042596,023020
0000000090,0000089000,075150,083293,090780,063603,053568,016942
0000000091,0000090000,076591,080428,092203,055905,064208,013999
0000000092,0000091000,078735,077700,092788,046155,073486,014471
0000000093,0000092000,081369,075377,092477,035312,080490,018310
0000000094,0000093000,084220,073701,091301,024444,084527,025142
0000000095,0000094000,087024,072830,089369,014604,085204,034305
0000000096,0000095000,089513,072838,086872,006751,082461,044901
0000000097,0000096000,091425,073733,084065,001665,076569,055879
0000000098,0000097000,092577,075435,081212,-00155,068093,066174
0000000099,0000098000,092867,077768,078588,001462,057861,074789
0000000100,0000099000,092263,080499,076462,006353,046893,080866
0000000101,0000100000,090815,083369,075038,014047,036257,083809
0000000102,0000101000,088669,086101,074453,023799,026975,083339
0000000103,0000102000,086043,088416,074764,034641,019971,079501
0000000104,0000103000,083188,090095,075940,045504,015938,072670
0000000105,0000104000,080378,090973,077872,055347,015257,063508
0000000106,0000105000,077897,090957,080369,063201,017997,052914
0000000107,0000106000,075984,090062,083177,068283,023892,041938
0000000108,0000107000,074825,088368,086030,070105,032365,031643
0000000109,0000108000,074539,086030,088653,068492,042592,023029
0000000110,0000109000,075148,083295,090781,063599,053562,016951
0000000111,0000110000,076588,080431,092204,055906,064199,014008
0000000112,0000111000,078735,077699,092789,046160,073475,014477
0000000113,0000112000,081368,075376,092479,035318,080481,018313
0000000114,0000113000,084217,073703,091303,024453,084518,025142
0000000115,0000114000,087024,072828,089370,014615,085195,034303
0000000116,0000115000,089514,072836,086873,006761,082456,044895
0000000117,0000116000,091424,073733,084066,001675,076567,055870
0000000118,0000117000,092578,075433,081213,-00145,068093,066163
0000000119,0000118000,092870,077765,078589,001468,057866,074777
0000000120,0000119000,092264,080498,076461,006356,046901,080855
0000000121,0000120000,090817,083369,075037,014048,036266,083799
0000000122,0000121000,088673,086099,074451,023796,026986,083331
0000000123,0000122000,086044,088417,074762,034633,019983,079496
0000000124,0000123000,083188,090097,075938,045495,015948,072669
0000000125,0000124000,080381,090973,077870,055336,015265,063511
0000000126,0000125000,077897,090959,080367,063188,018004,052921
0000000127,0000126000,075982,090065,083175,068271,023894,041947
0000000128,0000127000,074825,088370,086028,070095,032363,031655
0000000129,0000128000,074539,086031,088653,068484,042587,023042
0000000130,0000129000,075144,083298,090781,063595,053553,016964
0000000131,0000130000,076585,080433,092205,055907,064186,014019
0000000132,0000131000,078734,077698,092791,046164,073462,014486
0000000133,0000132000,081365,075377,092481,035326,080468,018319
0000000134,0000133000,084215,073703,091305,024465,084504,025143
0000000135,0000134000,087025,072825,089373,014629,085184,034300
0000000136,0000135000,089513,072834,086876,006775,082450,044888
0000000137,0000136000,091423,073732,084068,001690,076564,055859
0000000138,0000137000,092580,075429,081214,-00132,068095,066149
0000000139,0000138000,092873,077761,078589,001477,057874,074762
0000000140,0000139000,092265,080497,076461,006361,046912,080840
0000000141,0000140000,090820,083367,075036,014049,036279,083786
0000000142,0000141000,088677,086097,074449,023790,027003,083321
0000000143,0000142000,086045,088418,074760,034623,020000,079490
0000000144,0000143000,083190,090098,075935,045482,015962,072668
0000000145,0000144000,080383,090973,077867,055320,015278,063515
0000000146,0000145000,077897,090962,080365,063170,018013,052929
0000000147,0000146000,075981,090069,083173,068256,023897,041960
0000000148,0000147000,074825,088372,086027,070082,032360,031671
0000000149,0000148000,074536,086034,088652,068474,042580,023060
0000000150,0000149000,075139,083302,090781,063590,053541,016982
0000000151,0000150000,076583,080434,092206,055909,064169,014035
0000000152,0000151000,078731,077698,092794,046170,073444,014498
0000000153,0000152000,081361,075378,092484,035337,080449,018326
0000000154,0000153000,084213,073702,091309,024482,084486,025145
0000000155,0000154000,087024,072822,089377,014647,085171,034295
0000000156,0000155000,089512,072832,086879,006795,082441,044877
0000000157,0000156000,091424,073729,084070,001710,076559,055844
0000000158,0000157000,092584,075424,081216,-00116,068097,066131
0000000159,0000158000,092875,077758,078590,001488,057883,074742
0000000160,0000159000,092268,080495,076460,006368,046926,080819
0000000161,0000160000,090825,083364,075034,014048,036297,083768
0000000162,0000161000,088681,086095,074447,023783,027024,083307
0000000163,0000162000,086048,088419,074756,034610,020021,079481
0000000164,0000163000,083194,090099,075931,045465,015981,072666
0000000165,0000164000,080386,090975,077863,055298,015294,063520
0000000166,0000165000,077896,090966,080361,063148,018024,052941
0000000167,0000166000,075980,090073,083170,068235,023900,041977
0000000168,0000167000,074823,088375,086025,070063,032357,031692
0000000169,0000168000,074532,086039,088651,068460,042570,023083
0000000170,0000169000,075135,083306,090782,063584,053524,017004
0000000171,0000170000,076580,080435,092208,055909,064148,014055
0000000172,0000171000,078727,077700,092797,046177,073421,014514
0000000173,0000172000,081356,075379,092488,035352,080425,018335
0000000174,0000173000,084211,073699,091313,024503,084463,025147
0000000175,0000174000,087023,072819,089381,014671,085153,034289
0000000176,0000175000,089510,072829,086883,006820,082429,044864
0000000177,0000176000,091426,073724,084074,001734,076554,055824
0000000178,0000177000,092587,075418,081218,-00096,068101,066107
0000000179,0000178000,092878,077755,078591,001503,057894,074716
0000000180,0000179000,092272,080491,076460,006376,046943,080794
0000000181,0000180000,090831,083360,075032,014048,036320,083745
0000000182,0000181000,088685,086094,074444,023773,027051,083289
0000000183,0000182000,086051,088420,074752,034594,020047,079471
0000000184,0000183000,083198,090099,075926,045443,016006,072664
0000000185,0000184000,080387,090978,077858,055271,015315,063526
0000000186,0000185000,077896,090971,080356,063120,018037,052955
0000000187,0000186000,075980,090078,083166,068209,023905,041999
0000000188,0000187000,074821,088380,086022,070040,032354,031719
0000000189,0000188000,074527,086045,088650,068444,042558,023111
0000000190,0000189000,075131,083310,090782,063576,053503,017033
0000000191,0000190000,076575,080438,092210,055910,064122,014080
0000000192,0000191000,078720,077702,092800,046187,073392,014533
0000000193,0000192000,081351,075379,092493,035371,080394,018347
0000000194,0000193000,084208,073696,091319,024528,084436,025149
0000000195,0000194000,087020,072816,089387,014700,085131,034282
0000000196,0000195000,089509,072825,086889,006852,082413,044848
0000000197,0000196000,091428,073717,084078,001764,076548,055801
0000000198,0000197000,092589,075412,081221,-00071,068105,066078
0000000199,0000198000,092881,077750,078592,001521,057908,074684
0000000200,0000199000,092278,080486,076459,006385,046965,080762
0000000201,0000200000,090837,083356,075030,014047,036349,083717
0000000202,0000201000,088690,086093,074440,023762,027083,083267
0000000203,0000202000,086057,088420,074746,034575,020080,079458
0000000204,0000203000,083203,090101,075920,045415,016036,072661
0000000205,0000204000,080389,090982,077852,055238,015340,063534
0000000206,0000205000,077896,090977,080350,063087,018053,052973
0000000207,0000206000,075979,090083,083161,068176,023911,042025
0000000208,0000207000,074817,088386,086019,070012,032350,031751
0000000209,0000208000,074522,086052,088649,068424,042542,023147
0000000210,0000209000,075125,083315,090783,063567,053479,017067
0000000211,0000210000,076568,080442,092213,055910,064091,014111
0000000212,0000211000,078713,077705,092805,046199,073356,014557
0000000213,0000212000,081346,075379,092499,035394,080358,018361
0000000214,0000213000,084203,073694,091326,024558,084403,025152
0000000215,0000214000,087016,072812,089394,014736,085104,034273
0000000216,0000215000,089509,072819,086895,006890,082395,044828
0000000217,0000216000,091430,073710,084083,001800,076541,055772
0000000218,0000217000,092593,075406,081225,-00041,068111,066042
0000000219,0000218000,092886,077743,078594,001543,057924,074645
0000000220,0000219000,092286,080479,076458,006396,046991,080725
0000000221,0000220000,090844,083352,075027,014045,036384,083684
0000000222,0000221000,088697,086092,074434,023749,027122,083242
0000000223,0000222000,086064,088419,074739,034550,020119,079443
0000000224,0000223000,083208,090103,075912,045381,016073,072658
0000000225,0000224000,080392,090987,077844,055199,015369,063544
0000000226,0000225000,077897,090983,080343,063046,018072,052995
0000000227,0000226000,075978,090090,083155,068137,023919,042057
0000000228,0000227000,074813,088395,086015,069979,032344,031790
0000000229,0000228000,074516,086059,088647,068401,042524,023189
0000000230,0000229000,075118,083321,090784,063555,053449,017109
0000000231,0000230000,076560,080447,092217,055911,064054,014147
0000000232,0000231000,078705,077708,092810,046214,073313,014584
0000000233,0000232000,081339,075378,092506,035421,080314,018377
0000000234,0000233000,084198,073691,091334,024594,084364,025155
0000000235,0000234000,087013,072808,089402,014778,085072,034263
0000000236,0000235000,089509,072812,086903,006935,082374,044805
0000000237,0000236000,091432,073701,084090,001842,076533,055737
0000000238,0000237000,092596,075398,081229,-00005,068117,066000
0000000239,0000238000,092893,077735,078595,001569,057944,074599
0000000240,0000239000,092294,080472,076457,006409,047024,080680
0000000241,0000240000,090853,083347,075023,014043,036425,083644
0000000242,0000241000,088705,086089,074428,023734,027168,083211
0000000243,0000242000,086072,088419,074732,034521,020166,079425
0000000244,0000243000,083213,090106,075903,045342,016116,072655
0000000245,0000244000,080395,090993,077835,055154,015404,063555
0000000246,0000245000,077899,090990,080335,062997,018095,053020
0000000247,0000246000,075975,090099,083149,068091,023928,042094
0000000248,0000247000,074808,088405,086010,069940,032337,031835
0000000249,0000248000,074509,086068,088645,068373,042502,023238
0000000250,0000249000,075110,083328,090785,063540,053415,017157
0000000251,0000250000,076550,080453,092221,055913,064009,014190
0000000252,0000251000,078696,077711,092817,046232,073263,014617
0000000253,0000252000,081331,075378,092514,035452,080264,018397
0000000254,0000253000,084191,073689,091344,024636,084317,025159
0000000255,0000254000,087008,072802,089412,014829,085034,034250
0000000256,0000255000,089508,072803,086912,006987,082349,044777
0000000257,0000256000,091434,073692,084097,001891,076525,055697
0000000258,0000257000,092601,075388,081234,000037,068124,065951
0000000259,0000258000,092901,077725,078598,001599,057967,074546
0000000260,0000259000,092303,080464,076456,006424,047061,080628
0000000261,0000260000,090862,083341,075019,014042,036473,083598
0000000262,0000261000,088716,086085,074421,023715,027221,083176
0000000263,0000262000,086082,088419,074723,034487,020221,079405
0000000264,0000263000,083220,090110,075893,045296,016166,072651
0000000265,0000264000,080400,090999,077824,055100,015443,063569
0000000266,0000265000,077900,090998,080325,062941,018121,053050
0000000267,0000266000,075973,090110,083141,068038,023938,042137
0000000268,0000267000,074802,088416,086005,069896,032329,031888
0000000269,0000268000,074502,086078,088643,068341,042476,023295
0000000270,0000269000,075099,083337,090786,063524,053375,017213
0000000271,0000270000,076538,080460,092225,055916,063958,014239
0000000272,0000271000,078685,077714,092824,046252,073205,014655
0000000273,0000272000,081321,075378,092524,035488,080206,018419
0000000274,0000273000,084183,073685,091355,024686,084264,025163
0000000275,0000274000,087004,072795,089423,014886,084991,034235
0000000276,0000275000,089507,072794,086922,007047,082321,044745
0000000277,0000276000,091436,073681,084106,001948,076514,055650
0000000278,0000277000,092607,075376,081240,000085,068133,065894
0000000279,0000278000,092910,077713,078600,001634,057994,074485
0000000280,0000279000,092314,080454,076455,006440,047104,080568
0000000281,0000280000,090874,083334,075014,014039,036528,083545
0000000282,0000281000,088728,086081,074413,023694,027283,083136
0000000283,0000282000,086092,088419,074712,034448,020284,079381
0000000284,0000283000,083228,090114,075881,045243,016223,072647
0000000285,0000284000,080405,091006,077812,055039,015489,063585
0000000286,0000285000,077902,091008,080314,062877,018151,053084
0000000287,0000286000,075970,090122,083131,067977,023949,042187
0000000288,0000287000,074796,088428,085998,069845,032319,031949
0000000289,0000288000,074493,086090,088640,068305,042447,023361
0000000290,0000289000,075087,083348,090788,063507,053329,017277
0000000291,0000290000,076525,080468,092230,055919,063899,014295
0000000292,0000291000,078672,077718,092833,046276,073139,014697
0000000293,0000292000,081310,075378,092536,035530,080139,018443
0000000294,0000293000,084174,073682,091368,024742,084203,025167
0000000295,0000294000,086999,072788,089437,014952,084942,034218
0000000296,0000295000,089505,072783,086935,007115,082289,044708
0000000297,0000296000,091438,073669,084116,002013,076503,055597
0000000298,0000297000,092614,075362,081247,000140,068143,065830
0000000299,0000298000,092920,077700,078603,001672,058025,074415
0000000300,0000299000,092326,080443,076454,006459,047154,080500
0000000301,0000300000,090888,083326,075009,014036,036591,083486
0000000302,0000301000,088742,086076,074404,023668,027354,083091
0000000303,0000302000,086104,088419,074700,034404,020354,079355
0000000304,0000303000,083238,090118,075867,045183,016287,072642
0000000305,0000304000,080412,091014,077798,054969,015541,063603
0000000306,0000305000,077903,091019,080301,062804,018185,053124
0000000307,0000306000,075967,090136,083120,067908,023961,042244
0000000308,0000307000,074789,088443,085991,069787,032308,032018
0000000309,0000308000,074482,086104,088637,068263,042414,023435
0000000310,0000309000,075074,083360,090789,063487,053277,017349
0000000311,0000310000,076511,080476,092236,055922,063832,014358
0000000312,0000311000,078658,077723,092842,046302,073065,014745
0000000313,0000312000,081297,075378,092548,035577,080064,018471
0000000314,0000313000,084163,073677,091382,024806,084135,025172
0000000315,0000314000,086992,072779,089452,015026,084888,034199
0000000316,0000315000,089503,072771,086949,007192,082254,044667
0000000317,0000316000,091441,073654,084128,002085,076490,055537
0000000318,0000317000,092621,075347,081255,000201,068155,065757
0000000319,0000318000,092931,077685,078607,001715,058061,074336
0000000320,0000319000,092340,080431,076452,006480,047209,080423
0000000321,0000320000,090904,083316,075003,014033,036661,083419
0000000322,0000321000,088757,086071,074394,023640,027433,083040
0000000323,0000322000,086117,088419,074687,034353,020434,079326
0000000324,0000323000,083249,090123,075852,045116,016359,072638
0000000325,0000324000,080419,091023,077782,054890,015599,063624
0000000326,0000325000,077905,091032,080286,062722,018222,053168
0000000327,0000326000,075964,090151,083108,067832,023974,042307
0000000328,0000327000,074782,088459,085982,069723,032296,032095
0000000329,0000328000,074470,086120,088633,068218,042377,023518
0000000330,0000329000,075059,083374,090790,063465,053218,017430
0000000331,0000330000,076495,080486,092242,055926,063757,014429
0000000332,0000331000,078642,077729,092853,046332,072981,014799
0000000333,0000332000,081282,075379,092563,035631,079980,018502
0000000334,0000333000,084152,073672,091399,024878,084059,025176
0000000335,0000334000,086985,072769,089469,015109,084827,034177
0000000336,0000335000,089501,072758,086964,007279,082214,044620
0000000337,0000336000,091444,073638,084141,002167,076476,055470
0000000338,0000337000,092630,075329,081264,000269,068168,065675
0000000339,0000338000,092944,077669,078611,001763,058101,074248
0000000340,0000339000,092356,080416,076451,006503,047271,080338
0000000341,0000340000,090922,083305,074996,014028,036741,083344
0000000342,0000341000,088775,086065,074383,023608,027521,082984
0000000343,0000342000,086133,088418,074672,034297,020522,079293
0000000344,0000343000,083262,090127,075834,045040,016439,072633
0000000345,0000344000,080427,091033,077764,054802,015663,063647
0000000346,0000345000,077907,091047,080269,062631,018264,053217
0000000347,0000346000,075961,090168,083094,067746,023988,042378
0000000348,0000347000,074774,088477,085972,069651,032281,032181
0000000349,0000348000,074457,086138,088629,068168,042335,023611
0000000350,0000349000,075042,083389,090792,063441,053152,017520
0000000351,0000350000,076476,080498,092249,055931,063673,014507
0000000352,0000351000,078623,077735,092865,046366,072888,014858
0000000353,0000352000,081265,075380,092578,035690,079887,018536
0000000354,0000353000,084139,073667,091417,024958,083974,025181
0000000355,0000354000,086976,072759,089488,015201,084760,034152
0000000356,0000355000,089498,072743,086982,007375,082171,044567
0000000357,0000356000,091448,073620,084155,002256,076461,055395
0000000358,0000357000,092638,075310,081275,000344,068184,065585
0000000359,0000358000,092957,077650,078616,001816,058145,074151
0000000360,0000359000,092373,080400,076450,006528,047341,080244
0000000361,0000360000,090941,083293,074989,014022,036828,083262
0000000362,0000361000,088794,086058,074371,023572,027619,082922
0000000363,0000362000,086151,088417,074655,034235,020620,079258
0000000364,0000363000,083276,090132,075815,044956,016528,072628
0000000365,0000364000,080436,091044,077744,054705,015733,063674
0000000366,0000365000,077911,091062,080250,062531,018309,053273
0000000367,0000366000,075958,090187,083078,067652,024003,042457
0000000368,0000367000,074764,088497,085961,069573,032265,032276
0000000369,0000368000,074442,086157,088623,068113,042288,023713
0000000370,0000369000,075024,083406,090793,063415,053079,017619
0000000371,0000370000,076456,080511,092256,055937,063582,014593
0000000372,0000371000,078602,077743,092878,046404,072786,014922
0000000373,0000372000,081247,075381,092596,035756,079784,018572
0000000374,0000373000,084124,073662,091437,025045,083882,025186
0000000375,0000374000,086966,072748,089509,015303,084686,034124
0000000376,0000375000,089494,072727,087002,007480,082124,044509
0000000377,0000376000,091451,073600,084172,002355,076446,055312
0000000378,0000377000,092648,075288,081287,000426,068202,065485
0000000379,0000378000,092972,077629,078622,001873,058194,074045
0000000380,0000379000,092393,080382,076449,006555,047417,080140
0000000381,0000380000,090963,083279,074982,014015,036925,083173
0000000382,0000381000,088815,086050,074357,023532,027726,082855
0000000383,0000382000,086170,088416,074637,034165,020727,079220
0000000384,0000383000,083291,090138,075794,044864,016625,072624
0000000385,0000384000,080446,091056,077722,054599,015810,063703
0000000386,0000385000,077914,091080,080229,062421,018358,053334
0000000387,0000386000,075955,090208,083061,067549,024019,042544
0000000388,0000387000,074754,088520,085949,069487,032246,032380
0000000389,0000388000,074426,086179,088617,068053,042236,023824
0000000390,0000389000,075004,083425,090794,063387,052999,017727
0000000391,0000390000,076433,080526,092264,055945,063481,014687
0000000392,0000391000,078580,077752,092892,046446,072674,014993
0000000393,0000392000,081226,075382,092615,035828,079672,018612
0000000394,0000393000,084107,073656,091460,025142,083781,025190
0000000395,0000394000,086955,072736,089532,015414,084606,034093
0000000396,0000395000,089490,072709,087024,007595,082073,044445
0000000397,0000396000,091455,073578,084190,002462,076429,055222
0000000398,0000397000,092658,075265,081300,000515,068221,065376
0000000399,0000398000,092989,077606,078628,001936,058248,073928
0000000400,0000399000,092414,080362,076448,006584,047501,080028
0000000401,0000400000,090986,083263,074973,014007,037030,083075
0000000402,0000401000,079378,087986,076296,010435,030838,085774
0000000403,0000402000,084645,086985,073207,030739,021699,080057
0000000404,0000403000,085575,092791,078478,022340,021256,077214
0000000405,0000404000,079310,088979,075701,050328,015382,063315
0000000406,0000405000,086500,089450,078631,054530,021561,056637
0000000407,0000406000,081742,090506,083360,068333,022179,040863
0000000408,0000407000,082309,084091,081508,087079,030175,030546
0000000409,0000408000,085561,088823,091202,088315,036786,018650
0000000410,0000409000,080832,080008,087221,099998,044910,009895
0000000411,0000410000,084778,080655,092220,099502,056162,007549
0000000412,0000411000,084063,076966,091886,094849,060588,002863
0000000413,0000412000,082314,074887,091726,090064,070770,009381
0000000414,0000413000,085839,076316,093671,079773,071527,012353
0000000415,0000414000,082802,072606,089043,060614,076073,024736
0000000416,0000415000,084404,075844,089866,053981,074135,035548
0000000417,0000416000,085211,073159,083599,031992,069889,047778
0000000418,0000417000,082719,078619,084727,021617,065597,061979
0000000419,0000418000,085475,078747,080016,014764,055774,070804
0000000420,0000419000,083331,082044,078469,-01500,050130,082229
0000000421,0000420000,083648,084835,077042,007056,038828,084721
0000000422,0000421000,084740,084893,073795,000517,033269,088319
0000000423,0000422000,082194,089757,076569,010430,025386,084141
0000000424,0000423000,084412,088491,074762,021723,022132,078739
0000000425,0000424000,082834,091289,078532,029232,020909,069629
0000000426,0000425000,082866,088763,078275,048796,020621,056551
0000000427,0000426000,083951,089077,082098,057984,026646,046182
0000000428,0000427000,082300,086580,084005,072957,030254,031310
0000000429,0000428000,083718,084620,086789,080932,040596,022934
0000000430,0000429000,083437,083528,090387,087839,047300,012547
0000000431,0000430000,083020,078320,089432,088657,057050,008421
0000000432,0000431000,084275,079162,093534,086378,065081,007073
0000000433,0000432000,083534,074341,090634,079456,070921,009044
0000000434,0000433000,083884,075420,092300,067467,076815,016985
0000000435,0000434000,084648,074408,090435,056773,076644,024537
0000000436,0000435000,083613,073859,087581,039214,077632,038257
0000000437,0000436000,084601,076333,086652,028165,072179,049336
0000000438,0000437000,084271,076001,082127,012607,067468,063233
0000000439,0000438000,083723,080073,081484,004447,059204,073846
0000000440,0000439000,084590,081032,077775,-02402,050203,082191
0000000441,0000440000,083415,084742,077368,-05602,042365,088439
0000000442,0000441000,083838,085724,075082,-00648,032951,088492
0000000443,0000442000,083710,088141,075452,002254,028051,087571
0000000444,0000443000,083024,089420,076181,016300,022193,079742
0000000445,0000444000,083612,089144,076754,025914,021715,071481
0000000446,0000445000,082949,090500,080281,041162,022071,059060
0000000447,0000446000,083203,087400,080568,055294,026149,046594
0000000448,0000447000,083268,087544,084924,065702,032662,034386
0000000449,0000448000,083138,084238,086192,077598,039710,022425
0000000450,0000449000,083468,082544,089098,081254,049806,015085
0000000451,0000450000,083493,080247,090946,084423,057378,008398
0000000452,0000451000,083684,077356,091223,080465,066952,008296
0000000453,0000452000,083908,076526,092356,074313,072661,009901
0000000454,0000453000,084002,074144,090609,062999,077640,016735
0000000455,0000454000,084114,075095,090745,050532,079601,026367
0000000456,0000455000,084281,074094,087563,036390,077992,037563
0000000457,0000456000,084134,075973,086202,021424,075105,051359
0000000458,0000457000,084323,077002,083161,010897,067850,062970
0000000459,0000458000,084061,078877,080465,-01146,060952,075311
0000000460,0000459000,084008,082043,079109,-04976,051125,083224
0000000461,0000460000,083955,083275,076306,-08126,042639,089213
0000000462,0000461000,083537,086645,076456,-05113,034076,090493
0000000463,0000462000,083694,087306,075109,002392,027132,087820
0000000464,0000463000,083270,089185,076396,011431,023147,082033
0000000465,0000464000,083274,089308,077275,025744,020539,071700
0000000466,0000465000,083268,089241,079274,038151,022529,060823
0000000467,0000466000,083038,088472,081745,053171,025531,047040
0000000468,0000467000,083308,086380,083690,064242,032523,034962
0000000469,0000468000,083216,085165,086910,074231,040276,023280
0000000470,0000469000,083392,081899,088123,079796,049416,014500
0000000471,0000470000,083578,080590,090845,080751,058974,009340
0000000472,0000471000,083685,077710,091086,078735,066935,007236
0000000473,0000472000,083871,076298,091647,070328,074562,010458
0000000474,0000473000,084057,075219,091234,061035,078501,016080
0000000475,0000474000,084113,074249,089518,047038,081088,026326
0000000476,0000475000,084207,075208,088443,033635,079575,037760
0000000477,0000476000,084279,075336,085479,019574,075875,051008
0000000478,0000477000,084126,077496,083703,007315,069577,063980
0000000479,0000478000,084199,078893,080696,-01643,060988,075127
0000000480,0000479000,083958,081512,078939,-08029,052235,084633
0000000481,0000480000,083855,083652,077127,-08463,042196,089578
0000000482,0000481000,083718,085707,076021,-06568,034106,091788
0000000483,0000482000,083471,087755,076091,001557,026573,088852
0000000484,0000483000,083429,088301,075990,011415,022102,082753
0000000485,0000484000,083222,089508,077856,024459,020095,073039
0000000486,0000485000,083224,088688,078989,038773,021008,060920
0000000487,0000486000,083157,088297,081676,051631,025318,048100
0000000488,0000487000,083211,086613,083838,064517,031391,034634
0000000489,0000488000,083298,084642,086151,072789,040287,023538
0000000490,0000489000,083385,082670,088522,078886,049294,014013
0000000491,0000490000,083592,080045,089802,079606,059282,008708
0000000492,0000491000,083691,078453,091278,076580,067969,006854
0000000493,0000492000,083911,076273,091081,069255,075171,009297
0000000494,0000493000,084018,075553,091057,058332,080261,015887
0000000495,0000494000,084145,074699,089549,045795,081953,025261
0000000496,0000495000,084209,075042,088014,031139,081300,037757
0000000497,0000496000,084224,075916,085951,018247,076864,050639
0000000498,0000497000,084197,077080,083347,005660,070556,064133
0000000499,0000498000,084097,079352,081410,-02954,061751,075687
0000000500,0000499000,084014,081020,078857,-08400,052140,084979
0000000501,0000500000,083806,083655,077637,-09610,042358,090813
0000000502,0000501000,083707,085413,076317,-05856,033072,092365
0000000503,0000502000,083494,087241,076186,001033,025955,090216
0000000504,0000503000,083371,088360,076592,012329,020618,083442
0000000505,0000504000,083284,088775,077570,024820,018854,073968
0000000506,0000505000,083169,088841,079457,039174,019672,061517
0000000507,0000506000,083215,087752,081248,052436,023933,048217
0000000508,0000507000,083200,086738,083877,064250,030708,034881
0000000509,0000508000,083313,084577,085824,073264,039361,022852
0000000510,0000509000,083424,082723,088138,077987,049474,013700
0000000511,0000510000,083574,080433,089616,079277,059307,007563
0000000512,0000511000,083741,078412,090607,075199,068867,006012
0000000513,0000512000,083893,076928,091097,068015,076226,008197
0000000514,0000513000,084047,075539,090439,056866,081536,014813
0000000515,0000514000,084127,075299,089661,043871,083612,024608
0000000516,0000515000,084223,075137,087787,029985,082513,036908
0000000517,0000516000,084200,076104,085996,016314,078437,050610
0000000518,0000517000,084188,077294,083628,004953,071305,063917
0000000519,0000518000,084095,079103,081450,-04096,062540,076246
0000000520,0000519000,083963,081178,079477,-08636,052161,085540
0000000521,0000520000,083835,083159,077736,-09567,041976,091711
0000000522,0000521000,083646,085336,076932,-05589,032318,093508
0000000523,0000522000,083516,086710,076362,002097,024529,091117
0000000524,0000523000,083355,088077,076953,012988,019301,084671
0000000525,0000524000,083272,088440,077775,026348,016945,074579
0000000526,0000525000,083200,088425,079417,039960,018189,062274
0000000527,0000526000,083196,087725,081372,053664,022305,048332
0000000528,0000527000,083243,086376,083441,064876,029565,034811
0000000529,0000528000,083310,084816,085773,073556,038640,022405
0000000530,0000529000,083460,082654,087568,078132,049121,012784
0000000531,0000530000,083582,080781,089307,078476,059749,006663
0000000532,0000531000,083764,078699,090159,074597,069471,004614
0000000533,0000532000,083908,077223,090632,066459,077615,007115
0000000534,0000533000,084042,076061,090247,055576,082907,013491
0000000535,0000534000,084148,075497,089277,042132,085352,023691
0000000536,0000535000,084193,075641,087887,028436,084144,036169
0000000537,0000536000,084212,076167,085867,014997,079836,050167
0000000538,0000537000,084155,077543,083941,003708,072534,064022
0000000539,0000538000,084083,079018,081679,-04519,063057,076468
0000000540,0000539000,083942,081050,079870,-09085,052431,086391
0000000541,0000540000,083807,082985,078256,-08999,041393,092546
0000000542,0000541000,083642,084857,077260,-04983,031427,094728
0000000543,0000542000,083485,086462,076939,003352,023052,092241
0000000544,0000543000,083367,087485,077132,014467,017530,085752
0000000545,0000544000,083253,088152,078142,027797,015089,075546
0000000546,0000545000,083220,087985,079435,041683,016184,062787
0000000547,0000546000,083203,087487,081343,054803,020713,048715
0000000548,0000547000,083257,086254,083269,066088,028082,034558
0000000549,0000548000,083344,084726,085366,073965,037866,021977
0000000550,0000549000,083467,082895,087243,078298,048755,011843
0000000551,0000550000,083621,080913,088692,077971,060057,005526
0000000552,0000551000,083770,079182,089784,073596,070359,003319
0000000553,0000552000,083931,077553,090062,065203,078882,005674
0000000554,0000553000,084046,076576,089916,053773,084670,012291
0000000555,0000554000,084150,075930,089005,040555,087094,022492
0000000556,0000555000,084189,075985,087721,026569,086066,035453
0000000557,0000556000,084191,076542,085986,013642,081393,049656
0000000558,0000557000,084146,077597,084037,002550,073828,064019
0000000559,0000558000,084046,079135,082125,-05133,063813,076829
0000000560,0000559000,083930,080826,080230,-09063,052553,087078
0000000561,0000560000,083772,082770,078840,-08572,040992,093620
0000000562,0000561000,083625,084437,077773,-03780,030291,095830
0000000563,0000562000,083471,085986,077430,004722,021582,093561
0000000564,0000563000,083352,087026,077592,016391,015549,086849
0000000565,0000564000,083263,087587,078365,029632,013043,076564
0000000566,0000565000,083217,087643,079657,043573,014088,063448
0000000567,0000566000,083228,087075,081219,056428,018822,049014
0000000568,0000567000,083271,086132,083131,067210,026628,034502
0000000569,0000568000,083375,084651,084955,074735,036838,021410
0000000570,0000569000,083493,083037,086758,078235,048469,011034
0000000571,0000570000,083646,081220,088152,077522,060290,004294
0000000572,0000571000,083798,079542,089148,072387,071325,002015
0000000573,0000572000,083940,078117,089573,063666,080286,004233
0000000574,0000573000,084064,077041,089383,051885,086480,010954
0000000575,0000574000,084141,076516,088738,038528,089115,021361
0000000576,0000575000,084186,076403,087506,024732,088017,034552
0000000577,0000576000,084171,076925,086032,011939,083229,049218
0000000578,0000577000,084121,077809,084248,001485,075167,063879
0000000579,0000578000,084021,079152,082476,-05796,064719,077205
0000000580,0000579000,083895,080739,080791,-08918,052740,087746
0000000581,0000580000,083750,082408,079386,-07856,040562,094635
0000000582,0000581000,083594,084057,078463,-02441,029218,097026
0000000583,0000582000,083460,085403,077976,006596,019941,094796
0000000584,0000583000,083338,086472,078130,018461,013581,088087
0000000585,0000584000,083265,087001,078722,031952,010793,077537
0000000586,0000585000,083228,087120,079830,045626,011929,064229
0000000587,0000586000,083243,086704,081237,058294,016790,049356
0000000588,0000587000,083303,085843,082876,068476,025052,034499
0000000589,0000588000,083399,084635,084598,075416,035784,020970
0000000590,0000589000,083531,083120,086161,078215,048057,010217
0000000591,0000590000,083673,081562,087540,076737,060601,003211
0000000592,0000591000,083826,079983,088443,071064,072230,000675
0000000593,0000592000,083959,078690,088923,061718,081815,002891
0000000594,0000593000,084072,077678,088844,049751,088339,009592
0000000595,0000594000,084144,077104,088298,036200,091247,020226
0000000596,0000595000,084171,076999,087321,022613,090113,033652
0000000597,0000596000,084155,077323,085987,010166,085131,048678
0000000598,0000597000,084088,078117,084494,000238,076688,063744
0000000599,0000598000,083991,079213,082865,-06287,065649,077432
0000000600,0000599000,083859,080624,081380,-08739,053067,088397
0000000601,0000600000,083716,082090,080082,-06821,040136,095525
0000000602,0000601000,083568,083553,079177,-00827,028186,098174
0000000603,0000602000,083436,084822,078706,008803,018300,095990
0000000604,0000603000,083332,085766,078707,020939,011552,089268
0000000605,0000604000,083263,086360,079205,034505,008544,078566
0000000606,0000605000,083244,086486,080055,048036,009648,064988
0000000607,0000606000,083264,086231,081277,060227,014747,049826
0000000608,0000607000,083334,085524,082661,069882,023360,034549
0000000609,0000608000,083436,084520,084154,075987,034693,020686
0000000610,0000609000,083567,083251,085564,078041,047584,009534
0000000611,0000610000,083711,081864,086777,075710,060859,002260
0000000612,0000611000,083853,080521,087676,069348,073147,-00493
0000000613,0000612000,083983,079312,088134,059478,083299,001622
0000000614,0000613000,084080,078411,088196,047162,090269,008365
0000000615,0000614000,084142,077820,087784,033618,093373,019094
0000000616,0000615000,084157,077660,087028,020181,092296,032789
0000000617,0000616000,084129,077866,085951,008265,087082,048075
0000000618,0000617000,084057,078453,084683,-01046,078282,063517
0000000619,0000618000,083950,079369,083331,-06723,066676,077549
0000000620,0000619000,083820,080497,082006,-08304,053442,088858
0000000621,0000620000,083676,081770,080884,-05553,039827,096284
0000000622,0000621000,083538,083005,080012,001222,027184,099117
0000000623,0000622000,083414,084137,079537,011348,016752,097073
0000000624,0000623000,083322,084998,079440,023843,009546,090318
0000000625,0000624000,083268,085566,079749,037382,006330,079545
0000000626,0000625000,083258,085780,080402,050684,007385,065756
0000000627,0000626000,083294,085621,081332,062332,012680,050341
0000000628,0000627000,083369,085141,082475,071245,021674,034756
0000000629,0000628000,083480,084342,083679,076487,033529,020552
0000000630,0000629000,083610,083347,084892,077562,047088,009106
0000000631,0000630000,083752,082204,085941,074373,061027,001531
0000000632,0000631000,083887,081077,086759,067191,074005,-01399
0000000633,0000632000,084004,080048,087251,056797,084709,000577
0000000634,0000633000,084091,079219,087388,044165,092123,007308
0000000635,0000634000,084136,078678,087180,030639,095465,018102
0000000636,0000635000,084140,078430,086636,017528,094418,031943
0000000637,0000636000,084097,078520,085858,006180,089049,047461
0000000638,0000637000,084017,078898,084868,-02282,079868,063147
0000000639,0000638000,083904,079567,083799,-07039,067765,077490
0000000640,0000639000,083773,080428,082724,-07577,053887,089061
0000000641,0000640000,083634,081415,081759,-03896,039619,096755
0000000642,0000641000,083501,082432,080995,003698,026318,099781
0000000643,0000642000,083391,083355,080491,014392,015324,097868
0000000644,0000643000,083311,084127,080313,027147,007704,091173
0000000645,0000644000,083274,084654,080422,040656,004228,080360
0000000646,0000645000,083278,084930,080833,053550,005254,066490
0000000647,0000646000,083327,084912,081471,064561,010686,050896
0000000648,0000647000,083413,084632,082289,072549,020035,035120
0000000649,0000648000,083528,084111,083207,076770,032370,020674
0000000650,0000649000,083661,083389,084139,076758,046529,008992
0000000651,0000650000,083797,082559,085011,072554,061113,001194
0000000652,0000651000,083925,081678,085712,064552,074706,-01934
0000000653,0000652000,084029,080860,086214,053563,085968,-00088
0000000654,0000653000,084100,080156,086448,040706,093783,006546
0000000655,0000654000,084130,079649,086426,027258,097384,017334
0000000656,0000655000,084116,079355,086156,014614,096382,031203
0000000657,0000656000,084061,079290,085675,004006,090886,046819
0000000658,0000657000,083969,079467,085035,-03468,081394,062641
0000000659,0000658000,083852,079843,084280,-07091,068832,077147
0000000660,0000659000,083718,080402,083502,-06490,054410,088910
0000000661,0000660000,083585,081071,082745,-01727,039532,096781
0000000662,0000661000,083462,081802,082100,006709,025656,099998
0000000663,0000662000,083365,082505,081614,017991,014136,098227
0000000664,0000663000,083303,083126,081326,030949,006128,091658
0000000665,0000664000,083282,083616,081251,044302,002408,080920
0000000666,0000665000,083305,083928,081376,056670,003367,067083
0000000667,0000666000,083367,084064,081693,066825,008916,051486
0000000668,0000667000,083465,084006,082145,073741,018529,035654
0000000669,0000668000,083585,083778,082716,076724,031282,021133
0000000670,0000669000,083719,083390,083339,075497,045932,009325
0000000671,0000670000,083850,082892,083966,070161,061067,001395
0000000672,0000671000,083966,082329,084540,061280,075190,-01894
0000000673,0000672000,084055,081748,085010,049727,086930,-00210
0000000674,0000673000,084108,081216,085347,036691,095116,006269
0000000675,0000674000,084119,080762,085518,023483,098943,016911
0000000676,0000675000,084087,080428,085542,011446,098024,030667
0000000677,0000676000,084017,080220,085409,001804,092437,046184
0000000678,0000677000,083914,080158,085145,-04488,082724,061958
0000000679,0000678000,083789,080232,084775,-06781,069810,076444
0000000680,0000679000,083657,080432,084326,-04873,054962,088242
0000000681,0000680000,083529,080748,083838,001061,039613,096195
0000000682,0000681000,083420,081137,083344,010406,025270,099538
0000000683,0000682000,083339,081573,082899,022224,013338,097942
0000000684,0000683000,083296,082010,082519,035316,004993,091568
0000000685,0000684000,083295,082423,082239,048342,001063,081056
0000000686,0000685000,083337,082775,082068,059993,001934,067435
0000000687,0000686000,083416,083052,082009,069070,007539,052050
0000000688,0000687000,083525,083243,082065,074675,017323,036398
0000000689,0000688000,083652,083330,082226,076233,030348,022010
0000000690,0000689000,083784,083319,082490,073603,045344,010276
0000000691,0000690000,083908,083204,082825,067054,060851,002335
0000000692,0000691000,084010,083001,083222,057246,075357,-01041
0000000693,0000692000,084081,082719,083643,045185,087436,000463
0000000694,0000693000,084113,082388,084058,032083,095905,006697
0000000695,0000694000,084103,082030,084443,019291,099919,017033
0000000696,0000695000,084051,081662,084772,008099,099091,030450
0000000697,0000696000,083963,081316,085029,-00344,093491,045622
0000000698,0000697000,083848,080999,085190,-05188,083667,061067
0000000699,0000698000,083718,080739,085252,-05949,070578,075279
0000000700,0000699000,083587,080550,085194,-02552,055494,086878
0000000701,0000700000,083468,080455,085017,004643,039887,094752
0000000702,0000701000,083373,080459,084731,014914,025276,098136
0000000703,0000702000,083313,080568,084349,027204,013099,096719
0000000704,0000703000,083292,080783,083898,040272,004544,090647
0000000705,0000704000,083315,081081,083408,052775,000457,080538
0000000706,0000705000,083378,081452,082919,063439,001240,067394
0000000707,0000706000,083475,081872,082455,071175,006813,052514
0000000708,0000707000,083596,082318,082060,075192,016629,037367
0000000709,0000708000,083728,082754,081769,075097,029722,023421
0000000710,0000709000,083858,083150,081608,070899,044819,012030
0000000711,0000710000,083971,083471,081607,063042,060443,004284
0000000712,0000711000,084058,083676,081774,052322,075075,000923
0000000713,0000712000,084107,083749,082109,039838,087284,002254
0000000714,0000713000,084115,083670,082586,026863,095872,008128
0000000715,0000714000,084079,083440,083178,014724,099998,017952
0000000716,0000715000,084005,083069,083836,004672,099258,030736
0000000717,0000716000,083898,082581,084510,-02269,093735,045216
0000000718,0000717000,083771,082007,085146,-05382,083975,059958
0000000719,0000718000,083637,081385,085686,-04364,070947,073528
0000000720,0000719000,083510,080774,086076,000676,055924,084614
0000000721,0000720000,083402,080222,086266,009213,040373,092160
0000000722,0000721000,083326,079789,086233,020369,025809,095456
0000000723,0000722000,083288,079522,085957,033008,013650,094203
0000000724,0000723000,083294,079457,085457,045830,005086,088553
0000000725,0000724000,083343,079606,084768,057524,000952,079081
0000000726,0000725000,083430,079967,083941,066879,001651,066744
0000000727,0000726000,083545,080523,083047,072935,007096,052776
0000000728,0000727000,083678,081228,082161,075068,016738,038561
0000000729,0000728000,083814,082033,081366,073070,029617,025486
0000000730,0000729000,083939,082868,080734,067156,044462,014809
0000000731,0000730000,084039,083661,080339,057940,059823,007546
0000000732,0000731000,084105,084328,080231,046374,074205,004364
0000000733,0000732000,084129,084802,080435,033640,086214,005544
0000000734,0000733000,084109,085027,080946,021050,094675,010937
0000000735,0000734000,084047,084968,081731,009899,098768,019984
0000000736,0000735000,083947,084623,082724,001343,098104,031764
0000000737,0000736000,083822,084010,083840,-03730,092765,045090
0000000738,0000737000,083683,083174,084984,-04799,083303,058637
0000000739,0000738000,083547,082181,086047,-01760,070671,071076
0000000740,0000739000,083426,081119,086928,005060,056123,081215
0000000741,0000740000,083333,080081,087538,014951,041080,088101
0000000742,0000741000,083279,079168,087802,026891,027008,091108
0000000743,0000742000,083269,078477,087680,039653,015266,089984
0000000744,0000743000,083304,078083,087165,051924,006995,084880
0000000745,0000744000,083381,078037,086295,062430,002994,076335
0000000746,0000745000,083493,078357,085137,070081,003637,065225
0000000747,0000746000,083628,079025,083795,074073,008835,052682
0000000748,0000747000,083772,079987,082392,073997,018038,039959
0000000749,0000748000,083909,081164,081056,069868,030311,028307
0000000750,0000749000,084025,082457,079915,062127,044425,018841
0000000751,0000750000,084108,083743,079084,051583,058993,012440
0000000752,0000751000,084149,084905,078655,039325,072605,009674
0000000753,0000752000,084145,085823,078683,026619,083942,010759
0000000754,0000753000,084094,086397,079188,014777,091914,015541
0000000755,0000754000,084002,086556,080138,005033,095756,023501
0000000756,0000755000,083877,086272,081453,-01593,095116,033812
0000000757,0000756000,083733,085560,083016,-04402,090092,045416
0000000758,0000757000,083585,084475,084680,-03102,081227,057143
0000000759,0000758000,083449,083116,086291,002163,069438,067835
0000000760,0000759000,083339,081599,087693,010832,055913,076474
0000000761,0000760000,083266,080062,088752,021998,041986,082268
0000000762,0000761000,083238,078650,089356,034503,029008,084715
0000000763,0000762000,083258,077502,089430,047054,018227,083642
0000000764,0000763000,083325,076741,088946,058351,010675,079215
0000000765,0000764000,083433,076457,087931,067208,007068,071923
0000000766,0000765000,083570,076695,086468,072691,007727,062540
0000000767,0000766000,083723,077443,084691,074216,012540,052041
0000000768,0000767000,083874,078639,082771,071624,020974,041493
0000000769,0000768000,084008,080174,080889,065194,032143,031940
0000000770,0000769000,084111,081910,079224,055612,044907,024291
0000000771,0000770000,084172,083689,077937,043882,058002,019233
0000000772,0000771000,084186,085349,077154,031221,070157,017187
0000000773,0000772000,084149,086728,076968,018943,080206,018277
0000000774,0000773000,084065,087679,077419,008327,087198,022323
0000000775,0000774000,083942,088094,078486,000492,090480,028858
0000000776,0000775000,083793,087915,080081,-03724,089773,037176
0000000777,0000776000,083634,087142,082058,-03869,085204,046398
0000000778,0000777000,083480,085846,084225,000076,077296,055573
0000000779,0000778000,083349,084149,086368,007684,066895,063793
0000000780,0000779000,083255,082206,088287,018148,055074,070281
0000000781,0000780000,083206,080194,089802,030368,043013,074465
0000000782,0000781000,083209,078297,090765,043074,031886,076016
0000000783,0000782000,083262,076695,091069,054946,022753,074873
0000000784,0000783000,083363,075553,090663,064738,016471,071233
0000000785,0000784000,083500,075000,089562,071413,013612,065535
0000000786,0000785000,083660,075113,087852,074246,014402,058416
0000000787,0000786000,083826,075896,085694,072926,018692,050645
0000000788,0000787000,083980,077276,083302,067591,025976,043033
0000000789,0000788000,084106,079118,080911,058814,035455,036338
0000000790,0000789000,084190,081249,078751,047530,046138,031185
0000000791,0000790000,084225,083475,077020,034922,056950,028014
0000000792,0000791000,084206,085596,075880,022303,066835,027050
0000000793,0000792000,084135,087410,075454,010990,074853,028287
0000000794,0000793000,084019,088734,075805,002173,080264,031502
0000000795,0000794000,083867,089425,076922,-03199,082592,036284
0000000796,0000795000,083697,089387,078721,-04538,081675,042077
0000000797,0000796000,083527,088608,081034,-01686,077693,048231
0000000798,0000797000,083374,087165,083626,005057,071132,054091
0000000799,0000798000,083255,085203,086236,014967,062728,059073
0000000800,0000799000,083183,082908,088616,026988,053376,062720
0000000801,0000800000,083163,080492,090551,039858,044029,064739
0000000802,0000801000,083199,078172,091859,052240,035605,065020
0000000803,0000802000,083287,076166,092404,062833,028902,063646
0000000804,0000803000,083419,074670,092120,070517,024524,060866
0000000805,0000804000,083583,073845,091007,074456,022839,057062
0000000806,0000805000,083761,073802,089145,074206,023926,052711
0000000807,0000806000,083934,074559,086712,069779,027575,048325
0000000808,0000807000,084083,076041,083957,061640,033322,044387
0000000809,0000808000,084193,078098,081159,050667,040500,041289
0000000810,0000809000,084253,080523,078589,038028,048330,039305
0000000811,0000810000,084256,083096,076475,025046,056001,038566
0000000812,0000811000,084203,085587,075012,013073,062752,039056
0000000813,0000812000,084099,087758,074351,003371,067944,040613
0000000814,0000813000,083952,089404,074563,-03024,071125,042954
0000000815,0000814000,083777,090354,075652,-05407,072056,045727
0000000816,0000815000,083593,090481,077542,-03496,070747,048544
0000000817,0000816000,083420,089762,080053,002522,067448,051035
0000000818,0000817000,083277,088269,082928,012008,062598,052910
0000000819,0000818000,083178,086153,085872,023948,056779,053970
0000000820,0000819000,083133,083638,088591,037056,050650,054156
0000000821,0000820000,083146,080948,090857,049980,044846,053503
0000000822,0000821000,083216,078320,092454,061360,039968,052158
0000000823,0000822000,083337,076022,093223,069996,036471,050373
0000000824,0000823000,083497,074251,093084,074958,034634,048465
0000000825,0000824000,083680,073191,092044,075681,034563,046756
0000000826,0000825000,083867,072979,090158,072068,036144,045535
0000000827,0000826000,084037,073647,087613,064477,039083,045033
0000000828,0000827000,084172,075121,084678,053732,042967,045330
0000000829,0000828000,084259,077251,081638,040968,047311,046410
0000000830,0000829000,084287,079822,078812,027559,051592,048131
0000000831,0000830000,084257,082575,076435,014895,055349,050267
0000000832,0000831000,084170,085287,074735,004293,058190,052533
0000000833,0000832000,084034,087682,073867,-03098,059833,054580
0000000834,0000833000,083863,089543,073925,-06496,060189,056077
0000000835,0000834000,083674,090686,074913,-05482,059306,056710
0000000836,0000835000,083488,090977,076749,-00156,057409,056298
0000000837,0000836000,083323,090384,079272,008944,054826,054770
0000000838,0000837000,083200,088951,082217,020836,051947,052239
0000000839,0000838000,083128,086849,085288,034245,049174,048950
0000000840,0000839000,083116,084290,088162,047760,046854,045255
0000000841,0000840000,083164,081512,090606,059954,045274,041581
0000000842,0000841000,083267,078769,092386,069577,044613,038343
0000000843,0000842000,083416,076330,093321,075566,044947,035994
0000000844,0000843000,083595,074421,093347,077284,046176,034894
0000000845,0000844000,083787,073211,092437,074498,048089,035314
0000000846,0000845000,083969,072854,090679,067481,050353,037353
0000000847,0000846000,084125,073369,088230,056981,052579,040913
0000000848,0000847000,084235,074715,085347,044103,054429,045684
0000000849,0000848000,084290,076751,082314,030251,055586,051188
0000000850,0000849000,084284,079251,079438,016857,055864,056876
0000000851,0000850000,084219,081986,076992,005346,055177,062116
0000000852,0000851000,084102,084695,075176,-03096,053568,066338
0000000853,0000852000,083941,087137,074182,-07542,051176,069019
0000000854,0000853000,083757,089050,074085,-07492,048282,069755
0000000855,0000854000,083566,090282,074905,-02930,045294,068318
0000000856,0000855000,083390,090706,076545,005704,042630,064697
0000000857,0000856000,083248,090275,078860,017466,040733,059166
0000000858,0000857000,083153,089036,081627,031124,039914,052212
0000000859,0000858000,083117,087119,084546,045199,040386,044532
0000000860,0000859000,083141,084741,087342,058224,042174,036897
0000000861,0000860000,083223,082107,089746,068833,045156,030111
0000000862,0000861000,083354,079485,091551,075907,049081,024903
0000000863,0000862000,083522,077117,092572,078682,053571,021877
0000000864,0000863000,083708,075237,092734,076823,058147,021468
0000000865,0000864000,083895,074011,092027,070513,062244,023859
0000000866,0000865000,084060,073548,090530,060387,065329,028962
0000000867,0000866000,084186,073890,088396,047542,066921,036366
0000000868,0000867000,084262,074991,085825,033341,066736,045377
0000000869,0000868000,084279,076746,083083,019295,064669,055120
0000000870,0000869000,084236,078954,080441,006892,060838,064608
0000000871,0000870000,084139,081409,078145,-02590,055586,072867
0000000872,0000871000,083996,083882,076403,-08130,049373,079021
0000000873,0000872000,083824,086119,075377,-09134,042801,082393
0000000874,0000873000,083638,087908,075167,-05458,036557,082524
0000000875,0000874000,083461,089092,075753,002527,031358,079261
0000000876,0000875000,083310,089581,077069,013981,027846,072809
0000000877,0000876000,083202,089323,078982,027690,026519,063706
0000000878,0000877000,083147,088372,081295,042175,027659,052810
0000000879,0000878000,083151,086835,083775,055911,031251,041188
0000000880,0000879000,083212,084849,086195,067444,037026,030011
0000000881,0000880000,083324,082626,088323,075577,044471,020399
0000000882,0000881000,083476,080384,089942,079441,052886,013361
0000000883,0000882000,083650,078340,090929,078608,061454,009665
0000000884,0000883000,083830,076685,091193,073147,069300,009765
0000000885,0000884000,083995,075584,090726,063612,075565,013779
0000000886,0000885000,084128,075102,089612,051024,079496,021418
0000000887,0000886000,084214,075262,087977,036718,080580,032005
0000000888,0000887000,084246,076048,085978,022231,078574,044535
0000000889,0000888000,084221,077356,083810,009093,073565,057792
0000000890,0000889000,084141,079053,081697,-01315,065978,070450
0000000891,0000890000,084017,080975,079817,-07900,056507,081230
0000000892,0000891000,083860,082935,078355,-09966,046047,089037
0000000893,0000892000,083687,084722,077450,-07271,035617,093035
0000000894,0000893000,083516,086171,077166,-00094,026288,092746
0000000895,0000894000,083367,087167,077495,010822,019044,088107
0000000896,0000895000,083256,087624,078380,024309,014708,079496
0000000897,0000896000,083194,087533,079717,038925,013833,067689
0000000898,0000897000,083186,086931,081348,053111,016618,053814
0000000899,0000898000,083233,085891,083124,065362,022883,039235
0000000900,0000899000,083330,084511,084882,074395,032083,025384
0000000901,0000900000,083465,082945,086448,079255,043369,013651
0000000902,0000901000,083738,077528,086931,080891,050228,004868
0000000903,0000902000,084111,065822,088346,076744,050228,003155
0000000904,0000903000,084006,066548,091898,066849,050228,002701
0000000905,0000904000,084241,076454,087111,056729,050228,007639
0000000906,0000905000,084136,078031,086874,043774,050228,022584
0000000907,0000906000,087629,073291,090232,034978,050228,033554
0000000908,0000907000,099998,078516,085228,034978,050228,045504
0000000909,0000908000,094983,084373,067018,034978,050228,048906
0000000910,0000909000,084132,092344,063595,034978,050228,048906
0000000911,0000910000,085414,096068,081404,034978,050228,048906
0000000912,0000911000,078823,081437,077093,034978,050228,048906
0000000913,0000912000,084921,093474,077787,034978,050228,048906
0000000914,0000913000,075183,099998,076703,034978,050228,048906
0000000915,0000914000,064768,090295,083639,034978,050228,048906
0000000916,0000915000,076311,086266,097767,034978,050228,048906
0000000917,0000916000,075092,078479,087452,034978,050228,048906
0000000918,0000917000,075658,086375,089445,034978,050228,048906
0000000919,0000918000,074004,082947,098268,034978,050228,048906
0000000920,0000919000,075622,066903,096906,034978,050228,048906
0000000921,0000920000,091316,070938,095265,034978,050228,048906
0000000922,0000921000,088042,072676,083764,034978,050228,048906
0000000923,0000922000,086427,073865,087464,034978,050228,048906
0000000924,0000923000,093569,070693,092212,034978,050228,048906
0000000925,0000924000,095844,067222,078158,034978,050228,048906
0000000926,0000925000,099580,082204,073056,034978,050228,048906
0000000927,0000926000,090488,084958,072119,034978,050228,048906
0000000928,0000927000,088178,080700,076471,034978,050228,048906
0000000929,0000928000,094262,085325,076588,034978,050228,048906
0000000930,0000929000,086223,090925,066174,034978,050228,048906
0000000931,0000930000,079866,099452,073116,034978,050228,048906
0000000932,0000931000,075299,092834,081915,034978,050228,048906
0000000933,0000932000,075856,085854,082582,034978,050228,048906
0000000934,0000933000,078130,093278,083572,034978,050228,048906
0000000935,0000934000,068585,092363,084370,034978,050228,048906
0000000936,0000935000,069166,085835,095368,034978,050228,048906
0000000937,0000936000,076412,076968,098343,034978,050228,048906
0000000938,0000937000,078672,074781,090897,034978,050228,048906
0000000939,0000938000,080397,080048,093007,034978,050228,048906
0000000940,0000939000,079466,072102,095478,034978,050228,048906
0000000941,0000940000,088074,065703,094955,034978,050228,048906
0000000942,0000941000,095703,069771,087056,034978,050228,048906
0000000943,0000942000,092276,074280,078558,034978,050228,048906
0000000944,0000943000,092833,076539,082608,034978,050228,048906
0000000945,0000944000,095005,072588,080858,034978,050228,048906
0000000946,0000945000,097142,077883,072584,034978,050228,048906
0000000947,0000946000,093963,089811,068818,034978,050228,048906
0000000948,0000947000,085303,089950,070918,034978,050228,048906
0000000949,0000948000,085275,088104,077357,034978,050228,048906
0000000950,0000949000,084501,090097,074930,034978,050228,048906
0000000951,0000950000,078188,096212,072618,034978,050228,048906
0000000952,0000951000,073048,097722,081369,034978,050228,048906
0000000953,0000952000,070499,088280,088460,034978,050228,048906
0000000954,0000953000,074450,085260,090033,034978,050228,048906
0000000955,0000954000,074257,087363,088669,034978,050228,048906
0000000956,0000955000,070687,083805,092414,034978,050228,048906
0000000957,0000956000,075096,076329,099998,034978,050228,048906
0000000958,0000957000,081469,070057,096635,034978,050228,048906
0000000959,0000958000,086113,072461,090427,034978,050228,048906
0000000960,0000959000,086758,073929,090019,034978,050228,048906
0000000961,0000960000,088187,068395,090593,034978,050228,048906
0000000962,0000961000,095685,068182,086785,034978,050228,048906
0000000963,0000962000,097965,074000,076910,034978,050228,048906
0000000964,0000963000,094554,080103,073849,034978,050228,048906
0000000965,0000964000,092696,081199,076898,034978,050228,048906
0000000966,0000965000,092704,080847,074110,034978,050228,048906
0000000967,0000966000,092158,088372,069453,034978,050228,048906
0000000968,0000967000,085010,094867,069503,034978,050228,048906
0000000969,0000968000,078389,093984,075862,034978,050228,048906
0000000970,0000969000,078483,091403,080753,034978,050228,048906
0000000971,0000970000,076908,091854,079423,034978,050228,048906
0000000972,0000971000,072368,094573,082537,034978,050228,048906
0000000973,0000972000,068885,090416,090407,034978,050228,048906
0000000974,0000973000,071346,081999,094812,034978,050228,048906
0000000975,0000974000,076635,079390,094313,034978,050228,048906
0000000976,0000975000,076681,079132,092846,034978,050228,048906
0000000977,0000976000,077442,075605,096067,034978,050228,048906
0000000978,0000977000,083663,069125,097113,034978,050228,048906
0000000979,0000978000,090134,067119,090985,034978,050228,048906
0000000980,0000979000,092611,071924,085443,034978,050228,048906
0000000981,0000980000,091994,073465,083581,034978,050228,048906
0000000982,0000981000,094706,071786,082384,034978,050228,048906
0000000983,0000982000,098269,074594,077092,034978,050228,048906
0000000984,0000983000,095666,082240,070536,034978,050228,048906
0000000985,0000984000,090797,088005,070826,034978,050228,048906
0000000986,0000985000,088068,087516,073722,034978,050228,048906
0000000987,0000986000,086748,088741,073270,034978,050228,048906
0000000988,0000987000,082538,094954,072398,034978,050228,048906
0000000989,0000988000,075744,097093,075859,034978,050228,048906
0000000990,0000989000,072920,092936,083501,034978,050228,048906
0000000991,0000990000,073331,088718,087413,034978,050228,048906
0000000992,0000991000,072539,088774,087416,034978,050228,048906
0000000993,0000992000,070977,087796,090990,034978,050228,048906
0000000994,0000993000,072061,080122,096736,034978,050228,048906
0000000995,0000994000,077201,073875,098107,034978,050228,048906
0000000996,0000995000,081838,073454,094245,034978,050228,048906
0000000997,0000996000,083857,073184,091724,034978,050228,048906
0000000998,0000997000,087114,069703,092790,034978,050228,048906
0000000999,0000998000,092105,067009,089993,034978,050228,048906
0000001000,0000999000,096128,070745,082185,034978,050228,048906
0000001001,0001000000,096160,076260,077152,034978,050228,048906
0000001002,0001001000,094407,077629,076806,034978,050228,048906
0000001003,0001002000,094740,079171,075535,034978,050228,048906
0000001004,0001003000,093872,084914,070468,034978,050228,048906
0000001005,0001004000,089267,091159,068563,034978,050228,048906
0000001006,0001005000,083407,093178,072962,034978,050228,048906
0000001007,0001006000,079959,092117,076876,034978,050228,048906
0000001008,0001007000,078479,093399,077429,034978,050228,048906
0000001009,0001008000,074605,095248,079489,034978,050228,048906
0000001010,0001009000,069997,092520,086469,034978,050228,048906
0000001011,0001010000,070259,087049,092164,034978,050228,048906
0000001012,0001011000,073286,082951,092835,034978,050228,048906
0000001013,0001012000,074822,081064,093314,034978,050228,048906
0000001014,0001013000,075442,077534,096407,034978,050228,048906
0000001015,0001014000,079426,071849,097737,034978,050228,048906
0000001016,0001015000,086542,068779,094086,034978,050228,048906
0000001017,0001016000,090142,069893,089119,034978,050228,048906
0000001018,0001017000,091012,071238,086895,034978,050228,048906
0000001019,0001018000,093825,070843,084713,034978,050228,048906
0000001020,0001019000,097562,072233,079256,034978,050228,048906
0000001021,0001020000,097555,077933,073854,034978,050228,048906
0000001022,0001021000,093513,083873,071842,034978,050228,048906
0000001023,0001022000,090684,086030,072397,034978,050228,048906
0000001024,0001023000,089574,087845,071952,034978,050228,048906
0000001025,0001024000,085491,092476,071120,034978,050228,048906
0000001026,0001025000,078932,096435,073912,034978,050228,048906
0000001027,0001026000,075219,094893,079170,034978,050228,048906
0000001028,0001027000,074143,091432,083523,034978,050228,048906
0000001029,0001028000,072535,090707,086114,034978,050228,048906
0000001030,0001029000,070164,089701,089269,034978,050228,048906
0000001031,0001030000,070764,084219,094236,034978,050228,048906
0000001032,0001031000,074786,077188,097331,034978,050228,048906
0000001033,0001032000,078196,074961,095960,034978,050228,048906
0000001034,0001033000,080834,074286,094189,034978,050228,048906
0000001035,0001034000,084894,070456,093851,034978,050228,048906
0000001036,0001035000,090002,067071,092101,034978,050228,048906
0000001037,0001036000,093803,068950,086554,034978,050228,048906
0000001038,0001037000,095366,073410,080359,034978,050228,048906
0000001039,0001038000,095801,075239,078240,034978,050228,048906
0000001040,0001039000,096169,076537,076522,034978,050228,048906
0000001041,0001040000,095039,082115,072026,034978,050228,048906
0000001042,0001041000,091737,088531,069011,034978,050228,048906
0000001043,0001042000,087299,090933,070930,034978,050228,048906
0000001044,0001043000,083077,091771,074402,034978,050228,048906
0000001045,0001044000,079716,094067,075461,034978,050228,048906
0000001046,0001045000,076158,095927,077095,034978,050228,048906
0000001047,0001046000,072193,093841,083247,034978,050228,048906
0000001048,0001047000,070287,089430,089450,034978,050228,048906
0000001049,0001048000,071432,086604,091192,034978,050228,048906
0000001050,0001049000,072862,083878,092527,034978,050228,048906
0000001051,0001050000,074046,078839,096277,034978,050228,048906
0000001052,0001051000,077072,073918,098293,034978,050228,048906
0000001053,0001052000,082685,071043,095462,034978,050228,048906
0000001054,0001053000,087727,070048,091432,034978,050228,048906
0000001055,0001054000,089884,069517,089867,034978,050228,048906
0000001056,0001055000,092503,069268,087406,034978,050228,048906
0000001057,0001056000,096701,071455,081091,034978,050228,048906
0000001058,0001057000,097924,075413,075897,034978,050228,048906
0000001059,0001058000,095373,079785,074028,034978,050228,048906
0000001060,0001059000,092687,083758,072827,034978,050228,048906
0000001061,0001060000,091487,087026,070673,034978,050228,048906
0000001062,0001061000,088316,090995,069921,034978,050228,048906
0000001063,0001062000,081402,094809,073012,034978,050228,048906
0000001064,0001063000,077363,095062,076793,034978,050228,048906
0000001065,0001064000,075951,093463,079834,034978,050228,048906
0000001066,0001065000,073049,092448,083716,034978,050228,048906
0000001067,0001066000,069620,091127,088468,034978,050228,048906
0000001068,0001067000,069815,086880,092529,034978,050228,048906
0000001069,0001068000,073527,080386,095293,034978,050228,048906
0000001070,0001069000,076221,076844,096188,034978,050228,048906
0000001071,0001070000,077858,075232,096128,034978,050228,048906
0000001072,0001071000,082335,071515,095373,034978,050228,048906
0000001073,0001072000,088716,067539,092970,034978,050228,048906
0000001074,0001073000,092079,068097,089020,034978,050228,048906
0000001075,0001074000,093665,071557,084029,034978,050228,048906
0000001076,0001075000,095850,073466,079899,034978,050228,048906
0000001077,0001076000,097494,074627,077105,034978,050228,048906
0000001078,0001077000,096255,079518,073459,034978,050228,048906
0000001079,0001078000,092448,086885,069873,034978,050228,048906
0000001080,0001079000,089821,089138,070267,034978,050228,048906
0000001081,0001080000,086601,090205,072441,034978,050228,048906
0000001082,0001081000,080988,094070,074119,034978,050228,048906
0000001083,0001082000,076986,096620,075655,034978,050228,048906
0000001084,0001083000,074200,094613,080389,034978,050228,048906
0000001085,0001084000,071325,090479,087439,034978,050228,048906
0000001086,0001085000,070440,089166,089622,034978,050228,048906
0000001087,0001086000,071166,086876,091164,034978,050228,048906
0000001088,0001087000,073437,079918,095843,034978,050228,048906
0000001089,0001088000,075678,075109,098468,034978,050228,048906
0000001090,0001089000,079385,073562,096273,034978,050228,048906
0000001091,0001090000,085189,071207,092852,034978,050228,048906
0000001092,0001091000,089216,068105,091884,034978,050228,048906
0000001093,0001092000,091738,067700,089760,034978,050228,048906
0000001094,0001093000,095211,071333,082674,034978,050228,048906
0000001095,0001094000,097392,074506,077362,034978,050228,048906
0000001096,0001095000,096665,076420,076148,034978,050228,048906
0000001097,0001096000,094562,080864,073790,034978,050228,048906
0000001098,0001097000,092627,087032,069546,034978,050228,048906
0000001099,0001098000,089947,090296,068955,034978,050228,048906
0000001100,0001099000,083987,092417,072848,034978,050228,048906
0000001101,0001100000,078567,094622,076056,034978,050228,048906
