0000000001,0000000000,078209,019764,081009,029205,034890,084170
0000000002,0000001000,056865,046941,080424,038959,025610,083697
0000000003,0000002000,030471,070231,080736,049795,018614,079855
0000000004,0000003000,001890,087035,081912,060676,014568,073021
0000000005,0000004000,-26050,095658,083846,070518,013893,063853
0000000006,0000005000,-50924,095560,086342,078371,016641,053253
0000000007,0000006000,-70099,086676,089149,083453,022539,042272
0000000008,0000007000,-81581,069634,092001,085278,031013,031974
0000000009,0000008000,-84444,046256,094624,083655,041252,023357
0000000010,0000009000,-78442,019006,096750,078762,052225,017278
0000000011,0000010000,-63942,-09718,098171,071065,062864,014337
0000000012,0000011000,-42452,-37052,098756,061306,072149,014809
0000000013,0000012000,-16243,-60148,098445,050461,079154,018651
0000000014,0000013000,012311,-76929,097268,039595,083185,025485
0000000015,0000014000,040459,-85749,095335,029748,083864,034653
0000000016,0000015000,065211,-85539,092839,021888,081125,045253
0000000017,0000016000,084288,-76538,090032,016813,075218,056234
0000000018,0000017000,095947,-59678,087179,014992,066741,066532
0000000019,0000018000,098787,-36293,084557,016604,056512,075148
0000000020,0000019000,092622,-08868,082431,021502,045536,081227
0000000021,0000020000,078255,019715,081008,029207,034889,084169
0000000022,0000021000,056835,046980,080424,038955,025614,083696
0000000023,0000022000,030440,070261,080736,049802,018608,079855
0000000024,0000023000,001952,086988,081913,060676,014568,073020
0000000025,0000024000,-26055,095663,083846,070518,013894,063853
0000000026,0000025000,-50966,095606,086342,078371,016640,053253
0000000027,0000026000,-70079,086653,089149,083459,022535,042272
0000000028,0000027000,-81560,069602,092001,085277,031014,031974
0000000029,0000028000,-84482,046298,094624,083657,041251,023357
0000000030,0000029000,-78441,018999,096750,078766,052221,017278
0000000031,0000030000,-63914,-09742,098172,071066,062863,014336
0000000032,0000031000,-42478,-37027,098757,061308,072148,014809
0000000033,0000032000,-16246,-60140,098445,050464,079151,018650
0000000034,0000033000,012342,-76959,097268,039598,083183,025485
0000000035,0000034000,040435,-85734,095335,029748,083865,034652
0000000036,0000035000,065193,-85520,092839,021893,081121,045251
0000000037,0000036000,084325,-76581,090031,016814,075218,056232
0000000038,0000037000,095942,-59675,087179,014992,066742,066530
0000000039,0000038000,098752,-36258,084557,016606,056512,075147
0000000040,0000039000,092652,-08895,082430,021506,045533,081225
0000000041,0000040000,078283,019693,081009,029206,034892,084168
0000000042,0000041000,056795,047020,080424,038956,025614,083695
0000000043,0000042000,030446,070260,080735,049805,018606,079854
0000000044,0000043000,001987,086951,081912,060676,014569,073020
0000000045,0000044000,-26077,095686,083845,070516,013895,063853
0000000046,0000045000,-50983,095626,086342,078373,016639,053253
0000000047,0000046000,-70049,086623,089149,083459,022533,042273
0000000048,0000047000,-81565,069611,092001,085275,031015,031975
0000000049,0000048000,-84509,046326,094624,083659,041249,023358
0000000050,0000049000,-78418,018980,096750,078767,052219,017279
0000000051,0000050000,-63914,-09747,098172,071066,062861,014337
0000000052,0000051000,-42509,-36998,098757,061310,072145,014809
0000000053,0000052000,-16233,-60156,098445,050468,079147,018650
0000000054,0000053000,012355,-76980,097268,039599,083182,025484
0000000055,0000054000,040403,-85705,095336,029751,083863,034651
0000000056,0000055000,065194,-85525,092839,021898,081117,045249
0000000057,0000056000,084357,-76614,090032,016817,075218,056230
0000000058,0000057000,095923,-59659,087180,014994,066743,066528
0000000059,0000058000,098738,-36244,084557,016610,056511,075144
0000000060,0000059000,092689,-08930,082430,021508,045534,081223
0000000061,0000060000,078284,019690,081008,029204,034896,084165
0000000062,0000061000,056772,047048,080424,038956,025616,083693
0000000063,0000062000,030469,070240,080735,049805,018607,079853
0000000064,0000063000,002004,086939,081912,060673,014572,073019
0000000065,0000064000,-26101,095716,083845,070514,013898,063853
0000000066,0000065000,-50976,095627,086341,078372,016638,053255
0000000067,0000066000,-70029,086607,089148,083456,022534,042275
0000000068,0000067000,-81589,069637,092001,085273,031015,031978
0000000069,0000068000,-84517,046339,094624,083659,041245,023361
0000000070,0000069000,-78400,018961,096750,078766,052216,017283
0000000071,0000070000,-63934,-09731,098173,071066,062859,014340
0000000072,0000071000,-42531,-36979,098757,061313,072140,014811
0000000073,0000072000,-16214,-60180,098446,050471,079142,018651
0000000074,0000073000,012350,-76982,097269,039601,083180,025484
0000000075,0000074000,040375,-85685,095337,029757,083859,034649
0000000076,0000075000,065211,-85547,092839,021905,081114,045247
0000000077,0000076000,084373,-76637,090032,016820,075218,056226
0000000078,0000077000,095901,-59642,087180,014997,066744,066523
0000000079,0000078000,098746,-36253,084557,016615,056511,075139
0000000080,0000079000,092719,-08961,082430,021510,045537,081218
0000000081,0000080000,078277,019701,081008,029204,034901,084161
0000000082,0000081000,056771,047056,080423,038956,025619,083690
0000000083,0000082000,030500,070217,080734,049803,018611,079851
0000000084,0000083000,002005,086946,081911,060668,014578,073019
0000000085,0000084000,-26114,095740,083844,070510,013901,063854
0000000086,0000085000,-50957,095618,086340,078367,016639,053258
0000000087,0000086000,-70028,086611,089148,083450,022535,042279
0000000088,0000087000,-81615,069669,092001,085269,031013,031983
0000000089,0000088000,-84515,046340,094623,083657,041241,023367
0000000090,0000089000,-78397,018955,096750,078764,052212,017288
0000000091,0000090000,-63966,-09704,098173,071066,062853,014345
0000000092,0000091000,-42542,-36974,098758,061317,072132,014815
0000000093,0000092000,-16203,-60201,098447,050475,079136,018653
0000000094,0000093000,012328,-76974,097271,039606,083174,025484
0000000095,0000094000,040358,-85679,095338,029765,083853,034648
0000000096,0000095000,065230,-85578,092841,021912,081110,045243
0000000097,0000096000,084374,-76649,090033,016826,075218,056221
0000000098,0000097000,095889,-59636,087181,015004,066744,066516
0000000099,0000098000,098770,-36279,084557,016620,056513,075131
0000000100,0000099000,092740,-08982,082430,021512,045543,081210
0000000101,0000100000,078272,019711,081008,029204,034908,084154
0000000102,0000101000,056790,047048,080422,038955,025626,083684
0000000103,0000102000,030527,070201,080733,049798,018620,079848
0000000104,0000103000,002000,086965,081910,060661,014586,073018
0000000105,0000104000,-26111,095755,083842,070503,013906,063856
0000000106,0000105000,-50938,095612,086339,078359,016644,053262
0000000107,0000106000,-70040,086634,089147,083442,022538,042286
0000000108,0000107000,-81635,069698,092000,085263,031011,031991
0000000109,0000108000,-84510,046339,094623,083653,041237,023376
0000000110,0000109000,-78412,018967,096750,078761,052206,017298
0000000111,0000110000,-64000,-09677,098174,071067,062844,014353
0000000112,0000111000,-42549,-36978,098759,061321,072121,014821
0000000113,0000112000,-16210,-60211,098448,050481,079127,018657
0000000114,0000113000,012299,-76962,097272,039615,083165,025485
0000000115,0000114000,040352,-85690,095340,029776,083844,034645
0000000116,0000115000,065243,-85609,092842,021923,081105,045237
0000000117,0000116000,084366,-76657,090035,016836,075216,056212
0000000118,0000117000,095892,-59648,087182,015014,066745,066506
0000000119,0000118000,098801,-36314,084558,016627,056517,075120
0000000120,0000119000,092755,-08996,082430,021514,045552,081199
0000000121,0000120000,078281,019712,081007,029204,034917,084144
0000000122,0000121000,056823,047029,080421,038952,025637,083676
0000000123,0000122000,030549,070197,080731,049790,018632,079843
0000000124,0000123000,002000,086986,081907,060651,014597,073016
0000000125,0000124000,-26095,095762,083840,070492,013914,063858
0000000126,0000125000,-50926,095620,086337,078346,016650,053269
0000000127,0000126000,-70059,086669,089145,083429,022540,042295
0000000128,0000127000,-81647,069723,091998,085254,031009,032003
0000000129,0000128000,-84514,046348,094622,083645,041231,023389
0000000130,0000129000,-78443,018995,096751,078757,052198,017311
0000000131,0000130000,-64033,-09653,098175,071068,062831,014365
0000000132,0000131000,-42559,-36984,098761,061326,072107,014831
0000000133,0000132000,-16233,-60211,098451,050489,079113,018662
0000000134,0000133000,012269,-76957,097275,039627,083152,025486
0000000135,0000134000,040351,-85715,095342,029791,083833,034642
0000000136,0000135000,065246,-85637,092845,021937,081098,045230
0000000137,0000136000,084359,-76669,090037,016850,075214,056201
0000000138,0000137000,095910,-59678,087183,015027,066746,066491
0000000139,0000138000,098832,-36352,084558,016636,056524,075105
0000000140,0000139000,092770,-09009,082430,021519,045563,081183
0000000141,0000140000,078307,019699,081005,029205,034930,084130
0000000142,0000141000,056865,047007,080419,038947,025653,083666
0000000143,0000142000,030569,070202,080729,049780,018649,079836
0000000144,0000143000,002012,087005,081904,060638,014611,073015
0000000145,0000144000,-26071,095769,083836,070477,013926,063862
0000000146,0000145000,-50922,095644,086334,078328,016659,053277
0000000147,0000146000,-70077,086712,089143,083413,022543,042308
0000000148,0000147000,-81656,069749,091997,085241,031006,032019
0000000149,0000148000,-84532,046371,094622,083634,041224,023407
0000000150,0000149000,-78485,019033,096751,078751,052186,017328
0000000151,0000150000,-64065,-09634,098176,071070,062815,014380
0000000152,0000151000,-42582,-36985,098763,061332,072089,014843
0000000153,0000152000,-16271,-60204,098454,050500,079095,018670
0000000154,0000153000,012241,-76963,097278,039644,083134,025488
0000000155,0000154000,040348,-85747,095346,029810,083818,034637
0000000156,0000155000,065239,-85665,092848,021957,081089,045219
0000000157,0000156000,084358,-76695,090040,016870,075209,056186
0000000158,0000157000,095937,-59723,087185,015044,066748,066473
0000000159,0000158000,098863,-36391,084559,016647,056533,075084
0000000160,0000159000,092795,-09029,082430,021525,045577,081163
0000000161,0000160000,078350,019673,081004,029205,034948,084112
0000000162,0000161000,056909,046988,080416,038940,025674,083652
0000000163,0000162000,030593,070212,080725,049767,018671,079828
0000000164,0000163000,002038,087020,081900,060621,014630,073013
0000000165,0000164000,-26045,095783,083832,070455,013942,063867
0000000166,0000165000,-50925,095682,086331,078306,016670,053289
0000000167,0000166000,-70092,086758,089139,083393,022547,042325
0000000168,0000167000,-81667,069782,091994,085223,031003,032040
0000000169,0000168000,-84564,046411,094621,083621,041215,023430
0000000170,0000169000,-78533,019076,096752,078745,052169,017351
0000000171,0000170000,-64101,-09614,098178,071071,062793,014400
0000000172,0000171000,-42621,-36977,098766,061340,072066,014858
0000000173,0000172000,-16319,-60195,098458,050515,079071,018679
0000000174,0000173000,012214,-76979,097283,039665,083111,025490
0000000175,0000174000,040337,-85782,095350,029833,083801,034632
0000000176,0000175000,065228,-85695,092853,021981,081077,045206
0000000177,0000176000,084367,-76736,090043,016894,075204,056166
0000000178,0000177000,095970,-59779,087187,015064,066751,066449
0000000179,0000178000,098894,-36433,084560,016662,056545,075058
0000000180,0000179000,092833,-09061,082429,021533,045594,081137
0000000181,0000180000,078407,019637,081002,029205,034971,084089
0000000182,0000181000,056958,046971,080413,038930,025700,083634
0000000183,0000182000,030628,070221,080721,049750,018697,079817
0000000184,0000183000,002077,087032,081895,060599,014655,073011
0000000185,0000184000,-26019,095808,083827,070429,013962,063874
0000000186,0000185000,-50928,095732,086326,078278,016684,053303
0000000187,0000186000,-70103,086808,089136,083367,022552,042347
0000000188,0000187000,-81687,069827,091992,085200,030999,032067
0000000189,0000188000,-84610,046467,094620,083604,041203,023459
0000000190,0000189000,-78586,019124,096752,078737,052149,017379
0000000191,0000190000,-64148,-09590,098180,071072,062767,014426
0000000192,0000191000,-42677,-36959,098770,061350,072037,014878
0000000193,0000192000,-16373,-60190,098462,050533,079041,018690
0000000194,0000193000,012182,-77003,097288,039690,083083,025492
0000000195,0000194000,040315,-85819,095356,029862,083779,034624
0000000196,0000195000,065215,-85735,092858,022013,081063,045190
0000000197,0000196000,084383,-76795,090047,016924,075198,056143
0000000198,0000197000,096005,-59844,087190,015089,066755,066420
0000000199,0000198000,098932,-36484,084561,016680,056558,075026
0000000200,0000199000,092888,-09107,082428,021543,045616,081106
0000000201,0000200000,078474,019595,080999,029204,035000,084062
0000000202,0000201000,057014,046956,080409,038919,025733,083613
0000000203,0000202000,030678,070226,080715,049731,018730,079804
0000000204,0000203000,002125,087046,081889,060572,014685,073008
0000000205,0000204000,-25995,095845,083821,070396,013987,063882
0000000206,0000205000,-50928,095791,086320,078244,016700,053321
0000000207,0000206000,-70112,086866,089131,083334,022558,042373
0000000208,0000207000,-81717,069889,091989,085172,030995,032099
0000000209,0000208000,-84666,046536,094619,083584,041187,023494
0000000210,0000209000,-78646,019176,096753,078727,052124,017414
0000000211,0000210000,-64211,-09557,098183,071072,062736,014456
0000000212,0000211000,-42749,-36933,098774,061362,072002,014901
0000000213,0000212000,-16433,-60188,098468,050556,079004,018704
0000000214,0000213000,012143,-77031,097295,039720,083050,025495
0000000215,0000214000,040284,-85858,095363,029898,083752,034616
0000000216,0000215000,065204,-85788,092864,022051,081044,045170
0000000217,0000216000,084404,-76868,090052,016960,075191,056114
0000000218,0000217000,096042,-59918,087194,015119,066761,066384
0000000219,0000218000,098981,-36547,084563,016702,056575,074988
0000000220,0000219000,092959,-09169,082427,021554,045643,081068
0000000221,0000220000,078551,019547,080996,029203,035034,084028
0000000222,0000221000,057081,046939,080404,038906,025772,083587
0000000223,0000222000,030743,070227,080709,049706,018769,079789
0000000224,0000223000,002180,087064,081882,060538,014721,073005
0000000225,0000224000,-25968,095894,083814,070356,014017,063891
0000000226,0000225000,-50923,095856,086313,078203,016719,053343
0000000227,0000226000,-70124,086935,089125,083295,022565,042404
0000000228,0000227000,-81759,069969,091985,085138,030989,032137
0000000229,0000228000,-84729,046616,094617,083561,041169,023536
0000000230,0000229000,-78715,019237,096754,078716,052094,017455
0000000231,0000230000,-64290,-09511,098186,071074,062698,014493
0000000232,0000231000,-42834,-36903,098780,061376,071959,014929
0000000233,0000232000,-16501,-60191,098475,050583,078961,018721
0000000234,0000233000,012091,-77062,097303,039757,083010,025498
0000000235,0000234000,040246,-85903,095372,029940,083720,034605
0000000236,0000235000,065196,-85855,092872,022096,081023,045147
0000000237,0000236000,084427,-76955,090059,017003,075183,056079
0000000238,0000237000,096082,-60002,087198,015155,066767,066342
0000000239,0000238000,099043,-36625,084565,016728,056595,074942
0000000240,0000239000,093044,-09244,082426,021567,045674,081023
0000000241,0000240000,078639,019495,080992,029201,035076,083988
0000000242,0000241000,057164,046916,080398,038890,025818,083557
0000000243,0000242000,030824,070225,080701,049678,018816,079771
0000000244,0000243000,002243,087090,081873,060499,014764,073002
0000000245,0000244000,-25935,095952,083805,070310,014051,063903
0000000246,0000245000,-50912,095931,086304,078155,016742,053368
0000000247,0000246000,-70140,087020,089118,083249,022574,042442
0000000248,0000247000,-81809,070066,091980,085100,030983,032183
0000000249,0000248000,-84800,046707,094615,083533,041147,023585
0000000250,0000249000,-78798,019309,096755,078702,052060,017503
0000000251,0000250000,-64388,-09454,098190,071075,062654,014535
0000000252,0000251000,-42931,-36869,098786,061394,071909,014962
0000000253,0000252000,-16582,-60195,098484,050614,078910,018740
0000000254,0000253000,012025,-77093,097313,039799,082964,025502
0000000255,0000254000,040201,-85957,095381,029990,083683,034592
0000000256,0000255000,065188,-85938,092881,022148,080998,045119
0000000257,0000256000,084451,-77053,090066,017052,075174,056039
0000000258,0000257000,096128,-60099,087203,015197,066775,066293
0000000259,0000258000,099119,-36722,084567,016758,056618,074889
0000000260,0000259000,093142,-09330,082425,021582,045712,080971
0000000261,0000260000,078740,019436,080988,029199,035124,083943
0000000262,0000261000,057265,046885,080391,038872,025872,083522
0000000263,0000262000,030918,070222,080692,049644,018870,079751
0000000264,0000263000,002313,087124,081862,060452,014814,072998
0000000265,0000264000,-25894,096017,083794,070257,014091,063916
0000000266,0000265000,-50898,096015,086295,078099,016768,053398
0000000267,0000266000,-70162,087122,089110,083196,022584,042485
0000000268,0000267000,-81867,070179,091975,085055,030975,032236
0000000269,0000268000,-84880,046811,094613,083501,041122,023643
0000000270,0000269000,-78897,019396,096756,078686,052020,017559
0000000271,0000270000,-64502,-09384,098195,071077,062603,014585
0000000272,0000271000,-43042,-36833,098794,061414,071851,014999
0000000273,0000272000,-16677,-60198,098494,050651,078852,018762
0000000274,0000273000,011946,-77127,097324,039848,082911,025506
0000000275,0000274000,040151,-86021,095393,030048,083640,034578
0000000276,0000275000,065178,-86034,092891,022208,080970,045087
0000000277,0000276000,084475,-77165,090075,017109,075164,055992
0000000278,0000277000,096183,-60214,087209,015245,066783,066236
0000000279,0000278000,099208,-36837,084569,016792,056645,074827
0000000280,0000279000,093252,-09429,082424,021598,045755,080911
0000000281,0000280000,078856,019368,080984,029196,035179,083890
0000000282,0000281000,057384,046846,080383,038850,025934,083482
0000000283,0000282000,031026,070218,080681,049605,018933,079727
0000000284,0000283000,002393,087163,081850,060400,014871,072994
0000000285,0000284000,-25842,096090,083782,070195,014137,063932
0000000286,0000285000,-50881,096112,086283,078034,016798,053432
0000000287,0000286000,-70189,087242,089101,083135,022595,042535
0000000288,0000287000,-81930,070308,091968,085004,030965,032296
0000000289,0000288000,-84971,046929,094610,083465,041092,023708
0000000290,0000289000,-79014,019499,096757,078668,051974,017623
0000000291,0000290000,-64633,-09304,098200,071080,062544,014641
0000000292,0000291000,-43167,-36792,098802,061438,071785,015042
0000000293,0000292000,-16789,-60199,098505,050693,078785,018787
0000000294,0000293000,011854,-77164,097337,039905,082851,025510
0000000295,0000294000,040096,-86097,095406,030114,083591,034561
0000000296,0000295000,065165,-86143,092904,022277,080938,045050
0000000297,0000296000,084499,-77291,090085,017173,075152,055939
0000000298,0000297000,096248,-60348,087216,015299,066793,066172
0000000299,0000298000,099310,-36969,084572,016831,056676,074757
0000000300,0000299000,093376,-09540,082423,021617,045804,080843
0000000301,0000300000,078991,019287,080978,029193,035242,083830
0000000302,0000301000,057523,046799,080374,038825,026004,083436
0000000303,0000302000,031149,070216,080669,049560,019004,079701
0000000304,0000303000,002487,087207,081837,060339,014936,072989
0000000305,0000304000,-25781,096170,083767,070125,014189,063950
0000000306,0000305000,-50862,096223,086270,077961,016832,053471
0000000307,0000306000,-70219,087380,089090,083067,022607,042592
0000000308,0000307000,-82000,070453,091961,084946,030954,032365
0000000309,0000308000,-85074,047065,094607,083424,041059,023782
0000000310,0000309000,-79148,019619,096759,078648,051921,017696
0000000311,0000310000,-64781,-09213,098206,071084,062477,014704
0000000312,0000311000,-43310,-36745,098812,061464,071710,015090
0000000313,0000312000,-16919,-60197,098518,050740,078710,018815
0000000314,0000313000,011750,-77205,097352,039969,082782,025514
0000000315,0000314000,040032,-86183,095421,030188,083536,034541
0000000316,0000315000,065147,-86265,092918,022354,080903,045009
0000000317,0000316000,084526,-77433,090097,017246,075140,055879
0000000318,0000317000,096322,-60502,087224,015361,066805,066099
0000000319,0000318000,099424,-37119,084576,016874,056711,074679
0000000320,0000319000,093515,-09666,082421,021638,045860,080767
0000000321,0000320000,079146,019192,080972,029190,035312,083763
0000000322,0000321000,057679,046744,080363,038797,026083,083386
0000000323,0000322000,031286,070213,080656,049510,019084,079672
0000000324,0000323000,002595,087255,081821,060272,015008,072985
0000000325,0000324000,-25709,096258,083751,070047,014246,063971
0000000326,0000325000,-50841,096350,086255,077880,016869,053516
0000000327,0000326000,-70251,087535,089078,082990,022620,042655
0000000328,0000327000,-82076,070616,091952,084882,030941,032442
0000000329,0000328000,-85191,047221,094603,083378,041022,023865
0000000330,0000329000,-79299,019757,096760,078626,051863,017776
0000000331,0000330000,-64946,-09111,098212,071088,062402,014775
0000000332,0000331000,-43473,-36690,098823,061494,071627,015143
0000000333,0000332000,-17067,-60191,098532,050793,078626,018846
0000000334,0000333000,011632,-77252,097368,040040,082706,025519
0000000335,0000334000,039959,-86280,095438,030271,083475,034519
0000000336,0000335000,065124,-86400,092933,022440,080863,044962
0000000337,0000336000,084556,-77594,090110,017327,075126,055812
0000000338,0000337000,096404,-60676,087233,015429,066819,066017
0000000339,0000338000,099549,-37286,084580,016922,056751,074591
0000000340,0000339000,093671,-09809,082420,021661,045922,080681
0000000341,0000340000,079322,019083,080965,029185,035391,083689
0000000342,0000341000,057854,046681,080352,038765,026171,083329
0000000343,0000342000,031441,070208,080641,049453,019172,079640
0000000344,0000343000,002719,087305,081804,060196,015088,072980
0000000345,0000344000,-25627,096356,083733,069959,014310,063995
0000000346,0000345000,-50817,096492,086239,077789,016911,053565
0000000347,0000346000,-70284,087708,089064,082904,022634,042726
0000000348,0000347000,-82159,070797,091942,084810,030926,032528
0000000349,0000348000,-85322,047398,094598,083328,040980,023958
0000000350,0000349000,-79466,019911,096761,078602,051797,017866
0000000351,0000350000,-65129,-08996,098219,071093,062319,014853
0000000352,0000351000,-43656,-36625,098834,061528,071534,015202
0000000353,0000352000,-17235,-60182,098548,050852,078533,018879
0000000354,0000353000,011500,-77303,097386,040120,082622,025524
0000000355,0000354000,039874,-86385,095457,030364,083408,034494
0000000356,0000355000,065094,-86548,092951,022536,080820,044909
0000000357,0000356000,084588,-77774,090124,017417,075111,055737
0000000358,0000357000,096494,-60871,087244,015504,066834,065927
0000000359,0000358000,099686,-37473,084585,016975,056796,074494
0000000360,0000359000,093845,-09970,082419,021686,045992,080587
0000000361,0000360000,079518,018959,080958,029179,035479,083607
0000000362,0000361000,058049,046610,080340,038729,026269,083268
0000000363,0000362000,031615,070201,080624,049391,019270,079604
0000000364,0000363000,002861,087357,081784,060113,015176,072976
0000000365,0000364000,-25535,096463,083713,069862,014381,064021
0000000366,0000365000,-50787,096650,086220,077688,016956,053620
0000000367,0000366000,-70317,087898,089048,082810,022649,042805
0000000368,0000367000,-82250,071000,091931,084732,030910,032624
0000000369,0000368000,-85467,047595,094593,083273,040933,024060
0000000370,0000369000,-79650,020084,096763,078576,051724,017965
0000000371,0000370000,-65333,-08866,098226,071099,062227,014939
0000000372,0000371000,-43862,-36550,098847,061566,071432,015267
0000000373,0000372000,-17421,-60171,098565,050918,078431,018916
0000000374,0000373000,011352,-77359,097407,040208,082529,025528
0000000375,0000374000,039777,-86499,095478,030465,083334,034466
0000000376,0000375000,065060,-86710,092971,022641,080773,044851
0000000377,0000376000,084622,-77973,090141,017515,075095,055654
0000000378,0000377000,096591,-61086,087256,015586,066852,065827
0000000379,0000378000,099835,-37680,084591,017032,056845,074387
0000000380,0000379000,094037,-10151,082418,021713,046068,080484
0000000381,0000380000,079734,018819,080951,029173,035575,083517
0000000382,0000381000,058264,046530,080326,038689,026376,083200
0000000383,0000382000,031810,070190,080606,049322,019377,079566
0000000384,0000383000,003019,087412,081763,060021,015273,072971
0000000385,0000384000,-25431,096581,083691,069756,014458,064051
0000000386,0000385000,-50751,096823,086199,077578,017005,053681
0000000387,0000386000,-70350,088106,089030,082708,022665,042892
0000000388,0000387000,-82349,071224,091918,084646,030891,032728
0000000389,0000388000,-85626,047815,094587,083213,040881,024171
0000000390,0000389000,-79852,020275,096764,078548,051644,018073
0000000391,0000390000,-65558,-08720,098234,071106,062126,015032
0000000392,0000391000,-44090,-36462,098862,061608,071320,015337
0000000393,0000392000,-17628,-60156,098585,050991,078318,018955
0000000394,0000393000,011187,-77417,097429,040304,082428,025533
0000000395,0000394000,039666,-86622,095501,030576,083254,034435
0000000396,0000395000,065018,-86888,092993,022756,080722,044787
0000000397,0000396000,084657,-78193,090160,017623,075079,055563
0000000398,0000397000,096693,-61323,087269,015675,066872,065718
0000000399,0000398000,099998,-37909,084597,017094,056899,074271
0000000400,0000399000,094249,-10353,082417,021742,046152,080371
0000000401,0000400000,079971,018662,080943,029165,035681,083419
0000000402,0000401000,021996,075065,083180,045516,026565,083189
0000000403,0000402000,024725,050855,078661,057920,017629,077662
0000000404,0000403000,021541,082708,081294,068368,015044,072647
0000000405,0000404000,005661,089381,082981,070204,013911,063452
0000000406,0000405000,-08812,074447,083948,070962,018296,054963
0000000407,0000406000,-16440,099998,090189,064817,023617,043902
0000000408,0000407000,-01837,048277,089552,055004,033992,036001
0000000409,0000408000,-53122,045758,094265,042032,045643,029207
0000000410,0000409000,-31220,-00458,094528,026862,055265,022016
0000000411,0000410000,-22902,-13390,097633,011967,068807,021996
0000000412,0000411000,-36692,-28561,099478,-02666,077009,021173
0000000413,0000412000,-12689,-62276,098063,-12247,084478,025127
0000000414,0000413000,-05773,-48622,099998,-19757,088123,031172
0000000415,0000414000,008192,-88363,095096,-22338,088369,039413
0000000416,0000415000,-01375,-68180,094665,-19227,085029,048995
0000000417,0000416000,032810,-64488,091446,-12875,076800,057334
0000000418,0000417000,041216,-46912,088857,-00680,068936,067953
0000000419,0000418000,028900,-13100,087362,013530,056188,073753
0000000420,0000419000,055693,-08852,082925,030583,044646,079125
0000000421,0000420000,039600,035907,083144,047103,033483,081555
0000000422,0000421000,035220,033929,079608,061754,023290,080283
0000000423,0000422000,025150,068659,080964,075155,016431,076857
0000000424,0000423000,027629,082858,081799,082804,011790,069787
0000000425,0000424000,010991,081086,082553,087523,012757,062641
0000000426,0000425000,-11886,092470,085974,086314,015056,051963
0000000427,0000426000,-00897,063849,086630,080602,022265,042671
0000000428,0000427000,-30623,063602,091012,070274,032280,034210
0000000429,0000428000,-30753,028729,092289,056690,042507,025816
0000000430,0000429000,-27250,016330,095816,042183,055138,021518
0000000431,0000430000,-28313,-06476,097868,025971,065981,018680
0000000432,0000431000,-25923,-40830,097728,012605,076226,019820
0000000433,0000432000,-22508,-45262,099278,000747,082833,022913
0000000434,0000433000,000009,-74907,096975,-07135,086969,029447
0000000435,0000434000,-05633,-67563,096858,-10191,087536,038066
0000000436,0000435000,016092,-71760,094109,-08771,083084,046636
0000000437,0000436000,031564,-59257,091942,-01738,077087,057326
0000000438,0000437000,030258,-40994,089538,008534,066913,065763
0000000439,0000438000,041642,-32696,085603,022916,055788,073384
0000000440,0000439000,041773,004508,084602,038557,043635,078348
0000000441,0000440000,046341,015862,081554,054410,032196,080668
0000000442,0000441000,032924,048140,081450,069774,022582,080151
0000000443,0000442000,034649,064710,081011,081829,014595,075731
0000000444,0000443000,025388,074600,081385,090762,011472,070227
0000000445,0000444000,003442,085330,083268,094522,010604,061217
0000000446,0000445000,002737,073991,084299,093852,014149,051714
0000000447,0000446000,-13206,077199,088027,087994,021202,042073
0000000448,0000447000,-20253,052695,089806,077823,030499,032643
0000000449,0000448000,-28401,039110,093081,065078,042095,025368
0000000450,0000449000,-27428,015472,095405,049506,053700,019756
0000000451,0000450000,-28420,-14543,096633,034262,065766,017877
0000000452,0000451000,-30681,-29463,098394,019591,075236,018061
0000000453,0000452000,-12630,-55802,097814,007670,082669,021843
0000000454,0000453000,-10548,-59638,098138,-00582,086984,028473
0000000455,0000454000,002383,-71849,096123,-04534,086873,036457
0000000456,0000455000,015447,-67721,094355,-03085,083774,046504
0000000457,0000456000,024671,-58419,092020,002422,076594,056187
0000000458,0000457000,033595,-50096,088720,012794,067242,065701
0000000459,0000458000,037380,-22109,086881,026126,055540,073080
0000000460,0000459000,047750,-06114,083889,041463,043467,078450
0000000461,0000460000,039991,023161,082686,057497,032070,081130
0000000462,0000461000,038860,041763,081235,072226,021564,080013
0000000463,0000462000,034062,059991,080980,084852,014523,076746
0000000464,0000463000,020035,075036,081815,093354,010143,070073
0000000465,0000464000,012234,075830,082596,097866,009845,061628
0000000466,0000465000,-00482,082374,085316,097286,013210,051815
0000000467,0000466000,-08081,068256,087168,091825,020048,041697
0000000468,0000467000,-21752,057335,090148,082402,029875,032465
0000000469,0000468000,-25359,036931,092618,069224,041017,024341
0000000470,0000469000,-27372,012577,094769,054346,053594,019284
0000000471,0000470000,-31794,-07142,096932,038578,065127,016481
0000000472,0000471000,-22972,-33395,097531,024013,075322,017080
0000000473,0000472000,-18442,-45802,098376,011722,083001,020873
0000000474,0000473000,-08432,-63345,097372,002846,087107,027179
0000000475,0000474000,000832,-67614,096236,-01315,087731,035932
0000000476,0000475000,013527,-66237,094342,-01066,084123,045630
0000000477,0000476000,024648,-61316,091711,004314,077497,056132
0000000478,0000477000,030424,-43197,089513,013820,067610,065495
0000000479,0000478000,041855,-28224,086523,026806,056022,073450
0000000480,0000479000,041900,-02587,084621,041915,043840,079178
0000000481,0000480000,042152,017269,082533,057549,031734,081602
0000000482,0000481000,039364,039762,081510,072584,021595,081251
0000000483,0000482000,032228,059056,081373,084997,013731,077437
0000000484,0000483000,023842,068703,081600,094229,009517,071056
0000000485,0000484000,011482,079173,083241,098992,008878,062260
0000000486,0000485000,003620,075051,084782,098930,012195,052221
0000000487,0000486000,-10217,069836,087369,094170,019219,041950
0000000488,0000487000,-18468,055073,089786,084892,028765,031994
0000000489,0000488000,-23665,036547,092314,072383,040624,024071
0000000490,0000489000,-29106,016641,094792,057440,052986,018238
0000000491,0000490000,-27725,-08815,096270,041939,065098,015498
0000000492,0000491000,-25490,-26646,097681,027118,075570,015954
0000000493,0000492000,-17526,-47393,097720,014400,083411,019593
0000000494,0000493000,-10709,-58708,097377,005234,088015,026243
0000000495,0000494000,000737,-65092,096131,000156,088483,034880
0000000496,0000495000,012862,-65756,094199,000020,085361,045262
0000000497,0000496000,021167,-56876,092113,004544,078386,055763
0000000498,0000497000,032392,-46229,089321,013546,068566,065700
0000000499,0000498000,037985,-25730,087064,026016,056827,074089
0000000500,0000499000,042147,-06728,084629,040689,044137,079909
0000000501,0000500000,041869,016308,082934,056391,032003,082892
0000000502,0000501000,039276,037958,081891,071253,021227,082402
0000000503,0000502000,033669,053929,081423,084191,013299,078862
0000000504,0000503000,023225,068533,082063,093740,008614,072182
0000000505,0000504000,015067,073157,083019,099099,007857,063255
0000000506,0000505000,002804,074773,085001,099748,011168,052978
0000000507,0000506000,-07593,066991,087136,095511,017971,042076
0000000508,0000507000,-16345,054738,089619,087013,027942,032006
0000000509,0000508000,-23519,038127,092185,074789,039776,023411
0000000510,0000509000,-26941,015691,094251,060301,052626,017379
0000000511,0000510000,-28572,-04130,096173,044796,065022,014296
0000000512,0000511000,-24152,-26321,097115,029795,075862,014587
0000000513,0000512000,-19462,-42726,097593,016824,084179,018311
0000000514,0000513000,-10839,-55663,097133,006970,088874,024869
0000000515,0000514000,-00019,-62574,095964,001367,089812,034009
0000000516,0000515000,009833,-61953,094331,000340,086591,044521
0000000517,0000516000,021034,-57312,091989,004190,079711,055552
0000000518,0000517000,029619,-43524,089713,012455,069761,065962
0000000519,0000518000,037437,-27854,087175,024312,057693,074714
0000000520,0000519000,040702,-07225,085049,038737,044805,081065
0000000521,0000520000,041722,014219,083308,054154,032101,084186
0000000522,0000521000,039755,033770,082133,069251,021100,084058
0000000523,0000522000,032985,051826,081865,082434,012637,080393
0000000524,0000523000,025784,063181,082105,092558,007682,073661
0000000525,0000524000,015426,071310,083305,098621,006733,064524
0000000526,0000525000,005040,070970,084922,099991,009807,053746
0000000527,0000526000,-05676,065457,087066,096658,016770,042539
0000000528,0000527000,-14856,054371,089460,088765,026739,031834
0000000529,0000528000,-21570,037117,091766,077224,038961,022868
0000000530,0000529000,-26755,018562,094028,063061,052089,016322
0000000531,0000530000,-26823,-03001,095644,047692,064923,012935
0000000532,0000531000,-25048,-22014,096847,032611,076266,013095
0000000533,0000532000,-19671,-39436,097212,019195,084878,016654
0000000534,0000533000,-11626,-51870,096860,008834,090067,023483
0000000535,0000534000,-02202,-58320,095881,002371,091141,032778
0000000536,0000535000,008632,-60139,094184,000551,088128,043753
0000000537,0000536000,018463,-53889,092209,003495,081216,055246
0000000538,0000537000,028482,-43572,089827,010927,071098,066169
0000000539,0000538000,035241,-27530,087555,022184,058826,075508
0000000540,0000539000,039724,-08812,085418,036088,045449,082212
0000000541,0000540000,041400,011139,083678,051392,032416,085813
0000000542,0000541000,038979,030956,082622,066520,020855,085799
0000000543,0000542000,034323,046774,082126,080110,011989,082218
0000000544,0000543000,026434,059999,082485,090838,006664,075378
0000000545,0000544000,017438,066563,083407,097663,005391,065907
0000000546,0000545000,006764,067871,084989,099998,008394,054781
0000000547,0000546000,-03554,063256,086980,097523,015266,042976
0000000548,0000547000,-12518,052574,089176,090551,025468,031798
0000000549,0000548000,-20414,038046,091512,079683,037915,022209
0000000550,0000549000,-24697,019327,093531,066019,051455,015188
0000000551,0000550000,-26530,000475,095263,050872,064784,011455
0000000552,0000551000,-24773,-18756,096358,035665,076558,011319
0000000553,0000552000,-20199,-35039,096811,021918,085713,014895
0000000554,0000553000,-12992,-46969,096576,010854,091231,021782
0000000555,0000554000,-03606,-54638,095628,003591,092657,031422
0000000556,0000555000,006111,-55723,094201,000782,089775,042795
0000000557,0000556000,016767,-51835,092235,002716,082870,054826
0000000558,0000557000,025893,-41814,090106,009232,072644,066376
0000000559,0000558000,033390,-27831,087889,019664,060021,076233
0000000560,0000559000,038433,-10486,085839,033062,046303,083531
0000000561,0000560000,040223,008627,084207,048064,032729,087486
0000000562,0000561000,039147,026379,083054,063282,020687,087748
0000000563,0000562000,034551,042737,082621,077240,011321,084228
0000000564,0000563000,027985,054592,082784,088610,005551,077255
0000000565,0000564000,018975,062017,083654,096344,004002,067522
0000000566,0000565000,008994,063846,085059,099661,006772,055892
0000000567,0000566000,-00939,060055,086865,098286,013674,043589
0000000568,0000567000,-10496,051373,088982,092295,023977,031754
0000000569,0000568000,-17952,037524,091090,082295,036730,021561
0000000570,0000569000,-23311,021369,093102,069241,050693,014003
0000000571,0000570000,-25374,003155,094709,054377,064491,009810
0000000572,0000571000,-24600,-14487,095838,039167,076836,009439
0000000573,0000572000,-20734,-29868,096342,025015,086458,012890
0000000574,0000573000,-14032,-41965,096162,013303,092460,019932
0000000575,0000574000,-05779,-49142,095418,005105,094200,029841
0000000576,0000575000,004115,-51666,094067,001221,091518,041673
0000000577,0000576000,014005,-48223,092344,002028,084666,054299
0000000578,0000577000,023402,-40182,090338,007435,074278,066450
0000000579,0000578000,031141,-27684,088277,016963,061405,076981
0000000580,0000579000,036525,-11810,086358,029653,047233,084826
0000000581,0000580000,039252,005138,084740,044313,033177,089263
0000000582,0000581000,038546,022263,083660,059519,020580,089803
0000000583,0000582000,035251,037124,083112,073827,010676,086378
0000000584,0000583000,029071,049038,083229,085893,004459,079323
0000000585,0000584000,020916,056392,083936,094557,002521,069258
0000000586,0000585000,011535,058921,085161,099025,005106,057198
0000000587,0000586000,001615,056604,086817,098835,011926,044288
0000000588,0000587000,-07596,048932,088704,094021,022360,031807
0000000589,0000588000,-15627,037484,090706,085029,035393,020950
0000000590,0000589000,-21164,022694,092548,072721,049757,012781
0000000591,0000590000,-24158,006467,094115,058298,064086,008126
0000000592,0000591000,-24124,-09751,095223,043117,076959,007410
0000000593,0000592000,-21003,-24304,095752,028649,087149,010773
0000000594,0000593000,-15448,-35632,095715,016237,093618,017888
0000000595,0000594000,-07601,-43385,095073,007066,095743,028088
0000000596,0000595000,001455,-46136,093945,002003,093305,040390
0000000597,0000596000,011203,-44283,092391,001524,086512,053594
0000000598,0000597000,020449,-37756,090596,005700,076045,066432
0000000599,0000598000,028406,-27052,088712,014115,062886,077622
0000000600,0000599000,034428,-13443,086905,025978,048322,086111
0000000601,0000600000,037604,001953,085408,040136,033749,091043
0000000602,0000601000,038064,017155,084307,055240,020592,091917
0000000603,0000602000,035474,031233,083747,069857,010141,088642
0000000604,0000603000,030309,042381,083744,082596,003406,081495
0000000605,0000604000,022972,049859,084295,092275,001087,071166
0000000606,0000605000,014123,053268,085339,097961,003393,058635
0000000607,0000606000,004739,051914,086759,099122,010124,045140
0000000608,0000607000,-04585,046299,088467,095635,020633,031974
0000000609,0000608000,-12597,036627,090245,087829,033907,020418
0000000610,0000609000,-18795,024162,091959,076459,048673,011619
0000000611,0000610000,-22472,009878,093426,062602,063487,006417
0000000612,0000611000,-23279,-04637,094495,047597,076933,005354
0000000613,0000612000,-21289,-17769,095084,032856,087672,008548
0000000614,0000613000,-16549,-28758,095131,019776,094660,015722
0000000615,0000614000,-09739,-36243,094677,009586,097208,026184
0000000616,0000615000,-01232,-39898,093732,003244,095047,038928
0000000617,0000616000,007976,-39289,092419,001361,088390,052735
0000000618,0000617000,017090,-34562,090853,004112,077862,066238
0000000619,0000618000,025312,-26113,089164,011249,064491,078145
0000000620,0000619000,031671,-14637,087546,022079,049548,087288
0000000621,0000620000,035763,-01679,086136,035572,034491,092767
0000000622,0000621000,037042,011866,085090,050440,020788,094031
0000000623,0000622000,035580,024403,084480,065267,009762,090934
0000000624,0000623000,031431,034834,084373,078667,002514,083763
0000000625,0000624000,025021,042372,084756,089369,-00253,073182
0000000626,0000625000,017028,046330,085570,096375,001747,060228
0000000627,0000626000,008019,046490,086768,099014,008320,046147
0000000628,0000627000,-00968,042619,088208,097033,018845,032300
0000000629,0000628000,-09224,035400,089771,090618,032313,020042
0000000630,0000629000,-15862,025295,091296,080376,047412,010563
0000000631,0000630000,-20292,013391,092638,067293,062698,004801
0000000632,0000631000,-22137,001066,093665,052606,076672,003323
0000000633,0000632000,-21169,-10688,094275,037712,087972,006311
0000000634,0000633000,-17655,-20672,094451,024011,095492,013484
0000000635,0000634000,-11774,-28164,094158,012786,098491,024158
0000000636,0000635000,-04188,-32409,093451,005097,096672,037318
0000000637,0000636000,004449,-33238,092398,001664,090197,051678
0000000638,0000637000,013348,-30528,091092,002823,079698,065854
0000000639,0000638000,021599,-24402,089660,008461,066172,078466
0000000640,0000639000,028500,-15719,088236,018045,050926,088287
0000000641,0000640000,033291,-05199,086977,030660,035442,094348
0000000642,0000641000,035656,006006,085981,045106,021220,096041
0000000643,0000642000,035321,016849,085350,060020,009652,093190
0000000644,0000643000,032364,026303,085132,073996,001866,086041
0000000645,0000644000,027122,033614,085322,085729,-01367,075284
0000000646,0000645000,019993,038293,085906,094113,000265,061951
0000000647,0000646000,011724,039752,086817,098362,006612,047332
0000000648,0000647000,003006,038079,087978,098071,017074,032839
0000000649,0000648000,-05268,033368,089266,093262,030636,019882
0000000650,0000649000,-12349,026068,090567,084395,045997,009728
0000000651,0000650000,-17578,017001,091754,072310,061666,003367
0000000652,0000651000,-20429,007077,092699,058156,076121,001441
0000000653,0000652000,-20750,-02713,093341,043267,087948,004156
0000000654,0000653000,-18449,-11634,093618,029040,095995,011258
0000000655,0000654000,-13819,-18764,093522,016808,099478,022076
0000000656,0000655000,-07254,-23649,093068,007714,098047,035568
0000000657,0000656000,000640,-25941,092309,002616,091844,050432
0000000658,0000657000,009102,-25325,091313,001992,081460,065222
0000000659,0000658000,017387,-21986,090168,005906,067891,078513
0000000660,0000659000,024639,-16250,089002,013986,052448,089005
0000000661,0000660000,030253,-08763,087914,025464,036630,095662
0000000662,0000661000,033673,-00204,087008,039257,021975,097832
0000000663,0000662000,034618,008520,086368,054062,009906,095281
0000000664,0000663000,033043,016646,086037,068496,001608,088245
0000000665,0000664000,029068,023627,086033,081205,-02118,077395
0000000666,0000665000,023114,028768,086345,091005,-00907,063777
0000000667,0000666000,015666,031739,086950,096976,005131,048705
0000000668,0000667000,007472,032293,087774,098555,015413,033635
0000000669,0000668000,-00734,030430,088747,095595,028951,020035
0000000670,0000669000,-08184,026332,089777,088373,044435,009224
0000000671,0000670000,-14150,020461,090757,077574,060369,002265
0000000672,0000671000,-18142,013497,091603,064216,075198,-00151
0000000673,0000672000,-19764,005955,092242,049553,087480,002223
0000000674,0000673000,-18927,-01418,092629,034960,096025,009168
0000000675,0000674000,-15690,-08036,092733,021795,099998,020019
0000000676,0000675000,-10368,-13424,092561,011290,099016,033735
0000000677,0000676000,-03458,-17138,092135,004423,093173,048985
0000000678,0000677000,004435,-18874,091488,001840,083033,064298
0000000679,0000678000,012528,-18495,090694,003782,069570,078190
0000000680,0000679000,020113,-16188,089824,010066,054089,089305
0000000681,0000680000,026454,-12110,088961,020100,038094,096556
0000000682,0000681000,030996,-06721,088179,032937,023135,099228
0000000683,0000682000,033338,-00570,087550,047377,010668,097052
0000000684,0000683000,033264,005907,087117,062070,001904,090227
0000000685,0000684000,030824,012174,086902,075648,-02311,079411
0000000686,0000685000,026205,017740,086927,086846,-01572,065648
0000000687,0000686000,019868,022139,087177,094620,004051,050261
0000000688,0000687000,012370,025105,087624,098245,014014,034745
0000000689,0000688000,004414,026361,088226,097381,027350,020603
0000000690,0000689000,-03255,025827,088927,092112,042770,009210
0000000691,0000690000,-09955,023689,089658,082934,058777,001678
0000000692,0000691000,-15052,020093,090357,070707,073814,-01250
0000000693,0000692000,-18124,015369,090974,056573,086424,000714
0000000694,0000693000,-18876,009906,091456,041849,095387,007385
0000000695,0000694000,-17261,004130,091771,027904,099838,018125
0000000696,0000695000,-13431,-01563,091904,016034,099350,031893
0000000697,0000696000,-07723,-06712,091845,007343,093979,047360
0000000698,0000697000,-00682,-10865,091605,002639,084243,063029
0000000699,0000698000,007068,-13790,091209,002359,071090,077381
0000000700,0000699000,014794,-15232,090698,006527,055799,089019
0000000701,0000700000,021809,-15083,090110,014751,039853,096810
0000000702,0000701000,027472,-13389,089499,026263,024801,099998
0000000703,0000702000,031275,-10282,088911,039990,012100,098266
0000000704,0000703000,032894,-05958,088385,054658,002977,091780
0000000705,0000704000,032164,-00707,087962,068906,-01695,081170
0000000706,0000705000,029176,005016,087671,081411,-01470,067460
0000000707,0000706000,024186,010831,087531,091014,003624,051976
0000000708,0000707000,017659,016285,087549,096825,013083,036219
0000000709,0000708000,010191,020907,087722,098305,025984,021720
0000000710,0000709000,002454,024363,088035,095321,041071,009881
0000000711,0000710000,-04839,026374,088458,088152,056877,001855
0000000712,0000711000,-11050,026735,088967,077467,071867,-01580
0000000713,0000712000,-15607,025333,089523,064255,084596,-00096
0000000714,0000713000,-18111,022277,090084,049742,093839,006164
0000000715,0000714000,-18333,017732,090612,035268,098710,016592
0000000716,0000715000,-16247,011985,091068,022174,098751,030177
0000000717,0000716000,-12052,005524,091417,011673,093972,045600
0000000718,0000717000,-06119,-01170,091630,004734,084846,061367
0000000719,0000718000,001001,-07581,091695,001998,072273,075948
0000000720,0000719000,008677,-13165,091601,003713,057483,087927
0000000721,0000720000,016216,-17405,091351,009717,041916,096149
0000000722,0000721000,022941,-19930,090960,019452,027077,099824
0000000723,0000722000,028257,-20441,090452,032021,014401,098602
0000000724,0000723000,031675,-18755,089859,046263,005099,092608
0000000725,0000724000,032893,-14988,089226,060865,000056,082429
0000000726,0000725000,031784,-09374,088605,074478,-00253,069053
0000000727,0000726000,028456,-02295,088040,085845,004183,053781
0000000728,0000727000,023209,005677,087579,093917,012912,038100
0000000729,0000728000,016509,013878,087266,097954,025070,023530
0000000730,0000729000,008968,021633,087127,097588,039462,011480
0000000731,0000730000,001243,028262,087183,092858,054681,003111
0000000732,0000731000,-05968,033067,087444,084201,069256,-00780
0000000733,0000732000,-12029,035569,087896,072413,081790,000168
0000000734,0000733000,-16385,035454,088509,058575,091083,005853
0000000735,0000734000,-18637,032593,089241,043960,096256,015714
0000000736,0000735000,-18577,027156,090034,029914,096830,028788
0000000737,0000736000,-16195,019545,090819,017732,092773,043799
0000000738,0000737000,-11717,010345,091534,008533,084506,059285
0000000739,0000738000,-05534,000293,092114,003161,072861,073740
0000000740,0000739000,001799,-09703,092501,002101,058990,085769
0000000741,0000740000,009638,-18742,092649,005446,044248,094221
0000000742,0000741000,017291,-25973,092536,012886,030060,098301
0000000743,0000742000,024071,-30621,092156,023742,017784,097634
0000000744,0000743000,029372,-32162,091528,037022,008587,092305
0000000745,0000744000,032698,-30349,090703,051511,003334,082844
0000000746,0000745000,033741,-25233,089744,065877,002507,070179
0000000747,0000746000,032391,-17139,088729,078800,006155,055553
0000000748,0000747000,028769,-06723,087750,089093,013885,040397
0000000749,0000748000,023199,005128,086896,095818,024910,026185
0000000750,0000749000,016163,017404,086248,098366,038131,014284
0000000751,0000750000,008291,028953,085876,096513,052249,005828
0000000752,0000751000,000263,038659,085831,090429,065904,001602
0000000753,0000752000,-07203,045559,086128,080667,077793,001984
0000000754,0000753000,-13437,048924,086754,068114,086792,006912
0000000755,0000754000,-17862,048280,087667,053913,092059,015889
0000000756,0000755000,-20059,043568,088792,039364,093122,028024
0000000757,0000756000,-19820,035118,090034,025800,089914,042122
0000000758,0000757000,-17146,023557,091282,014466,082796,056797
0000000759,0000758000,-12283,009893,092423,006392,072509,070620
0000000760,0000759000,-05652,-04635,093341,002305,060089,082261
0000000761,0000760000,002164,-18699,093945,002569,046757,090628
0000000762,0000761000,010486,-30971,094167,007156,033800,094947
0000000763,0000762000,018582,-40217,093968,015653,022450,094844
0000000764,0000763000,025719,-45478,093353,027291,013769,090364
0000000765,0000764000,031250,-46156,092365,041019,008565,081967
0000000766,0000765000,034644,-42000,091081,055583,007298,070493
0000000767,0000766000,035577,-33257,089611,069653,010041,057084
0000000768,0000767000,033945,-20652,088092,081942,016467,043065
0000000769,0000768000,029892,-05272,086663,091334,025892,029802
0000000770,0000769000,023774,011491,085463,096985,037354,018567
0000000771,0000770000,016120,028066,084616,098392,049719,010409
0000000772,0000771000,007603,042887,084210,095435,061795,006063
0000000773,0000772000,-01042,054544,084296,088379,072440,005900
0000000774,0000773000,-09038,061824,084884,077854,080662,009891
0000000775,0000774000,-15655,063906,085937,064808,085709,017612
0000000776,0000775000,-20269,060432,087370,050423,087142,028280
0000000777,0000776000,-22429,051559,089058,036012,084884,040823
0000000778,0000777000,-21922,038012,090847,022889,079228,053995
0000000779,0000778000,-18782,021002,092566,012243,070795,066506
0000000780,0000779000,-13290,002127,094046,005030,060462,077164
0000000781,0000780000,-05922,-16884,095143,001889,049256,084985
0000000782,0000781000,002679,-34257,095746,003095,038259,089274
0000000783,0000782000,011769,-48313,095784,008540,028506,089679
0000000784,0000783000,020548,-57652,095236,017742,020898,086217
0000000785,0000784000,028209,-61264,094137,029879,016119,079271
0000000786,0000785000,034041,-58600,092570,043857,014574,069558
0000000787,0000786000,037465,-49719,090672,058407,016335,058071
0000000788,0000787000,038149,-35397,088624,072203,021145,045958
0000000789,0000788000,036023,-16936,086623,083997,028455,034408
0000000790,0000789000,031275,003934,084863,092733,037486,024515
0000000791,0000790000,024326,025240,083516,097639,047331,017184
0000000792,0000791000,015774,045044,082712,098283,057042,013049
0000000793,0000792000,006363,061480,082536,094610,065704,012437
0000000794,0000793000,-03090,072896,083027,086942,072529,015341
0000000795,0000794000,-11727,078080,084158,075955,076915,021416
0000000796,0000795000,-18740,076349,085840,062634,078509,030017
0000000797,0000796000,-23442,067649,087927,048183,077245,040253
0000000798,0000797000,-25370,052720,090218,033915,073347,051085
0000000799,0000798000,-24346,033015,092488,021120,067289,061451
0000000800,0000799000,-20461,010396,094517,010942,059733,070375
0000000801,0000800000,-14067,-13019,096111,004279,051449,077053
0000000802,0000801000,-05716,-35099,097119,001715,043241,080922
0000000803,0000802000,003868,-53784,097439,003476,035875,081692
0000000804,0000803000,013859,-67232,097019,009408,030014,079368
0000000805,0000804000,023365,-74037,095878,018996,026157,074253
0000000806,0000805000,031489,-73329,094104,031387,024594,066913
0000000807,0000806000,037450,-64971,091853,045469,025372,058128
0000000808,0000807000,040651,-49691,089345,059964,028302,048803
0000000809,0000808000,040797,-29005,086828,073563,032994,039851
0000000810,0000809000,037890,-04907,084548,085051,038912,032109
0000000811,0000810000,032197,020328,082719,093417,045437,026262
0000000812,0000811000,024210,044426,081512,097929,051934,022784
0000000813,0000812000,014621,065190,081042,098191,057799,021918
0000000814,0000813000,004257,080561,081376,094178,062511,023656
0000000815,0000814000,-05969,088942,082507,086234,065695,027733
0000000816,0000815000,-15101,089346,084344,075055,067138,033670
0000000817,0000816000,-22263,081521,086726,061640,066818,040814
0000000818,0000817000,-26734,066139,089419,047201,064895,048413
0000000819,0000818000,-28098,044806,092148,033043,061669,055719
0000000820,0000819000,-26269,019613,094651,020428,057533,062066
0000000821,0000820000,-21421,-07111,096698,010465,052944,066903
0000000822,0000821000,-13968,-32911,098096,004027,048355,069856
0000000823,0000822000,-04563,-55453,098713,001674,044190,070744
0000000824,0000823000,005979,-72575,098478,003614,040804,069586
0000000825,0000824000,016745,-82475,097382,009687,038442,066603
0000000826,0000825000,026736,-84005,095512,019367,037218,062192
0000000827,0000826000,034993,-76896,093041,031799,037121,056864
0000000828,0000827000,040700,-61731,090206,045865,038023,051194
0000000829,0000828000,043302,-40097,087304,060293,039713,045748
0000000830,0000829000,042633,-14248,084615,073795,041946,041006
0000000831,0000830000,038764,013515,082378,085187,044452,037357
0000000832,0000831000,032018,040635,080805,093475,046960,035070
0000000833,0000832000,023006,064586,080045,097934,049248,034247
0000000834,0000833000,012492,083186,080175,098176,051141,034850
0000000835,0000834000,001406,094469,081211,094173,052540,036700
0000000836,0000835000,-09253,097135,083080,086263,053438,039490
0000000837,0000836000,-18455,090888,085595,075137,053895,042857
0000000838,0000837000,-25320,076268,088517,061788,054006,046423
0000000839,0000838000,-29161,054767,091544,047419,053889,049816
0000000840,0000839000,-29681,028733,094367,033321,053640,052765
0000000841,0000840000,-26931,000486,096760,020724,053328,055056
0000000842,0000841000,-21048,-27541,098487,010729,053035,056542
0000000843,0000842000,-12645,-52446,099379,004209,052775,057204
0000000844,0000843000,-02397,-72155,099356,001726,052517,057112
0000000845,0000844000,008777,-84640,098403,003505,052212,056409
0000000846,0000845000,019858,-88374,096577,009400,051745,055297
0000000847,0000846000,029836,-83144,094064,018906,051002,053998
0000000848,0000847000,037701,-69363,091119,031184,049918,052676
0000000849,0000848000,042752,-48505,088026,045130,048464,051484
0000000850,0000849000,044488,-22772,085117,059490,046697,050492
0000000851,0000850000,042928,005417,082618,073005,044742,049712
0000000852,0000851000,038103,033699,080769,084501,042736,049158
0000000853,0000852000,030480,059142,079761,092970,040865,048753
0000000854,0000853000,020769,079491,079673,097687,039372,048396
0000000855,0000854000,009756,092884,080531,098233,038477,047973
0000000856,0000855000,-01480,097632,082271,094553,038411,047380
0000000857,0000856000,-11991,093520,084723,086957,039352,046560
0000000858,0000857000,-20712,080889,087636,076102,041342,045548
0000000859,0000858000,-26836,061105,090720,062960,044324,044430
0000000860,0000859000,-29817,036322,093655,048714,048085,043349
0000000861,0000860000,-29486,008744,096206,034616,052314,042492
0000000862,0000861000,-25854,-19179,098141,021892,056656,042002
0000000863,0000862000,-19225,-44555,099241,011653,060711,042047
0000000864,0000863000,-10282,-65084,099432,004783,064026,042781
0000000865,0000864000,000265,-79034,098692,001874,066203,044279
0000000866,0000865000,011404,-84699,097073,003190,066893,046551
0000000867,0000866000,022152,-81706,094737,008627,065852,049493
0000000868,0000867000,031528,-70554,091927,017726,063049,052866
0000000869,0000868000,038587,-52305,088926,029677,058636,056346
0000000870,0000869000,042745,-28964,086024,043409,052953,059569
0000000871,0000870000,043684,-02707,083482,057709,046501,062155
0000000872,0000871000,041329,024154,081522,071329,039852,063780
0000000873,0000872000,035914,048871,080346,083085,033622,064184
0000000874,0000873000,027952,069101,080062,091961,028461,063169
0000000875,0000874000,018162,083136,080675,097192,024954,060674
0000000876,0000875000,007426,089545,082135,098321,023570,056794
0000000877,0000876000,-03294,087763,084297,095238,024606,051789
0000000878,0000877000,-13037,078227,086940,088194,028097,046094
0000000879,0000878000,-20855,061988,089784,077807,033813,040261
0000000880,0000879000,-26087,040704,092570,065005,041280,034886
0000000881,0000880000,-28287,016345,095047,050919,049832,030532
0000000882,0000881000,-27283,-08759,096981,036785,058696,027700
0000000883,0000882000,-23228,-32086,098189,023830,067033,026766
0000000884,0000883000,-16487,-51507,098561,013175,074003,027966
0000000885,0000884000,-07720,-65236,098085,005735,078852,031343
0000000886,0000885000,002306,-72061,096808,002153,080985,036712
0000000887,0000886000,012692,-71477,094869,002754,080053,043664
0000000888,0000887000,022509,-63811,092474,007496,076018,051573
0000000889,0000888000,030872,-49919,089853,015974,069178,059672
0000000890,0000889000,037004,-31142,087253,027437,060113,067160
0000000891,0000890000,040414,-09424,084920,040869,049643,073269
0000000892,0000891000,040811,013207,083069,055093,038739,077334
0000000893,0000892000,038215,034576,081865,068867,028430,078868
0000000894,0000893000,032919,052523,081423,081004,019740,077590
0000000895,0000894000,025420,065481,081765,090459,013590,073469
0000000896,0000895000,016407,072497,082822,096419,010680,066771
0000000897,0000896000,006668,073057,084487,098360,011410,058056
0000000898,0000897000,-02929,067292,086588,096101,015826,048109
0000000899,0000898000,-11546,056033,088910,089831,023587,037890
0000000900,0000899000,-18403,040378,091239,080098,034006,028409
0000000901,0000900000,-22897,021807,093363,067761,046137,020615
0000000902,0000901000,-44603,-01018,093535,054740,048876,015501
0000000903,0000902000,049004,027868,098423,050138,048876,011876
0000000904,0000903000,-37171,-10097,094226,050138,048876,013391
0000000905,0000904000,037863,019708,098294,050138,048876,018739
0000000906,0000905000,013302,004688,094313,050138,048876,024485
0000000907,0000906000,007202,008919,095652,050138,048876,037476
0000000908,0000907000,009338,011889,092762,050138,048876,048231
0000000909,0000908000,-00102,002949,091286,050138,048876,049251
0000000910,0000909000,-14469,-11143,089588,050138,048876,049251
0000000911,0000910000,-17325,-13682,089003,050138,048876,049251
0000000912,0000911000,-05609,-01627,089856,050138,048876,049251
0000000913,0000912000,007130,011452,090810,050138,048876,049251
0000000914,0000913000,007498,012145,090541,050138,048876,049251
0000000915,0000914000,-02754,002188,089240,050138,048876,049251
0000000916,0000915000,-10202,-05010,088261,050138,048876,049251
0000000917,0000916000,-05998,-00608,088497,050138,048876,049251
0000000918,0000917000,004598,010128,089427,050138,048876,049251
0000000919,0000918000,009471,015079,089843,050138,048876,049251
0000000920,0000919000,003919,009545,089273,050138,048876,049251
0000000921,0000920000,-04772,000815,088443,050138,048876,049251
0000000922,0000921000,-06657,-01158,088339,050138,048876,049251
0000000923,0000922000,-00546,004823,089074,050138,048876,049251
0000000924,0000923000,005526,010734,089833,050138,048876,049251
0000000925,0000924000,004249,009275,089877,050138,048876,049251
0000000926,0000925000,-02784,002050,089354,050138,048876,049251
0000000927,0000926000,-07692,-03048,089042,050138,048876,049251
0000000928,0000927000,-05734,-01270,089407,050138,048876,049251
0000000929,0000928000,-00310,003994,090100,050138,048876,049251
0000000930,0000929000,001671,005840,090424,050138,048876,049251
0000000931,0000930000,-02088,001977,090145,050138,048876,049251
0000000932,0000931000,-07117,-03124,089707,050138,048876,049251
0000000933,0000932000,-07850,-03892,089667,050138,048876,049251
0000000934,0000933000,-03979,-00024,090056,050138,048876,049251
0000000935,0000934000,-00300,003683,090396,050138,048876,049251
0000000936,0000935000,-00840,003198,090289,050138,048876,049251
0000000937,0000936000,-04415,-00300,089858,050138,048876,049251
0000000938,0000937000,-06479,-02269,089563,050138,048876,049251
0000000939,0000938000,-04573,-00259,089655,050138,048876,049251
0000000940,0000939000,-00907,003514,089920,050138,048876,049251
0000000941,0000940000,000554,005082,089967,050138,048876,049251
0000000942,0000941000,-01301,003326,089688,050138,048876,049251
0000000943,0000942000,-03772,000942,089359,050138,048876,049251
0000000944,0000943000,-03761,001025,089293,050138,048876,049251
0000000945,0000944000,-01305,003536,089488,050138,048876,049251
0000000946,0000945000,000761,005638,089662,050138,048876,049251
0000000947,0000946000,000257,005150,089597,050138,048876,049251
0000000948,0000947000,-01959,002931,089378,050138,048876,049251
0000000949,0000948000,-03242,001629,089269,050138,048876,049251
0000000950,0000949000,-02301,002536,089395,050138,048876,049251
0000000951,0000950000,-00512,004278,089618,050138,048876,049251
0000000952,0000951000,-00108,004629,089709,050138,048876,049251
0000000953,0000952000,-01573,003104,089619,050138,048876,049251
0000000954,0000953000,-03260,001356,089507,050138,048876,049251
0000000955,0000954000,-03435,001123,089545,050138,048876,049251
0000000956,0000955000,-02223,002280,089718,050138,048876,049251
0000000957,0000956000,-01283,003172,089856,050138,048876,049251
0000000958,0000957000,-01787,002630,089842,050138,048876,049251
0000000959,0000958000,-03143,001245,089732,050138,048876,049251
0000000960,0000959000,-03829,000542,089680,050138,048876,049251
0000000961,0000960000,-03189,001175,089750,050138,048876,049251
0000000962,0000961000,-02089,002279,089856,050138,048876,049251
0000000963,0000962000,-01796,002585,089873,050138,048876,049251
0000000964,0000963000,-02523,001879,089780,050138,048876,049251
0000000965,0000964000,-03290,001139,089678,050138,048876,049251
0000000966,0000965000,-03149,001311,089663,050138,048876,049251
0000000967,0000966000,-02251,002242,089721,050138,048876,049251
0000000968,0000967000,-01577,002951,089756,050138,048876,049251
0000000969,0000968000,-01759,002801,089707,050138,048876,049251
0000000970,0000969000,-02413,002177,089613,050138,048876,049251
0000000971,0000970000,-02669,001947,089564,050138,048876,049251
0000000972,0000971000,-02201,002435,089592,050138,048876,049251
0000000973,0000972000,-01544,003107,089644,050138,048876,049251
0000000974,0000973000,-01412,003247,089649,050138,048876,049251
0000000975,0000974000,-01878,002784,089601,050138,048876,049251
0000000976,0000975000,-02355,002304,089556,050138,048876,049251
0000000977,0000976000,-02316,002335,089568,050138,048876,049251
0000000978,0000977000,-01881,002757,089623,050138,048876,049251
0000000979,0000978000,-01615,003007,089665,050138,048876,049251
0000000980,0000979000,-01849,002755,089659,050138,048876,049251
0000000981,0000980000,-02326,002259,089629,050138,048876,049251
0000000982,0000981000,-02544,002022,089625,050138,048876,049251
0000000983,0000982000,-02340,002207,089662,050138,048876,049251
0000000984,0000983000,-02039,002493,089708,050138,048876,049251
0000000985,0000984000,-02036,002481,089721,050138,048876,049251
0000000986,0000985000,-02348,002159,089700,050138,048876,049251
0000000987,0000986000,-02626,001874,089679,050138,048876,049251
0000000988,0000987000,-02582,001914,089687,050138,048876,049251
0000000989,0000988000,-02309,002186,089715,050138,048876,049251
0000000990,0000989000,-02137,002361,089730,050138,048876,049251
0000000991,0000990000,-02241,002261,089714,050138,048876,049251
0000000992,0000991000,-02462,002048,089685,050138,048876,049251
0000000993,0000992000,-02517,002002,089671,050138,048876,049251
0000000994,0000993000,-02332,002198,089680,050138,048876,049251
0000000995,0000994000,-02107,002433,089692,050138,048876,049251
0000000996,0000995000,-02066,002485,089686,050138,048876,049251
0000000997,0000996000,-02206,002355,089663,050138,048876,049251
0000000998,0000997000,-02321,002248,089643,050138,048876,049251
0000000999,0000998000,-02259,002318,089642,050138,048876,049251
0000001000,0000999000,-02084,002499,089654,050138,048876,049251
0000001001,0001000000,-01987,002600,089660,050138,048876,049251
0000001002,0001001000,-02059,002530,089652,050138,048876,049251
0000001003,0001002000,-02197,002392,089638,050138,048876,049251
0000001004,0001003000,-02240,002346,089635,050138,048876,049251
0000001005,0001004000,-02155,002429,089647,050138,048876,049251
0000001006,0001005000,-02059,002520,089661,050138,048876,049251
0000001007,0001006000,-02075,002499,089664,050138,048876,049251
0000001008,0001007000,-02191,002377,089658,050138,048876,049251
0000001009,0001008000,-02284,002278,089655,050138,048876,049251
0000001010,0001009000,-02270,002285,089662,050138,048876,049251
0000001011,0001010000,-02194,002357,089674,050138,048876,049251
0000001012,0001011000,-02162,002383,089682,050138,048876,049251
0000001013,0001012000,-02222,002320,089680,050138,048876,049251
0000001014,0001013000,-02308,002230,089674,050138,048876,049251
0000001015,0001014000,-02331,002206,089673,050138,048876,049251
0000001016,0001015000,-02275,002260,089680,050138,048876,049251
0000001017,0001016000,-02214,002322,089685,050138,048876,049251
0000001018,0001017000,-02215,002322,089684,050138,048876,049251
0000001019,0001018000,-02268,002271,089677,050138,048876,049251
0000001020,0001019000,-02302,002240,089671,050138,048876,049251
0000001021,0001020000,-02272,002273,089671,050138,048876,049251
0000001022,0001021000,-02210,002339,089674,050138,048876,049251
0000001023,0001022000,-02177,002374,089674,050138,048876,049251
0000001024,0001023000,-02198,002357,089669,050138,048876,049251
0000001025,0001024000,-02234,002324,089663,050138,048876,049251
0000001026,0001025000,-02234,002327,089660,050138,048876,049251
0000001027,0001026000,-02194,002369,089662,050138,048876,049251
0000001028,0001027000,-02156,002408,089665,050138,048876,049251
0000001029,0001028000,-02159,002406,089664,050138,048876,049251
0000001030,0001029000,-02192,002373,089660,050138,048876,049251
0000001031,0001030000,-02215,002350,089658,050138,048876,049251
0000001032,0001031000,-02203,002361,089660,050138,048876,049251
0000001033,0001032000,-02176,002387,089664,050138,048876,049251
0000001034,0001033000,-02169,002392,089666,050138,048876,049251
0000001035,0001034000,-02193,002367,089665,050138,048876,049251
0000001036,0001035000,-02223,002335,089664,050138,048876,049251
0000001037,0001036000,-02231,002325,089665,050138,048876,049251
0000001038,0001037000,-02216,002339,089668,050138,048876,049251
0000001039,0001038000,-02202,002351,089671,050138,048876,049251
0000001040,0001039000,-02210,002341,089672,050138,048876,049251
0000001041,0001040000,-02233,002317,089670,050138,048876,049251
0000001042,0001041000,-02247,002302,089670,050138,048876,049251
0000001043,0001042000,-02239,002310,089671,050138,048876,049251
0000001044,0001043000,-02222,002327,089673,050138,048876,049251
0000001045,0001044000,-02216,002333,089673,050138,048876,049251
0000001046,0001045000,-02226,002324,089672,050138,048876,049251
0000001047,0001046000,-02238,002312,089670,050138,048876,049251
0000001048,0001047000,-02236,002315,089669,050138,048876,049251
0000001049,0001048000,-02221,002331,089670,050138,048876,049251
0000001050,0001049000,-02208,002346,089670,050138,048876,049251
0000001051,0001050000,-02208,002346,089669,050138,048876,049251
0000001052,0001051000,-02217,002339,089667,050138,048876,049251
0000001053,0001052000,-02220,002336,089666,050138,048876,049251
0000001054,0001053000,-02212,002345,089666,050138,048876,049251
0000001055,0001054000,-02201,002357,089667,050138,048876,049251
0000001056,0001055000,-02197,002361,089667,050138,048876,049251
0000001057,0001056000,-02204,002355,089666,050138,048876,049251
0000001058,0001057000,-02211,002347,089665,050138,048876,049251
0000001059,0001058000,-02212,002346,089665,050138,048876,049251
0000001060,0001059000,-02205,002352,089666,050138,048876,049251
0000001061,0001060000,-02201,002356,089667,050138,048876,049251
0000001062,0001061000,-02205,002352,089667,050138,048876,049251
0000001063,0001062000,-02213,002343,089667,050138,048876,049251
0000001064,0001063000,-02218,002338,089667,050138,048876,049251
0000001065,0001064000,-02216,002339,089667,050138,048876,049251
0000001066,0001065000,-02212,002342,089668,050138,048876,049251
0000001067,0001066000,-02212,002342,089669,050138,048876,049251
0000001068,0001067000,-02218,002336,089669,050138,048876,049251
0000001069,0001068000,-02223,002331,089668,050138,048876,049251
0000001070,0001069000,-02223,002330,089669,050138,048876,049251
0000001071,0001070000,-02219,002334,089669,050138,048876,049251
0000001072,0001071000,-02216,002337,089669,050138,048876,049251
0000001073,0001072000,-02217,002336,089669,050138,048876,049251
0000001074,0001073000,-02220,002333,089669,050138,048876,049251
0000001075,0001074000,-02221,002332,089668,050138,048876,049251
0000001076,0001075000,-02218,002336,089668,050138,048876,049251
0000001077,0001076000,-02214,002340,089668,050138,048876,049251
0000001078,0001077000,-02213,002342,089668,050138,048876,049251
0000001079,0001078000,-02214,002341,089668,050138,048876,049251
0000001080,0001079000,-02216,002339,089667,050138,048876,049251
0000001081,0001080000,-02215,002341,089667,050138,048876,049251
0000001082,0001081000,-02212,002344,089667,050138,048876,049251
0000001083,0001082000,-02210,002346,089667,050138,048876,049251
0000001084,0001083000,-02210,002346,089667,050138,048876,049251
0000001085,0001084000,-02212,002344,089667,050138,048876,049251
0000001086,0001085000,-02213,002343,089667,050138,048876,049251
0000001087,0001086000,-02212,002344,089667,050138,048876,049251
0000001088,0001087000,-02211,002345,089667,050138,048876,049251
0000001089,0001088000,-02211,002345,089667,050138,048876,049251
0000001090,0001089000,-02213,002342,089667,050138,048876,049251
0000001091,0001090000,-02215,002340,089667,050138,048876,049251
0000001092,0001091000,-02215,002340,089668,050138,048876,049251
0000001093,0001092000,-02214,002341,089668,050138,048876,049251
0000001094,0001093000,-02214,002341,089668,050138,048876,049251
0000001095,0001094000,-02215,002340,089668,050138,048876,049251
0000001096,0001095000,-02216,002338,089668,050138,048876,049251
0000001097,0001096000,-02217,002337,089668,050138,048876,049251
0000001098,0001097000,-02216,002338,089668,050138,048876,049251
0000001099,0001098000,-02215,002339,089668,050138,048876,049251
0000001100,0001099000,-02215,002339,089668,050138,048876,049251
0000001101,0001100000,-02216,002338,089668,050138,048876,049251
