0000000001,0000000000,088007,077542,071005,020297,035990,083828
0000000002,0000001000,085873,080259,070421,030050,026712,083354
0000000003,0000002000,083233,082590,070732,040889,019716,079512
0000000004,0000003000,080376,084269,071909,051769,015670,072676
0000000005,0000004000,077583,085130,073842,061610,014998,063507
0000000006,0000005000,075095,085121,076339,069461,017748,052907
0000000007,0000006000,073174,084235,079145,074543,023647,041926
0000000008,0000007000,072030,082527,081998,076370,032118,031628
0000000009,0000008000,071744,080189,084620,074742,042363,023012
0000000010,0000009000,072342,077466,086746,069848,053333,016935
0000000011,0000010000,073789,074597,088168,062150,063972,013994
0000000012,0000011000,075944,071858,088753,052394,073253,014467
0000000013,0000012000,078564,069550,088441,041543,080263,018310
0000000014,0000013000,081417,067873,087264,030679,084290,025147
0000000015,0000014000,084229,066993,085332,020834,084967,034315
0000000016,0000015000,086710,067009,082835,012977,082225,044914
0000000017,0000016000,088616,067910,080027,007898,076322,055895
0000000018,0000017000,089780,069599,077176,006079,067843,066194
0000000019,0000018000,090063,071938,074554,007696,057611,074809
0000000020,0000019000,089452,074676,072427,012594,046635,080886
0000000021,0000020000,088013,077536,071005,020297,035991,083828
0000000022,0000021000,085867,080266,070421,030046,026716,083354
0000000023,0000022000,083230,082592,070732,040898,019707,079511
0000000024,0000023000,080384,084261,071909,051768,015672,072675
0000000025,0000024000,077581,085132,073842,061609,015000,063507
0000000026,0000025000,075088,085128,076339,069462,017746,052907
0000000027,0000026000,073180,084230,079145,074551,023639,041926
0000000028,0000027000,072033,082524,081998,076365,032123,031628
0000000029,0000028000,071737,080197,084620,074744,042360,023012
0000000030,0000029000,072342,077466,086746,069852,053329,016934
0000000031,0000030000,073796,074590,088168,062152,063970,013994
0000000032,0000031000,075939,071863,088753,052392,073256,014467
0000000033,0000032000,078561,069552,088441,041549,080257,018309
0000000034,0000033000,081421,067869,087264,030682,084288,025145
0000000035,0000034000,084230,066993,085332,020834,084969,034313
0000000036,0000035000,086705,067014,082835,012980,082224,044913
0000000037,0000036000,088620,067907,080028,007902,076320,055894
0000000038,0000037000,089781,069598,077176,006080,067844,066192
0000000039,0000038000,090060,071941,074553,007696,057611,074807
0000000040,0000039000,089452,074675,072427,012598,046633,080885
0000000041,0000040000,088015,077534,071005,020297,035993,083826
0000000042,0000041000,085865,080268,070421,030047,026716,083352
0000000043,0000042000,083231,082591,070732,040898,019707,079510
0000000044,0000043000,080386,084259,071909,051768,015672,072675
0000000045,0000044000,077579,085134,073842,061608,015000,063507
0000000046,0000045000,075088,085128,076338,069464,017744,052907
0000000047,0000046000,073182,084227,079145,074550,023639,041927
0000000048,0000047000,072030,082527,081998,076364,032123,031629
0000000049,0000048000,071736,080198,084620,074747,042357,023013
0000000050,0000049000,072345,077463,086746,069853,053327,016936
0000000051,0000050000,073795,074591,088169,062152,063969,013994
0000000052,0000051000,075935,071866,088753,052396,073252,014467
0000000053,0000052000,078565,069549,088441,041552,080254,018309
0000000054,0000053000,081422,067868,087265,030683,084288,025145
0000000055,0000054000,084225,066996,085333,020837,084967,034312
0000000056,0000055000,086707,067012,082835,012986,082220,044911
0000000057,0000056000,088623,067903,080028,007903,076321,055892
0000000058,0000057000,089777,069601,077176,006081,067845,066189
0000000059,0000058000,090060,071942,074553,007701,057610,074805
0000000060,0000059000,089457,074670,072427,012599,046634,080882
0000000061,0000060000,088015,077535,071005,020295,035997,083824
0000000062,0000061000,085862,080272,070420,030049,026716,083350
0000000063,0000062000,083235,082588,070732,040899,019708,079509
0000000064,0000063000,080388,084258,071908,051765,015677,072674
0000000065,0000064000,077575,085138,073841,061606,015002,063507
0000000066,0000065000,075089,085128,076338,069464,017743,052909
0000000067,0000066000,073185,084225,079145,074546,023641,041929
0000000068,0000067000,072027,082530,081997,076362,032123,031632
0000000069,0000068000,071735,080200,084620,074747,042353,023016
0000000070,0000069000,072348,077460,086746,069853,053324,016939
0000000071,0000070000,073793,074593,088169,062151,063967,013997
0000000072,0000071000,075933,071868,088753,052399,073247,014470
0000000073,0000072000,078566,069546,088442,041556,080249,018311
0000000074,0000073000,081421,067868,087266,030686,084286,025145
0000000075,0000074000,084223,066998,085333,020842,084963,034311
0000000076,0000075000,086708,067010,082836,012991,082216,044909
0000000077,0000076000,088624,067901,080029,007907,076321,055888
0000000078,0000077000,089775,069603,077177,006086,067845,066184
0000000079,0000078000,090061,071940,074553,007705,057610,074800
0000000080,0000079000,089459,074668,072427,012600,046638,080877
0000000081,0000080000,088013,077536,071005,020295,036002,083819
0000000082,0000081000,085863,080271,070419,030049,026720,083347
0000000083,0000082000,083238,082586,070731,040895,019714,079507
0000000084,0000083000,080387,084260,071908,051760,015682,072674
0000000085,0000084000,077575,085140,073840,061603,015005,063508
0000000086,0000085000,075092,085126,076337,069459,017745,052912
0000000087,0000086000,073184,084227,079144,074540,023643,041933
0000000088,0000087000,072024,082533,081997,076359,032120,031637
0000000089,0000088000,071736,080198,084619,074745,042349,023022
0000000090,0000089000,072347,077460,086746,069850,053321,016945
0000000091,0000090000,073789,074597,088169,062152,063961,014002
0000000092,0000091000,075933,071868,088754,052403,073239,014474
0000000093,0000092000,078567,069544,088443,041560,080243,018313
0000000094,0000093000,081418,067870,087267,030691,084280,025145
0000000095,0000094000,084222,066998,085334,020851,084956,034309
0000000096,0000095000,086711,067006,082837,012999,082213,044905
0000000097,0000096000,088623,067901,080030,007913,076321,055882
0000000098,0000097000,089774,069603,077177,006093,067845,066177
0000000099,0000098000,090065,071936,074554,007711,057613,074792
0000000100,0000099000,089461,074667,072427,012602,046644,080870
0000000101,0000100000,088012,077538,071004,020296,036008,083812
0000000102,0000101000,085866,080269,070418,030048,026726,083342
0000000103,0000102000,083240,082584,070730,040890,019722,079504
0000000104,0000103000,080385,084263,071906,051753,015690,072673
0000000105,0000104000,077576,085141,073838,061596,015009,063510
0000000106,0000105000,075094,085125,076335,069450,017749,052916
0000000107,0000106000,073182,084230,079143,074531,023645,041940
0000000108,0000107000,072023,082536,081996,076353,032118,031645
0000000109,0000108000,071737,080198,084619,074740,042345,023031
0000000110,0000109000,072345,077462,086747,069847,053315,016954
0000000111,0000110000,073786,074599,088170,062153,063952,014010
0000000112,0000111000,075933,071867,088755,052407,073228,014480
0000000113,0000112000,078566,069544,088445,041565,080234,018317
0000000114,0000113000,081415,067871,087269,030700,084270,025146
0000000115,0000114000,084222,066996,085336,020862,084948,034306
0000000116,0000115000,086712,067004,082839,013009,082208,044899
0000000117,0000116000,088622,067901,080031,007923,076318,055874
0000000118,0000117000,089776,069601,077178,006103,067845,066167
0000000119,0000118000,090068,071933,074554,007717,057618,074781
0000000120,0000119000,089461,074666,072427,012605,046653,080858
0000000121,0000120000,088014,077537,071003,020297,036017,083802
0000000122,0000121000,085870,080267,070417,030045,026738,083334
0000000123,0000122000,083241,082585,070728,040882,019735,079499
0000000124,0000123000,080386,084265,071904,051744,015700,072671
0000000125,0000124000,077578,085140,073836,061585,015018,063513
0000000126,0000125000,075095,085127,076333,069436,017756,052923
0000000127,0000126000,073180,084234,079141,074520,023647,041949
0000000128,0000127000,072023,082537,081994,076344,032115,031657
0000000129,0000128000,071736,080199,084619,074732,042340,023044
0000000130,0000129000,072341,077466,086747,069843,053306,016967
0000000131,0000130000,073783,074601,088171,062155,063939,014022
0000000132,0000131000,075932,071866,088757,052411,073215,014489
0000000133,0000132000,078563,069545,088447,041573,080220,018322
0000000134,0000133000,081412,067871,087271,030713,084256,025147
0000000135,0000134000,084223,066993,085339,020877,084936,034303
0000000136,0000135000,086711,067002,082841,013023,082202,044891
0000000137,0000136000,088621,067900,080033,007938,076315,055862
0000000138,0000137000,089778,069597,077179,006116,067846,066153
0000000139,0000138000,090070,071929,074555,007725,057625,074765
0000000140,0000139000,089462,074666,072427,012610,046663,080843
0000000141,0000140000,088017,077535,071002,020298,036030,083788
0000000142,0000141000,085874,080265,070415,030039,026754,083323
0000000143,0000142000,083243,082586,070725,040872,019752,079492
0000000144,0000143000,080388,084266,071901,051732,015714,072670
0000000145,0000144000,077581,085141,073833,061569,015030,063517
0000000146,0000145000,075094,085130,076331,069419,017765,052931
0000000147,0000146000,073178,084237,079139,074504,023650,041962
0000000148,0000147000,072022,082539,081993,076330,032113,031673
0000000149,0000148000,071734,080202,084618,074721,042333,023062
0000000150,0000149000,072337,077470,086747,069838,053294,016984
0000000151,0000150000,073781,074602,088172,062156,063922,014038
0000000152,0000151000,075929,071866,088759,052417,073197,014501
0000000153,0000152000,078558,069546,088450,041585,080202,018329
0000000154,0000153000,081411,067869,087274,030729,084238,025148
0000000155,0000154000,084222,066990,085342,020895,084923,034299
0000000156,0000155000,086709,067000,082845,013042,082193,044881
0000000157,0000156000,088622,067897,080036,007958,076311,055847
0000000158,0000157000,089781,069592,077181,006132,067849,066134
0000000159,0000158000,090072,071926,074556,007736,057634,074745
0000000160,0000159000,089465,074664,072426,012616,046677,080823
0000000161,0000160000,088022,077532,071000,020297,036048,083771
0000000162,0000161000,085878,080264,070413,030032,026775,083309
0000000163,0000162000,083245,082588,070722,040859,019773,079484
0000000164,0000163000,080391,084267,071897,051714,015733,072668
0000000165,0000164000,077583,085143,073829,061547,015047,063522
0000000166,0000165000,075093,085134,076327,069397,017776,052943
0000000167,0000166000,073178,084241,079136,074484,023653,041979
0000000168,0000167000,072021,082542,081991,076311,032110,031694
0000000169,0000168000,071730,080207,084617,074708,042323,023085
0000000170,0000169000,072333,077474,086748,069832,053277,017007
0000000171,0000170000,073778,074603,088174,062157,063901,014058
0000000172,0000171000,075924,071868,088762,052424,073174,014517
0000000173,0000172000,078554,069547,088454,041600,080177,018339
0000000174,0000173000,081409,067867,087279,030750,084216,025150
0000000175,0000174000,084221,066987,085347,020918,084905,034293
0000000176,0000175000,086708,066997,082849,013068,082180,044868
0000000177,0000176000,088623,067892,080039,007982,076305,055828
0000000178,0000177000,089784,069587,077184,006153,067852,066111
0000000179,0000178000,090075,071923,074557,007751,057645,074719
0000000180,0000179000,089469,074660,072425,012624,046694,080797
0000000181,0000180000,088028,077528,070998,020297,036071,083748
0000000182,0000181000,085882,080263,070409,030022,026802,083292
0000000183,0000182000,083249,082588,070717,040844,019799,079473
0000000184,0000183000,080395,084267,071892,051692,015758,072666
0000000185,0000184000,077585,085146,073824,061520,015067,063528
0000000186,0000185000,075093,085139,076322,069369,017789,052957
0000000187,0000186000,073177,084246,079132,074457,023658,042001
0000000188,0000187000,072019,082547,081988,076288,032107,031721
0000000189,0000188000,071725,080213,084616,074692,042311,023114
0000000190,0000189000,072328,077478,086748,069824,053256,017035
0000000191,0000190000,073773,074606,088176,062157,063876,014083
0000000192,0000191000,075918,071870,088766,052434,073145,014536
0000000193,0000192000,078549,069547,088458,041619,080147,018350
0000000194,0000193000,081406,067864,087284,030775,084188,025153
0000000195,0000194000,084218,066984,085353,020947,084883,034286
0000000196,0000195000,086707,066993,082854,013099,082165,044852
0000000197,0000196000,088625,067885,080044,008012,076299,055804
0000000198,0000197000,089787,069581,077187,006177,067857,066081
0000000199,0000198000,090079,071918,074558,007770,057659,074687
0000000200,0000199000,089476,074654,072425,012634,046716,080766
0000000201,0000200000,088035,077524,070996,020295,036101,083720
0000000202,0000201000,085887,080262,070405,030011,026835,083270
0000000203,0000202000,083254,082588,070712,040824,019832,079460
0000000204,0000203000,080400,084269,071886,051664,015788,072663
0000000205,0000204000,077587,085150,073818,061487,015092,063536
0000000206,0000205000,075094,085145,076316,069335,017805,052975
0000000207,0000206000,073176,084251,079127,074425,023664,042027
0000000208,0000207000,072015,082554,081985,076260,032103,031753
0000000209,0000208000,071719,080220,084615,074672,042295,023149
0000000210,0000209000,072323,077482,086749,069814,053232,017070
0000000211,0000210000,073766,074609,088179,062158,063844,014114
0000000212,0000211000,075911,071873,088771,052447,073109,014560
0000000213,0000212000,078544,069547,088464,041641,080110,018364
0000000214,0000213000,081401,067862,087291,030805,084155,025156
0000000215,0000214000,084214,066980,085360,020983,084856,034277
0000000216,0000215000,086707,066987,082860,013137,082147,044832
0000000217,0000216000,088628,067878,080049,008047,076293,055776
0000000218,0000217000,089790,069574,077190,006207,067862,066046
0000000219,0000218000,090084,071911,074559,007792,057675,074648
0000000220,0000219000,089483,074648,072424,012645,046743,080728
0000000221,0000220000,088042,077520,070993,020294,036136,083687
0000000222,0000221000,085894,080260,070400,029998,026873,083244
0000000223,0000222000,083261,082587,070705,040800,019871,079445
0000000224,0000223000,080405,084271,071878,051630,015825,072660
0000000225,0000224000,077589,085155,073810,061448,015121,063545
0000000226,0000225000,075095,085151,076309,069295,017824,052997
0000000227,0000226000,073175,084258,079121,074385,023672,042058
0000000228,0000227000,072010,082563,081981,076227,032097,031792
0000000229,0000228000,071714,080227,084613,074649,042277,023191
0000000230,0000229000,072316,077488,086750,069802,053203,017111
0000000231,0000230000,073757,074615,088183,062159,063807,014150
0000000232,0000231000,075903,071876,088776,052462,073066,014587
0000000233,0000232000,078537,069546,088472,041668,080067,018381
0000000234,0000233000,081396,067859,087300,030841,084116,025159
0000000235,0000234000,084210,066976,085368,021026,084824,034266
0000000236,0000235000,086706,066980,082868,013182,082125,044809
0000000237,0000236000,088629,067870,080055,008090,076285,055741
0000000238,0000237000,089794,069566,077195,006243,067868,066004
0000000239,0000238000,090091,071903,074561,007818,057695,074603
0000000240,0000239000,089491,074640,072423,012658,046775,080683
0000000241,0000240000,088050,077515,070989,020292,036177,083647
0000000242,0000241000,085903,080257,070394,029983,026919,083214
0000000243,0000242000,083270,082587,070698,040770,019918,079427
0000000244,0000243000,080411,084274,071869,051591,015868,072657
0000000245,0000244000,077593,085161,073801,061403,015156,063557
0000000246,0000245000,075096,085158,076301,069246,017847,053022
0000000247,0000246000,073173,084267,079115,074339,023681,042096
0000000248,0000247000,072005,082573,081976,076189,032090,031837
0000000249,0000248000,071707,080236,084611,074621,042255,023240
0000000250,0000249000,072307,077496,086751,069788,053168,017159
0000000251,0000250000,073747,074621,088186,062161,063762,014193
0000000252,0000251000,075893,071879,088782,052479,073016,014620
0000000253,0000252000,078529,069545,088480,041699,080017,018400
0000000254,0000253000,081389,067857,087309,030884,084070,025162
0000000255,0000254000,084206,066970,085378,021076,084786,034254
0000000256,0000255000,086706,066971,082877,013234,082101,044781
0000000257,0000256000,088631,067860,080063,008139,076276,055701
0000000258,0000257000,089799,069556,077200,006285,067875,065954
0000000259,0000258000,090099,071893,074563,007848,057718,074549
0000000260,0000259000,089501,074632,072422,012672,046812,080631
0000000261,0000260000,088060,077510,070985,020291,036224,083601
0000000262,0000261000,085913,080254,070387,029964,026973,083179
0000000263,0000262000,083279,082587,070689,040736,019973,079407
0000000264,0000263000,080417,084278,071859,051545,015918,072653
0000000265,0000264000,077597,085167,073790,061349,015196,063571
0000000266,0000265000,075098,085166,076291,069190,017873,053052
0000000267,0000266000,073170,084278,079107,074286,023691,042139
0000000268,0000267000,072000,082584,081971,076144,032082,031890
0000000269,0000268000,071699,080246,084609,074589,042229,023298
0000000270,0000269000,072297,077505,086752,069772,053128,017215
0000000271,0000270000,073736,074628,088191,062163,063711,014242
0000000272,0000271000,075883,071882,088790,052500,072958,014658
0000000273,0000272000,078519,069545,088490,041735,079958,018422
0000000274,0000273000,081380,067854,087320,030933,084017,025166
0000000275,0000274000,084202,066963,085389,021134,084743,034239
0000000276,0000275000,086705,066962,082888,013294,082073,044749
0000000277,0000276000,088633,067849,080071,008196,076266,055654
0000000278,0000277000,089805,069544,077206,006334,067884,065898
0000000279,0000278000,090108,071881,074566,007882,057745,074488
0000000280,0000279000,089511,074623,072421,012689,046856,080571
0000000281,0000280000,088072,077503,070980,020288,036279,083548
0000000282,0000281000,085925,080249,070379,029943,027035,083139
0000000283,0000282000,083289,082587,070678,040697,020035,079383
0000000284,0000283000,080425,084282,071847,051492,015974,072649
0000000285,0000284000,077603,085174,073778,061288,015241,063586
0000000286,0000285000,075099,085176,076280,069125,017904,053086
0000000287,0000286000,073167,084290,079097,074225,023702,042189
0000000288,0000287000,071994,082596,081964,076093,032072,031951
0000000289,0000288000,071690,080258,084606,074553,042200,023363
0000000290,0000289000,072285,077516,086754,069754,053082,017279
0000000291,0000290000,073723,074635,088196,062166,063652,014298
0000000292,0000291000,075870,071886,088798,052523,072892,014700
0000000293,0000292000,078508,069546,088501,041777,079892,018447
0000000294,0000293000,081371,067850,087333,030990,083956,025170
0000000295,0000294000,084196,066956,085402,021200,084695,034222
0000000296,0000295000,086703,066951,082900,013363,082041,044712
0000000297,0000296000,088636,067837,080082,008260,076254,055601
0000000298,0000297000,089811,069531,077213,006388,067894,065833
0000000299,0000298000,090118,071868,074569,007920,057777,074418
0000000300,0000299000,089524,074612,072419,012708,046905,080503
0000000301,0000300000,088086,077494,070975,020285,036342,083489
0000000302,0000301000,085939,080245,070370,029917,027105,083094
0000000303,0000302000,083301,082587,070666,040653,020106,079357
0000000304,0000303000,080435,084286,071833,051432,016039,072645
0000000305,0000304000,077609,085182,073764,061218,015293,063605
0000000306,0000305000,075100,085188,076267,069052,017937,053125
0000000307,0000306000,073164,084304,079086,074157,023713,042245
0000000308,0000307000,071987,082610,081957,076035,032061,032020
0000000309,0000308000,071679,080272,084603,074511,042167,023437
0000000310,0000309000,072272,077528,086755,069735,053030,017352
0000000311,0000310000,073709,074644,088202,062170,063585,014361
0000000312,0000311000,075856,071891,088808,052549,072818,014748
0000000313,0000312000,078494,069546,088514,041824,079817,018474
0000000314,0000313000,081361,067845,087348,031054,083887,025175
0000000315,0000314000,084190,066947,085417,021274,084640,034203
0000000316,0000315000,086701,066939,082914,013440,082006,044670
0000000317,0000316000,088639,067823,080093,008333,076241,055541
0000000318,0000317000,089819,069515,077221,006449,067906,065760
0000000319,0000318000,090129,071853,074572,007964,057812,074340
0000000320,0000319000,089537,074599,072418,012729,046960,080426
0000000321,0000320000,088101,077484,070969,020282,036413,083422
0000000322,0000321000,085955,080239,070360,029889,027184,083043
0000000323,0000322000,083315,082587,070653,040602,020186,079328
0000000324,0000323000,080446,084291,071817,051365,016111,072640
0000000325,0000324000,077616,085191,073748,061139,015351,063626
0000000326,0000325000,075102,085200,076252,068971,017975,053170
0000000327,0000326000,073162,084319,079074,074080,023726,042309
0000000328,0000327000,071980,082627,081948,075971,032048,032097
0000000329,0000328000,071667,080288,084599,074466,042130,023520
0000000330,0000329000,072257,077541,086756,069713,052971,017432
0000000331,0000330000,073692,074654,088208,062174,063510,014432
0000000332,0000331000,075839,071896,088819,052579,072734,014802
0000000333,0000332000,078479,069547,088528,041878,079733,018505
0000000334,0000333000,081350,067840,087364,031125,083811,025180
0000000335,0000334000,084183,066937,085434,021357,084579,034180
0000000336,0000335000,086698,066926,082930,013526,081966,044623
0000000337,0000336000,088642,067806,080106,008415,076228,055473
0000000338,0000337000,089827,069497,077230,006517,067920,065679
0000000339,0000338000,090141,071837,074577,008012,057852,074252
0000000340,0000339000,089553,074585,072416,012752,047023,080341
0000000341,0000340000,088119,077473,070962,020277,036492,083347
0000000342,0000341000,085972,080233,070349,029857,027273,082987
0000000343,0000342000,083330,082586,070637,040546,020274,079296
0000000344,0000343000,080459,084295,071800,051289,016191,072635
0000000345,0000344000,077624,085201,073730,061051,015415,063649
0000000346,0000345000,075105,085215,076235,068880,018016,053219
0000000347,0000346000,073159,084336,079060,073995,023741,042380
0000000348,0000347000,071971,082645,081938,075899,032034,032183
0000000349,0000348000,071654,080305,084595,074415,042088,023613
0000000350,0000349000,072240,077557,086757,069689,052905,017522
0000000351,0000350000,073674,074666,088215,062179,063427,014510
0000000352,0000351000,075821,071903,088831,052613,072641,014861
0000000353,0000352000,078463,069548,088544,041937,079639,018539
0000000354,0000353000,081337,067835,087383,031205,083727,025184
0000000355,0000354000,084174,066927,085453,021449,084512,034155
0000000356,0000355000,086696,066911,082947,013622,081923,044571
0000000357,0000356000,088645,067788,080121,008504,076213,055399
0000000358,0000357000,089836,069478,077240,006592,067935,065588
0000000359,0000358000,090155,071818,074582,008064,057896,074155
0000000360,0000359000,089571,074568,072415,012777,047092,080247
0000000361,0000360000,088138,077461,070955,020271,036580,083265
0000000362,0000361000,085991,080226,070336,029821,027370,082925
0000000363,0000362000,083348,082585,070621,040484,020372,079261
0000000364,0000363000,080473,084301,071781,051205,016280,072631
0000000365,0000364000,077633,085212,073710,060954,015485,063676
0000000366,0000365000,075108,085231,076216,068780,018061,053274
0000000367,0000366000,073155,084355,079044,073901,023756,042459
0000000368,0000367000,071962,082665,081927,075821,032018,032278
0000000369,0000368000,071640,080325,084589,074360,042041,023715
0000000370,0000369000,072222,077574,086759,069663,052832,017621
0000000371,0000370000,073654,074679,088222,062185,063335,014596
0000000372,0000371000,075800,071911,088844,052651,072539,014925
0000000373,0000372000,078445,069549,088562,042003,079537,018575
0000000374,0000373000,081322,067830,087403,031293,083634,025189
0000000375,0000374000,084164,066916,085474,021550,084438,034127
0000000376,0000375000,086692,066895,082967,013727,081876,044513
0000000377,0000376000,088649,067768,080137,008603,076197,055316
0000000378,0000377000,089845,069457,077252,006674,067953,065488
0000000379,0000378000,090170,071798,074587,008122,057946,074048
0000000380,0000379000,089590,074550,072414,012804,047168,080144
0000000381,0000380000,088160,077447,070947,020264,036676,083176
0000000382,0000381000,086013,080219,070323,029782,027477,082858
0000000383,0000382000,083368,082584,070602,040414,020479,079222
0000000384,0000383000,080489,084306,071759,051113,016376,072626
0000000385,0000384000,077643,085224,073688,060848,015562,063705
0000000386,0000385000,075112,085248,076195,068670,018110,053335
0000000387,0000386000,073152,084376,079027,073798,023772,042546
0000000388,0000387000,071952,082688,081915,075735,031999,032382
0000000389,0000388000,071624,080347,084583,074301,041989,023826
0000000390,0000389000,072202,077593,086760,069635,052752,017729
0000000391,0000390000,073631,074693,088230,062192,063234,014690
0000000392,0000391000,075777,071920,088858,052693,072427,014995
0000000393,0000392000,078424,069550,088581,042076,079425,018615
0000000394,0000393000,081305,067824,087425,031389,083533,025193
0000000395,0000394000,084153,066904,085498,021662,084358,034096
0000000396,0000395000,086688,066877,082989,013842,081825,044449
0000000397,0000396000,088652,067746,080156,008710,076181,055225
0000000398,0000397000,089856,069433,077266,006763,067973,065380
0000000399,0000398000,090186,071775,074594,008184,058000,073931
0000000400,0000399000,089611,074530,072413,012833,047252,080031
0000000401,0000400000,088184,077432,070939,020256,036782,083078
0000000402,0000401000,081831,083479,073590,021692,031564,086757
0000000403,0000402000,084971,082196,070225,031805,023575,082205
0000000404,0000403000,080328,086852,074369,033415,025416,081676
0000000405,0000404000,080016,083707,072272,054831,017816,066073
0000000406,0000405000,078184,084291,075307,055095,025312,060733
0000000407,0000406000,075963,081414,076089,079928,021276,040318
0000000408,0000407000,077446,078495,077743,078354,031489,032209
0000000409,0000408000,075668,078717,082906,097152,032466,014672
0000000410,0000409000,079186,073019,082025,094616,042323,007650
0000000411,0000410000,078043,074996,088317,099998,047444,-00881
0000000412,0000411000,081898,067972,084599,097341,053888,-03617
0000000413,0000412000,080787,070193,088726,087391,060731,-00544
0000000414,0000413000,084220,066094,085088,084671,061489,002288
0000000415,0000414000,083119,068321,086387,063916,067425,015946
0000000416,0000415000,085035,068975,084654,061011,062236,023395
0000000417,0000416000,084179,070272,082416,037882,065241,042837
0000000418,0000417000,083265,073707,081557,035345,055917,052012
0000000419,0000418000,083382,073784,076859,018158,054973,069768
0000000420,0000419000,080059,078526,076799,017299,045098,077037
0000000421,0000420000,081732,078457,072551,011492,040584,086421
0000000422,0000421000,077860,083272,074080,013529,034010,089115
0000000423,0000422000,080207,082616,071368,020504,027901,086836
0000000424,0000423000,077498,085505,073751,025179,026927,083841
0000000425,0000424000,079094,083340,072555,042026,021892,071038
0000000426,0000425000,078571,083588,075067,047386,026593,063052
0000000427,0000426000,079004,081229,076187,067761,024821,044942
0000000428,0000427000,080518,079141,078469,071362,033317,034996
0000000429,0000428000,079969,077894,081912,087566,035639,018591
0000000430,0000429000,082235,073788,082432,087785,044961,010781
0000000431,0000430000,080919,073679,086508,093492,050246,002084
0000000432,0000431000,082904,068872,084876,089944,057324,-00359
0000000433,0000432000,081296,070080,087941,082862,063321,001572
0000000434,0000433000,082790,067114,085508,076441,065732,005807
0000000435,0000434000,081394,069090,086619,059571,070038,017619
0000000436,0000435000,082190,069092,084347,052269,066925,027088
0000000437,0000436000,081375,070784,082710,032508,067826,044440
0000000438,0000437000,081155,073143,080952,026842,060222,055446
0000000439,0000438000,081381,074273,077464,011770,057514,071697
0000000440,0000439000,080191,078129,076736,010005,048281,079941
0000000441,0000440000,081540,078815,073374,004943,043119,089025
0000000442,0000441000,079740,082616,073956,008224,035805,091360
0000000443,0000442000,081464,082389,071740,014565,030249,089974
0000000444,0000443000,079680,084510,073345,022015,027528,085459
0000000445,0000444000,080861,083075,072765,036902,023907,074215
0000000446,0000445000,079883,083189,075037,045634,026739,064394
0000000447,0000446000,080139,081186,076381,063184,026646,047828
0000000448,0000447000,080312,079421,078759,069601,033941,036420
0000000449,0000448000,079745,077597,081430,083162,037529,020973
0000000450,0000449000,080773,074358,082700,084607,046527,012442
0000000451,0000450000,079812,073259,085632,089074,052350,003858
0000000452,0000451000,081250,069789,085225,084802,059903,001538
0000000453,0000452000,080395,070064,087376,078498,065614,002896
0000000454,0000453000,081837,067870,085744,069949,069066,007933
0000000455,0000454000,081278,069279,086321,055471,072343,018647
0000000456,0000455000,082262,069145,084054,045752,070382,029318
0000000457,0000456000,081976,070933,082690,028908,069804,045345
0000000458,0000457000,082149,072770,080561,021567,063106,057551
0000000459,0000458000,082206,074535,077883,008831,058974,072781
0000000460,0000459000,081490,077686,076627,006585,050087,081817
0000000461,0000460000,081912,078955,073954,002600,044112,090538
0000000462,0000461000,080512,082044,073904,006480,036409,092916
0000000463,0000462000,081119,082271,072194,012462,030911,091912
0000000464,0000463000,079590,083980,073354,021234,027258,086660
0000000465,0000464000,080151,083016,073159,034574,024490,076331
0000000466,0000465000,079199,083003,075191,044951,026284,065368
0000000467,0000466000,079538,081184,076555,060348,027455,049795
0000000468,0000467000,079534,079519,078841,068291,034026,037276
0000000469,0000468000,079561,077444,081095,079896,038751,022483
0000000470,0000469000,080384,074688,082693,082282,047550,013222
0000000471,0000470000,080174,073098,084997,085757,054019,004778
0000000472,0000471000,081419,070377,085266,081510,061866,002322
0000000473,0000472000,081107,070034,086784,075553,067582,003361
0000000474,0000473000,082271,068389,085722,066130,071631,008819
0000000475,0000474000,081905,069327,085896,053112,074288,018902
0000000476,0000475000,082571,069315,083899,042031,072960,030372
0000000477,0000476000,082190,071055,082648,027089,071350,045672
0000000478,0000477000,082193,072677,080468,018505,065114,058792
0000000479,0000478000,081929,074724,078266,007385,059870,073465
0000000480,0000479000,081327,077377,076687,004498,051109,083208
0000000481,0000480000,081295,079010,074489,001371,044329,091692
0000000482,0000481000,080305,081570,074000,005384,036347,094288
0000000483,0000482000,080530,082144,072681,011332,030629,093412
0000000484,0000483000,079529,083538,073478,020881,026431,087790
0000000485,0000484000,079936,082886,073504,033430,024088,077884
0000000486,0000485000,079329,082743,075290,044915,025312,066139
0000000487,0000486000,079749,081072,076617,059063,027375,051057
0000000488,0000487000,079743,079491,078776,068062,033591,037651
0000000489,0000488000,080001,077363,080801,078367,039304,023217
0000000490,0000489000,080543,074929,082550,081394,048106,013284
0000000491,0000490000,080586,073135,084497,083958,055318,004963
0000000492,0000491000,081432,070862,085144,079720,063460,002294
0000000493,0000492000,081297,070151,086279,073571,069432,003225
0000000494,0000493000,082101,068878,085605,063560,073900,008936
0000000495,0000494000,081834,069467,085522,051134,076240,018760
0000000496,0000495000,082308,069593,083823,039163,075254,030819
0000000497,0000496000,081984,071188,082594,025358,072886,045794
0000000498,0000497000,082007,072694,080496,015998,066771,059636
0000000499,0000498000,081726,074780,078558,006139,060564,074039
0000000500,0000499000,081325,077096,076825,002922,051671,084363
0000000501,0000500000,081165,078914,074943,000755,044052,092696
0000000502,0000501000,080481,081098,074189,004969,035732,095525
0000000503,0000502000,080496,081922,073157,011286,029618,094634
0000000504,0000503000,079786,083087,073669,021412,025039,088807
0000000505,0000504000,079979,082675,073844,033654,022873,079029
0000000506,0000505000,079516,082446,075400,045815,023843,066729
0000000507,0000506000,079814,080944,076680,059112,026592,051826
0000000508,0000507000,079763,079451,078700,068625,032786,037740
0000000509,0000508000,080055,077372,080567,077835,039423,023458
0000000510,0000509000,080426,075173,082344,081055,048465,012963
0000000511,0000510000,080631,073307,084054,082670,056489,004728
0000000512,0000511000,081269,071310,084891,078279,064997,001832
0000000513,0000512000,081338,070387,085784,071683,071380,002767
0000000514,0000513000,081976,069347,085369,061276,076162,008631
0000000515,0000514000,081881,069682,085144,049075,078359,018402
0000000516,0000515000,082269,069903,083707,036657,077492,030900
0000000517,0000516000,082033,071321,082499,023656,074500,045790
0000000518,0000517000,082048,072741,080556,013999,068239,060202
0000000519,0000518000,081740,074750,078796,005214,061138,074523
0000000520,0000519000,081396,076843,077048,001981,051890,085332
0000000521,0000520000,081108,078718,075396,000765,043415,093602
0000000522,0000521000,080543,080641,074508,005230,034677,096654
0000000523,0000522000,080382,081626,073668,012047,028080,095706
0000000524,0000523000,079820,082623,073965,022554,023200,089764
0000000525,0000524000,079861,082395,074222,034692,021091,079957
0000000526,0000525000,079520,082119,075553,047181,022011,067246
0000000527,0000526000,079753,080793,076765,059837,025335,052332
0000000528,0000527000,079755,079386,078617,069492,031754,037706
0000000529,0000528000,080092,077416,080337,077764,039272,023418
0000000530,0000529000,080428,075408,082055,080897,048746,012451
0000000531,0000530000,080753,073550,083588,081617,057616,004237
0000000532,0000531000,081284,071747,084510,076970,066577,001120
0000000533,0000532000,081483,070723,085252,069848,073453,002100
0000000534,0000533000,081986,069832,085023,059148,078504,008064
0000000535,0000534000,081981,069987,084745,046985,080662,017902
0000000536,0000535000,082256,070256,083539,034372,079773,030748
0000000537,0000536000,082047,071496,082386,021955,076232,045707
0000000538,0000537000,082004,072824,080640,012299,069640,060590
0000000539,0000538000,081665,074697,079031,004425,061679,074958
0000000540,0000539000,081335,076611,077358,001407,051905,086182
0000000541,0000540000,080981,078447,075884,001099,042560,094457
0000000542,0000541000,080500,080174,074945,005907,033315,097708
0000000543,0000542000,080261,081236,074225,013298,026177,096694
0000000544,0000543000,079824,082109,074358,024120,021015,090672
0000000545,0000544000,079798,082022,074639,036297,018894,080750
0000000546,0000545000,079572,081738,075750,048923,019882,067713
0000000547,0000546000,079771,080591,076869,061080,023720,052673
0000000548,0000547000,079833,079286,078527,070624,030539,037603
0000000549,0000548000,080179,077474,080092,078047,038919,023211
0000000550,0000549000,080499,075642,081696,080856,048985,011852
0000000551,0000550000,080868,073858,083082,080686,058730,003609
0000000552,0000551000,081318,072218,084020,075645,068238,000302
0000000553,0000552000,081574,071164,084669,067928,075664,001346
0000000554,0000553000,081970,070370,084580,056939,080984,007388
0000000555,0000554000,082014,070395,084307,044704,083164,017354
0000000556,0000555000,082199,070668,083309,032047,082163,030489
0000000557,0000556000,082017,071726,082254,020109,078112,045597
0000000558,0000557000,081929,072940,080725,010690,071053,060866
0000000559,0000558000,081589,074638,079274,003674,062236,075351
0000000560,0000559000,081269,076377,077735,001099,051798,086919
0000000561,0000560000,080890,078105,076419,001709,041561,095234
0000000562,0000561000,080468,079668,075487,006993,031722,098650
0000000563,0000562000,080191,080742,074843,015012,024002,097573
0000000564,0000563000,079837,081526,074855,026138,018553,091486
0000000565,0000564000,079772,081551,075111,038415,016383,081415
0000000566,0000565000,079624,081295,076011,051034,017510,068117
0000000567,0000566000,079795,080327,077006,062728,021842,052905
0000000568,0000567000,079904,079152,078446,071938,029184,037479
0000000569,0000568000,080247,077533,079832,078510,038427,022944
0000000570,0000569000,080565,075884,081280,080777,049209,011272
0000000571,0000570000,080954,074225,082520,079688,059856,002976
0000000572,0000571000,081358,072742,083426,074116,069993,-00483
0000000573,0000572000,081645,071706,084011,065765,078002,000626
0000000574,0000573000,081970,070980,084031,054487,083605,006730
0000000575,0000574000,082044,070909,083802,042153,085837,016841
0000000576,0000575000,082160,071148,083004,029579,084666,030205
0000000577,0000576000,081994,072022,082090,018117,080120,045482
0000000578,0000577000,081861,073095,080798,009139,072497,061050
0000000579,0000578000,081519,074588,079529,003001,062820,075670
0000000580,0000579000,081194,076133,078174,001069,051616,087504
0000000581,0000580000,080802,077705,077016,002627,040471,095870
0000000582,0000581000,080413,079109,076134,008505,029966,099413
0000000583,0000582000,080119,080145,075547,017174,021642,098282
0000000584,0000583000,079823,080860,075467,028596,015892,092143
0000000585,0000584000,079744,080974,075658,040970,013657,081932
0000000586,0000585000,079660,080774,076351,053456,014966,068439
0000000587,0000586000,079825,079988,077186,064658,019786,053064
0000000588,0000587000,079980,078973,078378,073340,027733,037374
0000000589,0000588000,080325,077580,079557,079013,037842,022707
0000000590,0000589000,080655,076133,080808,080550,049428,010806
0000000591,0000590000,081050,074647,081888,078498,060991,002458
0000000592,0000591000,081426,073331,082722,072281,071818,-01108
0000000593,0000592000,081720,072352,083259,063282,080428,000057
0000000594,0000593000,081989,071682,083366,051714,086330,006207
0000000595,0000594000,082066,071539,083211,039303,088626,016442
0000000596,0000595000,082121,071715,082617,026925,087251,029969
0000000597,0000596000,081953,072401,081884,015993,082216,045382
0000000598,0000597000,081776,073303,080848,007638,073968,061151
0000000599,0000598000,081430,074561,079799,002441,063427,075872
0000000600,0000599000,081094,075882,078667,001332,051393,087881
0000000601,0000600000,080701,077253,077685,003886,039336,096279
0000000602,0000601000,080337,078484,076889,010463,028119,099905
0000000603,0000602000,080047,079440,076355,019790,019183,098729
0000000604,0000603000,079803,080093,076200,031500,013122,092557
0000000605,0000604000,079731,080278,076297,043930,010815,082247
0000000606,0000605000,079705,080155,076779,056165,012328,068637
0000000607,0000606000,079878,079559,077417,066794,017635,053158
0000000608,0000607000,080074,078737,078334,074768,026231,037316
0000000609,0000608000,080422,077598,079269,079452,037202,022579
0000000610,0000609000,080763,076388,080286,080084,049640,010550
0000000611,0000610000,081154,075121,081181,077007,062118,002186
0000000612,0000611000,081506,073992,081909,070046,073667,-01437
0000000613,0000612000,081789,073105,082399,060392,082879,-00224
0000000614,0000613000,082009,072494,082576,048548,089089,005948
0000000615,0000614000,082071,072295,082519,036118,091449,016257
0000000616,0000615000,082072,072385,082137,024056,089854,029856
0000000617,0000616000,081891,072876,081621,013757,084336,045321
0000000618,0000617000,081676,073576,080868,006205,075433,061166
0000000619,0000618000,081325,074566,080080,002060,064041,075900
0000000620,0000619000,080980,075627,079209,001941,051154,087969
0000000621,0000620000,080593,076756,078429,005561,038199,096342
0000000622,0000621000,080253,077785,077756,012927,026255,099998
0000000623,0000622000,079980,078621,077280,022908,016720,098783
0000000624,0000623000,079783,079209,077063,034879,010348,092608
0000000625,0000624000,079733,079449,077047,047287,007971,082268
0000000626,0000625000,079758,079420,077311,059138,009701,068648
0000000627,0000626000,079948,079024,077713,069067,015485,053175
0000000628,0000627000,080182,078430,078325,076145,024742,037330
0000000629,0000628000,080536,077577,078976,079712,036552,022640
0000000630,0000629000,080885,076643,079718,079271,049845,010616
0000000631,0000630000,081266,075641,080392,075092,063207,002311
0000000632,0000631000,081594,074731,080982,067307,075473,-01307
0000000633,0000632000,081855,073974,081416,057009,085265,-00053
0000000634,0000633000,082029,073433,081648,044929,091776,006105
0000000635,0000634000,082064,073189,081708,032576,094191,016405
0000000636,0000635000,082014,073178,081550,020976,092371,029952
0000000637,0000636000,081812,073466,081286,011458,086383,045332
0000000638,0000637000,081560,073930,080846,004903,076829,061084
0000000639,0000638000,081203,074617,080363,001952,064626,075685
0000000640,0000639000,080850,075377,079793,002991,050908,087658
0000000641,0000640000,080475,076217,079252,007753,037107,095913
0000000642,0000641000,080160,077007,078739,015976,024465,099527
0000000643,0000642000,079915,077686,078334,026588,014372,098272
0000000644,0000643000,079765,078196,078067,038763,007709,092141
0000000645,0000644000,079747,078474,077925,051029,005274,081873
0000000646,0000645000,079823,078550,077958,062335,007223,068388
0000000647,0000646000,080038,078369,078088,071393,013463,053091
0000000648,0000647000,080308,078034,078363,077370,023354,037441
0000000649,0000648000,080668,077501,078689,079661,035946,022977
0000000650,0000649000,081024,076889,079110,077984,050046,011135
0000000651,0000650000,081390,076201,079525,072623,064216,003008
0000000652,0000651000,081691,075548,079941,063958,077146,-00525
0000000653,0000652000,081918,074963,080299,053051,087460,000773
0000000654,0000653000,082044,074509,080573,040811,094237,006865
0000000655,0000654000,082042,074236,080763,028676,096690,017037
0000000656,0000655000,081940,074113,080843,017717,094645,030364
0000000657,0000656000,081710,074185,080864,009174,088219,045459
0000000658,0000657000,081424,074379,080771,003831,078057,060890
0000000659,0000658000,081059,074728,080637,002246,065124,075143
0000000660,0000659000,080703,075144,080410,004603,050658,086812
0000000661,0000660000,080347,075647,080148,010585,036115,094806
0000000662,0000661000,080061,076151,079835,019705,022861,098283
0000000663,0000662000,079854,076632,079522,030896,012295,096981
0000000664,0000663000,079754,077041,079222,043176,005390,090954
0000000665,0000664000,079779,077340,078946,055137,002926,080896
0000000666,0000665000,079907,077530,078735,065694,005089,067742
0000000667,0000666000,080153,077576,078557,073664,011740,052857
0000000668,0000667000,080455,077531,078463,078312,022197,037671
0000000669,0000668000,080823,077356,078418,079144,035461,023686
0000000670,0000669000,081179,077114,078474,076069,050249,012265
0000000671,0000670000,081523,076788,078588,069455,065088,004488
0000000672,0000671000,081791,076438,078790,059885,078564,001150
0000000673,0000672000,081976,076070,079046,048442,089289,002502
0000000674,0000673000,082049,075731,079344,036167,096262,008459
0000000675,0000674000,082000,075444,079673,024440,098715,018346
0000000676,0000675000,081846,075205,080003,014351,096456,031225
0000000677,0000676000,081582,075048,080340,007022,089645,045764
0000000678,0000677000,081264,074940,080630,003133,078970,060568
0000000679,0000678000,080894,074915,080889,003106,065448,074175
0000000680,0000679000,080540,074942,081045,006938,050392,085267
0000000681,0000680000,080209,075058,081107,014203,035289,092796
0000000682,0000681000,079960,075229,081034,024222,021588,096006
0000000683,0000682000,079801,075466,080842,035895,010694,094637
0000000684,0000683000,079757,075744,080528,048124,003644,088793
0000000685,0000684000,079833,076041,080117,059558,001198,079126
0000000686,0000685000,080014,076347,079649,069112,003563,066564
0000000687,0000686000,080295,076633,079135,075729,010552,052409
0000000688,0000687000,080627,076908,078640,078794,021450,038038
0000000689,0000688000,081000,077125,078180,077966,035206,024875
0000000690,0000689000,081349,077299,077829,073346,050476,014190
0000000691,0000690000,081664,077385,077597,065429,065753,006998
0000000692,0000691000,081891,077387,077545,054979,079563,004002
0000000693,0000692000,082024,077285,077667,043124,090516,005435
0000000694,0000693000,082038,077093,077970,031003,097561,011168
0000000695,0000694000,081933,076815,078434,019940,099955,020565
0000000696,0000695000,081725,076461,079024,011003,097495,032702
0000000697,0000696000,081425,076064,079705,005176,090388,046324
0000000698,0000697000,081079,075626,080409,003008,079358,060102
0000000699,0000698000,080706,075195,081097,004742,065471,072674
0000000700,0000699000,080363,074789,081677,010185,050086,082832
0000000701,0000700000,080066,074472,082105,018761,034709,089623
0000000702,0000701000,079863,074262,082311,029625,020829,092393
0000000703,0000702000,079761,074208,082271,041619,009840,090924
0000000704,0000703000,079779,074316,081970,053570,002802,085358
0000000705,0000704000,079914,074585,081432,064183,000454,076309
0000000706,0000705000,080150,075003,080702,072421,003003,064671
0000000707,0000706000,080469,075535,079830,077375,010220,051658
0000000708,0000707000,080826,076154,078906,078580,021360,038553
0000000709,0000708000,081198,076795,077996,075893,035333,026656
0000000710,0000709000,081532,077425,077201,069610,050759,017111
0000000711,0000710000,081807,077964,076586,060388,066125,010814
0000000712,0000711000,081984,078367,076241,049152,079943,008353
0000000713,0000712000,082054,078577,076194,037086,090840,009908
0000000714,0000713000,082002,078571,076474,025390,097762,015313
0000000715,0000714000,081835,078331,077063,015321,099998,023966
0000000716,0000715000,081572,077871,077912,007881,097357,034991
0000000717,0000716000,081234,077230,078955,003888,090088,047236
0000000718,0000717000,080867,076440,080095,003718,078942,059488
0000000719,0000718000,080498,075578,081243,007406,065019,070528
0000000720,0000719000,080177,074706,082274,014549,049695,079307
0000000721,0000720000,079924,073919,083101,024404,034465,085011
0000000722,0000721000,079777,073287,083618,035972,020805,087124
0000000723,0000722000,079743,072898,083766,048039,010064,085499
0000000724,0000723000,079831,072796,083508,059394,003282,080321
0000000725,0000724000,080031,073006,082860,068817,001154,072165
0000000726,0000725000,080322,073521,081875,075364,003866,061863
0000000727,0000726000,080677,074296,080637,078308,011150,050500
0000000728,0000727000,081051,075272,079270,077378,022243,039215
0000000729,0000728000,081415,076356,077888,072657,036038,029135
0000000730,0000729000,081720,077468,076629,064656,051155,021222
0000000731,0000730000,081946,078489,075606,054207,066113,016204
0000000732,0000731000,082059,079330,074937,042378,079465,014517
0000000733,0000732000,082057,079892,074690,030404,089900,016258
0000000734,0000733000,081932,080111,074915,019499,096411,021216
0000000735,0000734000,081699,079943,075605,010835,098347,028825
0000000736,0000735000,081381,079397,076700,005291,095548,038292
0000000737,0000736000,081010,078517,078104,003486,088301,048609
0000000738,0000737000,080630,077371,079685,005579,077377,058734
0000000739,0000738000,080275,076068,081301,011365,063879,067650
0000000740,0000739000,079989,074714,082794,020217,049156,074518
0000000741,0000740000,079793,073441,084032,031218,034649,078722
0000000742,0000741000,079715,072363,084880,043235,021760,079915
0000000743,0000742000,079757,071608,085244,055016,011742,078059
0000000744,0000743000,079921,071259,085061,065356,005558,073389
0000000745,0000744000,080188,071376,084334,073144,003822,066440
0000000746,0000745000,080532,071959,083120,077579,006676,057948
0000000747,0000746000,080917,072960,081533,078161,013814,048826
0000000748,0000747000,081298,074287,079731,074856,024469,040005
0000000749,0000748000,081641,075813,077882,067999,037552,032377
0000000750,0000749000,081903,077407,076164,058331,051737,026660
0000000751,0000750000,082065,078916,074730,046853,065631,023359
0000000752,0000751000,082105,080208,073727,034752,077887,022724
0000000753,0000752000,082022,081143,073258,023289,087320,024734
0000000754,0000753000,081819,081615,073398,013647,093030,029118
0000000755,0000754000,081519,081556,074148,006863,094468,035358
0000000756,0000755000,081151,080956,075454,003647,091531,042771
0000000757,0000756000,080755,079863,077191,004367,084551,050544
0000000758,0000757000,080376,078381,079186,008926,074290,057869
0000000759,0000758000,080050,076653,081248,016853,061812,064004
0000000760,0000759000,079815,074831,083182,027294,048387,068382
0000000761,0000760000,079689,073083,084816,039165,035336,070634
0000000762,0000761000,079691,071566,085989,051236,023920,070624
0000000763,0000762000,079817,070439,086579,062249,015230,068447
0000000764,0000763000,080059,069825,086501,071057,010085,064406
0000000765,0000764000,080391,069813,085739,076710,008970,058989
0000000766,0000765000,080780,070427,084346,078606,011947,052808
0000000767,0000766000,081183,071613,082460,076522,018672,046551
0000000768,0000767000,081556,073254,080272,070692,028402,040878
0000000769,0000768000,081861,075185,078001,061731,040112,036368
0000000770,0000769000,082064,077226,075866,050599,052597,033432
0000000771,0000770000,082149,079194,074052,038452,064621,032301
0000000772,0000771000,082104,080914,072732,026552,075013,033004
0000000773,0000772000,081934,082209,072043,016143,082784,035369
0000000774,0000773000,081654,082945,072071,008316,087215,039061
0000000775,0000774000,081292,083025,072836,003923,087907,043609
0000000776,0000775000,080885,082413,074289,003441,084852,048476
0000000777,0000776000,080480,081160,076290,006941,078426,053090
0000000778,0000777000,080119,079396,078626,014041,069354,056951
0000000779,0000778000,079840,077302,081064,023988,058607,059660
0000000780,0000779000,079673,075068,083374,035717,047300,060987
0000000781,0000780000,079630,072899,085354,048009,036560,060857
0000000782,0000781000,079721,070987,086815,059587,027429,059372
0000000783,0000782000,079934,069522,087614,069235,020766,056792
0000000784,0000783000,080252,068651,087656,075935,017169,053488
0000000785,0000784000,080641,068489,086909,078948,016944,049901
0000000786,0000785000,081060,069087,085414,077943,020033,046486
0000000787,0000786000,081463,070391,083322,073004,026047,043668
0000000788,0000787000,081807,072266,080852,064670,034300,041762
0000000789,0000788000,082055,074519,078256,053829,043894,040969
0000000790,0000789000,082182,076925,075794,041638,053819,041334
0000000791,0000790000,082178,079270,073677,029362,063081,042768
0000000792,0000791000,082041,081351,072096,018282,070769,045051
0000000793,0000792000,081785,082955,071212,009564,076159,047846
0000000794,0000793000,081433,083929,071123,004138,078788,050745
0000000795,0000794000,081022,084160,071850,002611,078461,053334
0000000796,0000795000,080595,083586,073361,005162,075304,055249
0000000797,0000796000,080201,082252,075507,011536,069738,056200
0000000798,0000797000,079880,080305,078061,021046,062416,056057
0000000799,0000798000,079669,077951,080748,032673,054153,054825
0000000800,0000799000,079585,075421,083314,045174,045829,052660
0000000801,0000800000,079637,072932,085542,057263,038288,049819
0000000802,0000801000,079820,070717,087219,067665,032281,046665
0000000803,0000802000,080117,068994,088178,075289,028351,043627
0000000804,0000803000,080500,067912,088334,079303,026819,041150
0000000805,0000804000,080927,067603,087652,079259,027753,039607
0000000806,0000805000,081355,068139,086151,075136,030944,039280
0000000807,0000806000,081734,069468,083996,067367,035948,040299
0000000808,0000807000,082026,071451,081402,056789,042180,042574
0000000809,0000808000,082195,073894,078638,044527,048928,045899
0000000810,0000809000,082233,076522,075995,031903,055446,049902
0000000811,0000810000,082133,079106,073703,020198,061087,054153
0000000812,0000811000,081903,081431,071954,010669,065264,058149
0000000813,0000812000,081569,083250,070931,004305,067600,061406
0000000814,0000813000,081159,084395,070742,001822,067934,063442
0000000815,0000814000,080723,084755,071389,003502,066345,063912
0000000816,0000815000,080300,084270,072847,009191,063102,062651
0000000817,0000816000,079945,082955,074982,018289,058673,059680
0000000818,0000817000,079689,080966,077569,029806,053617,055267
0000000819,0000818000,079563,078517,080320,042529,048518,049843
0000000820,0000819000,079576,075853,082973,055080,043959,043990
0000000821,0000820000,079724,073211,085298,066193,040410,038301
0000000822,0000821000,079999,070840,087068,074666,038253,033424
0000000823,0000822000,080366,068971,088125,079614,037659,029939
0000000824,0000823000,080795,067761,088369,080472,038624,028335
0000000825,0000824000,081235,067348,087779,077127,040928,028925
0000000826,0000825000,081643,067781,086385,069918,044198,031781
0000000827,0000826000,081968,069028,084337,059608,047959,036720
0000000828,0000827000,082183,070969,081822,047323,051723,043256
0000000829,0000828000,082260,073403,079109,034352,055026,050759
0000000830,0000829000,082196,076061,076486,022095,057466,058436
0000000831,0000830000,082000,078698,074186,011793,058792,065505
0000000832,0000831000,081685,081089,072414,004563,058832,071194
0000000833,0000832000,081290,082983,071337,001169,057602,074866
0000000834,0000833000,080847,084207,071072,002006,055299,076010
0000000835,0000834000,080413,084652,071609,007013,052276,074362
0000000836,0000835000,080027,084278,072911,015661,048980,069969
0000000837,0000836000,079739,083094,074856,027037,045896,063166
0000000838,0000837000,079572,081231,077252,039894,043466,054615
0000000839,0000838000,079546,078891,079836,052890,042013,045149
0000000840,0000839000,079662,076309,082354,064620,041757,035756
0000000841,0000840000,079904,073731,084578,073902,042743,027373
0000000842,0000841000,080256,071394,086293,079714,044917,020902
0000000843,0000842000,080672,069535,087348,081447,048040,017054
0000000844,0000843000,081119,068313,087641,078880,051734,016341
0000000845,0000844000,081538,067846,087172,072261,055505,018977
0000000846,0000845000,081894,068159,085986,062301,058814,024816
0000000847,0000846000,082138,069233,084210,050051,061176,033376
0000000848,0000847000,082255,070963,081998,036855,062222,043808
0000000849,0000848000,082225,073167,079594,024087,061753,055107
0000000850,0000849000,082059,075610,077239,013127,059755,066089
0000000851,0000850000,081773,078071,075142,005077,056410,075659
0000000852,0000851000,081392,080315,073510,000840,051996,082809
0000000853,0000852000,080962,082101,072500,000848,046980,086774
0000000854,0000853000,080519,083285,072198,005149,041921,087034
0000000855,0000854000,080123,083762,072593,013290,037443,083456
0000000856,0000855000,079805,083503,073651,024406,034143,076289
0000000857,0000856000,079611,082530,075249,037311,032507,066159
0000000858,0000857000,079551,080970,077222,050596,032844,054057
0000000859,0000858000,079636,078962,079377,062877,035191,041178
0000000860,0000859000,079851,076706,081514,072831,039400,028829
0000000861,0000860000,080176,074439,083409,079449,045072,018241
0000000862,0000861000,080580,072373,084885,081988,051683,010529
0000000863,0000862000,081016,070706,085822,080191,058554,006494
0000000864,0000863000,081444,069599,086118,074207,064958,006633
0000000865,0000864000,081808,069146,085787,064674,070126,011038
0000000866,0000865000,082079,069338,084895,052611,073403,019356
0000000867,0000866000,082218,070166,083537,039309,074319,030821
0000000868,0000867000,082220,071534,081840,026212,072632,044326
0000000869,0000868000,082080,073292,079993,014688,068429,058543
0000000870,0000869000,081818,075273,078160,005979,062064,072017
0000000871,0000870000,081460,077297,076506,000969,054140,083414
0000000872,0000871000,081041,079146,075211,000229,045404,091556
0000000873,0000872000,080609,080631,074393,003823,036764,095590
0000000874,0000873000,080205,081638,074106,011407,029123,095040
0000000875,0000874000,079881,082075,074347,022163,023338,089906
0000000876,0000875000,079664,081927,075081,034941,020122,080624
0000000877,0000876000,079585,081240,076188,048368,019933,068065
0000000878,0000877000,079643,080107,077556,060992,022909,053470
0000000879,0000878000,079837,078622,079060,071491,028838,038272
0000000880,0000879000,080141,076947,080554,078735,037210,023992
0000000881,0000880000,080526,075252,081883,081986,047212,012058
0000000882,0000881000,080951,073691,082935,080868,057876,003692
0000000883,0000882000,081369,072425,083614,075513,068125,-00263
0000000884,0000883000,081739,071577,083852,066463,076895,000642
0000000885,0000884000,082014,071199,083678,054698,083213,006360
0000000886,0000885000,082171,071285,083142,041478,086351,016354
0000000887,0000886000,082187,071816,082317,028226,085873,029662
0000000888,0000887000,082068,072707,081299,016371,081707,044982
0000000889,0000888000,081823,073855,080205,007162,074191,060800
0000000890,0000889000,081482,075155,079120,001586,064007,075531
0000000891,0000890000,081079,076485,078144,000215,052134,087721
0000000892,0000891000,080657,077699,077380,003215,039735,096134
0000000893,0000892000,080263,078684,076887,010255,028076,099916
0000000894,0000893000,079936,079365,076688,020602,018352,098671
0000000895,0000894000,079718,079678,076783,033134,011604,092516
0000000896,0000895000,079626,079631,077134,046506,008600,082045
0000000897,0000896000,079675,079267,077655,059275,009731,068296
0000000898,0000897000,079854,078647,078288,070066,014971,052642
0000000899,0000898000,080146,077836,078967,077739,023874,036625
0000000900,0000899000,080518,076936,079616,081470,035615,021838
0000000901,0000900000,080930,076034,080180,080880,049044,009747
0000000902,0000901000,078205,063838,077731,074949,049981,002451
0000000903,0000902000,079133,057344,084229,062899,049981,000449
0000000904,0000903000,077287,064894,081457,046445,049981,000079
0000000905,0000904000,087421,077913,080674,041226,049981,010916
0000000906,0000905000,098357,072871,082752,041226,049981,023164
0000000907,0000906000,091293,064345,079849,041226,049981,040076
0000000908,0000907000,087610,084561,082781,041226,049981,048909
0000000909,0000908000,076291,086503,058026,041226,049981,048909
0000000910,0000909000,090688,089913,064579,041226,049981,048909
0000000911,0000910000,083212,079526,077646,041226,049981,048909
0000000912,0000911000,063955,080297,078258,041226,049981,048909
0000000913,0000912000,072152,099998,079366,041226,049981,048909
0000000914,0000913000,071937,084041,069963,041226,049981,048909
0000000915,0000914000,075814,073632,089623,041226,049981,048909
0000000916,0000915000,068490,076128,099998,041226,049981,048909
0000000917,0000916000,061847,078000,083596,041226,049981,048909
0000000918,0000917000,082282,080144,085178,041226,049981,048909
0000000919,0000918000,082772,058592,089287,041226,049981,048909
0000000920,0000919000,078661,058112,097550,041226,049981,048909
0000000921,0000920000,082484,073724,090007,041226,049981,048909
0000000922,0000921000,087150,068782,069904,041226,049981,048909
0000000923,0000922000,099998,064436,079440,041226,049981,048909
0000000924,0000923000,090622,060834,083255,041226,049981,048909
0000000925,0000924000,084093,073960,073245,041226,049981,048909
0000000926,0000925000,094270,086620,064918,041226,049981,048909
0000000927,0000926000,092149,074542,062004,041226,049981,048909
0000000928,0000927000,086960,077121,076505,041226,049981,048909
0000000929,0000928000,075738,088250,073891,041226,049981,048909
0000000930,0000929000,074652,092527,062817,041226,049981,048909
0000000931,0000930000,082958,088812,072451,041226,049981,048909
0000000932,0000931000,071310,077337,082791,041226,049981,048909
0000000933,0000932000,064380,085734,087720,041226,049981,048909
0000000934,0000933000,068180,090714,081088,041226,049981,048909
0000000935,0000934000,073296,076118,080675,041226,049981,048909
0000000936,0000935000,076680,067890,097616,041226,049981,048909
0000000937,0000936000,068679,068309,096805,041226,049981,048909
0000000938,0000937000,074553,074872,086287,041226,049981,048909
0000000939,0000938000,088534,068950,083507,041226,049981,048909
0000000940,0000939000,087971,055416,087702,041226,049981,048909
0000000941,0000940000,086106,062782,091304,041226,049981,048909
0000000942,0000941000,087117,072406,076151,041226,049981,048909
0000000943,0000942000,095457,071626,067227,041226,049981,048909
0000000944,0000943000,098337,067811,074877,041226,049981,048909
0000000945,0000944000,086797,070873,074837,041226,049981,048909
0000000946,0000945000,084644,086310,067534,041226,049981,048909
0000000947,0000946000,088076,087744,061272,041226,049981,048909
0000000948,0000947000,085269,080030,068299,041226,049981,048909
0000000949,0000948000,076560,084482,079350,041226,049981,048909
0000000950,0000949000,068362,091547,074043,041226,049981,048909
0000000951,0000950000,073099,092124,071927,041226,049981,048909
0000000952,0000951000,074693,081389,081974,041226,049981,048909
0000000953,0000952000,066822,075323,091345,041226,049981,048909
0000000954,0000953000,065842,082117,091489,041226,049981,048909
0000000955,0000954000,071690,079050,084444,041226,049981,048909
0000000956,0000955000,079449,067453,089273,041226,049981,048909
0000000957,0000956000,079272,061997,097288,041226,049981,048909
0000000958,0000957000,076877,065764,091217,041226,049981,048909
0000000959,0000958000,086247,070372,081821,041226,049981,048909
0000000960,0000959000,093796,063307,079037,041226,049981,048909
0000000961,0000960000,092662,060012,082863,041226,049981,048909
0000000962,0000961000,089564,069763,079319,041226,049981,048909
0000000963,0000962000,090453,077310,066731,041226,049981,048909
0000000964,0000963000,095427,077083,065034,041226,049981,048909
0000000965,0000964000,090796,075008,071018,041226,049981,048909
0000000966,0000965000,081164,082463,071574,041226,049981,048909
0000000967,0000966000,079381,092315,066726,041226,049981,048909
0000000968,0000967000,080017,089027,066152,041226,049981,048909
0000000969,0000968000,076467,083357,077026,041226,049981,048909
0000000970,0000969000,068080,085270,083907,041226,049981,048909
0000000971,0000970000,065543,089032,080551,041226,049981,048909
0000000972,0000971000,071651,084615,081748,041226,049981,048909
0000000973,0000972000,072735,072821,090267,041226,049981,048909
0000000974,0000973000,069566,070438,096372,041226,049981,048909
0000000975,0000974000,071531,074251,091696,041226,049981,048909
0000000976,0000975000,080038,069648,085579,041226,049981,048909
0000000977,0000976000,087046,061139,089350,041226,049981,048909
0000000978,0000977000,085269,059860,091195,041226,049981,048909
0000000979,0000978000,085897,067289,082887,041226,049981,048909
0000000980,0000979000,093595,070631,073296,041226,049981,048909
0000000981,0000980000,096689,065890,072960,041226,049981,048909
0000000982,0000981000,092499,068451,076129,041226,049981,048909
0000000983,0000982000,087270,079596,069836,041226,049981,048909
0000000984,0000983000,088624,084697,062570,041226,049981,048909
0000000985,0000984000,089289,082118,066039,041226,049981,048909
0000000986,0000985000,080399,082483,072966,041226,049981,048909
0000000987,0000986000,072762,090372,073600,041226,049981,048909
0000000988,0000987000,073140,092823,070950,041226,049981,048909
0000000989,0000988000,073889,085369,076608,041226,049981,048909
0000000990,0000989000,069225,080169,087881,041226,049981,048909
0000000991,0000990000,064915,082126,089113,041226,049981,048909
0000000992,0000991000,068901,081759,085830,041226,049981,048909
0000000993,0000992000,075530,072268,089185,041226,049981,048909
0000000994,0000993000,075923,064821,095208,041226,049981,048909
0000000995,0000994000,076056,066774,094219,041226,049981,048909
0000000996,0000995000,082260,068121,086040,041226,049981,048909
0000000997,0000996000,090175,063449,082699,041226,049981,048909
0000000998,0000997000,091953,060500,084556,041226,049981,048909
0000000999,0000998000,089814,065689,080557,041226,049981,048909
0000001000,0000999000,092004,073236,071601,041226,049981,048909
0000001001,0001000000,095276,073980,067347,041226,049981,048909
0000001002,0001001000,092799,073671,069778,041226,049981,048909
0000001003,0001002000,086203,080447,070327,041226,049981,048909
0000001004,0001003000,082262,088086,065850,041226,049981,048909
0000001005,0001004000,081959,088937,065767,041226,049981,048909
0000001006,0001005000,078221,085621,072872,041226,049981,048909
0000001007,0001006000,070973,086410,078853,041226,049981,048909
0000001008,0001007000,067743,089778,079378,041226,049981,048909
0000001009,0001008000,069466,086457,080424,041226,049981,048909
0000001010,0001009000,070718,078271,087538,041226,049981,048909
0000001011,0001010000,069015,073993,093759,041226,049981,048909
0000001012,0001011000,069684,074276,092306,041226,049981,048909
0000001013,0001012000,076281,071399,089121,041226,049981,048909
0000001014,0001013000,082481,063819,090178,041226,049981,048909
0000001015,0001014000,083923,060862,091655,041226,049981,048909
0000001016,0001015000,085375,064835,086566,041226,049981,048909
0000001017,0001016000,090885,067317,078111,041226,049981,048909
0000001018,0001017000,095672,065542,075493,041226,049981,048909
0000001019,0001018000,094029,066639,075903,041226,049981,048909
0000001020,0001019000,090273,074718,071416,041226,049981,048909
0000001021,0001020000,090087,081824,064843,041226,049981,048909
0000001022,0001021000,090161,081321,064893,041226,049981,048909
0000001023,0001022000,084596,082012,070022,041226,049981,048909
0000001024,0001023000,076242,088574,071786,041226,049981,048909
0000001025,0001024000,074524,092076,069822,041226,049981,048909
0000001026,0001025000,074916,088121,073669,041226,049981,048909
0000001027,0001026000,069934,082901,083647,041226,049981,048909
0000001028,0001027000,065640,084091,086788,041226,049981,048909
0000001029,0001028000,067573,083811,085269,041226,049981,048909
0000001030,0001029000,072521,075251,088622,041226,049981,048909
0000001031,0001030000,073746,068045,094911,041226,049981,048909
0000001032,0001031000,073792,068075,094663,041226,049981,048909
0000001033,0001032000,079769,068139,088576,041226,049981,048909
0000001034,0001033000,087851,063287,085528,041226,049981,048909
0000001035,0001034000,089690,060273,086451,041226,049981,048909
0000001036,0001035000,089197,064570,082881,041226,049981,048909
0000001037,0001036000,092484,070317,073758,041226,049981,048909
0000001038,0001037000,095798,070700,069989,041226,049981,048909
0000001039,0001038000,093883,071674,071086,041226,049981,048909
0000001040,0001039000,088189,079101,069192,041226,049981,048909
0000001041,0001040000,085684,085712,065172,041226,049981,048909
0000001042,0001041000,084591,086544,065466,041226,049981,048909
0000001043,0001042000,079358,085940,071172,041226,049981,048909
0000001044,0001043000,072975,088382,075285,041226,049981,048909
0000001045,0001044000,070022,090417,076070,041226,049981,048909
0000001046,0001045000,069917,087050,079581,041226,049981,048909
0000001047,0001046000,069036,081092,086476,041226,049981,048909
0000001048,0001047000,067564,077938,090977,041226,049981,048909
0000001049,0001048000,069295,076231,091090,041226,049981,048909
0000001050,0001049000,074243,071605,090687,041226,049981,048909
0000001051,0001050000,078675,065570,092287,041226,049981,048909
0000001052,0001051000,081397,063034,092178,041226,049981,048909
0000001053,0001052000,084708,064244,087540,041226,049981,048909
0000001054,0001053000,089890,064834,081866,041226,049981,048909
0000001055,0001054000,093780,064044,078732,041226,049981,048909
0000001056,0001055000,093799,066157,076567,041226,049981,048909
0000001057,0001056000,092367,072324,071915,041226,049981,048909
0000001058,0001057000,091948,077917,066652,041226,049981,048909
0000001059,0001058000,091028,079607,065925,041226,049981,048909
0000001060,0001059000,086451,081870,068252,041226,049981,048909
0000001061,0001060000,079852,087544,069110,041226,049981,048909
0000001062,0001061000,076629,091016,068968,041226,049981,048909
0000001063,0001062000,075181,088775,072576,041226,049981,048909
0000001064,0001063000,070821,085608,080122,041226,049981,048909
0000001065,0001064000,066461,085624,084482,041226,049981,048909
0000001066,0001065000,067123,084543,084845,041226,049981,048909
0000001067,0001066000,070620,077731,088249,041226,049981,048909
0000001068,0001067000,072183,070249,094109,041226,049981,048909
0000001069,0001068000,072457,069681,094413,041226,049981,048909
0000001070,0001069000,077538,068896,090112,041226,049981,048909
0000001071,0001070000,085946,063175,087441,041226,049981,048909
0000001072,0001071000,087822,060435,088301,041226,049981,048909
0000001073,0001072000,087932,063921,084724,041226,049981,048909
0000001074,0001073000,092764,068762,074963,041226,049981,048909
0000001075,0001074000,096126,068100,072374,041226,049981,048909
0000001076,0001075000,094045,069458,073028,041226,049981,048909
0000001077,0001076000,089016,078919,068698,041226,049981,048909
0000001078,0001077000,088599,083414,064475,041226,049981,048909
0000001079,0001078000,087674,083136,065714,041226,049981,048909
0000001080,0001079000,079684,086120,070736,041226,049981,048909
0000001081,0001080000,073924,090565,072121,041226,049981,048909
0000001082,0001081000,073149,090777,072680,041226,049981,048909
0000001083,0001082000,070951,086024,079557,041226,049981,048909
0000001084,0001083000,066981,082900,086595,041226,049981,048909
0000001085,0001084000,066423,082381,087731,041226,049981,048909
0000001086,0001085000,070154,077741,088718,041226,049981,048909
0000001087,0001086000,073660,069860,093060,041226,049981,048909
0000001088,0001087000,074721,067267,094596,041226,049981,048909
0000001089,0001088000,078557,066898,091019,041226,049981,048909
0000001090,0001089000,086037,063812,086698,041226,049981,048909
0000001091,0001090000,089418,061445,085698,041226,049981,048909
0000001092,0001091000,090390,063178,083026,041226,049981,048909
0000001093,0001092000,093056,068098,075413,041226,049981,048909
0000001094,0001093000,095039,070523,070977,041226,049981,048909
0000001095,0001094000,093855,072847,069811,041226,049981,048909
0000001096,0001095000,089781,078697,068100,041226,049981,048909
0000001097,0001096000,086975,083593,065979,041226,049981,048909
0000001098,0001097000,084176,086300,066114,041226,049981,048909
0000001099,0001098000,078549,088255,069729,041226,049981,048909
0000001100,0001099000,074188,089094,073267,041226,049981,048909
0000001101,0001100000,071242,088921,076385,041226,049981,048909
