0000000001,0000000000,088339,087440,072575,085738,089037,074379
0000000002,0000001000,085791,089873,072690,082722,091754,074678
0000000003,0000002000,082940,091728,073688,079426,093745,075983
0000000004,0000003000,080091,092793,075470,076167,094819,078168
0000000005,0000004000,077513,092970,077872,073264,094867,081023
0000000006,0000005000,075436,092268,080651,071005,093887,084262
0000000007,0000006000,074092,090735,083526,069609,091976,087569
0000000008,0000007000,073619,088505,086231,069214,089316,090624
0000000009,0000008000,074027,085826,088501,069856,086171,093127
0000000010,0000009000,075293,082961,090101,071473,082851,094830
0000000011,0000010000,077316,080159,090880,073910,079676,095567
0000000012,0000011000,079874,077714,090766,076926,076959,095269
0000000013,0000012000,082704,075881,089769,080222,074968,093964
0000000014,0000013000,085558,074810,087985,083483,073893,091778
0000000015,0000014000,088155,074616,085583,086384,073846,088924
0000000016,0000015000,090214,075335,082806,088642,074827,085684
0000000017,0000016000,091551,076874,079930,090040,076736,082378
0000000018,0000017000,092048,079083,077224,090436,079396,079323
0000000019,0000018000,091629,081770,074955,089790,082544,076820
0000000020,0000019000,090348,084652,073355,088175,085862,075117
0000000021,0000020000,088344,087434,072576,085740,089034,074379
0000000022,0000021000,085790,089875,072689,082721,091755,074678
0000000023,0000022000,082938,091730,073687,079424,093747,075983
0000000024,0000023000,080094,092790,075471,076168,094817,078169
0000000025,0000024000,077512,092971,077873,073263,094868,081023
0000000026,0000025000,075435,092270,080650,071003,093889,084262
0000000027,0000026000,074094,090734,083526,069609,091976,087569
0000000028,0000027000,073617,088505,086232,069213,089317,090624
0000000029,0000028000,074026,085827,088501,069855,086172,093127
0000000030,0000029000,075295,082959,090101,071473,082851,094830
0000000031,0000030000,077315,080159,090880,073909,079677,095568
0000000032,0000031000,079872,077716,090767,076925,076960,095269
0000000033,0000032000,082706,075879,089769,080223,074967,093964
0000000034,0000033000,085560,074809,087985,083481,073894,091778
0000000035,0000034000,088152,074618,085584,086383,073847,088924
0000000036,0000035000,090213,075335,082806,088643,074826,085685
0000000037,0000036000,091555,076870,079929,090039,076737,082378
0000000038,0000037000,092046,079084,077225,090434,079397,079323
0000000039,0000038000,091626,081773,074955,089791,082543,076820
0000000040,0000039000,090352,084647,073355,088175,085862,075117
0000000041,0000040000,088346,087433,072576,085739,089036,074379
0000000042,0000041000,085784,089880,072689,082721,091755,074678
0000000043,0000042000,082940,091728,073686,079424,093746,075983
0000000044,0000043000,080098,092786,075470,076167,094818,078169
0000000045,0000044000,077507,092975,077872,073263,094868,081023
0000000046,0000045000,075433,092271,080650,071004,093888,084262
0000000047,0000046000,074100,090729,083526,069609,091976,087569
0000000048,0000047000,073615,088508,086232,069212,089318,090623
0000000049,0000048000,074022,085832,088501,069855,086172,093126
0000000050,0000049000,075299,082955,090101,071473,082851,094830
0000000051,0000050000,077316,080158,090880,073908,079679,095567
0000000052,0000051000,079866,077721,090767,076924,076961,095269
0000000053,0000052000,082707,075877,089770,080223,074967,093964
0000000054,0000053000,085563,074805,087986,083480,073895,091778
0000000055,0000054000,088148,074622,085584,086381,073848,088925
0000000056,0000055000,090213,075336,082806,088643,074826,085685
0000000057,0000056000,091559,076866,079930,090038,076737,082379
0000000058,0000057000,092045,079085,077225,090432,079398,079324
0000000059,0000058000,091625,081774,074955,089791,082542,076821
0000000060,0000059000,090356,084644,073355,088175,085861,075118
0000000061,0000060000,088346,087432,072575,085738,089036,074380
0000000062,0000061000,085783,089883,072689,082721,091754,074678
0000000063,0000062000,082943,091726,073686,079425,093745,075984
0000000064,0000063000,080099,092785,075470,076167,094818,078169
0000000065,0000064000,077505,092978,077871,073264,094868,081022
0000000066,0000065000,075434,092271,080649,071005,093888,084262
0000000067,0000066000,074101,090728,083525,069609,091976,087568
0000000068,0000067000,073612,088511,086231,069213,089318,090623
0000000069,0000068000,074022,085833,088500,069856,086172,093126
0000000070,0000069000,075300,082954,090101,071473,082852,094829
0000000071,0000070000,077313,080160,090881,073907,079680,095567
0000000072,0000071000,079865,077722,090768,076924,076962,095268
0000000073,0000072000,082709,075875,089770,080222,074969,093963
0000000074,0000073000,085561,074806,087987,083478,073897,091778
0000000075,0000074000,088146,074623,085585,086380,073848,088925
0000000076,0000075000,090215,075332,082807,088641,074826,085686
0000000077,0000076000,091559,076864,079931,090036,076738,082380
0000000078,0000077000,092042,079087,077225,090431,079397,079325
0000000079,0000078000,091627,081772,074956,089790,082541,076822
0000000080,0000079000,090359,084641,073355,088173,085861,075119
0000000081,0000080000,088344,087435,072575,085738,089035,074381
0000000082,0000081000,085784,089882,072688,082722,091752,074679
0000000083,0000082000,082947,091723,073685,079425,093744,075984
0000000084,0000083000,080098,092788,075469,076168,094817,078169
0000000085,0000084000,077504,092981,077870,073266,094866,081022
0000000086,0000085000,075438,092269,080648,071006,093887,084261
0000000087,0000086000,074100,090729,083524,069610,091977,087567
0000000088,0000087000,073609,088515,086230,069214,089318,090621
0000000089,0000088000,074022,085832,088500,069857,086173,093124
0000000090,0000089000,075300,082953,090101,071473,082854,094827
0000000091,0000090000,077309,080164,090882,073907,079682,095565
0000000092,0000091000,079864,077723,090768,076923,076963,095267
0000000093,0000092000,082710,075872,089772,080220,074971,093963
0000000094,0000093000,085558,074808,087989,083476,073899,091778
0000000095,0000094000,088144,074623,085587,086379,073849,088925
0000000096,0000095000,090217,075328,082809,088639,074827,085687
0000000097,0000096000,091559,076863,079933,090034,076739,082382
0000000098,0000097000,092042,079087,077226,090430,079397,079327
0000000099,0000098000,091630,081768,074956,089789,082540,076825
0000000100,0000099000,090360,084639,073355,088172,085860,075122
0000000101,0000100000,088344,087435,072574,085738,089033,074383
0000000102,0000101000,085787,089880,072686,082723,091750,074681
0000000103,0000102000,082950,091722,073683,079427,093742,075985
0000000104,0000103000,080098,092790,075467,076170,094815,078169
0000000105,0000104000,077505,092982,077868,073268,094864,081022
0000000106,0000105000,075440,092269,080646,071008,093886,084260
0000000107,0000106000,074098,090733,083523,069612,091977,087565
0000000108,0000107000,073607,088518,086229,069217,089318,090619
0000000109,0000108000,074023,085832,088499,069858,086174,093121
0000000110,0000109000,075297,082956,090101,071473,082856,094824
0000000111,0000110000,077305,080167,090882,073907,079684,095563
0000000112,0000111000,079863,077722,090770,076922,076966,095265
0000000113,0000112000,082708,075872,089774,080218,074974,093962
0000000114,0000113000,085554,074809,087991,083474,073902,091778
0000000115,0000114000,088144,074621,085589,086376,073851,088926
0000000116,0000115000,090218,075325,082811,088636,074829,085689
0000000117,0000116000,091557,076863,079935,090031,076739,082384
0000000118,0000117000,092043,079084,077227,090427,079396,079330
0000000119,0000118000,091634,081764,074957,089787,082539,076828
0000000120,0000119000,090361,084638,073355,088171,085858,075125
0000000121,0000120000,088347,087435,072573,085738,089030,074386
0000000122,0000121000,085792,089878,072685,082724,091746,074683
0000000123,0000122000,082952,091722,073681,079428,093739,075986
0000000124,0000123000,080098,092793,075464,076173,094812,078169
0000000125,0000124000,077508,092982,077865,073272,094861,081021
0000000126,0000125000,075440,092271,080643,071012,093885,084258
0000000127,0000126000,074096,090738,083520,069616,091976,087562
0000000128,0000127000,073607,088520,086227,069220,089319,090615
0000000129,0000128000,074022,085834,088499,069860,086176,093118
0000000130,0000129000,075293,082960,090102,071474,082859,094821
0000000131,0000130000,077302,080169,090883,073907,079687,095559
0000000132,0000131000,079861,077721,090772,076921,076970,095263
0000000133,0000132000,082704,075873,089777,080215,074978,093960
0000000134,0000133000,085551,074809,087994,083471,073905,091778
0000000135,0000134000,088144,074617,085593,086372,073854,088927
0000000136,0000135000,090217,075322,082815,088631,074831,085691
0000000137,0000136000,091557,076861,079937,090027,076740,082387
0000000138,0000137000,092046,079079,077229,090424,079395,079334
0000000139,0000138000,091637,081760,074958,089784,082538,076832
0000000140,0000139000,090363,084636,073354,088170,085855,075129
0000000141,0000140000,088351,087432,072571,085738,089025,074390
0000000142,0000141000,085797,089875,072682,082726,091742,074686
0000000143,0000142000,082954,091723,073677,079431,093735,075988
0000000144,0000143000,080101,092794,075459,076177,094807,078170
0000000145,0000144000,077511,092983,077861,073276,094858,081020
0000000146,0000145000,075440,092275,080639,071016,093882,084255
0000000147,0000146000,074094,090743,083517,069621,091975,087558
0000000148,0000147000,073606,088523,086225,069224,089319,090611
0000000149,0000148000,074018,085838,088498,069863,086179,093112
0000000150,0000149000,075287,082965,090102,071476,082863,094816
0000000151,0000150000,077298,080171,090885,073907,079692,095555
0000000152,0000151000,079857,077722,090775,076919,076976,095259
0000000153,0000152000,082699,075875,089781,080212,074984,093958
0000000154,0000153000,085548,074807,087999,083466,073910,091777
0000000155,0000154000,088143,074613,085598,086366,073859,088929
0000000156,0000155000,090216,075320,082819,088625,074834,085694
0000000157,0000156000,091557,076856,079941,090021,076741,082392
0000000158,0000157000,092050,079073,077232,090419,079395,079340
0000000159,0000158000,091640,081755,074959,089780,082535,076838
0000000160,0000159000,090367,084633,073354,088168,085851,075135
0000000161,0000160000,088357,087428,072569,085738,089020,074395
0000000162,0000161000,085802,089873,072679,082727,091736,074690
0000000163,0000162000,082957,091725,073673,079435,093728,075991
0000000164,0000163000,080106,092795,075454,076182,094802,078170
0000000165,0000164000,077514,092985,077855,073282,094854,081018
0000000166,0000165000,075439,092281,080634,071023,093879,084252
0000000167,0000166000,074094,090748,083513,069627,091974,087553
0000000168,0000167000,073604,088528,086222,069229,089320,090605
0000000169,0000168000,074013,085844,088497,069866,086182,093106
0000000170,0000169000,075282,082970,090102,071478,082867,094809
0000000171,0000170000,077294,080174,090887,073907,079698,095549
0000000172,0000171000,079851,077724,090779,076916,076983,095255
0000000173,0000172000,082693,075876,089786,080208,074991,093955
0000000174,0000173000,085545,074804,088004,083460,073916,091777
0000000175,0000174000,088141,074609,085604,086359,073864,088930
0000000176,0000175000,090214,075316,082825,088618,074838,085698
0000000177,0000176000,091559,076850,079945,090015,076742,082397
0000000178,0000177000,092053,079066,077235,090413,079394,079347
0000000179,0000178000,091644,081750,074960,089776,082532,076846
0000000180,0000179000,090373,084628,073353,088166,085845,075142
0000000181,0000180000,088365,087423,072567,085739,089013,074402
0000000182,0000181000,085808,089872,072675,082730,091729,074695
0000000183,0000182000,082963,091725,073667,079440,093721,075994
0000000184,0000183000,080111,092796,075448,076188,094794,078171
0000000185,0000184000,077517,092989,077849,073290,094848,081016
0000000186,0000185000,075440,092287,080628,071031,093876,084248
0000000187,0000186000,074093,090754,083507,069635,091972,087547
0000000188,0000187000,073601,088535,086219,069235,089322,090597
0000000189,0000188000,074007,085852,088495,069871,086185,093097
0000000190,0000189000,075276,082976,090103,071480,082873,094801
0000000191,0000190000,077287,080177,090890,073907,079705,095542
0000000192,0000191000,079843,077727,090784,076913,076991,095249
0000000193,0000192000,082686,075876,089792,080203,074999,093952
0000000194,0000193000,085541,074801,088012,083453,073924,091776
0000000195,0000194000,088137,074606,085612,086351,073871,088932
0000000196,0000195000,090212,075310,082832,088609,074842,085702
0000000197,0000196000,091562,076842,079951,090006,076744,082404
0000000198,0000197000,092057,079058,077239,090406,079393,079355
0000000199,0000198000,091649,081743,074962,089771,082528,076855
0000000200,0000199000,090381,084621,073352,088164,085839,075151
0000000201,0000200000,088373,087417,072564,085739,089005,074410
0000000202,0000201000,085815,089870,072669,082733,091719,074701
0000000203,0000202000,082970,091725,073659,079446,093711,075997
0000000204,0000203000,080117,092798,075439,076196,094786,078172
0000000205,0000204000,077520,092995,077840,073299,094841,081014
0000000206,0000205000,075440,092294,080620,071041,093871,084242
0000000207,0000206000,074092,090761,083501,069644,091970,087539
0000000208,0000207000,073596,088544,086214,069243,089323,090588
0000000209,0000208000,074000,085861,088493,069877,086190,093087
0000000210,0000209000,075268,082982,090104,071483,082880,094791
0000000211,0000210000,077278,080182,090894,073906,079715,095533
0000000212,0000211000,079834,077731,090790,076910,077002,095243
0000000213,0000212000,082679,075875,089800,080196,075009,093948
0000000214,0000213000,085535,074798,088021,083444,073934,091776
0000000215,0000214000,088133,074601,085621,086340,073878,088935
0000000216,0000215000,090212,075303,082840,088599,074847,085708
0000000217,0000216000,091564,076832,079958,089996,076746,082413
0000000218,0000217000,092061,079049,077244,090397,079391,079365
0000000219,0000218000,091656,081734,074964,089765,082523,076866
0000000220,0000219000,090391,084612,073351,088161,085831,075162
0000000221,0000220000,088383,087412,072560,085739,088995,074420
0000000222,0000221000,085824,089867,072662,082737,091708,074709
0000000223,0000222000,082979,091724,073651,079453,093699,076002
0000000224,0000223000,080124,092801,075430,076206,094775,078173
0000000225,0000224000,077523,093001,077830,073310,094833,081011
0000000226,0000225000,075442,092302,080611,071053,093865,084236
0000000227,0000226000,074090,090771,083493,069655,091968,087530
0000000228,0000227000,073590,088555,086209,069252,089325,090576
0000000229,0000228000,073992,085871,088491,069884,086195,093075
0000000230,0000229000,075259,082991,090105,071486,082888,094779
0000000231,0000230000,077267,080189,090898,073906,079726,095523
0000000232,0000231000,079823,077735,090797,076906,077014,095235
0000000233,0000232000,082670,075875,089810,080188,075022,093944
0000000234,0000233000,085527,074795,088032,083433,073946,091775
0000000235,0000234000,088127,074595,085632,086328,073887,088938
0000000236,0000235000,090211,075293,082850,088586,074853,085715
0000000237,0000236000,091567,076821,079967,089983,076748,082423
0000000238,0000237000,092066,079038,077250,090387,079389,079378
0000000239,0000238000,091665,081723,074966,089758,082517,076879
0000000240,0000239000,090402,084602,073350,088157,085822,075175
0000000241,0000240000,088394,087405,072555,085739,088983,074431
0000000242,0000241000,085836,089864,072655,082742,091695,074717
0000000243,0000242000,082990,091724,073641,079461,093686,076007
0000000244,0000243000,080132,092805,075418,076217,094763,078173
0000000245,0000244000,077528,093009,077818,073324,094823,081008
0000000246,0000245000,075444,092311,080599,071067,093859,084229
0000000247,0000246000,074088,090783,083484,069668,091966,087519
0000000248,0000247000,073584,088568,086203,069264,089327,090563
0000000249,0000248000,073983,085883,088488,069892,086201,093061
0000000250,0000249000,075248,083001,090106,071490,082899,094765
0000000251,0000250000,077254,080197,090904,073905,079739,095510
0000000252,0000251000,079810,077739,090806,076901,077028,095225
0000000253,0000252000,082659,075875,089821,080179,075036,093938
0000000254,0000253000,085518,074791,088045,083421,073959,091774
0000000255,0000254000,088122,074587,085645,086314,073898,088942
0000000256,0000255000,090210,075282,082863,088571,074860,085723
0000000257,0000256000,091569,076809,079977,089969,076750,082434
0000000258,0000257000,092073,079025,077257,090375,079387,079392
0000000259,0000258000,091675,081710,074969,089749,082510,076895
0000000260,0000259000,090414,084591,073349,088153,085811,075190
0000000261,0000260000,088407,087397,072550,085740,088970,074444
0000000262,0000261000,085850,089859,072645,082747,091679,074727
0000000263,0000262000,083003,091723,073629,079471,093670,076012
0000000264,0000263000,080141,092809,075404,076231,094749,078174
0000000265,0000264000,077534,093017,077804,073339,094811,081004
0000000266,0000265000,075446,092322,080586,071083,093851,084220
0000000267,0000266000,074084,090797,083473,069683,091963,087507
0000000268,0000267000,073577,088582,086195,069276,089329,090548
0000000269,0000268000,073973,085896,088485,069901,086208,093045
0000000270,0000269000,075234,083013,090108,071494,082910,094749
0000000271,0000270000,077239,080207,090909,073904,079753,095496
0000000272,0000271000,079796,077743,090815,076895,077045,095215
0000000273,0000272000,082646,075875,089834,080169,075053,093932
0000000274,0000273000,085507,074787,088060,083407,073974,091773
0000000275,0000274000,088116,074579,085660,086297,073910,088946
0000000276,0000275000,090208,075269,082877,088553,074868,085732
0000000277,0000276000,091572,076794,079989,089953,076753,082448
0000000278,0000277000,092080,079009,077265,090361,079384,079408
0000000279,0000278000,091687,081694,074973,089739,082502,076912
0000000280,0000279000,090428,084579,073347,088148,085798,075207
0000000281,0000280000,088423,087388,072543,085741,088954,074459
0000000282,0000281000,085866,089853,072635,082754,091661,074739
0000000283,0000282000,083017,091723,073615,079482,093653,076019
0000000284,0000283000,080152,092814,075388,076246,094733,078175
0000000285,0000284000,077542,093026,077787,073357,094798,080999
0000000286,0000285000,075448,092336,080571,071101,093843,084210
0000000287,0000286000,074081,090813,083461,069701,091960,087492
0000000288,0000287000,073569,088599,086186,069291,089332,090530
0000000289,0000288000,073961,085912,088481,069911,086217,093026
0000000290,0000289000,075218,083027,090109,071499,082924,094731
0000000291,0000290000,077222,080217,090916,073903,079770,095480
0000000292,0000291000,079780,077748,090827,076888,077064,095202
0000000293,0000292000,082630,075875,089849,080156,075072,093925
0000000294,0000293000,085495,074782,088077,083390,073992,091772
0000000295,0000294000,088108,074568,085677,086278,073924,088951
0000000296,0000295000,090206,075255,082893,088534,074877,085743
0000000297,0000296000,091575,076778,080002,089934,076756,082463
0000000298,0000297000,092089,078991,077274,090346,079381,079427
0000000299,0000298000,091700,081677,074977,089728,082493,076932
0000000300,0000299000,090444,084564,073346,088143,085784,075227
0000000301,0000300000,088441,087377,072536,085742,088935,074476
0000000302,0000301000,085884,089847,072623,082761,091641,074752
0000000303,0000302000,083032,091723,073599,079495,093632,076026
0000000304,0000303000,080165,092820,075370,076263,094714,078176
0000000305,0000304000,077550,093036,077769,073377,094783,080994
0000000306,0000305000,075450,092351,080554,071122,093833,084199
0000000307,0000306000,074077,090831,083446,069721,091957,087476
0000000308,0000307000,073560,088618,086176,069308,089335,090511
0000000309,0000308000,073947,085930,088477,069923,086227,093004
0000000310,0000309000,075200,083043,090111,071505,082939,094710
0000000311,0000310000,077203,080229,090923,073902,079790,095462
0000000312,0000311000,079761,077755,090839,076880,077085,095189
0000000313,0000312000,082613,075876,089866,080143,075094,093917
0000000314,0000313000,085482,074777,088096,083372,074011,091771
0000000315,0000314000,088100,074557,085697,086257,073940,088957
0000000316,0000315000,090203,075240,082911,088511,074887,085755
0000000317,0000316000,091579,076759,080017,089913,076760,082481
0000000318,0000317000,092099,078971,077285,090328,079378,079448
0000000319,0000318000,091715,081658,074982,089716,082483,076955
0000000320,0000319000,090463,084548,073344,088137,085768,075249
0000000321,0000320000,088462,087364,072528,085743,088915,074495
0000000322,0000321000,085904,089840,072610,082769,091618,074766
0000000323,0000322000,083050,091723,073581,079510,093609,076035
0000000324,0000323000,080179,092826,075349,076283,094693,078178
0000000325,0000324000,077559,093048,077748,073400,094767,080987
0000000326,0000325000,075452,092368,080534,071145,093823,084186
0000000327,0000326000,074073,090851,083430,069743,091953,087458
0000000328,0000327000,073550,088639,086165,069326,089339,090488
0000000329,0000328000,073931,085951,088472,069936,086238,092980
0000000330,0000329000,075181,083061,090113,071511,082956,094687
0000000331,0000330000,077181,080242,090932,073901,079811,095442
0000000332,0000331000,079739,077762,090854,076871,077109,095174
0000000333,0000332000,082593,075877,089884,080127,075118,093909
0000000334,0000333000,085467,074770,088117,083351,074033,091769
0000000335,0000334000,088090,074544,085720,086233,073957,088964
0000000336,0000335000,090200,075222,082932,088487,074898,085769
0000000337,0000336000,091583,076737,080034,089890,076763,082500
0000000338,0000337000,092110,078948,077297,090309,079374,079471
0000000339,0000338000,091731,081636,074987,089702,082471,076980
0000000340,0000339000,090484,084529,073342,088131,085750,075273
0000000341,0000340000,088485,087350,072520,085745,088892,074517
0000000342,0000341000,085927,089832,072595,082779,091593,074782
0000000343,0000342000,083071,091722,073561,079526,093584,076044
0000000344,0000343000,080196,092832,075326,076305,094670,078179
0000000345,0000344000,077569,093061,077724,073425,094749,080980
0000000346,0000345000,075455,092387,080512,071172,093811,084171
0000000347,0000346000,074069,090873,083412,069767,091950,087437
0000000348,0000347000,073539,088663,086152,069346,089344,090463
0000000349,0000348000,073914,085975,088466,069950,086250,092954
0000000350,0000349000,075159,083081,090114,071518,082975,094661
0000000351,0000350000,077157,080257,090941,073899,079835,095419
0000000352,0000351000,079715,077771,090869,076861,077136,095157
0000000353,0000352000,082572,075877,089905,080110,075145,093899
0000000354,0000353000,085449,074763,088142,083328,074057,091768
0000000355,0000354000,088079,074530,085745,086206,073976,088971
0000000356,0000355000,090196,075203,082955,088459,074910,085784
0000000357,0000356000,091587,076713,080054,089865,076767,082522
0000000358,0000357000,092122,078922,077311,090287,079369,079498
0000000359,0000358000,091749,081612,074994,089687,082458,077008
0000000360,0000359000,090507,084507,073340,088124,085730,075300
0000000361,0000360000,088511,087333,072510,085747,088867,074540
0000000362,0000361000,085953,089823,072578,082789,091565,074800
0000000363,0000362000,083094,091721,073539,079544,093556,076053
0000000364,0000363000,080214,092839,075301,076329,094645,078180
0000000365,0000364000,077581,093076,077698,073453,094728,080973
0000000366,0000365000,075459,092407,080488,071200,093798,084155
0000000367,0000366000,074065,090898,083391,069794,091946,087414
0000000368,0000367000,073526,088690,086138,069369,089349,090436
0000000369,0000368000,073895,086001,088459,069965,086264,092925
0000000370,0000369000,075135,083103,090116,071525,082996,094633
0000000371,0000370000,077130,080274,090951,073897,079862,095395
0000000372,0000371000,079688,077781,090886,076850,077165,095138
0000000373,0000372000,082548,075878,089928,080091,075174,093889
0000000374,0000373000,085430,074756,088168,083303,074084,091767
0000000375,0000374000,088067,074515,085772,086177,073997,088979
0000000376,0000375000,090192,075181,082981,088429,074924,085801
0000000377,0000376000,091592,076687,080075,089836,076772,082546
0000000378,0000377000,092134,078894,077326,090264,079364,079526
0000000379,0000378000,091769,081585,075001,089671,082444,077039
0000000380,0000379000,090532,084483,073339,088116,085707,075330
0000000381,0000380000,088539,087316,072500,085749,088839,074566
0000000382,0000381000,085981,089813,072560,082801,091534,074819
0000000383,0000382000,083120,091720,073515,079565,093525,076064
0000000384,0000383000,080235,092847,075273,076356,094617,078181
0000000385,0000384000,077594,093092,077669,073484,094707,080964
0000000386,0000385000,075464,092430,080461,071232,093785,084137
0000000387,0000386000,074060,090926,083369,069824,091941,087389
0000000388,0000387000,073513,088719,086122,069393,089354,090406
0000000389,0000388000,073874,086029,088451,069982,086279,092893
0000000390,0000389000,075108,083128,090118,071533,083019,094602
0000000391,0000390000,077100,080293,090962,073895,079891,095368
0000000392,0000391000,079658,077792,090905,076838,077198,095119
0000000393,0000392000,082521,075880,089954,080070,075206,093878
0000000394,0000393000,085409,074748,088198,083275,074113,091766
0000000395,0000394000,088052,074499,085803,086145,074020,088989
0000000396,0000395000,090188,075157,083010,088396,074938,085820
0000000397,0000396000,091597,076658,080099,089806,076776,082572
0000000398,0000397000,092148,078864,077343,090239,079358,079558
0000000399,0000398000,091791,081555,075009,089654,082428,077072
0000000400,0000399000,090560,084457,073337,088108,085683,075362
0000000401,0000400000,088570,087296,072489,085752,088808,074594
0000000402,0000401000,085423,092018,074758,081185,092026,075369
0000000403,0000402000,085578,090424,072202,077690,093490,076076
0000000404,0000403000,083410,094218,076638,074217,095197,078795
0000000405,0000404000,081649,090789,075361,074694,093838,080114
0000000406,0000405000,080972,090219,078225,072927,093398,083758
0000000407,0000406000,079739,088691,081067,077137,089675,085103
0000000408,0000407000,079922,084772,082029,078250,086980,087956
0000000409,0000408000,080030,086494,088721,083278,082580,089067
0000000410,0000409000,081158,080196,086946,087052,078967,090416
0000000411,0000410000,081466,081085,091631,090690,075352,090699
0000000412,0000411000,083336,076630,089549,095472,072029,089819
0000000413,0000412000,082985,077008,090707,096836,070786,089369
0000000414,0000413000,084319,076609,089720,099998,069180,086781
0000000415,0000414000,084160,076690,087704,099168,070629,085526
0000000416,0000415000,083638,078530,086065,099557,071461,082243
0000000417,0000416000,084200,078463,081777,096528,074994,080654
0000000418,0000417000,082667,081857,080507,094178,078253,078263
0000000419,0000418000,083404,082122,075886,089946,082341,076776
0000000420,0000419000,082464,087258,076601,085608,086651,076134
0000000421,0000420000,082722,087150,072981,081825,089960,075553
0000000422,0000421000,082791,090668,074051,076676,093656,076817
0000000423,0000422000,082883,090720,073132,074772,095003,077449
0000000424,0000423000,083164,090911,073991,070927,096527,080016
0000000425,0000424000,083214,092286,077352,071019,095549,081746
0000000426,0000425000,083394,089499,077755,070303,094381,084723
0000000427,0000426000,082901,090191,082702,072058,091398,086874
0000000428,0000427000,083196,085853,083057,074814,087958,089039
0000000429,0000428000,082063,084979,086883,077762,084230,090885
0000000430,0000429000,082419,081458,087811,082531,079840,091497
0000000431,0000430000,081596,079901,089902,085867,076735,092299
0000000432,0000431000,081541,078127,090407,090655,073141,091166
0000000433,0000432000,081783,076668,089819,093008,071754,090562
0000000434,0000433000,081439,076671,089297,096033,070484,088273
0000000435,0000434000,082438,075754,086341,096401,071265,086315
0000000436,0000435000,082353,078416,085718,096432,072860,083751
0000000437,0000436000,083289,078401,081655,094704,075567,081278
0000000438,0000437000,083539,082174,080874,091455,079398,079404
0000000439,0000438000,084059,083133,077116,088356,083060,077432
0000000440,0000439000,084166,085984,075698,083112,087560,076916
0000000441,0000440000,084259,088166,074426,079592,090860,076273
0000000442,0000441000,084087,089249,073126,074620,094341,077283
0000000443,0000442000,083654,091630,074570,071753,096043,078243
0000000444,0000443000,083522,090721,074252,069048,097147,080384
0000000445,0000444000,082610,091637,077065,067896,096677,082648
0000000446,0000445000,082694,089511,078035,068295,094957,085113
0000000447,0000446000,081863,088794,081392,069443,092479,087835
0000000448,0000447000,081910,086299,083420,072633,088634,089689
0000000449,0000448000,081714,084466,086174,075625,085061,091787
0000000450,0000449000,081577,082120,088148,080351,080634,092444
0000000451,0000450000,081973,079566,089093,083982,077246,093047
0000000452,0000451000,081843,078595,090379,088410,073978,092307
0000000453,0000452000,082402,076467,089168,091364,072039,091181
0000000454,0000453000,082438,077264,089447,093695,071184,089307
0000000455,0000454000,082915,076449,086659,094961,071493,086865
0000000456,0000455000,083004,078212,085316,094293,073360,084525
0000000457,0000456000,083374,079167,082362,093296,075848,081750
0000000458,0000457000,083447,081118,079847,090005,079719,079828
0000000459,0000458000,083599,083710,077890,086930,083450,077823
0000000460,0000459000,083754,085362,075413,082372,087807,077043
0000000461,0000460000,083536,088193,074831,078309,091415,076599
0000000462,0000461000,083781,089073,073389,074161,094589,077223
0000000463,0000462000,083311,090884,074317,070692,096722,078546
0000000464,0000463000,083414,090687,074641,068418,097516,080346
0000000465,0000464000,082994,091045,076802,066855,097351,082935
0000000466,0000465000,082780,089829,078617,067282,095484,085307
0000000467,0000466000,082558,088415,081124,068204,093027,088134
0000000468,0000467000,082161,086676,083728,071161,089269,090201
0000000469,0000468000,082107,084010,085539,074263,085422,092167
0000000470,0000469000,081795,082435,088165,078539,081212,093176
0000000471,0000470000,081901,079639,088727,082705,077447,093533
0000000472,0000471000,081790,078736,090042,086617,074370,093097
0000000473,0000472000,082086,077016,089262,090251,072121,091727
0000000474,0000473000,082180,076892,088622,092381,071351,089965
0000000475,0000474000,082571,077065,086901,094018,071514,087368
0000000476,0000475000,082877,077837,084722,093646,073336,084924
0000000477,0000476000,083145,079614,082708,092583,075895,082113
0000000478,0000477000,083585,081097,079845,089844,079602,079899
0000000479,0000478000,083607,083691,078067,086478,083589,077996
0000000480,0000479000,083949,085321,075691,082382,087750,076849
0000000481,0000480000,083793,087836,074861,078008,091667,076562
0000000482,0000481000,083828,089075,073868,074096,094719,076937
0000000483,0000482000,083600,090429,074371,070358,097056,078366
0000000484,0000483000,083332,090762,075163,068080,097886,080158
0000000485,0000484000,083079,090443,076587,066390,097720,082764
0000000486,0000485000,082676,089822,078908,066543,096004,085349
0000000487,0000486000,082461,087983,080815,067591,093385,088130
0000000488,0000487000,082088,086666,083684,070070,089782,090516
0000000489,0000488000,082012,084091,085461,073476,085695,092423
0000000490,0000489000,081784,082308,087713,077343,081571,093703
0000000491,0000490000,081880,080078,088707,081762,077579,094014
0000000492,0000491000,081891,078588,089398,085599,074476,093699
0000000493,0000492000,082078,077540,089265,089311,072106,092304
0000000494,0000493000,082352,076997,088206,091708,071202,090457
0000000495,0000494000,082540,077476,086897,093316,071388,087876
0000000496,0000495000,082961,077996,084603,093375,073025,085168
0000000497,0000496000,083124,079725,082658,092267,075732,082379
0000000498,0000497000,083491,081196,079957,089952,079292,079851
0000000499,0000498000,083609,083532,078108,086531,083465,077931
0000000500,0000499000,083773,085400,076091,082714,087613,076556
0000000501,0000500000,083792,087449,074912,078287,091663,076208
0000000502,0000501000,083719,089031,074374,074383,094837,076534
0000000503,0000502000,083610,089893,074400,070646,097220,077887
0000000504,0000503000,083340,090594,075518,068070,098235,079811
0000000505,0000504000,083144,090091,076710,066436,098025,082384
0000000506,0000505000,082763,089549,078987,066135,096475,085208
0000000507,0000506000,082555,087941,080936,067208,093747,088022
0000000508,0000507000,082208,086382,083402,069327,090208,090669
0000000509,0000508000,082048,084244,085451,072681,085992,092667
0000000510,0000509000,081895,082220,087261,076440,081802,094112
0000000511,0000510000,081829,080407,088537,080782,077710,094548
0000000512,0000511000,081931,078733,088976,084766,074429,094236
0000000513,0000512000,081996,077894,088996,088456,072027,092934
0000000514,0000513000,082288,077273,087874,091181,070909,090940
0000000515,0000514000,082488,077725,086652,092837,071117,088371
0000000516,0000515000,082844,078310,084548,093289,072611,085433
0000000517,0000516000,083109,079812,082528,092285,075367,082547
0000000518,0000517000,083403,081444,080204,090272,078913,079804
0000000519,0000518000,083618,083363,078135,086996,083153,077706
0000000520,0000519000,083742,085439,076480,083252,087422,076200
0000000521,0000520000,083824,087141,075121,078970,091534,075677
0000000522,0000521000,083730,088796,074776,074893,094908,075998
0000000523,0000522000,083654,089589,074752,071214,097339,077252
0000000524,0000523000,083382,090182,075746,068329,098544,079297
0000000525,0000524000,083171,089825,077025,066605,098352,081894
0000000526,0000525000,082837,089125,078985,065996,096909,084908
0000000527,0000526000,082553,087819,081042,066861,094167,087874
0000000528,0000527000,082291,086143,083206,068774,090597,090710
0000000529,0000528000,082044,084302,085328,071902,086344,092925
0000000530,0000529000,081942,082256,086891,075623,081999,094488
0000000531,0000530000,081842,080626,088198,079821,077843,095119
0000000532,0000531000,081923,079010,088583,083952,074356,094815
0000000533,0000532000,082010,078209,088565,087640,071879,093593
0000000534,0000533000,082240,077728,087613,090640,070587,091509
0000000535,0000534000,082476,077990,086309,092458,070729,088867
0000000536,0000535000,082773,078733,084496,093197,072150,085767
0000000537,0000536000,083072,079952,082390,092479,074872,082685
0000000538,0000537000,083325,081636,080368,090658,078470,079763
0000000539,0000538000,083578,083343,078305,087675,082736,077415
0000000540,0000539000,083689,085343,076782,083976,087158,075779
0000000541,0000540000,083796,086943,075530,079853,091347,075058
0000000542,0000541000,083734,088417,075135,075674,094917,075336
0000000543,0000542000,083648,089266,075208,071950,097454,076527
0000000544,0000543000,083447,089688,076034,068853,098809,078636
0000000545,0000544000,083197,089476,077377,066898,098720,081331
0000000546,0000545000,082928,088707,079084,066036,097330,084488
0000000547,0000546000,082613,087589,081122,066574,094640,087681
0000000548,0000547000,082366,085934,083077,068285,091009,090694
0000000549,0000548000,082110,084266,085094,071117,086733,093169
0000000550,0000549000,081977,082377,086563,074763,082237,094887
0000000551,0000550000,081878,080802,087736,078822,077981,095706
0000000552,0000551000,081909,079405,088181,083023,074320,095472
0000000553,0000552000,082002,078556,088030,086799,071701,094292
0000000554,0000553000,082181,078229,087266,089985,070272,092170
0000000555,0000554000,082431,078374,085943,092088,070288,089405
0000000556,0000555000,082691,079154,084323,093072,071657,086168
0000000557,0000556000,083007,080242,082330,092721,074312,082849
0000000558,0000557000,083255,081798,080458,091130,077963,079733
0000000559,0000558000,083511,083410,078562,088447,082260,077121
0000000560,0000559000,083660,085198,077096,084879,086813,075305
0000000561,0000560000,083755,086733,076025,080873,091123,074400
0000000562,0000561000,083750,088005,075580,076675,094856,074576
0000000563,0000562000,083654,088865,075739,072838,097556,075738
0000000564,0000563000,083497,089152,076440,069575,099041,077867
0000000565,0000564000,083250,089006,077745,067319,099098,080691
0000000566,0000565000,082997,088265,079282,066199,097763,083989
0000000567,0000566000,082691,087232,081172,066362,095139,087423
0000000568,0000567000,082433,085743,083005,067809,091473,090649
0000000569,0000568000,082183,084171,084792,070341,087155,093384
0000000570,0000569000,082017,082518,086209,073811,082543,095312
0000000571,0000570000,081921,081009,087204,077767,078152,096308
0000000572,0000571000,081906,079827,087662,081952,074341,096195
0000000573,0000572000,081996,079018,087458,085857,071544,095045
0000000574,0000573000,082137,078764,086789,089203,069982,092909
0000000575,0000574000,082374,078901,085555,091619,069847,090014
0000000576,0000575000,082622,079614,084058,092891,071144,086631
0000000577,0000576000,082918,080627,082273,092919,073732,083076
0000000578,0000577000,083185,081996,080527,091640,077400,079725
0000000579,0000578000,083427,083512,078855,089262,081743,076856
0000000580,0000579000,083611,085058,077480,085914,086394,074808
0000000581,0000580000,083711,086479,076579,082019,090850,073723
0000000582,0000581000,083742,087568,076141,077861,094727,073758
0000000583,0000582000,083667,088346,076331,073899,097610,074887
0000000584,0000583000,083536,088571,076980,070474,099237,077026
0000000585,0000584000,083315,088413,078152,067907,099449,079970
0000000586,0000585000,083070,087768,079573,066473,098202,083426
0000000587,0000586000,082785,086786,081240,066254,095645,087092
0000000588,0000587000,082513,085500,082930,067346,091985,090567
0000000589,0000588000,082272,084062,084476,069567,087618,093561
0000000590,0000589000,082075,082634,085776,072779,082921,095739
0000000591,0000590000,081967,081282,086622,076610,078388,096920
0000000592,0000591000,081921,080278,087017,080738,074434,096958
0000000593,0000592000,081981,079584,086814,084754,071453,095854
0000000594,0000593000,082102,079369,086190,088271,069742,093709
0000000595,0000594000,082304,079544,085096,090992,069452,090704
0000000596,0000595000,082548,080158,083726,092607,070640,087159
0000000597,0000596000,082820,081093,082184,093025,073158,083378
0000000598,0000597000,083096,082268,080601,092139,076802,079764
0000000599,0000598000,083338,083627,079162,090092,081186,076636
0000000600,0000599000,083543,084941,077952,087035,085909,074327
0000000601,0000600000,083663,086171,077190,083289,090503,073044
0000000602,0000601000,083721,087100,076834,079205,094523,072922
0000000603,0000602000,083679,087724,077018,075154,097585,073992
0000000604,0000603000,083570,087907,077636,071550,099374,076135
0000000605,0000604000,083385,087717,078646,068687,099743,079177
0000000606,0000605000,083148,087161,079929,066885,098619,082802
0000000607,0000606000,082886,086268,081361,066266,096142,086687
0000000608,0000607000,082609,085179,082841,066935,092523,090431
0000000609,0000608000,082366,083936,084152,068796,088127,093690
0000000610,0000609000,082154,082728,085262,071689,083370,096137
0000000611,0000610000,082019,081607,085962,075338,078714,097526
0000000612,0000611000,081951,080777,086250,079377,074620,097729
0000000613,0000612000,081972,080243,086064,083457,071468,096701
0000000614,0000613000,082070,080080,085474,087154,069588,094554
0000000615,0000614000,082237,080293,084535,090165,069139,091467
0000000616,0000615000,082464,080818,083333,092167,070186,087757
0000000617,0000616000,082717,081639,082034,093001,072613,083761
0000000618,0000617000,082991,082631,080685,092566,076199,079878
0000000619,0000618000,083238,083763,079486,090911,080592,076482
0000000620,0000619000,083455,084844,078505,088201,085364,073899
0000000621,0000620000,083604,085825,077887,084676,090064,072394
0000000622,0000621000,083684,086569,077649,080698,094219,072102
0000000623,0000622000,083683,087011,077834,076611,097445,073079
0000000624,0000623000,083600,087130,078405,072832,099411,075215
0000000625,0000624000,083451,086914,079259,069683,099942,078329
0000000626,0000625000,083236,086427,080357,067484,098972,082112
0000000627,0000626000,082991,085666,081543,066429,096603,086207
0000000628,0000627000,082723,084771,082749,066623,093060,090217
0000000629,0000628000,082473,083774,083811,068055,088677,093750
0000000630,0000629000,082251,082809,084671,070572,083890,096469
0000000631,0000630000,082088,081968,085203,073958,079150,098093
0000000632,0000631000,081994,081343,085365,077865,074930,098474
0000000633,0000632000,081975,080992,085176,081952,071625,097554
0000000634,0000633000,082041,080918,084637,085814,069569,095426
0000000635,0000634000,082173,081154,083849,089105,068951,092282
0000000636,0000635000,082373,081611,082864,091509,069832,088427
0000000637,0000636000,082608,082285,081818,092799,072132,084229
0000000638,0000637000,082869,083083,080763,092862,075622,080090
0000000639,0000638000,083122,083944,079840,091676,079974,076420
0000000640,0000639000,083348,084758,079130,089374,084757,073564
0000000641,0000640000,083525,085453,078694,086153,089518,071814
0000000642,0000641000,083634,085961,078590,082340,093784,071337
0000000643,0000642000,083671,086208,078799,078275,097152,072191
0000000644,0000643000,083626,086225,079303,074350,099292,074293
0000000645,0000644000,083511,085989,080006,070928,099998,077450
0000000646,0000645000,083329,085557,080874,068324,099206,081362
0000000647,0000646000,083104,084957,081788,066794,096987,085648
0000000648,0000647000,082851,084272,082672,066467,093561,089903
0000000649,0000648000,082597,083556,083441,067392,089250,093707
0000000650,0000649000,082367,082885,084010,069463,084481,096697
0000000651,0000650000,082177,082353,084327,072500,079708,098570
0000000652,0000651000,082053,081986,084354,076204,075399,099149
0000000653,0000652000,081996,081837,084131,080235,071968,098365
0000000654,0000653000,082020,081890,083659,084215,069745,096289
0000000655,0000654000,082115,082145,083029,087769,068946,093123
0000000656,0000655000,082278,082542,082295,090575,069639,089160
0000000657,0000656000,082491,083055,081535,092358,071766,084787
0000000658,0000657000,082735,083628,080821,092963,075110,080420
0000000659,0000658000,082988,084186,080227,092322,079357,076487
0000000660,0000659000,083223,084685,079822,090507,084089,073365
0000000661,0000660000,083424,085056,079622,087682,088851,071364
0000000662,0000661000,083565,085276,079669,084116,093179,070680
0000000663,0000662000,083641,085308,079923,080145,096657,071383
0000000664,0000663000,083640,085187,080353,076133,098953,073412
0000000665,0000664000,083565,084920,080896,072462,099844,076572
0000000666,0000665000,083422,084547,081503,069463,099253,080566
0000000667,0000666000,083224,084119,082101,067427,097232,085005
0000000668,0000667000,082991,083675,082625,066535,093982,089470
0000000669,0000668000,082741,083272,083039,066878,089815,093522
0000000670,0000669000,082502,082948,083277,068418,085137,096769
0000000671,0000670000,082291,082760,083332,071010,080402,098894
0000000672,0000671000,082133,082702,083201,074414,076066,099687
0000000673,0000672000,082037,082789,082921,078307,072550,099068
0000000674,0000673000,082014,082995,082521,082334,070185,097091
0000000675,0000674000,082066,083285,082063,086114,069200,093948
0000000676,0000675000,082187,083621,081604,089304,069681,089933
0000000677,0000676000,082369,083963,081179,091599,071584,085436
0000000678,0000677000,082590,084275,080849,092792,074717,080887
0000000679,0000678000,082835,084502,080642,092768,078777,076728
0000000680,0000679000,083077,084633,080586,091532,083371,073361
0000000681,0000680000,083297,084637,080673,089203,088050,071114
0000000682,0000681000,083472,084520,080897,085994,092365,070209
0000000683,0000682000,083588,084301,081213,082211,095899,070731
0000000684,0000683000,083635,084014,081573,078197,098319,072637
0000000685,0000684000,083608,083698,081939,074330,099393,075743
0000000686,0000685000,083510,083389,082257,070963,099026,079754
0000000687,0000686000,083348,083140,082494,068413,097256,084283
0000000688,0000687000,083140,082969,082614,066916,094257,088896
0000000689,0000688000,082902,082915,082612,066607,090324,093146
0000000690,0000689000,082660,082987,082471,067519,085841,096618
0000000691,0000690000,082432,083188,082221,069559,081242,098980
0000000692,0000691000,082240,083485,081897,072543,076970,099998
0000000693,0000692000,082103,083848,081543,076189,073436,099575
0000000694,0000693000,082030,084232,081211,080165,070971,097750
0000000695,0000694000,082032,084578,080943,084101,069809,094697
0000000696,0000695000,082105,084852,080782,087634,070056,090707
0000000697,0000696000,082245,085012,080739,090438,071679,086166
0000000698,0000697000,082437,085033,080841,092250,074517,081511
0000000699,0000698000,082665,084894,081076,092908,078289,077190
0000000700,0000699000,082907,084610,081421,092349,082628,073625
0000000701,0000700000,083142,084200,081838,090630,087108,071157
0000000702,0000701000,083349,083706,082273,087908,091302,070026
0000000703,0000702000,083507,083192,082668,084438,094809,070337
0000000704,0000703000,083605,082713,082967,080535,097298,072064
0000000705,0000704000,083632,082328,083138,076562,098538,075038
0000000706,0000705000,083586,082082,083144,072885,098416,078975
0000000707,0000706000,083470,082020,082976,069841,096953,083497
0000000708,0000707000,083296,082152,082642,067715,094296,088165
0000000709,0000708000,083079,082483,082170,066698,090714,092528
0000000710,0000709000,082840,082993,081601,066885,086556,096164
0000000711,0000710000,082600,083627,081003,068253,082228,098724
0000000712,0000711000,082380,084321,080453,070679,078144,099964
0000000713,0000712000,082200,085000,080007,073937,074693,099766
0000000714,0000713000,082076,085589,079734,077730,072197,098152
0000000715,0000714000,082021,086013,079668,081711,070888,095277
0000000716,0000715000,082038,086228,079828,085511,070882,091418
0000000717,0000716000,082128,086195,080210,088783,072169,086949
0000000718,0000717000,082280,085899,080792,091224,074614,082302
0000000719,0000718000,082483,085360,081518,092612,077969,077925
0000000720,0000719000,082716,084623,082314,092821,081903,074244
0000000721,0000720000,082960,083757,083098,091836,086032,071607
0000000722,0000721000,083192,082850,083776,089747,089961,070264
0000000723,0000722000,083392,082005,084269,086746,093320,070339
0000000724,0000723000,083542,081305,084516,083107,095794,071821
0000000725,0000724000,083627,080832,084483,079162,097159,074567
0000000726,0000725000,083640,080645,084153,075273,097292,078309
0000000727,0000726000,083579,080779,083547,071797,096194,082686
0000000728,0000727000,083451,081235,082714,069054,093985,087270
0000000729,0000728000,083265,081984,081727,067292,090893,091619
0000000730,0000729000,083040,082960,080688,066672,087225,095313
0000000731,0000730000,082796,084064,079709,067246,083341,098004
0000000732,0000731000,082553,085187,078900,068961,079611,099438
0000000733,0000732000,082335,086211,078347,071660,076384,099486
0000000734,0000733000,082159,087030,078123,075099,073959,098150
0000000735,0000734000,082043,087550,078262,078966,072556,095560
0000000736,0000735000,081998,087712,078765,082907,072297,091971
0000000737,0000736000,082028,087478,079600,086562,073190,087731
0000000738,0000737000,082131,086852,080697,089594,075132,083256
0000000739,0000738000,082296,085889,081952,091730,077919,078977
0000000740,0000739000,082509,084674,083233,092776,081269,075308
0000000741,0000740000,082752,083328,084412,092643,084854,072591
0000000742,0000741000,083002,081985,085357,091343,088332,071077
0000000743,0000742000,083237,080785,085966,088994,091380,070902
0000000744,0000743000,083438,079843,086171,085809,093718,072074
0000000745,0000744000,083584,079267,085933,082074,095137,074474
0000000746,0000745000,083662,079132,085254,078131,095516,077866
0000000747,0000746000,083665,079466,084188,074338,094837,081917
0000000748,0000747000,083592,080256,082828,071043,093187,086228
0000000749,0000748000,083450,081435,081302,068545,090745,090382
0000000750,0000749000,083251,082890,079772,067066,087762,093982
0000000751,0000750000,083014,084475,078394,066739,084532,096689
0000000752,0000751000,082760,086039,077310,067589,081360,098261
0000000753,0000752000,082509,087422,076635,069540,078541,098558
0000000754,0000753000,082286,088485,076451,072417,076329,097565
0000000755,0000754000,082110,089115,076789,075963,074919,095383
0000000756,0000755000,081998,089229,077639,079856,074428,092234
0000000757,0000756000,081961,088793,078939,083743,074881,088427
0000000758,0000757000,082002,087837,080564,087268,076210,084339
0000000759,0000758000,082118,086448,082355,090113,078263,080367
0000000760,0000759000,082298,084759,084129,092023,080825,076890
0000000761,0000760000,082526,082939,085705,092830,083641,074229
0000000762,0000761000,082781,081163,086924,092465,086446,072622
0000000763,0000762000,083043,079604,087661,090960,088981,072207
0000000764,0000763000,083287,078419,087832,088450,091021,073007
0000000765,0000764000,083491,077733,087398,085157,092389,074935
0000000766,0000765000,083637,077642,086379,081379,092977,077794
0000000767,0000766000,083710,078171,084854,077457,092754,081296
0000000768,0000767000,083703,079287,082973,073748,091769,085094
0000000769,0000768000,083616,080880,080922,070588,090143,088817
0000000770,0000769000,083459,082792,078913,068259,088053,092113
0000000771,0000770000,083244,084834,077148,066966,085708,094679
0000000772,0000771000,082991,086814,075795,066821,083332,096289
0000000773,0000772000,082722,088542,074995,067836,081137,096811
0000000774,0000773000,082461,089842,074840,069923,079317,096212
0000000775,0000774000,082230,090578,075365,072897,078025,094566
0000000776,0000775000,082051,090651,076545,076493,077356,092047
0000000777,0000776000,081943,090028,078285,080386,077346,088911
0000000778,0000777000,081914,088762,080410,084224,077966,085472
0000000779,0000778000,081969,086982,082702,087659,079127,082067
0000000780,0000779000,082100,084864,084930,090386,080695,079015
0000000781,0000780000,082297,082618,086871,092164,082509,076594
0000000782,0000781000,082542,080452,088344,092839,084397,075014
0000000783,0000782000,082814,078570,089203,092352,086192,074400
0000000784,0000783000,083089,077163,089346,090745,087740,074789
0000000785,0000784000,083343,076383,088736,088159,088917,076123
0000000786,0000785000,083553,076328,087409,084821,089642,078256
0000000787,0000786000,083697,077035,085473,081032,089878,080962
0000000788,0000787000,083762,078437,083126,077134,089636,083971
0000000789,0000788000,083742,080386,080615,073479,088970,086985
0000000790,0000789000,083640,082685,078192,070394,087967,089723
0000000791,0000790000,083465,085111,076092,068147,086735,091941
0000000792,0000791000,083233,087439,074512,066937,085392,093450
0000000793,0000792000,082963,089454,073601,066867,084054,094134
0000000794,0000793000,082679,090952,073470,067944,082829,093955
0000000795,0000794000,082406,091767,074159,070078,081807,092954
0000000796,0000795000,082168,091801,075619,073080,081053,091253
0000000797,0000796000,081990,091020,077727,076686,080599,089035
0000000798,0000797000,081888,089501,080265,080568,080455,086527
0000000799,0000798000,081872,087411,082960,084376,080603,083976
0000000800,0000799000,081941,084963,085546,087771,081005,081619
0000000801,0000800000,082090,082391,087778,090457,081609,079662
0000000802,0000801000,082305,079930,089446,092198,082356,078267
0000000803,0000802000,082567,077809,090397,092844,083184,077537
0000000804,0000803000,082854,076241,090515,092337,084036,077510
0000000805,0000804000,083141,075402,089759,090719,084858,078159
0000000806,0000805000,083402,075391,088187,088129,085610,079391
0000000807,0000806000,083612,076232,085940,084795,086263,081066
0000000808,0000807000,083750,077847,083248,081016,086788,083008
0000000809,0000808000,083803,080044,080409,077135,087168,085025
0000000810,0000809000,083769,082601,077699,073496,087391,086931
0000000811,0000810000,083651,085286,075365,070418,087449,088567
0000000812,0000811000,083459,087839,073633,068170,087339,089799
0000000813,0000812000,083211,090029,072662,066946,087065,090542
0000000814,0000813000,082926,091642,072558,066854,086632,090763
0000000815,0000814000,082631,092490,073370,067905,086049,090476
0000000816,0000815000,082352,092471,075032,070009,085333,089741
0000000817,0000816000,082114,091586,077376,072985,084507,088656
0000000818,0000817000,081942,089907,080177,076569,083611,087338
0000000819,0000818000,081852,087635,083113,080435,082704,085916
0000000820,0000819000,081848,085022,085891,084238,081846,084523
0000000821,0000820000,081933,082274,088287,087648,081104,083268
0000000822,0000821000,082097,079659,090066,090365,080549,082245
0000000823,0000822000,082326,077447,091032,092155,080234,081519
0000000824,0000823000,082601,075826,091111,092860,080209,081123
0000000825,0000824000,082897,074978,090267,092420,080512,081048
0000000826,0000825000,083189,075029,088541,090866,081156,081266
0000000827,0000826000,083448,075957,086135,088333,082123,081730
0000000828,0000827000,083652,077657,083290,085042,083362,082378
0000000829,0000828000,083778,079957,080313,081289,084782,083149
0000000830,0000829000,083819,082594,077502,077415,086268,083972
0000000831,0000830000,083772,085344,075099,073751,087696,084792
0000000832,0000831000,083640,087960,073323,070624,088931,085556
0000000833,0000832000,083437,090162,072366,068300,089857,086225
0000000834,0000833000,083178,091752,072323,066985,090366,086773
0000000835,0000834000,082889,092560,073201,066790,090374,087201
0000000836,0000835000,082591,092487,074946,067739,089839,087503
0000000837,0000836000,082316,091539,077362,069753,088765,087682
0000000838,0000837000,082086,089837,080204,072657,087218,087734
0000000839,0000838000,081926,087564,083151,076194,085319,087652
0000000840,0000839000,081847,084968,085924,080039,083228,087443
0000000841,0000840000,081855,082259,088297,083865,081127,087105
0000000842,0000841000,081951,079696,090035,087329,079218,086643
0000000843,0000842000,082123,077567,090944,090137,077676,086068
0000000844,0000843000,082358,076044,090947,092042,076665,085398
0000000845,0000844000,082634,075286,090060,092880,076319,084638
0000000846,0000845000,082928,075399,088321,092575,076711,083821
0000000847,0000846000,083213,076352,085941,091148,077846,083000
0000000848,0000847000,083463,078010,083182,088721,079653,082235
0000000849,0000848000,083653,080209,080323,085507,081987,081601
0000000850,0000849000,083769,082728,077632,081798,084640,081165
0000000851,0000850000,083800,085321,075360,077917,087375,080985
0000000852,0000851000,083744,087756,073717,074205,089938,081102
0000000853,0000852000,083608,089782,072866,070984,092084,081543
0000000854,0000853000,083403,091192,072907,068532,093595,082304
0000000855,0000854000,083148,091853,073816,067062,094296,083364
0000000856,0000855000,082865,091710,075497,066702,094079,084668
0000000857,0000856000,082579,090777,077780,067491,092924,086119
0000000858,0000857000,082317,089181,080408,069362,090912,087590
0000000859,0000858000,082100,087108,083107,072153,088207,088941
0000000860,0000859000,081952,084741,085634,075613,085052,090039
0000000861,0000860000,081881,082312,087760,079437,081737,090762
0000000862,0000861000,081895,080059,089268,083292,078568,091016
0000000863,0000862000,081991,078212,090013,086840,075849,090747
0000000864,0000863000,082159,076950,089926,089777,073850,089935
0000000865,0000864000,082386,076396,089025,091847,072791,088612
0000000866,0000865000,082649,076593,087418,092872,072806,086859
0000000867,0000866000,082928,077489,085288,092758,073931,084817
0000000868,0000867000,083196,078975,082865,091510,076086,082666
0000000869,0000868000,083431,080894,080380,089237,079088,080611
0000000870,0000869000,083609,083054,078078,086137,082663,078857
0000000871,0000870000,083717,085242,076176,082488,086483,077582
0000000872,0000871000,083746,087253,074847,078608,090192,076931
0000000873,0000872000,083694,088874,074229,074837,093431,076999
0000000874,0000873000,083567,089934,074383,071499,095885,077819
0000000875,0000874000,083376,090353,075262,068882,097297,079355
0000000876,0000875000,083140,090114,076747,067212,097501,081503
0000000877,0000876000,082877,089259,078684,066639,096449,084085
0000000878,0000877000,082612,087901,080855,067214,094221,086865
0000000879,0000878000,082367,086196,083042,068891,091009,089582
0000000880,0000879000,082164,084297,085051,071523,087106,091970
0000000881,0000880000,082022,082396,086685,074876,082878,093788
0000000882,0000881000,081951,080698,087777,078657,078720,094843
0000000883,0000882000,081958,079366,088229,082535,075029,095005
0000000884,0000883000,082038,078532,088015,086174,072168,094220
0000000885,0000884000,082186,078272,087171,089262,070427,092526
0000000886,0000885000,082388,078573,085823,091533,069991,090049
0000000887,0000886000,082626,079367,084135,092788,070924,087000
0000000888,0000887000,082880,080565,082277,092914,073156,083658
0000000889,0000888000,083128,082034,080430,091900,076484,080339
0000000890,0000889000,083347,083617,078784,089831,080603,077365
0000000891,0000890000,083519,085159,077489,086892,085127,075030
0000000892,0000891000,083630,086502,076668,083340,089628,073575
0000000893,0000892000,083670,087497,076407,079486,093673,073167
0000000894,0000893000,083638,088051,076706,075662,096873,073873
0000000895,0000894000,083538,088141,077496,072199,098910,075661
0000000896,0000895000,083378,087782,078668,069395,099577,078389
0000000897,0000896000,083173,087042,080084,067491,098799,081816
0000000898,0000897000,082940,086025,081582,066656,096639,085628
0000000899,0000898000,082698,084839,083017,066964,093295,089465
0000000900,0000899000,082470,083607,084254,068388,089078,092957
0000000901,0000900000,082274,082466,085163,070803,084390,095761
0000000902,0000901000,082127,081543,085657,074000,079673,097592
0000000903,0000902000,082042,080925,085705,077695,075381,098258
0000000904,0000903000,077895,080426,085077,079822,072158,097889
0000000905,0000904000,067605,081519,085323,079822,070482,096680
0000000906,0000905000,069067,081502,083911,079822,068927,093121
0000000907,0000906000,080999,078658,079338,079822,069439,089305
0000000908,0000907000,084528,081048,079776,079822,071714,085333
0000000909,0000908000,077679,085099,091262,079822,074400,084974
0000000910,0000909000,079168,083813,099998,079822,078390,084974
0000000911,0000910000,091694,084639,087698,079822,083973,084974
0000000912,0000911000,094624,076197,071391,079822,084358,084974
0000000913,0000912000,093645,068822,082306,079822,084358,084974
0000000914,0000913000,090350,074664,090469,079822,084358,084974
0000000915,0000914000,086309,080735,069734,079822,084358,084974
0000000916,0000915000,099998,092192,066318,079822,084358,084974
0000000917,0000916000,093406,082417,071925,079822,084358,084974
0000000918,0000917000,082525,081397,079445,079822,084358,084974
0000000919,0000918000,084599,096544,074824,079822,084358,084974
0000000920,0000919000,082525,095797,059987,079822,084358,084974
0000000921,0000920000,084204,094165,075063,079822,084358,084974
0000000922,0000921000,073690,089333,087882,079822,084358,084974
0000000923,0000922000,068697,092807,081514,079822,084358,084974
0000000924,0000923000,078617,099998,077265,079822,084358,084974
0000000925,0000924000,074127,086342,080648,079822,084358,084974
0000000926,0000925000,070172,081179,097969,079822,084358,084974
0000000927,0000926000,070230,084986,096976,079822,084358,084974
0000000928,0000927000,075888,084460,082723,079822,084358,084974
0000000929,0000928000,085667,080246,089074,079822,084358,084974
0000000930,0000929000,079049,068258,097074,079822,084358,084974
0000000931,0000930000,078965,072094,095673,079822,084358,084974
0000000932,0000931000,089121,080051,083224,079822,084358,084974
0000000933,0000932000,093107,073676,076586,079822,084358,084974
0000000934,0000933000,094033,070901,088414,079822,084358,084974
0000000935,0000934000,088604,073351,085306,079822,084358,084974
0000000936,0000935000,091997,082786,070774,079822,084358,084974
0000000937,0000936000,098194,086381,067579,079822,084358,084974
0000000938,0000937000,090939,079466,073587,079822,084358,084974
0000000939,0000938000,086352,085644,079330,079822,084358,084974
0000000940,0000939000,085477,094697,069084,079822,084358,084974
0000000941,0000940000,086061,095605,063660,079822,084358,084974
0000000942,0000941000,082811,092366,076575,079822,084358,084974
0000000943,0000942000,072554,089603,082837,079822,084358,084974
0000000944,0000943000,073237,096976,079173,079822,084358,084974
0000000945,0000944000,076980,097461,075855,079822,084358,084974
0000000946,0000945000,073373,087440,084759,079822,084358,084974
0000000947,0000946000,070178,084586,096461,079822,084358,084974
0000000948,0000947000,069687,085792,090768,079822,084358,084974
0000000949,0000948000,076974,085765,085173,079822,084358,084974
0000000950,0000949000,080748,078047,091779,079822,084358,084974
0000000951,0000950000,077339,070802,097839,079822,084358,084974
0000000952,0000951000,081127,075453,093995,079822,084358,084974
0000000953,0000952000,087777,077129,082593,079822,084358,084974
0000000954,0000953000,091566,072596,082901,079822,084358,084974
0000000955,0000954000,090902,070178,089330,079822,084358,084974
0000000956,0000955000,089790,074144,082471,079822,084358,084974
0000000957,0000956000,095295,082175,072353,079822,084358,084974
0000000958,0000957000,096124,081517,070876,079822,084358,084974
0000000959,0000958000,091065,079580,076114,079822,084358,084974
0000000960,0000959000,088294,086525,075271,079822,084358,084974
0000000961,0000960000,087801,092615,066443,079822,084358,084974
0000000962,0000961000,087611,093680,067733,079822,084358,084974
0000000963,0000962000,081200,091282,076688,079822,084358,084974
0000000964,0000963000,075407,092686,078757,079822,084358,084974
0000000965,0000964000,076547,097782,075380,079822,084358,084974
0000000966,0000965000,075692,095078,076598,079822,084358,084974
0000000967,0000966000,071634,088815,087900,079822,084358,084974
0000000968,0000967000,069961,087757,091706,079822,084358,084974
0000000969,0000968000,072159,088442,086523,079822,084358,084974
0000000970,0000969000,076329,085319,087669,079822,084358,084974
0000000971,0000970000,075814,077354,094715,079822,084358,084974
0000000972,0000971000,076125,074782,096970,079822,084358,084974
0000000973,0000972000,081806,076935,090675,079822,084358,084974
0000000974,0000973000,087044,075079,085300,079822,084358,084974
0000000975,0000974000,088601,071613,088769,079822,084358,084974
0000000976,0000975000,088433,071017,088873,079822,084358,084974
0000000977,0000976000,092137,075482,079991,079822,084358,084974
0000000978,0000977000,095790,078450,075060,079822,084358,084974
0000000979,0000978000,093750,077373,076560,079822,084358,084974
0000000980,0000979000,091454,080539,076672,079822,084358,084974
0000000981,0000980000,091252,087499,069920,079822,084358,084974
0000000982,0000981000,091014,089906,066630,079822,084358,084974
0000000983,0000982000,087130,089567,072376,079822,084358,084974
0000000984,0000983000,080496,091284,076138,079822,084358,084974
0000000985,0000984000,079153,096057,073185,079822,084358,084974
0000000986,0000985000,079663,097178,072014,079822,084358,084974
0000000987,0000986000,075309,093012,079347,079822,084358,084974
0000000988,0000987000,070174,090630,088038,079822,084358,084974
0000000989,0000988000,070438,091502,086191,079822,084358,084974
0000000990,0000989000,074080,090072,084043,079822,084358,084974
0000000991,0000990000,074605,083947,090314,079822,084358,084974
0000000992,0000991000,072454,079150,096248,079822,084358,084974
0000000993,0000992000,075227,079513,093912,079822,084358,084974
0000000994,0000993000,081719,077815,088773,079822,084358,084974
0000000995,0000994000,085275,072724,090069,079822,084358,084974
0000000996,0000995000,085060,070878,092876,079822,084358,084974
0000000997,0000996000,087095,073570,087347,079822,084358,084974
0000000998,0000997000,093330,076043,079116,079822,084358,084974
0000000999,0000998000,095485,074271,078709,079822,084358,084974
0000001000,0000999000,092375,074479,081154,079822,084358,084974
0000001001,0001000000,091471,081015,076236,079822,084358,084974
0000001002,0001001000,093626,086958,067577,079822,084358,084974
0000001003,0001002000,093423,086710,068223,079822,084358,084974
0000001004,0001003000,087429,086488,074643,079822,084358,084974
0000001005,0001004000,081794,091803,074421,079822,084358,084974
0000001006,0001005000,081939,097262,069404,079822,084358,084974
0000001007,0001006000,081612,095642,071022,079822,084358,084974
0000001008,0001007000,076033,091984,080257,079822,084358,084974
0000001009,0001008000,070618,092942,085037,079822,084358,084974
0000001010,0001009000,071359,094678,082046,079822,084358,084974
0000001011,0001010000,074416,090814,083270,079822,084358,084974
0000001012,0001011000,073053,083929,091364,079822,084358,084974
0000001013,0001012000,070807,081871,095545,079822,084358,084974
0000001014,0001013000,074193,082886,091510,079822,084358,084974
0000001015,0001014000,080390,078870,088905,079822,084358,084974
0000001016,0001015000,082933,072327,093163,079822,084358,084974
0000001017,0001016000,082562,071248,094594,079822,084358,084974
0000001018,0001017000,085863,074897,087432,079822,084358,084974
0000001019,0001018000,092267,075371,080907,079822,084358,084974
0000001020,0001019000,094392,071905,081948,079822,084358,084974
0000001021,0001020000,092157,073083,083118,079822,084358,084974
0000001022,0001021000,091949,080099,076398,079822,084358,084974
0000001023,0001022000,094641,084605,068955,079822,084358,084974
0000001024,0001023000,094379,083883,070223,079822,084358,084974
0000001025,0001024000,088924,084914,074473,079822,084358,084974
0000001026,0001025000,084536,091317,072460,079822,084358,084974
0000001027,0001026000,084209,096092,068159,079822,084358,084974
0000001028,0001027000,082712,094416,071096,079822,084358,084974
0000001029,0001028000,077507,092195,078736,079822,084358,084974
0000001030,0001029000,072817,094385,081152,079822,084358,084974
0000001031,0001030000,072575,096147,079570,079822,084358,084974
0000001032,0001031000,073608,091835,083022,079822,084358,084974
0000001033,0001032000,072122,085956,090168,079822,084358,084974
0000001034,0001033000,070751,084749,092895,079822,084358,084974
0000001035,0001034000,073253,084691,090436,079822,084358,084974
0000001036,0001035000,077716,080096,090469,079822,084358,084974
0000001037,0001036000,079975,074180,094301,079822,084358,084974
0000001038,0001037000,081119,072853,094317,079822,084358,084974
0000001039,0001038000,084964,074820,088578,079822,084358,084974
0000001040,0001039000,089573,074262,084555,079822,084358,084974
0000001041,0001040000,091851,071435,084997,079822,084358,084974
0000001042,0001041000,092295,072630,083495,079822,084358,084974
0000001043,0001042000,093258,077947,077126,079822,084358,084974
0000001044,0001043000,094462,081176,072707,079822,084358,084974
0000001045,0001044000,093930,081649,072809,079822,084358,084974
0000001046,0001045000,091001,084360,072952,079822,084358,084974
0000001047,0001046000,088336,089408,070634,079822,084358,084974
0000001048,0001047000,086392,092820,069142,079822,084358,084974
0000001049,0001048000,083144,093422,071761,079822,084358,084974
0000001050,0001049000,079325,093681,075393,079822,084358,084974
0000001051,0001050000,076713,094993,076619,079822,084358,084974
0000001052,0001051000,074453,095500,078404,079822,084358,084974
0000001053,0001052000,071968,092755,083672,079822,084358,084974
0000001054,0001053000,071514,089850,086924,079822,084358,084974
0000001055,0001054000,072372,088058,087973,079822,084358,084974
0000001056,0001055000,072958,085288,090082,079822,084358,084974
0000001057,0001056000,073926,080923,093489,079822,084358,084974
0000001058,0001057000,076302,077967,094145,079822,084358,084974
0000001059,0001058000,080394,076048,091850,079822,084358,084974
0000001060,0001059000,084381,074040,089983,079822,084358,084974
0000001061,0001060000,085973,072566,089795,079822,084358,084974
0000001062,0001061000,087972,072419,087935,079822,084358,084974
0000001063,0001062000,092030,073490,082879,079822,084358,084974
0000001064,0001063000,094817,075032,078463,079822,084358,084974
0000001065,0001064000,093783,076747,077863,079822,084358,084974
0000001066,0001065000,092477,079992,075871,079822,084358,084974
0000001067,0001066000,092838,084350,071163,079822,084358,084974
0000001068,0001067000,092425,086671,069273,079822,084358,084974
0000001069,0001068000,088711,088076,071536,079822,084358,084974
0000001070,0001069000,083839,091827,072716,079822,084358,084974
0000001071,0001070000,081376,095621,071343,079822,084358,084974
0000001072,0001071000,080652,095449,072256,079822,084358,084974
0000001073,0001072000,077091,093405,077872,079822,084358,084974
0000001074,0001073000,071990,093275,083077,079822,084358,084974
0000001075,0001074000,070990,094046,083325,079822,084358,084974
0000001076,0001075000,073224,091423,083702,079822,084358,084974
0000001077,0001076000,073258,085936,089154,079822,084358,084974
0000001078,0001077000,071549,082308,094501,079822,084358,084974
0000001079,0001078000,073081,081894,093382,079822,084358,084974
0000001080,0001079000,078505,079643,090207,079822,084358,084974
0000001081,0001080000,082568,074415,091378,079822,084358,084974
0000001082,0001081000,083222,071606,093522,079822,084358,084974
0000001083,0001082000,084846,073296,090208,079822,084358,084974
0000001084,0001083000,089971,074554,083829,079822,084358,084974
0000001085,0001084000,094168,073003,081178,079822,084358,084974
0000001086,0001085000,093656,073155,081550,079822,084358,084974
0000001087,0001086000,092109,077859,078386,079822,084358,084974
0000001088,0001087000,093424,082756,072177,079822,084358,084974
0000001089,0001088000,094489,084082,069786,079822,084358,084974
0000001090,0001089000,091300,084842,072202,079822,084358,084974
0000001091,0001090000,086325,089280,072753,079822,084358,084974
0000001092,0001091000,083972,094521,069857,079822,084358,084974
0000001093,0001092000,082933,095312,070105,079822,084358,084974
0000001094,0001093000,079663,093141,075565,079822,084358,084974
0000001095,0001094000,074800,093488,080060,079822,084358,084974
0000001096,0001095000,072201,095651,080505,079822,084358,084974
0000001097,0001096000,072652,093905,081805,079822,084358,084974
0000001098,0001097000,072911,088602,086823,079822,084358,084974
0000001099,0001098000,071553,085159,091653,079822,084358,084974
0000001100,0001099000,071705,084375,092268,079822,084358,084974
0000001101,0001100000,075226,082012,091114,079822,084358,084974
