0000000001,0000000000,088035,087951,072058,086072,088993,074378
0000000002,0000001000,085488,090384,072172,083056,091710,074677
0000000003,0000002000,082636,092240,073170,079759,093703,075982
0000000004,0000003000,079789,093302,074953,076500,094776,078168
0000000005,0000004000,077208,093482,077355,073599,094823,081022
0000000006,0000005000,075131,092780,080133,071337,093846,084261
0000000007,0000006000,073790,091244,083008,069943,091932,087568
0000000008,0000007000,073313,089017,085714,069549,089271,090623
0000000009,0000008000,073724,086337,087983,070188,086129,093126
0000000010,0000009000,074991,083471,089583,071808,082807,094829
0000000011,0000010000,077010,080672,090362,074245,079632,095567
0000000012,0000011000,079572,078224,090249,077258,076917,095268
0000000013,0000012000,082401,076392,089252,080558,074923,093963
0000000014,0000013000,085253,075323,087467,083816,073850,091777
0000000015,0000014000,087853,075125,085066,086718,073803,088923
0000000016,0000015000,089910,075846,082288,088977,074783,085683
0000000017,0000016000,091247,077386,079412,090373,076693,082377
0000000018,0000017000,091745,079593,076707,090770,079352,079322
0000000019,0000018000,091325,082281,074437,090125,082500,076819
0000000020,0000019000,090044,085163,072837,088508,085819,075116
0000000021,0000020000,088041,087945,072058,086074,088991,074378
0000000022,0000021000,085486,090386,072172,083055,091712,074677
0000000023,0000022000,082635,092241,073169,079758,093704,075982
0000000024,0000023000,079790,093301,074953,076502,094774,078168
0000000025,0000024000,077208,093481,077355,073597,094824,081022
0000000026,0000025000,075131,092781,080132,071337,093845,084261
0000000027,0000026000,073790,091245,083008,069943,091932,087568
0000000028,0000027000,073314,089016,085714,069547,089273,090623
0000000029,0000028000,073722,086339,087983,070189,086129,093126
0000000030,0000029000,074992,083470,089583,071807,082808,094829
0000000031,0000030000,077012,080670,090363,074243,079633,095567
0000000032,0000031000,079567,078228,090249,077259,076917,095268
0000000033,0000032000,082403,076390,089251,080557,074924,093963
0000000034,0000033000,085257,075320,087467,083815,073851,091777
0000000035,0000034000,087848,075130,085066,086717,073803,088923
0000000036,0000035000,089910,075846,082288,088977,074783,085684
0000000037,0000036000,091252,077381,079412,090373,076693,082377
0000000038,0000037000,091743,079595,076707,090768,079354,079322
0000000039,0000038000,091322,082284,074438,090125,082499,076819
0000000040,0000039000,090049,085159,072837,088509,085819,075116
0000000041,0000040000,088042,087944,072058,086072,088992,074379
0000000042,0000041000,085481,090392,072172,083055,091711,074677
0000000043,0000042000,082636,092239,073168,079758,093703,075982
0000000044,0000043000,079795,093297,074952,076501,094775,078168
0000000045,0000044000,077203,093487,077355,073597,094825,081022
0000000046,0000045000,075129,092783,080132,071338,093845,084261
0000000047,0000046000,073796,091240,083008,069943,091933,087568
0000000048,0000047000,073311,089019,085714,069546,089274,090623
0000000049,0000048000,073718,086343,087983,070189,086129,093126
0000000050,0000049000,074995,083466,089583,071807,082808,094829
0000000051,0000050000,077013,080669,090363,074242,079635,095566
0000000052,0000051000,079563,078232,090249,077258,076918,095268
0000000053,0000052000,082404,076389,089252,080557,074924,093963
0000000054,0000053000,085259,075316,087468,083814,073852,091777
0000000055,0000054000,087844,075133,085067,086715,073804,088924
0000000056,0000055000,089909,075847,082288,088977,074782,085684
0000000057,0000056000,091255,077377,079412,090372,076693,082378
0000000058,0000057000,091741,079596,076707,090766,079354,079323
0000000059,0000058000,091321,082286,074438,090124,082499,076820
0000000060,0000059000,090052,085155,072837,088509,085818,075117
0000000061,0000060000,088043,087943,072058,086072,088992,074379
0000000062,0000061000,085479,090394,072171,083055,091710,074678
0000000063,0000062000,082639,092237,073168,079759,093702,075983
0000000064,0000063000,079796,093296,074952,076501,094775,078168
0000000065,0000064000,077201,093489,077354,073598,094824,081021
0000000066,0000065000,075131,092782,080131,071338,093844,084261
0000000067,0000066000,073797,091239,083008,069943,091933,087567
0000000068,0000067000,073308,089022,085714,069547,089275,090622
0000000069,0000068000,073718,086344,087982,070190,086129,093125
0000000070,0000069000,074997,083465,089583,071807,082809,094828
0000000071,0000070000,077009,080672,090363,074241,079636,095566
0000000072,0000071000,079561,078233,090250,077258,076918,095267
0000000073,0000072000,082406,076386,089253,080556,074925,093963
0000000074,0000073000,085257,075317,087469,083812,073854,091777
0000000075,0000074000,087842,075134,085068,086714,073805,088924
0000000076,0000075000,089911,075843,082289,088976,074783,085685
0000000077,0000076000,091256,077375,079413,090370,076694,082379
0000000078,0000077000,091739,079598,076708,090765,079354,079324
0000000079,0000078000,091323,082283,074438,090124,082498,076821
0000000080,0000079000,090055,085152,072837,088507,085818,075118
0000000081,0000080000,088041,087946,072057,086072,088991,074380
0000000082,0000081000,085480,090393,072170,083056,091709,074679
0000000083,0000082000,082643,092234,073167,079759,093701,075983
0000000084,0000083000,079795,093299,074951,076502,094774,078168
0000000085,0000084000,077200,093492,077352,073600,094823,081021
0000000086,0000085000,075134,092780,080130,071340,093843,084260
0000000087,0000086000,073797,091240,083007,069944,091933,087566
0000000088,0000087000,073305,089026,085713,069548,089275,090620
0000000089,0000088000,073719,086343,087982,070191,086129,093123
0000000090,0000089000,074997,083464,089583,071807,082810,094826
0000000091,0000090000,077005,080675,090364,074241,079638,095564
0000000092,0000091000,079560,078234,090251,077257,076920,095266
0000000093,0000092000,082406,076384,089254,080554,074927,093962
0000000094,0000093000,085254,075319,087471,083810,073856,091777
0000000095,0000094000,087840,075134,085069,086713,073806,088925
0000000096,0000095000,089913,075840,082291,088973,074784,085686
0000000097,0000096000,091255,077374,079415,090368,076695,082381
0000000098,0000097000,091738,079598,076708,090764,079353,079326
0000000099,0000098000,091327,082279,074438,090123,082497,076824
0000000100,0000099000,090057,085150,072837,088506,085816,075121
0000000101,0000100000,088041,087946,072057,086072,088989,074382
0000000102,0000101000,085484,090392,072169,083057,091706,074680
0000000103,0000102000,082646,092233,073165,079760,093699,075984
0000000104,0000103000,079794,093301,074949,076503,094772,078168
0000000105,0000104000,077202,093493,077350,073602,094821,081021
0000000106,0000105000,075136,092780,080128,071342,093842,084259
0000000107,0000106000,073795,091244,083005,069946,091933,087564
0000000108,0000107000,073304,089029,085711,069551,089275,090618
0000000109,0000108000,073719,086343,087981,070192,086131,093120
0000000110,0000109000,074993,083467,089584,071807,082813,094823
0000000111,0000110000,077002,080678,090365,074241,079641,095562
0000000112,0000111000,079560,078233,090252,077256,076923,095264
0000000113,0000112000,082404,076383,089256,080552,074931,093961
0000000114,0000113000,085251,075320,087473,083808,073858,091777
0000000115,0000114000,087841,075132,085071,086710,073808,088925
0000000116,0000115000,089914,075836,082293,088970,074786,085688
0000000117,0000116000,091254,077374,079417,090365,076696,082383
0000000118,0000117000,091739,079595,076710,090761,079353,079329
0000000119,0000118000,091330,082275,074439,090121,082496,076827
0000000120,0000119000,090058,085149,072837,088505,085814,075124
0000000121,0000120000,088043,087946,072055,086072,088986,074385
0000000122,0000121000,085488,090389,072167,083058,091703,074682
0000000123,0000122000,082648,092233,073163,079762,093696,075986
0000000124,0000123000,079795,093304,074946,076506,094768,078169
0000000125,0000124000,077205,093493,077347,073606,094818,081020
0000000126,0000125000,075137,092782,080125,071346,093841,084257
0000000127,0000126000,073792,091249,083003,069950,091932,087561
0000000128,0000127000,073303,089031,085710,069554,089275,090614
0000000129,0000128000,073718,086345,087981,070194,086133,093117
0000000130,0000129000,074989,083471,089584,071808,082816,094820
0000000131,0000130000,076998,080680,090366,074241,079644,095558
0000000132,0000131000,079558,078232,090254,077255,076927,095262
0000000133,0000132000,082400,076384,089259,080549,074935,093959
0000000134,0000133000,085247,075320,087476,083805,073862,091777
0000000135,0000134000,087841,075128,085075,086706,073811,088926
0000000136,0000135000,089913,075834,082297,088965,074788,085690
0000000137,0000136000,091253,077372,079419,090361,076697,082386
0000000138,0000137000,091742,079590,076712,090758,079352,079333
0000000139,0000138000,091334,082271,074440,090118,082494,076831
0000000140,0000139000,090060,085148,072837,088504,085811,075128
0000000141,0000140000,088047,087943,072054,086072,088982,074389
0000000142,0000141000,085493,090386,072164,083059,091698,074685
0000000143,0000142000,082650,092234,073160,079765,093691,075987
0000000144,0000143000,079797,093305,074942,076511,094764,078169
0000000145,0000144000,077208,093494,077343,073610,094815,081019
0000000146,0000145000,075136,092786,080122,071350,093839,084254
0000000147,0000146000,073791,091254,082999,069955,091931,087557
0000000148,0000147000,073302,089034,085707,069558,089276,090610
0000000149,0000148000,073715,086349,087980,070197,086135,093112
0000000150,0000149000,074984,083476,089584,071810,082819,094815
0000000151,0000150000,076995,080682,090367,074241,079648,095554
0000000152,0000151000,079554,078233,090258,077253,076932,095258
0000000153,0000152000,082395,076386,089263,080546,074940,093957
0000000154,0000153000,085245,075318,087481,083800,073867,091776
0000000155,0000154000,087840,075124,085080,086700,073815,088928
0000000156,0000155000,089912,075831,082301,088959,074791,085693
0000000157,0000156000,091254,077368,079423,090355,076697,082391
0000000158,0000157000,091746,079584,076714,090753,079351,079339
0000000159,0000158000,091337,082266,074441,090114,082492,076837
0000000160,0000159000,090064,085144,072836,088502,085807,075134
0000000161,0000160000,088054,087939,072052,086072,088977,074394
0000000162,0000161000,085498,090384,072161,083061,091693,074689
0000000163,0000162000,082653,092236,073155,079769,093685,075990
0000000164,0000163000,079802,093306,074936,076516,094758,078169
0000000165,0000164000,077211,093496,077338,073616,094810,081017
0000000166,0000165000,075136,092792,080117,071357,093836,084251
0000000167,0000166000,073790,091259,082995,069961,091930,087552
0000000168,0000167000,073300,089039,085704,069563,089277,090604
0000000169,0000168000,073709,086356,087979,070200,086138,093105
0000000170,0000169000,074978,083481,089585,071812,082824,094808
0000000171,0000170000,076990,080685,090370,074241,079654,095548
0000000172,0000171000,079548,078235,090262,077250,076939,095254
0000000173,0000172000,082389,076387,089268,080542,074947,093955
0000000174,0000173000,085242,075316,087487,083794,073873,091776
0000000175,0000174000,087837,075121,085086,086693,073821,088929
0000000176,0000175000,089910,075827,082307,088952,074794,085697
0000000177,0000176000,091256,077361,079428,090349,076699,082396
0000000178,0000177000,091750,079577,076718,090747,079350,079346
0000000179,0000178000,091340,082261,074443,090110,082489,076845
0000000180,0000179000,090070,085139,072835,088500,085802,075141
0000000181,0000180000,088061,087934,072049,086072,088970,074401
0000000182,0000181000,085504,090383,072157,083064,091685,074694
0000000183,0000182000,082659,092236,073149,079774,093677,075993
0000000184,0000183000,079807,093307,074930,076522,094751,078170
0000000185,0000184000,077213,093500,077331,073624,094805,081015
0000000186,0000185000,075136,092798,080110,071365,093832,084247
0000000187,0000186000,073789,091265,082990,069969,091929,087546
0000000188,0000187000,073297,089046,085701,069569,089278,090596
0000000189,0000188000,073703,086363,087977,070205,086142,093097
0000000190,0000189000,074972,083487,089585,071814,082829,094800
0000000191,0000190000,076983,080688,090373,074241,079662,095541
0000000192,0000191000,079540,078238,090266,077247,076948,095248
0000000193,0000192000,082382,076387,089275,080537,074956,093951
0000000194,0000193000,085237,075312,087494,083787,073881,091775
0000000195,0000194000,087833,075117,085094,086685,073827,088931
0000000196,0000195000,089909,075821,082314,088943,074798,085701
0000000197,0000196000,091258,077353,079433,090340,076700,082403
0000000198,0000197000,091754,079569,076722,090740,079349,079354
0000000199,0000198000,091346,082254,074444,090105,082485,076854
0000000200,0000199000,090078,085132,072834,088498,085795,075151
0000000201,0000200000,088069,087928,072046,086073,088962,074409
0000000202,0000201000,085511,090381,072151,083067,091676,074701
0000000203,0000202000,082666,092236,073142,079780,093667,075996
0000000204,0000203000,079814,093309,074922,076530,094742,078171
0000000205,0000204000,077216,093506,077322,073633,094798,081013
0000000206,0000205000,075137,092805,080102,071375,093827,084241
0000000207,0000206000,073788,091272,082983,069978,091927,087539
0000000208,0000207000,073292,089055,085697,069577,089280,090587
0000000209,0000208000,073696,086372,087975,070211,086146,093086
0000000210,0000209000,074964,083494,089586,071817,082836,094790
0000000211,0000210000,076974,080694,090376,074240,079671,095532
0000000212,0000211000,079530,078242,090272,077244,076958,095242
0000000213,0000212000,082375,076387,089283,080530,074966,093947
0000000214,0000213000,085231,075309,087503,083778,073891,091775
0000000215,0000214000,087829,075112,085103,086674,073835,088934
0000000216,0000215000,089908,075814,082322,088933,074803,085707
0000000217,0000216000,091260,077343,079441,090330,076702,082412
0000000218,0000217000,091758,079560,076727,090731,079348,079364
0000000219,0000218000,091353,082245,074446,090099,082480,076865
0000000220,0000219000,090087,085123,072833,088495,085787,075161
0000000221,0000220000,088079,087923,072042,086073,088952,074419
0000000222,0000221000,085521,090378,072145,083071,091664,074708
0000000223,0000222000,082676,092235,073133,079787,093656,076001
0000000224,0000223000,079821,093312,074912,076540,094732,078172
0000000225,0000224000,077220,093512,077312,073644,094789,081010
0000000226,0000225000,075138,092813,080093,071387,093822,084235
0000000227,0000226000,073786,091282,082976,069989,091925,087529
0000000228,0000227000,073287,089066,085691,069586,089281,090575
0000000229,0000228000,073689,086382,087973,070218,086151,093074
0000000230,0000229000,074955,083502,089587,071820,082845,094778
0000000231,0000230000,076963,080700,090381,074240,079682,095522
0000000232,0000231000,079519,078246,090279,077240,076970,095234
0000000233,0000232000,082366,076386,089292,080522,074978,093943
0000000234,0000233000,085224,075306,087514,083767,073902,091774
0000000235,0000234000,087824,075106,085114,086662,073844,088937
0000000236,0000235000,089907,075804,082333,088920,074809,085714
0000000237,0000236000,091263,077332,079449,090317,076704,082422
0000000238,0000237000,091763,079549,076732,090721,079346,079377
0000000239,0000238000,091361,082234,074449,090092,082474,076878
0000000240,0000239000,090098,085114,072832,088491,085778,075174
0000000241,0000240000,088090,087916,072037,086073,088940,074430
0000000242,0000241000,085532,090375,072137,083076,091651,074717
0000000243,0000242000,082687,092235,073123,079795,093643,076006
0000000244,0000243000,079828,093316,074900,076551,094720,078173
0000000245,0000244000,077225,093520,077300,073658,094779,081007
0000000246,0000245000,075140,092822,080082,071400,093815,084228
0000000247,0000246000,073784,091294,082966,070002,091923,087519
0000000248,0000247000,073280,089079,085685,069598,089283,090562
0000000249,0000248000,073680,086394,087970,070226,086158,093060
0000000250,0000249000,074944,083512,089589,071824,082855,094764
0000000251,0000250000,076950,080709,090386,074239,079695,095509
0000000252,0000251000,079507,078250,090288,077235,076985,095224
0000000253,0000252000,082355,076386,089303,080513,074993,093937
0000000254,0000253000,085214,075302,087527,083755,073915,091773
0000000255,0000254000,087818,075099,085127,086648,073855,088941
0000000256,0000255000,089906,075793,082345,088905,074816,085722
0000000257,0000256000,091265,077320,079459,090303,076707,082433
0000000258,0000257000,091769,079536,076739,090709,079344,079391
0000000259,0000258000,091372,082221,074452,090083,082467,076894
0000000260,0000259000,090110,085102,072831,088487,085767,075189
0000000261,0000260000,088103,087908,072032,086074,088926,074443
0000000262,0000261000,085546,090370,072128,083081,091636,074727
0000000263,0000262000,082699,092234,073111,079805,093627,076012
0000000264,0000263000,079838,093320,074886,076564,094706,078173
0000000265,0000264000,077231,093528,077286,073673,094768,081003
0000000266,0000265000,075142,092834,080069,071417,093808,084219
0000000267,0000266000,073781,091308,082956,070017,091920,087506
0000000268,0000267000,073273,089094,085677,069610,089286,090547
0000000269,0000268000,073670,086407,087967,070235,086165,093044
0000000270,0000269000,074930,083524,089590,071828,082867,094748
0000000271,0000270000,076935,080718,090392,074238,079710,095495
0000000272,0000271000,079492,078254,090298,077229,077001,095214
0000000273,0000272000,082342,076386,089316,080503,075010,093931
0000000274,0000273000,085204,075298,087542,083741,073931,091772
0000000275,0000274000,087812,075090,085142,086631,073867,088945
0000000276,0000275000,089904,075780,082359,088887,074824,085732
0000000277,0000276000,091268,077305,079471,090287,076710,082447
0000000278,0000277000,091777,079520,076747,090695,079341,079407
0000000279,0000278000,091383,082206,074455,090073,082459,076911
0000000280,0000279000,090125,085090,072830,088482,085755,075207
0000000281,0000280000,088119,087899,072026,086075,088910,074458
0000000282,0000281000,085562,090364,072117,083088,091618,074738
0000000283,0000282000,082713,092234,073097,079816,093609,076018
0000000284,0000283000,079848,093326,074870,076580,094689,078175
0000000285,0000284000,077238,093537,077270,073691,094755,080998
0000000286,0000285000,075144,092847,080054,071435,093799,084209
0000000287,0000286000,073777,091324,082943,070035,091917,087492
0000000288,0000287000,073265,089110,085669,069625,089289,090530
0000000289,0000288000,073657,086423,087963,070245,086173,093025
0000000290,0000289000,074915,083538,089592,071833,082880,094730
0000000291,0000290000,076918,080728,090398,074237,079727,095479
0000000292,0000291000,079476,078259,090309,077222,077020,095202
0000000293,0000292000,082327,076386,089331,080490,075029,093924
0000000294,0000293000,085192,075293,087559,083725,073948,091771
0000000295,0000294000,087805,075079,085160,086612,073881,088950
0000000296,0000295000,089902,075766,082375,088868,074833,085742
0000000297,0000296000,091271,077289,079484,090268,076713,082462
0000000298,0000297000,091786,079502,076757,090680,079338,079426
0000000299,0000298000,091397,082188,074459,090062,082450,076931
0000000300,0000299000,090141,085075,072828,088477,085741,075226
0000000301,0000300000,088137,087888,072019,086076,088892,074475
0000000302,0000301000,085580,090358,072105,083095,091597,074751
0000000303,0000302000,082729,092234,073081,079829,093589,076026
0000000304,0000303000,079861,093331,074852,076597,094671,078176
0000000305,0000304000,077246,093547,077251,073711,094740,080993
0000000306,0000305000,075146,092862,080036,071456,093790,084198
0000000307,0000306000,073773,091342,082929,070055,091914,087475
0000000308,0000307000,073256,089129,085659,069642,089292,090510
0000000309,0000308000,073644,086442,087959,070257,086183,093003
0000000310,0000309000,074897,083554,089593,071839,082895,094709
0000000311,0000310000,076899,080740,090406,074236,079746,095461
0000000312,0000311000,079457,078266,090322,077214,077042,095188
0000000313,0000312000,082309,076387,089348,080477,075051,093916
0000000314,0000313000,085178,075288,087578,083706,073968,091770
0000000315,0000314000,087796,075068,085180,086591,073896,088956
0000000316,0000315000,089900,075751,082394,088845,074844,085754
0000000317,0000316000,091275,077270,079500,090247,076716,082480
0000000318,0000317000,091795,079482,076767,090662,079334,079447
0000000319,0000318000,091411,082169,074464,090050,082440,076954
0000000320,0000319000,090159,085059,072826,088471,085725,075248
0000000321,0000320000,088158,087875,072011,086077,088871,074495
0000000322,0000321000,085601,090351,072092,083103,091575,074765
0000000323,0000322000,082747,092234,073063,079844,093566,076034
0000000324,0000323000,079876,093337,074832,076617,094650,078177
0000000325,0000324000,077255,093559,077230,073734,094723,080987
0000000326,0000325000,075149,092879,080017,071479,093779,084185
0000000327,0000326000,073769,091362,082912,070077,091910,087457
0000000328,0000327000,073246,089150,085647,069660,089296,090487
0000000329,0000328000,073628,086462,087954,070270,086194,092980
0000000330,0000329000,074877,083572,089595,071845,082912,094686
0000000331,0000330000,076877,080753,090414,074235,079768,095441
0000000332,0000331000,079435,078273,090336,077205,077066,095173
0000000333,0000332000,082290,076388,089367,080461,075075,093908
0000000334,0000333000,085163,075281,087600,083685,073989,091769
0000000335,0000334000,087787,075055,085202,086567,073914,088963
0000000336,0000335000,089896,075733,082414,088821,074855,085768
0000000337,0000336000,091279,077248,079517,090224,076720,082499
0000000338,0000337000,091806,079459,076779,090643,079330,079471
0000000339,0000338000,091427,082147,074470,090036,082428,076979
0000000340,0000339000,090180,085040,072824,088464,085706,075273
0000000341,0000340000,088181,087861,072002,086079,088849,074516
0000000342,0000341000,085624,090343,072077,083112,091549,074781
0000000343,0000342000,082767,092233,073044,079860,093540,076043
0000000344,0000343000,079892,093343,074809,076639,094627,078178
0000000345,0000344000,077266,093572,077206,073759,094705,080980
0000000346,0000345000,075152,092898,079995,071506,093768,084170
0000000347,0000346000,073765,091384,082894,070101,091906,087436
0000000348,0000347000,073235,089174,085635,069680,089300,090463
0000000349,0000348000,073610,086486,087948,070284,086207,092953
0000000350,0000349000,074855,083592,089597,071852,082932,094660
0000000351,0000350000,076853,080768,090423,074233,079792,095419
0000000352,0000351000,079411,078282,090352,077195,077093,095156
0000000353,0000352000,082268,076389,089388,080444,075101,093898
0000000354,0000353000,085146,075274,087624,083662,074014,091767
0000000355,0000354000,087775,075042,085227,086540,073933,088970
0000000356,0000355000,089893,075714,082438,088793,074867,085783
0000000357,0000356000,091284,077224,079536,090199,076724,082521
0000000358,0000357000,091818,079433,076793,090621,079326,079497
0000000359,0000358000,091446,082123,074476,090021,082415,077007
0000000360,0000359000,090203,085018,072823,088458,085686,075300
0000000361,0000360000,088207,087844,071992,086081,088823,074539
0000000362,0000361000,085649,090334,072061,083123,091521,074799
0000000363,0000362000,082790,092232,073021,079878,093512,076053
0000000364,0000363000,079911,093350,074783,076663,094602,078179
0000000365,0000364000,077277,093587,077180,073787,094685,080972
0000000366,0000365000,075156,092918,079970,071534,093755,084154
0000000367,0000366000,073761,091409,082874,070128,091902,087413
0000000368,0000367000,073223,089201,085620,069703,089305,090435
0000000369,0000368000,073591,086512,087941,070299,086220,092924
0000000370,0000369000,074831,083614,089599,071859,082953,094632
0000000371,0000370000,076826,080785,090433,074231,079819,095394
0000000372,0000371000,079384,078292,090369,077184,077122,095138
0000000373,0000372000,082244,076390,089411,080425,075131,093888
0000000374,0000373000,085127,075267,087651,083637,074040,091766
0000000375,0000374000,087763,075027,085254,086511,073954,088978
0000000376,0000375000,089889,075692,082463,088763,074880,085800
0000000377,0000376000,091288,077198,079558,090170,076728,082545
0000000378,0000377000,091831,079405,076808,090598,079320,079525
0000000379,0000378000,091465,082096,074483,090005,082401,077038
0000000380,0000379000,090229,084994,072821,088450,085664,075329
0000000381,0000380000,088235,087827,071982,086083,088795,074565
0000000382,0000381000,085677,090324,072043,083135,091491,074818
0000000383,0000382000,082816,092231,072997,079899,093482,076063
0000000384,0000383000,079931,093358,074755,076690,094574,078180
0000000385,0000384000,077290,093603,077151,073817,094663,080963
0000000386,0000385000,075160,092941,079943,071566,093741,084136
0000000387,0000386000,073756,091437,082851,070158,091898,087388
0000000388,0000387000,073209,089231,085604,069727,089311,090405
0000000389,0000388000,073570,086540,087934,070316,086235,092892
0000000390,0000389000,074805,083639,089600,071867,082976,094601
0000000391,0000390000,076797,080804,090444,074229,079848,095367
0000000392,0000391000,079354,078303,090387,077172,077154,095118
0000000393,0000392000,082217,076391,089436,080404,075163,093877
0000000394,0000393000,085105,075259,087680,083609,074069,091765
0000000395,0000394000,087749,075010,085285,086479,073977,088988
0000000396,0000395000,089884,075668,082492,088730,074894,085819
0000000397,0000396000,091293,077169,079582,090140,076733,082571
0000000398,0000397000,091844,079375,076825,090573,079314,079557
0000000399,0000398000,091487,082066,074491,089988,082385,077071
0000000400,0000399000,090256,084968,072819,088442,085640,075361
0000000401,0000400000,088266,087807,071971,086086,088765,074593
0000000402,0000401000,085244,092385,074096,081833,092027,075413
0000000403,0000402000,086595,091038,071787,078618,093486,076115
0000000404,0000403000,085124,094888,076280,075145,095171,078812
0000000405,0000404000,084454,091612,075155,075479,093746,080065
0000000406,0000405000,084267,091322,078299,073445,093264,083668
0000000407,0000406000,082956,089190,080538,077355,089349,084823
0000000408,0000407000,082909,085783,082004,077908,086674,087688
0000000409,0000408000,081964,086829,088001,082951,082105,088628
0000000410,0000409000,082085,080738,086442,086150,078522,090007
0000000411,0000410000,081128,081758,091287,090186,074698,090078
0000000412,0000411000,081911,076705,088576,094755,071534,089354
0000000413,0000412000,080704,077413,090056,096399,070181,088795
0000000414,0000413000,081989,076336,088424,099939,068669,086298
0000000415,0000414000,081417,077020,086990,099170,070161,085081
0000000416,0000415000,081754,078988,085460,099998,071027,081827
0000000417,0000416000,082528,079305,081590,096870,074859,080537
0000000418,0000417000,081624,082335,079969,094821,077917,077938
0000000419,0000418000,083132,082972,075706,090327,082358,076805
0000000420,0000419000,081943,087620,075954,086238,086509,076011
0000000421,0000420000,082890,087744,072585,081944,090072,075686
0000000422,0000421000,082316,091669,074040,077183,093651,076838
0000000423,0000422000,082239,090848,072251,074928,095020,077503
0000000424,0000423000,082088,091930,074021,071155,096583,080115
0000000425,0000424000,081633,091649,075702,071551,095448,081692
0000000426,0000425000,081603,089757,076982,070455,094338,084734
0000000427,0000426000,081090,090136,081631,073007,091058,086593
0000000428,0000427000,081298,085890,082063,075186,087833,088966
0000000429,0000428000,080595,085592,086434,078738,083736,090442
0000000430,0000429000,081358,081251,086554,083238,079538,091248
0000000431,0000430000,080636,080370,089335,086668,076169,091778
0000000432,0000431000,081567,078212,089425,091402,072689,090754
0000000433,0000432000,081482,077511,089594,093566,071324,090172
0000000434,0000433000,081863,077250,088830,096648,069920,087738
0000000435,0000434000,082657,076994,086516,096691,071031,086100
0000000436,0000435000,082409,078815,085047,096987,072397,083302
0000000437,0000436000,083597,079231,081453,094754,075511,081228
0000000438,0000437000,083240,082814,080491,092126,079136,079139
0000000439,0000438000,084037,083656,076614,088473,083108,077479
0000000440,0000439000,083843,087350,076073,083760,087555,076914
0000000441,0000440000,084034,088159,073442,080102,090959,076378
0000000442,0000441000,083877,090355,073236,075110,094480,077438
0000000443,0000442000,083665,091529,073486,072664,096071,078299
0000000444,0000443000,083469,091325,073881,069404,097346,080620
0000000445,0000444000,082946,092179,076600,068855,096552,082569
0000000446,0000445000,082887,089860,077368,068652,095067,085280
0000000447,0000446000,082060,089463,081051,070157,092193,087609
0000000448,0000447000,082284,086305,082383,072970,088546,089662
0000000449,0000448000,081503,084977,085624,076073,084699,091488
0000000450,0000449000,081785,082179,087156,080657,080270,092142
0000000451,0000450000,081523,080428,088895,084223,076907,092763
0000000452,0000451000,081566,078759,089462,088765,073451,091832
0000000453,0000452000,081967,077351,088980,091418,071768,090956
0000000454,0000453000,081824,077473,088586,094221,070658,088816
0000000455,0000454000,082560,077067,086195,094938,071316,086712
0000000456,0000455000,082480,079096,085135,094891,073007,084188
0000000457,0000456000,083123,079576,081733,093425,075785,081688
0000000458,0000457000,083146,082465,080161,090469,079613,079714
0000000459,0000458000,083504,083889,077055,087350,083483,077848
0000000460,0000459000,083505,086405,075478,082639,087942,077170
0000000461,0000460000,083546,088488,074148,078949,091471,076651
0000000462,0000461000,083478,089792,073128,074369,094870,077510
0000000463,0000462000,083144,091454,073928,071378,096736,078578
0000000464,0000463000,083101,091028,074013,068685,097791,080648
0000000465,0000464000,082445,091512,076271,067503,097297,082922
0000000466,0000465000,082460,089819,077608,067641,095572,085448
0000000467,0000466000,081782,088917,080616,068772,092910,088076
0000000468,0000467000,081752,086622,082625,071620,089094,090091
0000000469,0000468000,081410,084729,085202,074668,085241,092058
0000000470,0000469000,081276,082410,087084,079110,080816,092850
0000000471,0000470000,081400,080257,088263,082898,077218,093371
0000000472,0000471000,081285,079030,089245,087232,073883,092677
0000000473,0000472000,081731,077467,088634,090340,071876,091540
0000000474,0000473000,081770,077787,088426,092897,070930,089589
0000000475,0000474000,082317,077439,086180,094185,071318,087207
0000000476,0000475000,082497,078956,084775,093981,073110,084717
0000000477,0000476000,082985,079947,081991,092936,075786,082007
0000000478,0000477000,083195,082095,079805,090068,079630,079920
0000000479,0000478000,083478,084205,077578,087003,083571,077966
0000000480,0000479000,083639,086125,075520,082617,087988,077070
0000000481,0000480000,083581,088464,074517,078640,091727,076608
0000000482,0000481000,083671,089554,073388,074411,095030,077243
0000000483,0000482000,083279,091011,074009,071017,097160,078475
0000000484,0000483000,083261,090932,074372,068493,098108,080397
0000000485,0000484000,082734,091100,076265,066971,097809,082886
0000000486,0000485000,082551,089852,077954,067056,096026,085417
0000000487,0000486000,082135,088616,080436,067993,093397,088198
0000000488,0000487000,081833,086715,082686,070648,089585,090386
0000000489,0000488000,081674,084531,084849,073697,085587,092391
0000000490,0000489000,081417,082634,086971,077891,081214,093424
0000000491,0000490000,081524,080401,087934,081904,077363,093880
0000000492,0000491000,081448,079294,089005,086016,074074,093379
0000000493,0000492000,081757,077835,088462,089494,071836,092107
0000000494,0000493000,081879,077884,087980,091976,070895,090211
0000000495,0000494000,082294,077881,086199,093602,071143,087677
0000000496,0000495000,082553,078918,084451,093552,072911,085082
0000000497,0000496000,082925,080328,082198,092664,075588,082244
0000000498,0000497000,083233,082042,079765,090123,079387,079942
0000000499,0000498000,083399,084238,077820,087017,083468,077917
0000000500,0000499000,083650,085994,075712,082953,087850,076768
0000000501,0000500000,083547,088194,074695,078809,091802,076323
0000000502,0000501000,083630,089368,073774,074743,095095,076775
0000000503,0000502000,083331,090611,074187,071130,097428,078084
0000000504,0000503000,083182,090767,074742,068564,098404,079983
0000000505,0000504000,082821,090650,076313,066829,098200,082579
0000000506,0000505000,082488,089694,078160,066705,096481,085250
0000000507,0000506000,082185,088293,080280,067512,093805,088132
0000000508,0000507000,081818,086695,082678,069868,090041,090571
0000000509,0000508000,081662,084473,084627,072934,085889,092645
0000000510,0000509000,081418,082738,086698,076861,081519,093918
0000000511,0000510000,081462,080641,087663,081028,077465,094399
0000000512,0000511000,081427,079410,088543,085038,074124,094029
0000000513,0000512000,081659,078264,088245,088725,071719,092716
0000000514,0000513000,081840,078067,087536,091339,070686,090796
0000000515,0000514000,082169,078308,086119,093150,070855,088172
0000000516,0000515000,082509,079089,084236,093414,072536,085399
0000000517,0000516000,082803,080563,082204,092649,075249,082447
0000000518,0000517000,083179,082101,079824,090458,078994,079884
0000000519,0000518000,083335,084188,077968,087396,083216,077749
0000000520,0000519000,083589,085938,076010,083572,087613,076360
0000000521,0000520000,083565,087920,074954,079378,091742,075851
0000000522,0000521000,083586,089154,074216,075357,095123,076180
0000000523,0000522000,083406,090177,074424,071609,097601,077486
0000000524,0000523000,083189,090485,075122,068880,098696,079437
0000000525,0000524000,082913,090196,076463,066977,098552,082099
0000000526,0000525000,082551,089457,078358,066538,096938,084961
0000000527,0000526000,082269,088046,080269,067205,094217,087969
0000000528,0000527000,081904,086558,082594,069220,090489,090668
0000000529,0000528000,081720,084491,084462,072218,086215,092879
0000000530,0000529000,081491,082775,086316,075929,081789,094377
0000000531,0000530000,081477,080931,087385,080113,077574,094960
0000000532,0000531000,081471,079623,088066,084131,074113,094685
0000000533,0000532000,081624,078721,087927,087917,071571,093393
0000000534,0000533000,081846,078398,087131,090756,070391,091410
0000000535,0000534000,082103,078707,085892,092732,070497,088713
0000000536,0000535000,082470,079397,084047,093342,072066,085736
0000000537,0000536000,082745,080796,082149,092763,074802,082642
0000000538,0000537000,083111,082251,079946,090906,078518,079815
0000000539,0000538000,083311,084161,078131,087984,082847,077506
0000000540,0000539000,083526,085883,076360,084355,087313,075898
0000000541,0000540000,083579,087611,075273,080199,091585,075252
0000000542,0000541000,083566,088874,074694,076159,095115,075487
0000000543,0000542000,083450,089723,074771,072332,097718,076750
0000000544,0000543000,083223,090092,075540,069374,098972,078772
0000000545,0000544000,082978,089746,076739,067299,098900,081502
0000000546,0000545000,082623,089092,078526,066511,097396,084566
0000000547,0000546000,082337,087785,080333,066967,094663,087742
0000000548,0000547000,081985,086338,082464,068653,090950,090698
0000000549,0000548000,081764,084514,084282,071470,086588,093110
0000000550,0000549000,081553,082836,085917,075006,082068,094826
0000000551,0000550000,081477,081215,087017,079114,077719,095567
0000000552,0000551000,081488,079935,087554,083175,074099,095378
0000000553,0000552000,081581,079180,087474,087032,071424,094141
0000000554,0000553000,081804,078839,086697,090113,070075,092087
0000000555,0000554000,082034,079152,085561,092290,070099,089310
0000000556,0000555000,082381,079812,083844,093250,071555,086133
0000000557,0000556000,082672,081067,082059,092935,074280,082855
0000000558,0000557000,083010,082450,080069,091410,077990,079768
0000000559,0000558000,083254,084151,078309,088717,082388,077230
0000000560,0000559000,083455,085802,076750,085271,086955,075407
0000000561,0000560000,083557,087299,075689,081221,091353,074577
0000000562,0000561000,083550,088518,075218,077146,095055,074716
0000000563,0000562000,083474,089242,075251,073258,097792,075919
0000000564,0000563000,083267,089573,075998,070061,099218,078002
0000000565,0000564000,083040,089253,077111,067770,099246,080816
0000000566,0000565000,082710,088626,078722,066633,097850,084077
0000000567,0000566000,082414,087467,080442,066789,095143,087458
0000000568,0000567000,082085,086091,082344,068146,091435,090669
0000000569,0000568000,081827,084501,084056,070694,087015,093330
0000000570,0000569000,081626,082923,085499,074043,082388,095270
0000000571,0000570000,081504,081502,086544,078021,077919,096206
0000000572,0000571000,081504,080336,086982,082110,074125,096119
0000000573,0000572000,081563,079688,086914,086032,071308,094949
0000000574,0000573000,081756,079388,086203,089345,069785,092841
0000000575,0000574000,081976,079677,085137,091764,069697,089971
0000000576,0000575000,082289,080317,083596,093078,071040,086606
0000000577,0000576000,082592,081403,081939,093099,073718,083110
0000000578,0000577000,082909,082699,080181,091918,077424,079764
0000000579,0000578000,083181,084186,078535,089531,081863,076960
0000000580,0000579000,083385,085693,077181,086291,086533,074907
0000000581,0000580000,083522,086987,076208,082396,091050,073865
0000000582,0000581000,083538,088079,075805,078311,094924,073889
0000000583,0000582000,083491,088700,075856,074361,097809,075022
0000000584,0000583000,083318,088952,076536,070944,099411,077147
0000000585,0000584000,083105,088679,077569,068392,099569,080055
0000000586,0000585000,082808,088075,078989,066902,098285,083502
0000000587,0000586000,082504,087063,080577,066690,095641,087111
0000000588,0000587000,082193,085810,082239,067689,091945,090581
0000000589,0000588000,081911,084441,083787,069900,087494,093523
0000000590,0000589000,081703,083030,085045,073019,082770,095702
0000000591,0000590000,081551,081811,085971,076825,078191,096857
0000000592,0000591000,081519,080816,086327,080899,074230,096899
0000000593,0000592000,081553,080263,086242,084883,071257,095805
0000000594,0000593000,081705,080043,085612,088406,069562,093665
0000000595,0000594000,081910,080304,084621,091102,069331,090699
0000000596,0000595000,082189,080909,083281,092776,070552,087159
0000000597,0000596000,082493,081833,081793,093194,073151,083427
0000000598,0000597000,082798,082997,080268,092393,076835,079819
0000000599,0000598000,083085,084266,078810,090374,081288,076729
0000000600,0000599000,083302,085562,077657,087395,086044,074425
0000000601,0000600000,083466,086658,076824,083696,090669,073154
0000000602,0000601000,083516,087566,076490,079651,094701,073034
0000000603,0000602000,083496,088072,076584,075647,097744,074086
0000000604,0000603000,083366,088234,077182,072033,099522,076226
0000000605,0000604000,083171,087994,078115,069193,099834,079230
0000000606,0000605000,082909,087428,079341,067338,098678,082848
0000000607,0000606000,082609,086564,080743,066707,096131,086693
0000000608,0000607000,082310,085481,082151,067300,092471,090427
0000000609,0000608000,082017,084335,083481,069115,088019,093663
0000000610,0000609000,081791,083149,084540,071941,083226,096102
0000000611,0000610000,081617,082152,085294,075526,078551,097492
0000000612,0000611000,081546,081365,085569,079530,074442,097693
0000000613,0000612000,081552,080927,085451,083557,071310,096688
0000000614,0000613000,081660,080806,084900,087262,069444,094545
0000000615,0000614000,081842,081051,084011,090254,069047,091491
0000000616,0000615000,082088,081598,082882,092301,070128,087790
0000000617,0000616000,082380,082371,081609,093161,072615,083824
0000000618,0000617000,082676,083356,080334,092792,076244,079951
0000000619,0000618000,082970,084390,079127,091199,080679,076568
0000000620,0000619000,083206,085427,078193,088551,085484,073993
0000000621,0000620000,083391,086299,077540,085100,090195,072479
0000000622,0000621000,083482,086982,077297,081159,094360,072188
0000000623,0000622000,083492,087346,077437,077127,097561,073140
0000000624,0000623000,083407,087411,077956,073346,099511,075268
0000000625,0000624000,083241,087183,078767,070211,099996,078352
0000000626,0000625000,083012,086671,079789,067974,098991,082122
0000000627,0000626000,082729,085960,080951,066883,096575,086194
0000000628,0000627000,082438,085084,082084,067016,092992,090192
0000000629,0000628000,082144,084179,083144,068375,088578,093722
0000000630,0000629000,081898,083271,083969,070830,083762,096437
0000000631,0000630000,081701,082530,084514,074135,079019,098076
0000000632,0000631000,081590,081983,084689,078000,074793,098463
0000000633,0000632000,081562,081697,084529,082031,071513,097569
0000000634,0000633000,081624,081685,084046,085885,069478,095453
0000000635,0000634000,081772,081929,083292,089169,068899,092335
0000000636,0000635000,081984,082403,082385,091604,069816,088494
0000000637,0000636000,082254,083026,081370,092939,072155,084311
0000000638,0000637000,082540,083792,080381,093060,075679,080182
0000000639,0000638000,082834,084562,079477,091954,080051,076509
0000000640,0000639000,083088,085301,078798,089719,084853,073654
0000000641,0000640000,083296,085904,078361,086584,089609,071886
0000000642,0000641000,083427,086326,078240,082821,093871,071397
0000000643,0000642000,083475,086513,078430,078813,097212,072224
0000000644,0000643000,083436,086470,078876,074905,099327,074308
0000000645,0000644000,083309,086231,079544,071486,099998,077441
0000000646,0000645000,083116,085789,080342,068858,099173,081334
0000000647,0000646000,082860,085240,081217,067278,096926,085609
0000000648,0000647000,082580,084603,082041,066892,093473,089856
0000000649,0000648000,082289,083971,082781,067731,089152,093668
0000000650,0000649000,082027,083387,083323,069729,084375,096663
0000000651,0000650000,081808,082945,083627,072677,079614,098559
0000000652,0000651000,081657,082671,083670,076320,075318,099156
0000000653,0000652000,081588,082579,083459,080293,071916,098399
0000000654,0000653000,081602,082691,083038,084248,069723,096348
0000000655,0000654000,081706,082949,082444,087799,068954,093203
0000000656,0000655000,081880,083343,081777,090626,069678,089259
0000000657,0000656000,082119,083806,081063,092461,071824,084894
0000000658,0000657000,082391,084318,080405,093129,075185,080533
0000000659,0000658000,082678,084789,079853,092577,079430,076590
0000000660,0000659000,082947,085190,079475,090843,084157,073457
0000000661,0000660000,083177,085472,079295,088110,088895,071431
0000000662,0000661000,083347,085596,079331,084617,093197,070723
0000000663,0000662000,083438,085570,079574,080707,096642,071395
0000000664,0000663000,083450,085400,079958,076730,098905,073395
0000000665,0000664000,083370,085130,080464,073064,099767,076530
0000000666,0000665000,083218,084769,081011,070048,099150,080503
0000000667,0000666000,082998,084394,081557,067959,097119,084934
0000000668,0000667000,082737,084022,082028,067002,093865,089395
0000000669,0000668000,082455,083706,082394,067253,089712,093459
0000000670,0000669000,082180,083488,082601,068702,085055,096722
0000000671,0000670000,081940,083393,082629,071197,080353,098876
0000000672,0000671000,081751,083431,082503,074518,076055,099699
0000000673,0000672000,081636,083577,082229,078345,072579,099114
0000000674,0000673000,081599,083829,081866,082329,070252,097171
0000000675,0000674000,081651,084120,081448,086100,069294,094054
0000000676,0000675000,081780,084432,081045,089304,069795,090062
0000000677,0000676000,081980,084718,080676,091651,071698,085573
0000000678,0000677000,082228,084947,080401,092913,074821,081026
0000000679,0000678000,082503,085079,080249,092983,078853,076854
0000000680,0000679000,082780,085099,080227,091846,083409,073467
0000000681,0000680000,083031,085007,080345,089621,088038,071190
0000000682,0000681000,083238,084795,080573,086506,092301,070249
0000000683,0000682000,083377,084517,080882,082796,095786,070733
0000000684,0000683000,083440,084194,081211,078834,098164,072600
0000000685,0000684000,083417,083878,081538,074984,099211,075675
0000000686,0000685000,083314,083601,081806,071607,098832,079659
0000000687,0000686000,083137,083413,081983,069009,097071,084176
0000000688,0000687000,082905,083332,082049,067440,094097,088787
0000000689,0000688000,082639,083378,081989,067035,090209,093049
0000000690,0000689000,082361,083567,081807,067839,085782,096545
0000000691,0000690000,082101,083869,081520,069769,081248,098940
0000000692,0000691000,081876,084259,081186,072648,077043,099998
0000000693,0000692000,081714,084683,080833,076211,073568,099618
0000000694,0000693000,081622,085099,080523,080126,071151,097836
0000000695,0000694000,081615,085439,080295,084037,070016,094819
0000000696,0000695000,081690,085673,080182,087576,070269,090859
0000000697,0000696000,081841,085764,080199,090423,071872,086333
0000000698,0000697000,082055,085685,080360,092309,074668,081683
0000000699,0000698000,082310,085437,080657,093065,078377,077351
0000000700,0000699000,082586,085035,081048,092620,082637,073763
0000000701,0000700000,082855,084520,081504,091021,087031,071260
0000000702,0000701000,083095,083935,081957,088414,091141,070085
0000000703,0000702000,083281,083363,082353,085039,094576,070348
0000000704,0000703000,083401,082859,082634,081209,097011,072024
0000000705,0000704000,083440,082483,082771,077272,098223,074955
0000000706,0000705000,083396,082286,082731,073596,098102,078856
0000000707,0000706000,083272,082300,082504,070514,096671,083356
0000000708,0000707000,083080,082537,082112,068316,094074,088015
0000000709,0000708000,082838,082984,081575,067199,090575,092386
0000000710,0000709000,082567,083616,080953,067265,086518,096044
0000000711,0000710000,082293,084358,080312,068506,082296,098640
0000000712,0000711000,082038,085141,079736,070806,078316,099927
0000000713,0000712000,081828,085877,079283,073956,074952,099782
0000000714,0000713000,081680,086486,079021,077665,072518,098224
0000000715,0000714000,081608,086892,078987,081598,071238,095399
0000000716,0000715000,081619,087052,079191,085388,071225,091584
0000000717,0000716000,081713,086933,079631,088691,072466,087144
0000000718,0000717000,081880,086524,080275,091201,074832,082512
0000000719,0000718000,082105,085863,081066,092690,078081,078133
0000000720,0000719000,082369,085002,081919,093024,081888,074432
0000000721,0000720000,082646,084026,082751,092174,085885,071761
0000000722,0000721000,082913,083034,083459,090222,089690,070368
0000000723,0000722000,083146,082138,083963,087344,092945,070385
0000000724,0000723000,083323,081424,084205,083803,095348,071805
0000000725,0000724000,083428,080974,084146,079921,096681,074490
0000000726,0000725000,083451,080852,083775,076054,096828,078179
0000000727,0000726000,083391,081078,083113,072557,095788,082515
0000000728,0000727000,083251,081652,082219,069750,093678,087076
0000000729,0000728000,083046,082529,081165,067889,090717,091419
0000000730,0000729000,082793,083632,080065,067141,087201,095129
0000000731,0000730000,082516,084844,079036,067572,083475,097851
0000000732,0000731000,082239,086049,078191,069139,079892,099335
0000000733,0000732000,081986,087121,077621,071702,076787,099445
0000000734,0000733000,081781,087945,077398,075028,074445,098178
0000000735,0000734000,081641,088434,077557,078817,073077,095658
0000000736,0000735000,081582,088524,078097,082721,072798,092133
0000000737,0000736000,081607,088187,078986,086385,073619,087945
0000000738,0000737000,081716,087436,080145,089473,075441,083505
0000000739,0000738000,081898,086342,081464,091705,078071,079243
0000000740,0000739000,082136,085002,082807,092880,081239,075566
0000000741,0000740000,082409,083549,084038,092896,084638,072821
0000000742,0000741000,082694,082132,085021,091754,087943,071258
0000000743,0000742000,082965,080892,085653,089556,090850,071017
0000000744,0000743000,083197,079952,085863,086501,093092,072112
0000000745,0000744000,083370,079416,085611,082863,094473,074431
0000000746,0000745000,083467,079360,084900,078973,094876,077746
0000000747,0000746000,083479,079803,083785,075186,094283,081731
0000000748,0000747000,083404,080722,082367,071847,092774,085993
0000000749,0000748000,083250,082035,080777,069259,090515,090118
0000000750,0000749000,083029,083614,079186,067654,087742,093714
0000000751,0000750000,082764,085300,077755,067173,084726,096444
0000000752,0000751000,082475,086932,076628,067856,081754,098062
0000000753,0000752000,082190,088346,075927,069643,079097,098427
0000000754,0000753000,081933,089398,075733,072373,076994,097517
0000000755,0000754000,081727,089978,076079,075804,075628,095427
0000000756,0000755000,081592,090004,076955,079625,075109,092368
0000000757,0000756000,081541,089452,078299,083489,075462,088644
0000000758,0000757000,081580,088363,079978,087044,076629,084621
0000000759,0000758000,081703,086841,081828,089967,078471,080693
0000000760,0000759000,081901,085033,083660,092000,080794,077232
0000000761,0000760000,082155,083120,085287,092962,083366,074558
0000000762,0000761000,082442,081287,086548,092770,085945,072908
0000000763,0000762000,082739,079708,087316,091442,088296,072423
0000000764,0000763000,083018,078543,087503,089096,090212,073133
0000000765,0000764000,083255,077919,087067,085939,091531,074959
0000000766,0000765000,083427,077922,086030,082254,092151,077712
0000000767,0000766000,083518,078573,084471,078376,092038,081114
0000000768,0000767000,083518,079822,082542,074656,091235,084828
0000000769,0000768000,083429,081545,080438,071431,089844,088490
0000000770,0000769000,083258,083568,078376,068988,088021,091755
0000000771,0000770000,083021,085693,076562,067543,085949,094323
0000000772,0000771000,082739,087719,075168,067220,083824,095969
0000000773,0000772000,082436,089455,074334,068049,081835,096560
0000000774,0000773000,082138,090721,074159,069956,080154,096056
0000000775,0000774000,081873,091386,074679,072775,078917,094523
0000000776,0000775000,081665,091355,075869,076255,078215,092125
0000000777,0000776000,081534,090607,077634,080082,078083,089107
0000000778,0000777000,081493,089208,079797,083910,078503,085772
0000000779,0000778000,081546,087305,082131,087392,079405,082447
0000000780,0000779000,081686,085087,084403,090220,080679,079443
0000000781,0000780000,081901,082773,086387,092144,082194,077032
0000000782,0000781000,082173,080576,087899,092996,083806,075423
0000000783,0000782000,082476,078701,088794,092704,085376,074742
0000000784,0000783000,082787,077341,088962,091290,086771,075032
0000000785,0000784000,083076,076643,088365,088879,087885,076244
0000000786,0000785000,083318,076698,087037,085680,088644,078240
0000000787,0000786000,083488,077532,085087,081982,089011,080811
0000000788,0000787000,083571,079063,082715,078119,088983,083695
0000000789,0000788000,083558,081124,080175,074439,088596,086609
0000000790,0000789000,083453,083510,077717,071270,087908,089281
0000000791,0000790000,083264,085988,075582,068889,086998,091474
0000000792,0000791000,083009,088329,073968,067506,085952,093002
0000000793,0000792000,082710,090320,073023,067239,084858,093748
0000000794,0000793000,082392,091757,072863,068113,083798,093669
0000000795,0000794000,082083,092478,073532,070055,082847,092799
0000000796,0000795000,081812,092394,074982,072896,082058,091247
0000000797,0000796000,081604,091487,077090,076384,081467,089183
0000000798,0000797000,081480,089847,079637,080205,081096,086819
0000000799,0000798000,081452,087658,082347,084013,080950,084389
0000000800,0000799000,081519,085142,084951,087470,081018,082116
0000000801,0000800000,081676,082537,087208,090274,081282,080198
0000000802,0000801000,081909,080082,088906,092178,081716,078795
0000000803,0000802000,082197,078005,089888,093019,082287,078009
0000000804,0000803000,082516,076515,090037,092721,082963,077882
0000000805,0000804000,082838,075779,089310,091309,083709,078395
0000000806,0000805000,083134,075891,087759,088902,084493,079468
0000000807,0000806000,083375,076855,085528,085712,085284,080973
0000000808,0000807000,083539,078582,082842,082023,086044,082752
0000000809,0000808000,083610,080861,080008,078170,086728,084630
0000000810,0000809000,083583,083464,077297,074497,087295,086433
0000000811,0000810000,083463,086161,074948,071323,087704,088012
0000000812,0000811000,083258,088687,073194,068926,087919,089240
0000000813,0000812000,082987,090810,072200,067515,087912,090031
0000000814,0000813000,082675,092330,072061,067213,087663,090349
0000000815,0000814000,082347,093063,072838,068048,087160,090201
0000000816,0000815000,082032,092916,074470,069952,086413,089634
0000000817,0000816000,081762,091913,076780,072760,085448,088729
0000000818,0000817000,081560,090140,079549,076225,084315,087590
0000000819,0000818000,081448,087803,082463,080032,083100,086325
0000000820,0000819000,081431,085167,085225,083840,081895,085050
0000000821,0000820000,081513,082435,087616,087319,080797,083868
0000000822,0000821000,081683,079869,089409,090163,079913,082863
0000000823,0000822000,081929,077742,090398,092127,079329,082097
0000000824,0000823000,082228,076237,090504,093038,079117,081610
0000000825,0000824000,082555,075514,089702,092817,079337,081397
0000000826,0000825000,082880,075689,088026,091478,080009,081442
0000000827,0000826000,083174,076730,085666,089135,081113,081716
0000000828,0000827000,083410,078510,082872,085991,082583,082176
0000000829,0000828000,083561,080846,079946,082330,084306,082776
0000000830,0000829000,083621,083483,077168,078484,086136,083464
0000000831,0000830000,083583,086196,074782,074782,087914,084197
0000000832,0000831000,083450,088731,073010,071555,089473,084929
0000000833,0000832000,083236,090824,072041,069077,090666,085626
0000000834,0000833000,082958,092287,071967,067568,091359,086259
0000000835,0000834000,082642,092959,072799,067155,091451,086820
0000000836,0000835000,082313,092758,074485,067881,090890,087295
0000000837,0000836000,082004,091713,076831,069687,089685,087668
0000000838,0000837000,081740,089950,079599,072418,087916,087916
0000000839,0000838000,081551,087664,082476,075830,085725,088014
0000000840,0000839000,081449,085096,085193,079614,083304,087951
0000000841,0000840000,081443,082454,087528,083442,080867,087713
0000000842,0000841000,081533,079997,089250,086975,078646,087295
0000000843,0000842000,081709,077997,090163,089912,076849,086704
0000000844,0000843000,081959,076619,090196,091993,075662,085958
0000000845,0000844000,082256,076005,089356,093041,075235,085072
0000000846,0000845000,082579,076240,087690,092961,075651,084088
0000000847,0000846000,082896,077281,085395,091755,076908,083075
0000000848,0000847000,083180,078976,082734,089524,078922,082113
0000000849,0000848000,083402,081161,079969,086465,081527,081293
0000000850,0000849000,083545,083626,077352,082853,084488,080702
0000000851,0000850000,083596,086122,075140,079007,087534,080413
0000000852,0000851000,083552,088422,073532,075262,090387,080475
0000000853,0000852000,083417,090299,072685,071945,092769,080918
0000000854,0000853000,083205,091550,072700,069342,094441,081743
0000000855,0000854000,082933,092060,073560,067677,095214,082919
0000000856,0000855000,082626,091799,075159,067097,094976,084380
0000000857,0000856000,082310,090801,077332,067658,093710,086015
0000000858,0000857000,082015,089190,079844,069315,091510,087679
0000000859,0000858000,081765,087149,082431,071923,088563,089214
0000000860,0000859000,081586,084873,084856,075251,085133,090469
0000000861,0000860000,081491,082570,086901,079003,081538,091308
0000000862,0000861000,081487,080472,088363,082850,078113,091628
0000000863,0000862000,081575,078799,089090,086458,075185,091367
0000000864,0000863000,081744,077711,089020,089516,073045,090507
0000000865,0000864000,081981,077304,088178,091759,071924,089082
0000000866,0000865000,082264,077608,086663,092992,071961,087186
0000000867,0000866000,082568,078560,084651,093106,073183,084973
0000000868,0000867000,082868,080036,082364,092084,075500,082640
0000000869,0000868000,083136,081889,080018,090016,078711,080408
0000000870,0000869000,083347,083937,077835,087083,082520,078498
0000000871,0000870000,083484,085971,076032,083546,086576,077105
0000000872,0000871000,083535,087795,074774,079715,090498,076381
0000000873,0000872000,083498,089226,074184,075925,093911,076428
0000000874,0000873000,083377,090108,074322,072502,096477,077282
0000000875,0000874000,083183,090376,075145,069742,097935,078902
0000000876,0000875000,082934,090041,076531,067883,098118,081174
0000000877,0000876000,082650,089154,078330,067089,096984,083908
0000000878,0000877000,082356,087827,080352,067433,094623,086854
0000000879,0000878000,082078,086211,082386,068886,091243,089733
0000000880,0000879000,081842,084459,084249,071323,087155,092268
0000000881,0000880000,081668,082739,085766,074527,082743,094203
0000000882,0000881000,081569,081243,086774,078215,078422,095334
0000000883,0000882000,081554,080121,087182,082068,074604,095526
0000000884,0000883000,081623,079473,086975,085751,071664,094724
0000000885,0000884000,081767,079352,086194,088947,069895,092966
0000000886,0000885000,081975,079738,084950,091381,069483,090388
0000000887,0000886000,082229,080548,083404,092841,070482,087213
0000000888,0000887000,082507,081688,081713,093197,072814,083729
0000000889,0000888000,082785,083040,080037,092418,076264,080267
0000000890,0000889000,083038,084456,078549,090569,080511,077161
0000000891,0000890000,083244,085790,077394,087815,085158,074716
0000000892,0000891000,083386,086908,076676,084397,089762,073184
0000000893,0000892000,083453,087686,076464,080614,093881,072738
0000000894,0000893000,083441,088053,076762,076794,097120,073447
0000000895,0000894000,083351,088006,077495,073265,099162,075275
0000000896,0000895000,083192,087583,078556,070330,099802,078075
0000000897,0000896000,082977,086850,079821,068244,098972,081599
0000000898,0000897000,082725,085908,081148,067189,096748,085522
0000000899,0000898000,082457,084865,082399,067257,093333,089475
0000000900,0000899000,082196,083828,083458,068443,089050,093078
0000000901,0000900000,081966,082912,084216,070643,084307,095978
0000000902,0000901000,081785,082228,084595,073665,079555,097881
0000000903,0000902000,081668,081836,084576,077242,075250,098591
0000000904,0000903000,080214,081767,084191,080156,071973,098175
0000000905,0000904000,069478,082095,083610,080156,070279,096909
0000000906,0000905000,066778,083311,083483,080156,068925,093472
0000000907,0000906000,077448,079990,078601,080156,069151,089277
0000000908,0000907000,085428,082821,079772,080156,071302,085083
0000000909,0000908000,078093,084805,089580,080156,074495,084973
0000000910,0000909000,077728,085694,099998,080156,078285,084973
0000000911,0000910000,088831,084841,087920,080156,083902,084973
0000000912,0000911000,095248,076928,072575,080156,084314,084973
0000000913,0000912000,093304,068194,081403,080156,084314,084973
0000000914,0000913000,089306,075032,090702,080156,084314,084973
0000000915,0000914000,085820,081132,070682,080156,084314,084973
0000000916,0000915000,099998,090831,065187,080156,084314,084973
0000000917,0000916000,094929,082879,071689,080156,084314,084973
0000000918,0000917000,081664,081624,079207,080156,084314,084973
0000000919,0000918000,083758,096386,074913,080156,084314,084973
0000000920,0000919000,084337,095719,059340,080156,084314,084973
0000000921,0000920000,085328,093647,072205,080156,084314,084973
0000000922,0000921000,073741,091017,087035,080156,084314,084973
0000000923,0000922000,067305,093983,081516,080156,084314,084973
0000000924,0000923000,078536,099998,076184,080156,084314,084973
0000000925,0000924000,075954,087371,078930,080156,084314,084973
0000000926,0000925000,069429,082400,095717,080156,084314,084973
0000000927,0000926000,068422,087006,096917,080156,084314,084973
0000000928,0000927000,074814,085505,082903,080156,084314,084973
0000000929,0000928000,085420,080464,087828,080156,084314,084973
0000000930,0000929000,078886,069919,096573,080156,084314,084973
0000000931,0000930000,076807,073158,095558,080156,084314,084973
0000000932,0000931000,087833,080461,083750,080156,084314,084973
0000000933,0000932000,093152,073826,076707,080156,084314,084973
0000000934,0000933000,093149,070981,087938,080156,084314,084973
0000000935,0000934000,087594,074144,086230,080156,084314,084973
0000000936,0000935000,091406,082311,071145,080156,084314,084973
0000000937,0000936000,098916,085515,067083,080156,084314,084973
0000000938,0000937000,091574,079647,073139,080156,084314,084973
0000000939,0000938000,085340,085782,079020,080156,084314,084973
0000000940,0000939000,085555,094677,069372,080156,084314,084973
0000000941,0000940000,087459,094938,062615,080156,084314,084973
0000000942,0000941000,083849,092486,074646,080156,084314,084973
0000000943,0000942000,072378,091050,081918,080156,084314,084973
0000000944,0000943000,072454,097531,078395,080156,084314,084973
0000000945,0000944000,077686,097772,074830,080156,084314,084973
0000000946,0000945000,074063,088373,083061,080156,084314,084973
0000000947,0000946000,069332,086282,094806,080156,084314,084973
0000000948,0000947000,068682,087597,090247,080156,084314,084973
0000000949,0000948000,076286,086322,084531,080156,084314,084973
0000000950,0000949000,080324,078890,091072,080156,084314,084973
0000000951,0000950000,076089,072550,097370,080156,084314,084973
0000000952,0000951000,079365,076640,093795,080156,084314,084973
0000000953,0000952000,087393,077430,082840,080156,084314,084973
0000000954,0000953000,091031,072593,082893,080156,084314,084973
0000000955,0000954000,089470,070925,089555,080156,084314,084973
0000000956,0000955000,088572,074763,083114,080156,084314,084973
0000000957,0000956000,095305,081501,072301,080156,084314,084973
0000000958,0000957000,096872,080806,070859,080156,084314,084973
0000000959,0000958000,090768,079645,075987,080156,084314,084973
0000000960,0000959000,087572,086900,075081,080156,084314,084973
0000000961,0000960000,088424,092188,066261,080156,084314,084973
0000000962,0000961000,088851,092690,066852,080156,084314,084973
0000000963,0000962000,081765,091724,075543,080156,084314,084973
0000000964,0000963000,075177,093965,077487,080156,084314,084973
0000000965,0000964000,076855,098170,074125,080156,084314,084973
0000000966,0000965000,076587,095161,075582,080156,084314,084973
0000000967,0000966000,071312,089685,086832,080156,084314,084973
0000000968,0000967000,069162,089865,090114,080156,084314,084973
0000000969,0000968000,072032,090062,084879,080156,084314,084973
0000000970,0000969000,076227,085791,086758,080156,084314,084973
0000000971,0000970000,074697,078345,094743,080156,084314,084973
0000000972,0000971000,074126,076675,096655,080156,084314,084973
0000000973,0000972000,080716,078377,089951,080156,084314,084973
0000000974,0000973000,087101,075244,084949,080156,084314,084973
0000000975,0000974000,087630,071701,089146,080156,084314,084973
0000000976,0000975000,086450,072101,089609,080156,084314,084973
0000000977,0000976000,090877,076004,080394,080156,084314,084973
0000000978,0000977000,096237,077761,074876,080156,084314,084973
0000000979,0000978000,094170,076677,076695,080156,084314,084973
0000000980,0000979000,090629,080697,076870,080156,084314,084973
0000000981,0000980000,090822,087825,069801,080156,084314,084973
0000000982,0000981000,091920,089195,066164,080156,084314,084973
0000000983,0000982000,088170,088579,071883,080156,084314,084973
0000000984,0000983000,080674,091643,075435,080156,084314,084973
0000000985,0000984000,079096,097147,071732,080156,084314,084973
0000000986,0000985000,080602,097558,070411,080156,084314,084973
0000000987,0000986000,076227,092938,078265,080156,084314,084973
0000000988,0000987000,069691,091507,087221,080156,084314,084973
0000000989,0000988000,069605,093440,084880,080156,084314,084973
0000000990,0000989000,074234,091567,082014,080156,084314,084973
0000000991,0000990000,074852,084790,088902,080156,084314,084973
0000000992,0000991000,071213,080204,096203,080156,084314,084973
0000000993,0000992000,073130,081158,093963,080156,084314,084973
0000000994,0000993000,080748,079346,087979,080156,084314,084973
0000000995,0000994000,085185,073382,089161,080156,084314,084973
0000000996,0000995000,084036,071282,093145,080156,084314,084973
0000000997,0000996000,085045,074338,088396,080156,084314,084973
0000000998,0000997000,091991,076450,079668,080156,084314,084973
0000000999,0000998000,095751,074051,078394,080156,084314,084973
0000001000,0000999000,092508,074055,081143,080156,084314,084973
0000001001,0001000000,090591,080900,076860,080156,084314,084973
0000001002,0001001000,093238,086785,067895,080156,084314,084973
0000001003,0001002000,094214,086229,067558,080156,084314,084973
0000001004,0001003000,088362,085943,073957,080156,084314,084973
0000001005,0001004000,081961,091721,074061,080156,084314,084973
0000001006,0001005000,082069,097678,068486,080156,084314,084973
0000001007,0001006000,082577,096099,069337,080156,084314,084973
0000001008,0001007000,076944,092269,078725,080156,084314,084973
0000001009,0001008000,070485,093593,084201,080156,084314,084973
0000001010,0001009000,070789,095994,081033,080156,084314,084973
0000001011,0001010000,074483,092340,081318,080156,084314,084973
0000001012,0001011000,073237,085274,089557,080156,084314,084973
0000001013,0001012000,069858,083018,095024,080156,084314,084973
0000001014,0001013000,072516,084166,091575,080156,084314,084973
0000001015,0001014000,079309,080389,088200,080156,084314,084973
0000001016,0001015000,082370,073619,092086,080156,084314,084973
0000001017,0001016000,081476,072010,094629,080156,084314,084973
0000001018,0001017000,084178,075309,088399,080156,084314,084973
0000001019,0001018000,090973,075783,081448,080156,084314,084973
0000001020,0001019000,093976,072227,081768,080156,084314,084973
0000001021,0001020000,091858,072943,083222,080156,084314,084973
0000001022,0001021000,091359,079662,077122,080156,084314,084973
0000001023,0001022000,094325,084162,069419,080156,084314,084973
0000001024,0001023000,094765,083600,069780,080156,084314,084973
0000001025,0001024000,089542,084645,073841,080156,084314,084973
0000001026,0001025000,084916,090875,072197,080156,084314,084973
0000001027,0001026000,084698,095868,067580,080156,084314,084973
0000001028,0001027000,083510,094793,069628,080156,084314,084973
0000001029,0001028000,078100,092866,077135,080156,084314,084973
0000001030,0001029000,073155,094859,080052,080156,084314,084973
0000001031,0001030000,072686,096812,078473,080156,084314,084973
0000001032,0001031000,073570,093196,081386,080156,084314,084973
0000001033,0001032000,071904,087669,088379,080156,084314,084973
0000001034,0001033000,070197,086142,091723,080156,084314,084973
0000001035,0001034000,072307,085759,090019,080156,084314,084973
0000001036,0001035000,076581,081373,090009,080156,084314,084973
0000001037,0001036000,078787,075911,093444,080156,084314,084973
0000001038,0001037000,079916,074183,093893,080156,084314,084973
0000001039,0001038000,083879,075175,088988,080156,084314,084973
0000001040,0001039000,088352,074499,085232,080156,084314,084973
0000001041,0001040000,090534,072131,085308,080156,084314,084973
0000001042,0001041000,091474,072975,083654,080156,084314,084973
0000001043,0001042000,093235,077519,077268,080156,084314,084973
0000001044,0001043000,094319,080371,073349,080156,084314,084973
0000001045,0001044000,093508,081310,073255,080156,084314,084973
0000001046,0001045000,091046,084392,072575,080156,084314,084973
0000001047,0001046000,089168,088986,069905,080156,084314,084973
0000001048,0001047000,087411,091962,068669,080156,084314,084973
0000001049,0001048000,083691,093336,071000,080156,084314,084973
0000001050,0001049000,079287,094692,074091,080156,084314,084973
0000001051,0001050000,077405,095602,075025,080156,084314,084973
0000001052,0001051000,075508,095499,077029,080156,084314,084973
0000001053,0001052000,072133,093626,082327,080156,084314,084973
0000001054,0001053000,070732,091807,085449,080156,084314,084973
0000001055,0001054000,071960,089863,086250,080156,084314,084973
0000001056,0001055000,072844,086238,088961,080156,084314,084973
0000001057,0001056000,073006,081811,093194,080156,084314,084973
0000001058,0001057000,074595,079826,093684,080156,084314,084973
0000001059,0001058000,079054,078058,090882,080156,084314,084973
0000001060,0001059000,083641,074813,089619,080156,084314,084973
0000001061,0001060000,084945,072533,090567,080156,084314,084973
0000001062,0001061000,086132,073011,088861,080156,084314,084973
0000001063,0001062000,090623,074391,083076,080156,084314,084973
0000001064,0001063000,094797,075002,078204,080156,084314,084973
0000001065,0001064000,093943,075855,078273,080156,084314,084973
0000001066,0001065000,091679,079417,076951,080156,084314,084973
0000001067,0001066000,092257,084198,071572,080156,084314,084973
0000001068,0001067000,093172,086557,068342,080156,084314,084973
0000001069,0001068000,090046,087384,070581,080156,084314,084973
0000001070,0001069000,084412,091176,072475,080156,084314,084973
0000001071,0001070000,081369,095856,070813,080156,084314,084973
0000001072,0001071000,081176,096178,070682,080156,084314,084973
0000001073,0001072000,078339,093768,075960,080156,084314,084973
0000001074,0001073000,072700,093729,081600,080156,084314,084973
0000001075,0001074000,070454,095301,082295,080156,084314,084973
0000001076,0001075000,072638,093197,082209,080156,084314,084973
0000001077,0001076000,073328,087379,087324,080156,084314,084973
0000001078,0001077000,071191,083487,093374,080156,084314,084973
0000001079,0001078000,071661,083259,093122,080156,084314,084973
0000001080,0001079000,076884,081460,089702,080156,084314,084973
0000001081,0001080000,081553,075976,090523,080156,084314,084973
0000001082,0001081000,082314,072270,093454,080156,084314,084973
0000001083,0001082000,083368,073587,091092,080156,084314,084973
0000001084,0001083000,088281,075237,084522,080156,084314,084973
0000001085,0001084000,093249,073619,081172,080156,084314,084973
0000001086,0001085000,093524,072907,081619,080156,084314,084973
0000001087,0001086000,091775,077049,079216,080156,084314,084973
0000001088,0001087000,092743,082196,073113,080156,084314,084973
0000001089,0001088000,094494,083888,069662,080156,084314,084973
0000001090,0001089000,092184,084610,071246,080156,084314,084973
0000001091,0001090000,087211,088573,072260,080156,084314,084973
0000001092,0001091000,084420,093869,069750,080156,084314,084973
0000001093,0001092000,083415,095523,069105,080156,084314,084973
0000001094,0001093000,080330,093997,073721,080156,084314,084973
0000001095,0001094000,075780,093945,078325,080156,084314,084973
0000001096,0001095000,072740,096021,079277,080156,084314,084973
0000001097,0001096000,072379,095154,080524,080156,084314,084973
0000001098,0001097000,072414,090464,085150,080156,084314,084973
0000001099,0001098000,071384,086784,089875,080156,084314,084973
0000001100,0001099000,071199,085564,091290,080156,084314,084973
0000001101,0001100000,073938,083268,090821,080156,084314,084973
