0000000001,0000000000,089551,087757,075229,091988,089694,074060
0000000002,0000001000,087002,090190,075343,088973,092410,074359
0000000003,0000002000,084151,092046,076341,085673,094405,075664
0000000004,0000003000,081306,093107,078124,082419,095474,077850
0000000005,0000004000,078722,093289,080525,079514,095524,080704
0000000006,0000005000,076649,092583,083304,077254,094545,083944
0000000007,0000006000,075303,091053,086179,075860,092632,087251
0000000008,0000007000,074830,088821,088885,075465,089972,090306
0000000009,0000008000,075239,086143,091154,076106,086828,092809
0000000010,0000009000,076506,083277,092754,077724,083507,094512
0000000011,0000010000,078526,080477,093533,080161,080332,095249
0000000012,0000011000,081087,078029,093419,083176,077617,094950
0000000013,0000012000,083916,076198,092422,086474,075624,093645
0000000014,0000013000,086769,075128,090638,089733,074550,091459
0000000015,0000014000,089367,074932,088237,092634,074503,088605
0000000016,0000015000,091426,075651,085459,094893,075484,085366
0000000017,0000016000,092762,077192,082583,096290,077393,082059
0000000018,0000017000,093260,079399,079878,096686,080053,079004
0000000019,0000018000,092841,082086,077608,096041,083201,076501
0000000020,0000019000,091559,084969,076008,094425,086520,074798
0000000021,0000020000,089555,087751,075229,091990,089692,074061
0000000022,0000021000,087002,090191,075343,088971,092412,074359
0000000023,0000022000,084150,092047,076340,085674,094404,075665
0000000024,0000023000,081306,093107,078124,082418,095475,077850
0000000025,0000024000,078723,093288,080526,079514,095524,080705
0000000026,0000025000,076647,092586,083303,077253,094546,083944
0000000027,0000026000,075306,091051,086179,075860,092632,087251
0000000028,0000027000,074828,088822,088885,075464,089973,090306
0000000029,0000028000,075237,086145,091154,076106,086828,092809
0000000030,0000029000,076508,083275,092754,077723,083508,094512
0000000031,0000030000,078527,080476,093533,080160,080333,095249
0000000032,0000031000,081083,078034,093420,083175,077617,094951
0000000033,0000032000,083918,076196,092422,086474,075624,093645
0000000034,0000033000,086772,075125,090638,089732,074551,091460
0000000035,0000034000,089363,074936,088237,092634,074503,088606
0000000036,0000035000,091424,075652,085459,094894,075483,085366
0000000037,0000036000,092768,077186,082583,096290,077393,082059
0000000038,0000037000,093258,079401,079878,096684,080054,079005
0000000039,0000038000,092837,082090,077609,096041,083200,076502
0000000040,0000039000,091564,084964,076008,094425,086519,074799
0000000041,0000040000,089558,087749,075229,091989,089693,074061
0000000042,0000041000,086996,090198,075343,088971,092412,074360
0000000043,0000042000,084152,092045,076339,085675,094403,075665
0000000044,0000043000,081311,093102,078123,082417,095475,077851
0000000045,0000044000,078719,093292,080525,079513,095525,080705
0000000046,0000045000,076644,092589,083303,077254,094545,083944
0000000047,0000046000,075312,091045,086179,075860,092632,087251
0000000048,0000047000,074827,088824,088885,075463,089974,090305
0000000049,0000048000,075233,086149,091154,076106,086829,092808
0000000050,0000049000,076510,083272,092754,077724,083507,094511
0000000051,0000050000,078528,080474,093534,080159,080335,095249
0000000052,0000051000,081078,078038,093420,083175,077618,094950
0000000053,0000052000,083919,076195,092423,086474,075624,093645
0000000054,0000053000,086775,075122,090639,089731,074552,091460
0000000055,0000054000,089360,074938,088237,092632,074504,088606
0000000056,0000055000,091424,075653,085459,094893,075483,085366
0000000057,0000056000,092770,077183,082583,096289,077394,082060
0000000058,0000057000,093256,079402,079878,096683,080054,079005
0000000059,0000058000,092837,082091,077609,096041,083199,076502
0000000060,0000059000,091567,084961,076008,094425,086518,074799
0000000061,0000060000,089558,087749,075229,091988,089693,074062
0000000062,0000061000,086995,090199,075342,088972,092411,074360
0000000063,0000062000,084155,092043,076339,085675,094402,075665
0000000064,0000063000,081311,093103,078123,082417,095475,077851
0000000065,0000064000,078717,093295,080525,079514,095524,080704
0000000066,0000065000,076647,092587,083302,077255,094544,083944
0000000067,0000066000,075313,091045,086178,075860,092633,087250
0000000068,0000067000,074823,088828,088884,075463,089975,090305
0000000069,0000068000,075234,086149,091153,076106,086829,092807
0000000070,0000069000,076512,083270,092754,077724,083509,094510
0000000071,0000070000,078524,080478,093534,080158,080336,095248
0000000072,0000071000,081076,078039,093421,083175,077618,094950
0000000073,0000072000,083922,076191,092423,086473,075625,093645
0000000074,0000073000,086773,075123,090640,089729,074554,091460
0000000075,0000074000,089357,074941,088238,092631,074505,088606
0000000076,0000075000,091427,075649,085460,094892,075483,085367
0000000077,0000076000,092771,077181,082584,096287,077395,082061
0000000078,0000077000,093254,079404,079879,096682,080054,079007
0000000079,0000078000,092839,082089,077609,096040,083198,076504
0000000080,0000079000,091570,084957,076008,094424,086518,074801
0000000081,0000080000,089556,087751,075228,091988,089692,074063
0000000082,0000081000,086996,090199,075341,088972,092409,074361
0000000083,0000082000,084159,092040,076338,085676,094401,075666
0000000084,0000083000,081310,093104,078122,082418,095474,077851
0000000085,0000084000,078716,093298,080523,079516,095523,080704
0000000086,0000085000,076649,092586,083301,077256,094543,083943
0000000087,0000086000,075312,091046,086178,075861,092633,087249
0000000088,0000087000,074821,088832,088883,075465,089975,090303
0000000089,0000088000,075234,086149,091153,076107,086829,092806
0000000090,0000089000,076512,083270,092754,077724,083510,094509
0000000091,0000090000,078521,080481,093535,080158,080338,095247
0000000092,0000091000,081075,078039,093421,083174,077620,094949
0000000093,0000092000,083922,076190,092425,086471,075627,093644
0000000094,0000093000,086770,075125,090642,089727,074556,091460
0000000095,0000094000,089356,074940,088240,092629,074506,088607
0000000096,0000095000,091429,075645,085462,094890,075484,085368
0000000097,0000096000,092770,077180,082586,096284,077395,082063
0000000098,0000097000,093253,079404,079879,096680,080054,079009
0000000099,0000098000,092842,082085,077609,096039,083197,076506
0000000100,0000099000,091572,084956,076008,094423,086517,074803
0000000101,0000100000,089556,087752,075227,091988,089690,074065
0000000102,0000101000,086999,090197,075340,088973,092406,074363
0000000103,0000102000,084161,092039,076336,085677,094399,075667
0000000104,0000103000,081309,093107,078120,082420,095472,077851
0000000105,0000104000,078717,093298,080521,079518,095521,080703
0000000106,0000105000,076651,092586,083299,077259,094543,083942
0000000107,0000106000,075310,091050,086176,075863,092633,087247
0000000108,0000107000,074819,088835,088882,075467,089975,090301
0000000109,0000108000,075235,086149,091152,076109,086831,092803
0000000110,0000109000,076509,083273,092754,077724,083513,094506
0000000111,0000110000,078517,080484,093535,080158,080340,095244
0000000112,0000111000,081075,078038,093423,083173,077623,094947
0000000113,0000112000,083920,076189,092427,086469,075631,093643
0000000114,0000113000,086766,075126,090644,089725,074558,091460
0000000115,0000114000,089356,074938,088242,092627,074508,088608
0000000116,0000115000,091430,075642,085464,094887,075486,085370
0000000117,0000116000,092769,077180,082588,096281,077396,082065
0000000118,0000117000,093255,079401,079881,096678,080053,079012
0000000119,0000118000,092846,082080,077610,096037,083196,076509
0000000120,0000119000,091573,084955,076008,094421,086515,074806
0000000121,0000120000,089558,087751,075226,091988,089687,074068
0000000122,0000121000,087004,090194,075338,088974,092403,074365
0000000123,0000122000,084163,092039,076334,085678,094396,075668
0000000124,0000123000,081310,093109,078117,082423,095469,077851
0000000125,0000124000,078720,093298,080518,079522,095518,080703
0000000126,0000125000,076652,092588,083296,077262,094541,083940
0000000127,0000126000,075308,091054,086174,075866,092632,087244
0000000128,0000127000,074818,088837,088880,075470,089975,090297
0000000129,0000128000,075233,086151,091152,076111,086832,092799
0000000130,0000129000,076504,083277,092755,077725,083515,094502
0000000131,0000130000,078514,080486,093536,080158,080344,095241
0000000132,0000131000,081073,078038,093425,083172,077627,094944
0000000133,0000132000,083916,076190,092430,086466,075635,093642
0000000134,0000133000,086763,075126,090647,089721,074562,091459
0000000135,0000134000,089356,074934,088246,092623,074511,088609
0000000136,0000135000,091429,075640,085468,094882,075488,085372
0000000137,0000136000,092768,077178,082590,096277,077397,082069
0000000138,0000137000,093258,079396,079883,096675,080052,079016
0000000139,0000138000,092849,082076,077611,096034,083195,076514
0000000140,0000139000,091575,084953,076008,094420,086512,074811
0000000141,0000140000,089563,087748,075225,091988,089682,074072
0000000142,0000141000,087009,090192,075335,088976,092399,074368
0000000143,0000142000,084165,092040,076331,085681,094391,075670
0000000144,0000143000,081313,093111,078113,082427,095464,077852
0000000145,0000144000,078723,093299,080514,079526,095515,080702
0000000146,0000145000,076652,092592,083293,077267,094539,083937
0000000147,0000146000,075306,091059,086170,075871,092631,087240
0000000148,0000147000,074818,088840,088878,075474,089976,090293
0000000149,0000148000,075230,086155,091151,076113,086835,092794
0000000150,0000149000,076499,083282,092755,077726,083519,094497
0000000151,0000150000,078510,080488,093538,080158,080348,095237
0000000152,0000151000,081069,078039,093428,083170,077632,094941
0000000153,0000152000,083910,076192,092434,086463,075640,093640
0000000154,0000153000,086760,075124,090652,089717,074567,091459
0000000155,0000154000,089355,074930,088251,092617,074515,088610
0000000156,0000155000,091427,075637,085472,094876,075491,085375
0000000157,0000156000,092769,077173,082594,096272,077398,082073
0000000158,0000157000,093261,079390,079885,096670,080052,079021
0000000159,0000158000,092852,082072,077612,096031,083192,076520
0000000160,0000159000,091579,084950,076007,094419,086508,074817
0000000161,0000160000,089569,087744,075223,091989,089677,074077
0000000162,0000161000,087014,090190,075332,088977,092393,074372
0000000163,0000162000,084169,092041,076326,085685,094385,075672
0000000164,0000163000,081317,093112,078107,082432,095458,077852
0000000165,0000164000,078726,093302,080509,079532,095510,080700
0000000166,0000165000,076651,092597,083288,077273,094536,083934
0000000167,0000166000,075305,091065,086166,075877,092630,087235
0000000168,0000167000,074816,088845,088875,075479,089977,090286
0000000169,0000168000,075225,086161,091150,076117,086838,092788
0000000170,0000169000,076494,083287,092755,077728,083523,094491
0000000171,0000170000,078506,080490,093540,080158,080354,095231
0000000172,0000171000,081063,078041,093432,083167,077639,094936
0000000173,0000172000,083904,076193,092439,086459,075647,093637
0000000174,0000173000,086757,075121,090658,089711,074573,091458
0000000175,0000174000,089352,074926,088257,092610,074521,088612
0000000176,0000175000,091425,075633,085478,094869,075495,085379
0000000177,0000176000,092771,077167,082598,096265,077399,082079
0000000178,0000177000,093265,079383,079888,096664,080051,079028
0000000179,0000178000,092856,082067,077614,096026,083189,076527
0000000180,0000179000,091585,084945,076006,094417,086502,074824
0000000181,0000180000,089576,087739,075220,091989,089670,074084
0000000182,0000181000,087019,090189,075328,088980,092386,074377
0000000183,0000182000,084174,092042,076320,085690,094377,075675
0000000184,0000183000,081323,093113,078101,082439,095451,077853
0000000185,0000184000,078729,093306,080502,079540,095505,080698
0000000186,0000185000,076651,092604,083281,077281,094532,083930
0000000187,0000186000,075305,091070,086161,075885,092628,087229
0000000188,0000187000,074813,088851,088872,075486,089978,090279
0000000189,0000188000,075219,086169,091148,076122,086842,092779
0000000190,0000189000,076487,083293,092756,077731,083529,094483
0000000191,0000190000,078499,080494,093543,080157,080362,095224
0000000192,0000191000,081055,078044,093437,083164,077648,094931
0000000193,0000192000,083898,076193,092445,086453,075656,093634
0000000194,0000193000,086753,075118,090665,089704,074581,091458
0000000195,0000194000,089349,074922,088265,092601,074527,088614
0000000196,0000195000,091424,075627,085485,094860,075499,085384
0000000197,0000196000,092773,077159,082604,096257,077400,082086
0000000198,0000197000,093269,079375,079893,096656,080050,079037
0000000199,0000198000,092861,082060,077615,096021,083185,076536
0000000200,0000199000,091593,084938,076005,094414,086496,074833
0000000201,0000200000,089585,087734,075217,091989,089662,074092
0000000202,0000201000,087027,090187,075322,088983,092376,074383
0000000203,0000202000,084182,092041,076313,085696,094368,075679
0000000204,0000203000,081329,093115,078093,082447,095443,077854
0000000205,0000204000,078731,093312,080493,079549,095498,080696
0000000206,0000205000,076652,092611,083273,077291,094527,083924
0000000207,0000206000,075304,091078,086154,075894,092627,087221
0000000208,0000207000,074808,088861,088867,075493,089980,090270
0000000209,0000208000,075212,086178,091146,076127,086846,092769
0000000210,0000209000,076480,083299,092757,077734,083536,094473
0000000211,0000210000,078490,080499,093547,080157,080371,095215
0000000212,0000211000,081045,078048,093443,083161,077658,094924
0000000213,0000212000,083890,076192,092453,086447,075666,093630
0000000214,0000213000,086747,075115,090674,089695,074591,091457
0000000215,0000214000,089344,074918,088274,092591,074535,088616
0000000216,0000215000,091423,075619,085493,094849,075504,085390
0000000217,0000216000,092776,077149,082611,096246,077402,082094
0000000218,0000217000,093273,079366,079898,096648,080048,079047
0000000219,0000218000,092868,082051,077617,096015,083180,076547
0000000220,0000219000,091602,084929,076004,094411,086488,074844
0000000221,0000220000,089594,087729,075213,091989,089652,074101
0000000222,0000221000,087036,090184,075316,088987,092365,074391
0000000223,0000222000,084191,092041,076304,085703,094356,075683
0000000224,0000223000,081336,093117,078083,082456,095432,077854
0000000225,0000224000,078735,093318,080483,079560,095489,080693
0000000226,0000225000,076654,092619,083264,077303,094522,083918
0000000227,0000226000,075302,091087,086146,075906,092625,087212
0000000228,0000227000,074802,088872,088862,075503,089981,090258
0000000229,0000228000,075204,086188,091144,076134,086851,092757
0000000230,0000229000,076471,083307,092758,077737,083545,094461
0000000231,0000230000,078479,080506,093552,080156,080382,095204
0000000232,0000231000,081035,078052,093450,083156,077670,094916
0000000233,0000232000,083881,076192,092463,086439,075678,093625
0000000234,0000233000,086739,075112,090685,089684,074602,091456
0000000235,0000234000,089339,074912,088285,092579,074544,088620
0000000236,0000235000,091423,075610,085504,094837,075510,085396
0000000237,0000236000,092778,077138,082620,096234,077405,082104
0000000238,0000237000,093278,079355,079903,096637,080046,079059
0000000239,0000238000,092877,082040,077620,096008,083174,076561
0000000240,0000239000,091613,084919,076003,094407,086479,074857
0000000241,0000240000,089605,087722,075208,091990,089640,074112
0000000242,0000241000,087048,090180,075308,088992,092351,074399
0000000243,0000242000,084202,092040,076294,085711,094343,075688
0000000244,0000243000,081344,093121,078071,082467,095420,077855
0000000245,0000244000,078740,093325,080471,079574,095479,080690
0000000246,0000245000,076656,092628,083252,077317,094515,083911
0000000247,0000246000,075299,091099,086137,075919,092623,087201
0000000248,0000247000,074796,088885,088856,075514,089983,090245
0000000249,0000248000,075195,086200,091141,076142,086857,092743
0000000250,0000249000,076459,083317,092759,077741,083555,094447
0000000251,0000250000,078465,080514,093557,080156,080395,095192
0000000252,0000251000,081022,078055,093459,083151,077684,094907
0000000253,0000252000,083871,076191,092474,086430,075693,093620
0000000254,0000253000,086730,075108,090698,089672,074616,091455
0000000255,0000254000,089334,074904,088298,092564,074555,088623
0000000256,0000255000,091421,075599,085516,094821,075517,085404
0000000257,0000256000,092781,077126,082630,096220,077407,082116
0000000258,0000257000,093284,079342,079910,096625,080044,079073
0000000259,0000258000,092887,082027,077623,095999,083167,076576
0000000260,0000259000,091626,084908,076002,094403,086468,074872
0000000261,0000260000,089619,087714,075203,091990,089627,074126
0000000262,0000261000,087062,090175,075299,088997,092336,074409
0000000263,0000262000,084214,092040,076282,085721,094327,075694
0000000264,0000263000,081353,093126,078057,082481,095406,077856
0000000265,0000264000,078746,093333,080457,079589,095468,080686
0000000266,0000265000,076658,092639,083239,077333,094508,083902
0000000267,0000266000,075296,091113,086126,075934,092620,087189
0000000268,0000267000,074789,088899,088848,075527,089986,090230
0000000269,0000268000,075185,086213,091138,076151,086865,092726
0000000270,0000269000,076446,083330,092761,077745,083567,094431
0000000271,0000270000,078450,080524,093562,080155,080410,095178
0000000272,0000271000,081008,078060,093468,083145,077701,094896
0000000273,0000272000,083857,076192,092487,086419,075710,093614
0000000274,0000273000,086719,075104,090713,089658,074631,091454
0000000275,0000274000,089327,074895,088313,092548,074567,088628
0000000276,0000275000,091420,075586,085530,094804,075525,085414
0000000277,0000276000,092783,077111,082642,096203,077410,082129
0000000278,0000277000,093292,079326,079918,096612,080041,079090
0000000279,0000278000,092899,082011,077626,095990,083159,076594
0000000280,0000279000,091640,084895,076001,094398,086455,074889
0000000281,0000280000,089634,087705,075197,091991,089611,074141
0000000282,0000281000,087078,090170,075288,089004,092318,074421
0000000283,0000282000,084228,092040,076268,085732,094309,075701
0000000284,0000283000,081364,093131,078041,082496,095389,077857
0000000285,0000284000,078753,093342,080440,079607,095455,080681
0000000286,0000285000,076660,092652,083224,077351,094499,083892
0000000287,0000286000,075292,091129,086114,075951,092617,087174
0000000288,0000287000,074781,088916,088839,075542,089989,090212
0000000289,0000288000,075173,086229,091134,076162,086873,092708
0000000290,0000289000,076430,083344,092762,077750,083580,094412
0000000291,0000290000,078434,080534,093569,080154,080427,095162
0000000292,0000291000,080991,078065,093480,083139,077720,094884
0000000293,0000292000,083842,076192,092502,086407,075729,093606
0000000294,0000293000,086707,075099,090730,089641,074648,091453
0000000295,0000294000,089320,074885,088331,092529,074581,088633
0000000296,0000295000,091418,075572,085546,094784,075534,085425
0000000297,0000296000,092786,077095,082655,096185,077413,082144
0000000298,0000297000,093301,079308,079927,096596,080038,079108
0000000299,0000298000,092912,081994,077630,095979,083150,076614
0000000300,0000299000,091656,084881,075999,094393,086441,074909
0000000301,0000300000,089653,087694,075189,091992,089592,074158
0000000302,0000301000,087096,090164,075276,089011,092298,074434
0000000303,0000302000,084244,092040,076252,085745,094289,075708
0000000304,0000303000,081377,093137,078023,082514,095371,077858
0000000305,0000304000,078762,093353,080422,079627,095440,080676
0000000306,0000305000,076662,092667,083207,077372,094490,083881
0000000307,0000306000,075289,091147,086100,075971,092614,087158
0000000308,0000307000,074772,088935,088829,075558,089992,090193
0000000309,0000308000,075159,086247,091130,076173,086883,092686
0000000310,0000309000,076412,083360,092764,077756,083595,094392
0000000311,0000310000,078414,080545,093576,080153,080446,095144
0000000312,0000311000,080972,078072,093492,083131,077742,094870
0000000313,0000312000,083825,076193,092519,086393,075751,093599
0000000314,0000313000,086694,075093,090749,089623,074668,091452
0000000315,0000314000,089312,074874,088350,092508,074597,088638
0000000316,0000315000,091415,075557,085565,094762,075544,085437
0000000317,0000316000,092790,077076,082670,096164,077417,082162
0000000318,0000317000,093311,079287,079938,096579,080035,079129
0000000319,0000318000,092926,081975,077635,095966,083140,076636
0000000320,0000319000,091674,084864,075997,094387,086425,074930
0000000321,0000320000,089673,087681,075182,091994,089572,074177
0000000322,0000321000,087116,090157,075263,089019,092275,074448
0000000323,0000322000,084262,092040,076234,085760,094266,075716
0000000324,0000323000,081391,093142,078003,082533,095350,077859
0000000325,0000324000,078771,093365,080401,079650,095423,080669
0000000326,0000325000,076664,092684,083188,077396,094479,083868
0000000327,0000326000,075285,091168,086083,075993,092610,087140
0000000328,0000327000,074762,088956,088818,075577,089996,090170
0000000329,0000328000,075143,086268,091125,076186,086894,092662
0000000330,0000329000,076393,083378,092766,077762,083612,094369
0000000331,0000330000,078393,080559,093585,080151,080468,095124
0000000332,0000331000,080951,078079,093507,083122,077766,094855
0000000333,0000332000,083805,076193,092537,086378,075775,093590
0000000334,0000333000,086678,075087,090771,089602,074690,091451
0000000335,0000334000,089302,074861,088373,092484,074614,088645
0000000336,0000335000,091412,075539,085585,094737,075555,085450
0000000337,0000336000,092794,077054,082688,096141,077420,082181
0000000338,0000337000,093322,079265,079950,096559,080031,079153
0000000339,0000338000,092943,081953,077640,095953,083129,076662
0000000340,0000339000,091695,084845,075995,094381,086407,074955
0000000341,0000340000,089697,087666,075173,091995,089549,074198
0000000342,0000341000,087139,090149,075248,089029,092250,074464
0000000343,0000342000,084283,092039,076214,085776,094241,075725
0000000344,0000343000,081408,093149,077980,082555,095327,077861
0000000345,0000344000,078781,093378,080377,079675,095405,080662
0000000346,0000345000,076667,092703,083166,077422,094468,083853
0000000347,0000346000,075281,091190,086065,076018,092606,087119
0000000348,0000347000,074751,088980,088805,075597,090000,090145
0000000349,0000348000,075126,086291,091119,076200,086906,092636
0000000350,0000349000,076371,083398,092767,077768,083631,094343
0000000351,0000350000,078369,080574,093594,080150,080492,095101
0000000352,0000351000,080926,078088,093522,083112,077792,094838
0000000353,0000352000,083783,076194,092558,086361,075801,093581
0000000354,0000353000,086661,075080,090795,089579,074714,091450
0000000355,0000354000,089291,074847,088398,092457,074633,088652
0000000356,0000355000,091408,075519,085608,094710,075567,085466
0000000357,0000356000,092799,077030,082707,096115,077424,082203
0000000358,0000357000,093333,079239,079964,096538,080026,079179
0000000359,0000358000,092961,081929,077647,095938,083115,076689
0000000360,0000359000,091718,084824,075994,094374,086387,074982
0000000361,0000360000,089722,087650,075163,091997,089524,074222
0000000362,0000361000,087164,090140,075232,089039,092222,074482
0000000363,0000362000,084306,092038,076192,085795,094213,075735
0000000364,0000363000,081426,093156,077954,082579,095302,077862
0000000365,0000364000,078793,093392,080351,079703,095385,080655
0000000366,0000365000,076671,092724,083141,077451,094455,083837
0000000367,0000366000,075276,091215,086045,076045,092602,087096
0000000368,0000367000,074738,089007,088791,075619,090005,090118
0000000369,0000368000,075107,086317,091112,076216,086920,092606
0000000370,0000369000,076347,083420,092769,077776,083653,094314
0000000371,0000370000,078342,080591,093604,080148,080519,095077
0000000372,0000371000,080899,078098,093539,083101,077822,094820
0000000373,0000372000,083759,076195,092581,086341,075831,093570
0000000374,0000373000,086642,075072,090821,089553,074740,091449
0000000375,0000374000,089278,074832,088425,092428,074654,088661
0000000376,0000375000,091404,075498,085634,094680,075580,085483
0000000377,0000376000,092804,077004,082729,096087,077429,082227
0000000378,0000377000,093346,079211,079979,096514,080021,079208
0000000379,0000378000,092981,081902,077654,095922,083101,076720
0000000380,0000379000,091744,084800,075992,094367,086364,075012
0000000381,0000380000,089750,087632,075153,091999,089496,074248
0000000382,0000381000,087192,090130,075214,089051,092191,074501
0000000383,0000382000,084331,092037,076168,085815,094182,075746
0000000384,0000383000,081446,093163,077926,082606,095274,077863
0000000385,0000384000,078806,093408,080322,079734,095363,080646
0000000386,0000385000,076676,092747,083114,077482,094441,083819
0000000387,0000386000,075272,091242,086022,076074,092598,087071
0000000388,0000387000,074725,089036,088775,075644,090011,090088
0000000389,0000388000,075086,086346,091104,076233,086935,092574
0000000390,0000389000,076320,083445,092771,077783,083676,094284
0000000391,0000390000,078312,080610,093615,080145,080548,095050
0000000392,0000391000,080870,078108,093558,083088,077854,094800
0000000393,0000392000,083733,076197,092607,086320,075863,093559
0000000394,0000393000,086620,075065,090851,089526,074769,091448
0000000395,0000394000,089264,074816,088456,092396,074677,088670
0000000396,0000395000,091399,075474,085663,094647,075595,085501
0000000397,0000396000,092809,076975,082752,096056,077433,082254
0000000398,0000397000,093360,079180,079996,096489,080015,079239
0000000399,0000398000,093003,081872,077662,095904,083085,076754
0000000400,0000399000,091772,084774,075990,094359,086340,075044
0000000401,0000400000,089781,087613,075142,092002,089465,074275
0000000402,0000401000,081477,093451,078533,091779,092071,074438
0000000403,0000402000,083134,089734,073848,089668,093197,074803
0000000404,0000403000,082344,093495,078267,087103,094907,077519
0000000405,0000404000,079943,093054,079997,082617,094742,080018
0000000406,0000405000,081161,090959,081332,079172,094281,083633
0000000407,0000406000,080107,092612,087374,074538,092748,087178
0000000408,0000407000,080822,084773,084468,071069,090780,090792
0000000409,0000408000,078421,086186,090874,067910,088170,093720
0000000410,0000409000,083764,081573,090750,066017,085084,095608
0000000411,0000410000,081780,080535,093404,065801,083019,097473
0000000412,0000411000,083055,078355,093645,066670,079743,096677
0000000413,0000412000,086749,075056,091162,069139,078516,096272
0000000414,0000413000,083563,076740,092183,072367,077030,093862
0000000415,0000414000,088040,074181,087548,076603,076585,090796
0000000416,0000415000,087418,079196,089135,081447,077395,087545
0000000417,0000416000,087754,077790,083419,085880,078495,083564
0000000418,0000417000,087034,080721,081602,090349,080776,080216
0000000419,0000418000,087207,083938,079945,093242,083007,076838
0000000420,0000419000,086532,084846,076354,095593,086149,074961
0000000421,0000420000,084184,090398,078355,096330,088471,073323
0000000422,0000421000,086155,089539,075118,095752,091075,073394
0000000423,0000422000,081211,092770,077389,093926,093070,074555
0000000424,0000423000,082277,091654,076926,090565,093792,076218
0000000425,0000424000,081636,092669,080053,086928,094544,079583
0000000426,0000425000,079658,092084,082742,082373,093630,082723
0000000427,0000426000,081138,088880,083791,078411,092351,086542
0000000428,0000427000,079903,088664,088380,074432,090243,090054
0000000429,0000428000,081097,083351,087846,071444,087636,093048
0000000430,0000429000,081026,083242,092126,069678,084872,095338
0000000431,0000430000,083616,079784,092272,069030,081958,096420
0000000432,0000431000,083418,077748,092549,070168,079785,096807
0000000433,0000432000,084533,076948,092586,072195,077476,095389
0000000434,0000433000,086996,074932,089975,075625,076578,093611
0000000435,0000434000,085563,076970,089974,079651,076107,090544
0000000436,0000435000,088372,076378,086056,084176,076542,086933
0000000437,0000436000,087484,079634,085158,088752,078156,083447
0000000438,0000437000,087215,080400,081296,092578,079994,079611
0000000439,0000438000,087181,083186,079292,095877,082754,076701
0000000440,0000439000,086101,086646,078408,097667,085419,074273
0000000441,0000440000,085568,087662,075969,098469,088328,073124
0000000442,0000441000,083623,091396,077348,097708,090696,072872
0000000443,0000442000,083803,091009,076038,095623,092653,073922
0000000444,0000443000,081102,092627,078322,092527,093949,076095
0000000445,0000444000,081433,092026,079732,088443,094050,078774
0000000446,0000445000,080975,091203,082088,084261,093768,082556
0000000447,0000446000,079720,089985,085045,079871,092146,086066
0000000448,0000447000,081161,086674,086383,076152,090122,089725
0000000449,0000448000,080531,085540,089876,073129,087537,092836
0000000450,0000449000,081954,081642,090285,071265,084593,095051
0000000451,0000450000,082670,080435,092591,070864,081867,096422
0000000452,0000451000,084118,078000,092395,071646,079241,096453
0000000453,0000452000,084887,076333,091576,073965,077399,095583
0000000454,0000453000,085805,076446,091132,077141,075989,093337
0000000455,0000454000,087402,075708,088376,081243,075757,090529
0000000456,0000455000,086750,077809,087257,085676,076241,086959
0000000457,0000456000,088151,078464,083895,090016,077568,083134
0000000458,0000457000,087292,081218,082102,093977,079843,079656
0000000459,0000458000,086754,083286,079503,096889,082305,076355
0000000460,0000459000,086514,085771,077784,098872,085307,074142
0000000461,0000460000,084987,088745,077361,099334,088101,072755
0000000462,0000461000,084337,089747,076051,098570,090685,072616
0000000463,0000462000,082735,092045,077488,096430,092678,073614
0000000464,0000463000,082272,091720,077799,093162,093912,075661
0000000465,0000464000,080854,092082,080092,089242,094364,078677
0000000466,0000465000,080791,091112,082246,084818,093694,082094
0000000467,0000466000,080655,089210,084407,080628,092424,086016
0000000468,0000467000,080184,087549,087232,076779,090171,089547
0000000469,0000468000,081514,084457,088664,073879,087538,092744
0000000470,0000469000,081566,082720,091146,072089,084646,095143
0000000471,0000470000,082977,079747,091557,071607,081666,096396
0000000472,0000471000,083990,078320,092311,072595,079151,096666
0000000473,0000472000,085025,076852,091712,074741,077020,095598
0000000474,0000473000,086107,075967,090266,078093,075797,093587
0000000475,0000474000,086733,076768,089086,082084,075327,090556
0000000476,0000475000,087657,077068,086289,086492,075901,087044
0000000477,0000476000,087247,079240,084554,090818,077312,083220
0000000478,0000477000,087664,080851,081709,094587,079436,079479
0000000479,0000478000,086821,083479,079824,097571,082226,076368
0000000480,0000479000,086014,085911,078181,099292,085097,073863
0000000481,0000480000,085408,088034,076968,099801,088131,072563
0000000482,0000481000,083846,090344,077043,098844,090749,072328
0000000483,0000482000,083116,091038,076927,096652,092836,073313
0000000484,0000483000,081850,092148,078628,093383,094187,075414
0000000485,0000484000,081287,091570,079922,089331,094575,078361
0000000486,0000485000,080612,090847,082264,085029,094090,082004
0000000487,0000486000,080547,089336,084675,080725,092598,085791
0000000488,0000487000,080793,087002,086672,077023,090469,089587
0000000489,0000488000,080955,085020,089110,074126,087672,092784
0000000490,0000489000,082210,082174,090350,072421,084661,095238
0000000491,0000490000,082774,080330,091761,072051,081683,096667
0000000492,0000491000,084096,078182,091752,073018,078918,096838
0000000493,0000492000,085172,077040,091462,075326,076836,095925
0000000494,0000493000,086007,076509,090354,078607,075425,093787
0000000495,0000494000,086960,076494,088428,082687,075009,090821
0000000496,0000495000,087269,077772,086730,087037,075509,087179
0000000497,0000496000,087642,078909,084054,091300,076964,083291
0000000498,0000497000,087193,081266,082096,095049,079202,079521
0000000499,0000498000,086940,083369,079863,097865,081960,076196
0000000500,0000499000,086026,085804,078340,099576,085096,073756
0000000501,0000500000,085003,088133,077427,099893,088118,072262
0000000502,0000501000,084148,089771,076937,098897,090926,072056
0000000503,0000502000,082759,091259,077648,096590,093109,073010
0000000504,0000503000,082052,091504,078442,093253,094507,075093
0000000505,0000504000,081145,091607,080378,089218,095002,078146
0000000506,0000505000,080749,090520,082267,084843,094453,081778
0000000507,0000506000,080590,089044,084550,080648,093026,085747
0000000508,0000507000,080753,087159,086846,076935,090733,089549
0000000509,0000508000,081351,084656,088624,074167,087917,092926
0000000510,0000509000,081955,082560,090447,072543,084758,095442
0000000511,0000510000,083176,080159,091169,072260,081619,096920
0000000512,0000511000,084033,078553,091642,073359,078803,097218
0000000513,0000512000,085213,077206,091101,075687,076516,096224
0000000514,0000513000,086179,076698,090012,079085,075105,094158
0000000515,0000514000,086794,076972,088458,083132,074577,091085
0000000516,0000515000,087407,077686,086307,087504,075104,087402
0000000517,0000516000,087392,079401,084334,091711,076581,083410
0000000518,0000517000,087303,081142,081937,095363,078874,079518
0000000519,0000518000,086678,083527,080172,098119,081785,076128
0000000520,0000519000,085982,085755,078584,099662,084979,073517
0000000521,0000520000,084975,087889,077613,099907,088222,072025
0000000522,0000521000,083857,089736,077448,098755,091103,071700
0000000523,0000522000,082936,090771,077734,096376,093442,072668
0000000524,0000523000,081825,091465,078958,092967,094938,074777
0000000525,0000524000,081264,091117,080398,088882,095452,077844
0000000526,0000525000,080748,090361,082497,084545,094967,081606
0000000527,0000526000,080650,088841,084560,080347,093453,085625
0000000528,0000527000,080905,086911,086647,076754,091131,089594
0000000529,0000528000,081371,084795,088628,074057,088162,093045
0000000530,0000529000,082236,082407,089959,072570,084891,095697
0000000531,0000530000,083112,080482,091018,072414,081594,097258
0000000532,0000531000,084284,078630,091153,073613,078606,097585
0000000533,0000532000,085224,077547,090809,076068,076239,096659
0000000534,0000533000,086183,077027,089716,079499,074670,094520
0000000535,0000534000,086905,077187,088137,083610,074133,091441
0000000536,0000535000,087233,078115,086311,087944,074619,087642
0000000537,0000536000,087434,079453,084119,092110,076139,083551
0000000538,0000537000,087102,081448,082192,095676,078522,079547
0000000539,0000538000,086628,083467,080264,098295,081533,076010
0000000540,0000539000,085801,085746,078905,099730,084907,073319
0000000541,0000540000,084849,087773,078007,099802,088271,071698
0000000542,0000541000,083808,089395,077741,098543,091350,071352
0000000543,0000542000,082741,090601,078239,096035,093797,072269
0000000544,0000543000,081923,090994,079160,092556,095408,074408
0000000545,0000544000,081156,090888,080783,088442,095997,077541
0000000546,0000545000,080849,089965,082566,084100,095499,081362
0000000547,0000546000,080737,088618,084617,079979,093982,085531
0000000548,0000547000,080982,086771,086590,076456,091543,089594
0000000549,0000548000,081571,084646,088329,073907,088473,093199
0000000550,0000549000,082312,082579,089757,072553,085029,095955
0000000551,0000550000,083333,080516,090511,072551,081568,097618
0000000552,0000551000,084320,078974,090825,073897,078421,098013
0000000553,0000552000,085374,077823,090334,076452,075888,097092
0000000554,0000553000,086209,077398,089353,079982,074234,094964
0000000555,0000554000,086869,077593,087890,084105,073600,091797
0000000556,0000555000,087258,078388,086058,088440,074096,087932
0000000557,0000556000,087253,079824,084163,092531,075639,083713
0000000558,0000557000,087049,081534,082194,095991,078109,079575
0000000559,0000558000,086430,083620,080568,098476,081265,075915
0000000560,0000559000,085665,085656,079196,099737,084781,073083
0000000561,0000560000,084695,087599,078427,099662,088343,071383
0000000562,0000561000,083659,089161,078241,098233,091577,070948
0000000563,0000562000,082692,090182,078617,095613,094194,071856
0000000564,0000563000,081812,090674,079648,092044,095912,074000
0000000565,0000564000,081232,090403,081028,087895,096575,077190
0000000566,0000565000,080849,089645,082812,083579,096105,081112
0000000567,0000566000,080862,088281,084642,079518,094531,085382
0000000568,0000567000,081135,086554,086492,076125,092024,089601
0000000569,0000568000,081698,084598,088121,073715,088800,093325
0000000570,0000569000,082533,082570,089333,072544,085199,096222
0000000571,0000570000,083451,080759,090132,072714,081549,097985
0000000572,0000571000,084501,079203,090262,074219,078219,098447
0000000573,0000572000,085441,078251,089880,076912,075532,097564
0000000574,0000573000,086280,077812,088898,080517,073741,095410
0000000575,0000574000,086865,078023,087530,084685,073048,092202
0000000576,0000575000,087170,078839,085871,088984,073506,088231
0000000577,0000576000,087187,080112,084048,093000,075096,083905
0000000578,0000577000,086845,081817,082348,096328,077655,079625
0000000579,0000578000,086293,083675,080770,098645,080944,075820
0000000580,0000579000,085455,085645,079617,099724,084642,072868
0000000581,0000580000,084519,087395,078904,099450,088381,071045
0000000582,0000581000,083521,088835,078763,097858,091815,070548
0000000583,0000582000,082563,089805,079184,095092,094588,071413
0000000584,0000583000,081789,090155,080088,091440,096443,073574
0000000585,0000584000,081205,089966,081457,087259,097184,076812
0000000586,0000585000,080950,089159,083014,082973,096736,080822
0000000587,0000586000,080961,087926,084744,079008,095134,085218
0000000588,0000587000,081308,086290,086390,075750,092525,089561
0000000589,0000588000,081906,084473,087834,073529,089173,093440
0000000590,0000589000,082709,082639,088946,072553,085385,096462
0000000591,0000590000,083675,080917,089573,072929,081547,098340
0000000592,0000591000,084634,079580,089716,074617,078024,098880
0000000593,0000592000,085575,078664,089267,077452,075160,098032
0000000594,0000593000,086323,078335,088393,081152,073241,095877
0000000595,0000594000,086857,078549,087109,085340,072454,092612
0000000596,0000595000,087102,079317,085583,089605,072892,088564
0000000597,0000596000,087033,080546,083986,093514,074507,084113
0000000598,0000597000,086690,082072,082415,096687,077161,079702
0000000599,0000598000,086055,083840,081080,098807,080590,075755
0000000600,0000599000,085256,085582,080040,099666,084461,072664
0000000601,0000600000,084303,087196,079479,099180,088404,070734
0000000602,0000601000,083344,088478,079387,097390,092026,070147
0000000603,0000602000,082455,089313,079801,094479,094982,070978
0000000604,0000603000,081715,089625,080686,090731,096972,073135
0000000605,0000604000,081238,089369,081885,086530,097806,076418
0000000606,0000605000,081017,088647,083336,082293,097389,080511
0000000607,0000606000,081122,087454,084836,078442,095755,085015
0000000608,0000607000,081497,085979,086298,075362,093064,089494
0000000609,0000608000,082134,084327,087538,073350,089565,093507
0000000610,0000609000,082957,082657,088461,072612,085606,096669
0000000611,0000610000,083880,081155,088990,073216,081566,098658
0000000612,0000611000,084838,079946,089016,075109,077845,099286
0000000613,0000612000,085687,079196,088606,078099,074801,098485
0000000614,0000613000,086390,078914,087760,081888,072735,096331
0000000615,0000614000,086836,079177,086611,086097,071859,093033
0000000616,0000615000,087005,079908,085257,090299,072255,088906
0000000617,0000616000,086880,081024,083850,094079,073901,084354
0000000618,0000617000,086463,082444,082527,097059,076636,079812
0000000619,0000618000,085822,083996,081374,098948,080201,075732
0000000620,0000619000,084986,085567,080561,099557,084249,072509
0000000621,0000620000,084074,086958,080116,098824,088387,070458
0000000622,0000621000,083144,088071,080115,096822,092212,069789
0000000623,0000622000,082314,088762,080544,093748,095346,070562
0000000624,0000623000,081666,088970,081349,089914,097487,072710
0000000625,0000624000,081249,088714,082444,085701,098416,076021
0000000626,0000625000,081132,087994,083686,081537,098039,080179
0000000627,0000626000,081291,086924,084994,077835,096387,084781
0000000628,0000627000,081735,085584,086195,074963,093613,089376
0000000629,0000628000,082400,084131,087209,073206,089986,093523
0000000630,0000629000,083230,082681,087934,072735,085852,096810
0000000631,0000630000,084143,081385,088286,073602,081620,098917
0000000632,0000631000,085037,080397,088245,075717,077698,099634
0000000633,0000632000,085840,079776,087801,078872,074471,098891
0000000634,0000633000,086443,079617,087038,082750,072259,096757
0000000635,0000634000,086811,079902,086009,086958,071278,093438
0000000636,0000635000,086889,080599,084857,091075,071631,089259
0000000637,0000636000,086682,081620,083690,094687,073289,084618
0000000638,0000637000,086216,082867,082606,097437,076100,079971
0000000639,0000638000,085525,084229,081729,099052,079788,075769
0000000640,0000639000,084697,085543,081121,099371,084001,072422
0000000641,0000640000,083794,086717,080861,098363,088330,070260
0000000642,0000641000,082924,087604,080951,096126,092348,069496
0000000643,0000642000,082165,088122,081402,092886,095665,070208
0000000644,0000643000,081601,088228,082145,088966,097954,072324
0000000645,0000644000,081291,087919,083084,084766,098988,075644
0000000646,0000645000,081254,087246,084138,080704,098661,079842
0000000647,0000646000,081509,086269,085176,077190,097001,084514
0000000648,0000647000,082007,085117,086113,074573,094163,089205
0000000649,0000648000,082713,083877,086849,073112,090417,093459
0000000650,0000649000,083550,082680,087331,072953,086130,096862
0000000651,0000650000,084433,081651,087499,074110,081715,099076
0000000652,0000651000,085279,080884,087337,076471,077604,099888
0000000653,0000652000,085991,080464,086886,079796,074200,099214
0000000654,0000653000,086508,080418,086175,083751,071839,097119
0000000655,0000654000,086763,080759,085307,087936,070751,093809
0000000656,0000655000,086746,081415,084372,091930,071048,089603
0000000657,0000656000,086451,082324,083472,095332,072708,084911
0000000658,0000657000,085912,083395,082689,097802,075572,080186
0000000659,0000658000,085192,084505,082098,099094,079365,075890
0000000660,0000659000,084350,085559,081765,099081,083723,072440
0000000661,0000660000,083484,086445,081697,097764,088220,070175
0000000662,0000661000,082671,087081,081919,095274,092418,069318
0000000663,0000662000,082002,087390,082396,091863,095905,069953
0000000664,0000663000,081544,087360,083065,087875,098340,072019
0000000665,0000664000,081341,087003,083853,083712,099481,075314
0000000666,0000665000,081419,086353,084667,079795,099215,079518
0000000667,0000666000,081759,085507,085424,076519,097564,084221
0000000668,0000667000,082335,084541,086036,074210,094682,088968
0000000669,0000668000,083077,083560,086464,073099,090847,093297
0000000670,0000669000,083917,082656,086657,073295,086431,096786
0000000671,0000670000,084768,081928,086600,074780,081862,099096
0000000672,0000671000,085542,081441,086310,077401,077585,099998
0000000673,0000672000,086163,081240,085816,080897,074021,099405
0000000674,0000673000,086561,081355,085181,084912,071519,097375
0000000675,0000674000,086702,081748,084475,089040,070324,094107
0000000676,0000675000,086565,082375,083792,092865,070556,089921
0000000677,0000676000,086171,083161,083196,095999,072197,085221
0000000678,0000677000,085561,084021,082750,098129,075089,080468
0000000679,0000678000,084796,084860,082506,099042,078954,076121
0000000680,0000679000,083958,085595,082471,098649,083420,072602
0000000681,0000680000,083126,086163,082651,096989,088051,070256
0000000682,0000681000,082392,086491,083020,094230,092396,069312
0000000683,0000682000,081827,086559,083539,090651,096030,069860
0000000684,0000683000,081491,086364,084137,086615,098596,071847
0000000685,0000684000,081420,085931,084749,082532,099843,075077
0000000686,0000685000,081618,085318,085305,078815,099647,079233
0000000687,0000686000,082067,084598,085728,075839,098025,083911
0000000688,0000687000,082715,083857,085985,073905,095131,088656
0000000689,0000688000,083501,083164,086046,073204,091247,093006
0000000690,0000689000,084338,082602,085909,073807,086748,096539
0000000691,0000690000,085144,082222,085592,075651,082070,098913
0000000692,0000691000,085837,082058,085137,078548,077670,099898
0000000693,0000692000,086341,082129,084596,082206,073978,099397
0000000694,0000693000,086609,082422,084027,086252,071356,097462
0000000695,0000694000,086608,082897,083510,090276,070061,094284
0000000696,0000695000,086342,083492,083102,093867,070220,090176
0000000697,0000696000,085836,084144,082852,096664,071819,085540
0000000698,0000697000,085146,084768,082795,098382,074701,080827
0000000699,0000698000,084342,085293,082936,098851,078591,076494
0000000700,0000699000,083507,085673,083256,098025,083109,072961
0000000701,0000700000,082729,085860,083714,095989,087816,070571
0000000702,0000701000,082085,085840,084267,092950,092254,069554
0000000703,0000702000,081644,085617,084839,089218,095990,070005
0000000704,0000703000,081452,085224,085368,085172,098659,071880
0000000705,0000704000,081528,084701,085791,081224,099998,074991
0000000706,0000705000,081868,084114,086050,077777,099879,079030
0000000707,0000706000,082432,083542,086108,075181,098312,083602
0000000708,0000707000,083165,083045,085953,073699,095451,088261
0000000709,0000708000,083987,082686,085603,073480,091575,092553
0000000710,0000709000,084816,082508,085087,074542,087060,096064
0000000711,0000710000,085564,082529,084471,076777,082345,098457
0000000712,0000711000,086154,082741,083823,079956,077890,099502
0000000713,0000712000,086526,083125,083213,083755,074128,099100
0000000714,0000713000,086637,083636,082717,087786,071426,097296
0000000715,0000714000,086479,084208,082397,091638,070049,094270
0000000716,0000715000,086064,084781,082297,094916,070129,090323
0000000717,0000716000,085437,085281,082436,097287,071657,085843
0000000718,0000717000,084662,085641,082814,098510,074481,081269
0000000719,0000718000,083821,085818,083392,098460,078325,077045
0000000720,0000719000,083002,085787,084109,097147,082813,073579
0000000721,0000720000,082289,085548,084891,094707,087509,071202
0000000722,0000721000,081759,085125,085650,091389,091957,070141
0000000723,0000722000,081463,084570,086298,087534,095723,070491
0000000724,0000723000,081436,083939,086757,083534,098442,072215
0000000725,0000724000,081682,083304,086975,079800,099848,075137
0000000726,0000725000,082176,082744,086911,076714,099807,078966
0000000727,0000726000,082868,082327,086559,074594,098327,083323
0000000728,0000727000,083686,082106,085950,073656,095555,087780
0000000729,0000728000,084543,082119,085137,073993,091768,091903
0000000730,0000729000,085348,082374,084201,075569,087336,095296
0000000731,0000730000,086020,082844,083246,078218,082690,097635
0000000732,0000731000,086487,083483,082375,081669,078282,098703
0000000733,0000732000,086700,084225,081683,085568,074539,098402
0000000734,0000733000,086636,084987,081254,089515,071823,096770
0000000735,0000734000,086298,085683,081148,093105,070400,093973
0000000736,0000735000,085721,086234,081382,095968,070404,090292
0000000737,0000736000,084963,086570,081950,097808,071828,086095
0000000738,0000737000,084104,086640,082805,098437,074527,081795
0000000739,0000738000,083234,086427,083864,097792,078232,077810
0000000740,0000739000,082445,085943,085022,095943,082576,074524
0000000741,0000740000,081820,085228,086159,093082,087135,072247
0000000742,0000741000,081423,084359,087153,089506,091468,071189
0000000743,0000742000,081298,083425,087888,085580,095156,071442
0000000744,0000743000,081459,082525,088284,081709,097842,072973
0000000745,0000744000,081893,081758,088284,078292,099268,075621
0000000746,0000745000,082556,081218,087871,075683,099299,079120
0000000747,0000746000,083381,080969,087077,074152,097940,083118
0000000748,0000747000,084281,081051,085971,073859,095333,087219
0000000749,0000748000,085159,081473,084658,074830,091743,091021
0000000750,0000749000,085925,082200,083268,076961,087526,094163
0000000751,0000750000,086498,083163,081947,080031,083096,096348
0000000752,0000751000,086817,084270,080830,083721,078880,097379
0000000753,0000752000,086849,085407,080043,087652,075286,097170
0000000754,0000753000,086586,086452,079680,091417,072659,095753
0000000755,0000754000,086052,087288,079793,094628,071250,093277
0000000756,0000755000,085301,087823,080384,096949,071190,089997
0000000757,0000756000,084411,087983,081409,098137,072475,086244
0000000758,0000757000,083474,087739,082774,098070,074967,082392
0000000759,0000758000,082591,087105,084344,096756,078409,078818
0000000760,0000759000,081855,086131,085967,094336,082455,075865
0000000761,0000760000,081341,084909,087479,091062,086709,073806
0000000762,0000761000,081106,083559,088719,087275,090758,072822
0000000763,0000762000,081174,082218,089556,083366,094214,072994
0000000764,0000763000,081543,081023,089888,079738,096747,074289
0000000765,0000764000,082178,080111,089666,076770,098117,076566
0000000766,0000765000,083017,079586,088891,074773,098198,079588
0000000767,0000766000,083972,079516,087634,073959,096996,083048
0000000768,0000767000,084940,079922,086011,074412,094645,086598
0000000769,0000768000,085822,080776,084179,076082,091390,089888
0000000770,0000769000,086521,082001,082323,078792,087561,092606
0000000771,0000770000,086968,083480,080627,082258,083538,094503
0000000772,0000771000,087114,085076,079262,086119,079710,095413
0000000773,0000772000,086941,086626,078375,089976,076442,095271
0000000774,0000773000,086463,087968,078075,093428,074044,094109
0000000775,0000774000,085724,088957,078408,096114,072741,092057
0000000776,0000775000,084799,089475,079360,097748,072648,089334
0000000777,0000776000,083785,089452,080850,098157,073758,086219
0000000778,0000777000,082789,088880,082730,097297,075944,083029
0000000779,0000778000,081918,087809,084815,095260,078972,080078
0000000780,0000779000,081263,086334,086899,092264,082531,077648
0000000781,0000780000,080891,084595,088777,088623,086265,075956
0000000782,0000781000,080841,082760,090259,084715,089813,075145
0000000783,0000782000,081123,081006,091191,080947,092837,075269
0000000784,0000783000,081712,079516,091462,077712,095054,076291
0000000785,0000784000,082553,078454,091020,075351,096260,078092
0000000786,0000785000,083561,077946,089893,074117,096353,080475
0000000787,0000786000,084628,078060,088180,074143,095341,083191
0000000788,0000787000,085641,078795,086051,075428,093347,085962
0000000789,0000788000,086493,080084,083721,077834,090588,088513
0000000790,0000789000,087095,081803,081423,081105,087355,090603
0000000791,0000790000,087385,083789,079377,084898,083972,092045
0000000792,0000791000,087334,085859,077784,088817,080768,092726
0000000793,0000792000,086940,087807,076812,092453,078047,092609
0000000794,0000793000,086240,089434,076576,095426,076061,091731
0000000795,0000794000,085300,090565,077120,097419,074986,090205
0000000796,0000795000,084217,091063,078413,098217,074910,088203
0000000797,0000796000,083105,090856,080339,097729,075818,085939
0000000798,0000797000,082083,089962,082699,096008,077595,083647
0000000799,0000798000,081262,088467,085253,093236,080041,081557
0000000800,0000799000,080723,086515,087749,089708,082893,079865
0000000801,0000800000,080522,084293,089947,085796,085861,078717
0000000802,0000801000,080680,082008,091634,081908,088655,078197
0000000803,0000802000,081186,079880,092637,078449,091011,078324
0000000804,0000803000,081994,078128,092839,075785,092715,079054
0000000805,0000804000,083026,076938,092196,074202,093620,080283
0000000806,0000805000,084176,076456,090750,073875,093661,081867
0000000807,0000806000,085321,076750,088633,074843,092860,083629
0000000808,0000807000,086338,077796,086064,077006,091325,085384
0000000809,0000808000,087118,079485,083311,080131,089234,086955
0000000810,0000809000,087584,081649,080646,083887,086818,088196
0000000811,0000810000,087689,084085,078319,087879,084329,089004
0000000812,0000811000,087422,086565,076555,091690,082010,089330
0000000813,0000812000,086805,088847,075535,094920,080081,089176
0000000814,0000813000,085894,090705,075372,097227,078713,088595
0000000815,0000814000,084778,091942,076105,098359,078016,087678
0000000816,0000815000,083575,092402,077688,098187,078030,086545
0000000817,0000816000,082411,092022,079972,096726,078725,085330
0000000818,0000817000,081412,090840,082714,094127,079999,084164
0000000819,0000818000,080687,088978,085630,090670,081696,083167
0000000820,0000819000,080305,086626,088431,086723,083623,082429
0000000821,0000820000,080300,084006,090856,082699,085574,082003
0000000822,0000821000,080678,081363,092672,079018,087355,081903
0000000823,0000822000,081403,078956,093693,076069,088798,082101
0000000824,0000823000,082408,077016,093814,074167,089778,082539
0000000825,0000824000,083594,075752,092998,073522,090228,083132
0000000826,0000825000,084836,075321,091300,074213,090136,083789
0000000827,0000826000,086001,075780,088887,076170,089545,084422
0000000828,0000827000,086965,077082,086012,079188,088549,084953
0000000829,0000828000,087623,079092,082970,082942,087279,085331
0000000830,0000829000,087911,081599,080081,087034,085885,085523
0000000831,0000830000,087813,084359,077594,091036,084527,085527
0000000832,0000831000,087324,087133,075755,094530,083341,085373
0000000833,0000832000,086498,089629,074749,097144,082438,085111
0000000834,0000833000,085410,091615,074680,098598,081893,084810
0000000835,0000834000,084169,092886,075569,098725,081727,084544
0000000836,0000835000,082909,093277,077352,097504,081919,084379
0000000837,0000836000,081760,092746,079862,095059,082414,084354
0000000838,0000837000,080852,091343,082818,091651,083122,084486
0000000839,0000838000,080272,089223,085927,087643,083941,084764
0000000840,0000839000,080085,086601,088861,083461,084763,085152
0000000841,0000840000,080292,083737,091365,079542,085486,085602
0000000842,0000841000,080884,080890,093194,076295,086030,086037
0000000843,0000842000,081807,078342,094159,074068,086346,086381
0000000844,0000843000,082959,076347,094178,073102,086416,086556
0000000845,0000844000,084237,075097,093219,073513,086266,086496
0000000846,0000845000,085495,074757,091378,075265,085950,086168
0000000847,0000846000,086604,075352,088827,078176,085542,085574
0000000848,0000847000,087443,076829,085839,081936,085126,084761
0000000849,0000848000,087926,079032,082723,086142,084771,083808
0000000850,0000849000,088011,081711,079795,090350,084546,082816
0000000851,0000850000,087689,084630,077331,094122,084491,081891
0000000852,0000851000,087001,087499,075547,097061,084622,081155
0000000853,0000852000,085996,090046,074645,098852,084929,080712
0000000854,0000853000,084793,092011,074691,099296,085364,080648
0000000855,0000854000,083505,093205,075697,098337,085858,081022
0000000856,0000855000,082268,093490,077572,096065,086316,081837
0000000857,0000856000,081225,092831,080113,092723,086650,083044
0000000858,0000857000,080471,091312,083074,088664,086782,084537
0000000859,0000858000,080098,089073,086129,084324,086667,086168
0000000860,0000859000,080124,086380,088986,080160,086287,087773
0000000861,0000860000,080553,083473,091363,076604,085657,089183
0000000862,0000861000,081335,080634,093052,074033,084830,090234
0000000863,0000862000,082401,078145,093875,072722,083882,090791
0000000864,0000863000,083637,076253,093753,072821,082920,090759
0000000865,0000864000,084911,075147,092711,074329,082065,090091
0000000866,0000865000,086100,074932,090842,077094,081446,088811
0000000867,0000866000,087059,075643,088355,080821,081172,087013
0000000868,0000867000,087704,077184,085492,085113,081312,084860
0000000869,0000868000,087963,079405,082556,089515,081887,082566
0000000870,0000869000,087817,082063,079843,093561,082868,080358
0000000871,0000870000,087288,084892,077605,096831,084179,078466
0000000872,0000871000,086422,087637,076059,098978,085705,077096
0000000873,0000872000,085311,090012,075344,099771,087299,076413
0000000874,0000873000,084068,091781,075542,099116,088795,076523
0000000875,0000874000,082828,092772,076614,097073,090019,077457
0000000876,0000875000,081720,092896,078436,093854,090810,079168
0000000877,0000876000,080861,092148,080822,089802,091042,081518
0000000878,0000877000,080344,090607,083525,085349,090650,084290
0000000879,0000878000,080210,088449,086269,080967,089639,087212
0000000880,0000879000,080476,085895,088768,077118,088079,089994
0000000881,0000880000,081103,083200,090806,074203,086105,092351
0000000882,0000881000,082036,080615,092174,072531,083899,094033
0000000883,0000882000,083172,078418,092743,072284,081673,094850
0000000884,0000883000,084396,076822,092465,073496,079651,094686
0000000885,0000884000,085576,075972,091387,076047,078059,093518
0000000886,0000885000,086581,075952,089638,079668,077090,091422
0000000887,0000886000,087315,076739,087400,083974,076882,088576
0000000888,0000887000,087692,078242,084924,088504,077499,085245
0000000889,0000888000,087689,080292,082447,092780,078914,081751
0000000890,0000889000,087307,082692,080213,096352,081014,078443
0000000891,0000890000,086588,085187,078443,098846,083607,075655
0000000892,0000891000,085607,087531,077305,099998,086457,073677
0000000893,0000892000,084464,089501,076901,099681,089284,072725
0000000894,0000893000,083286,090880,077261,097923,091805,072923
0000000895,0000894000,082195,091545,078341,094905,093752,074283
0000000896,0000895000,081314,091457,079981,090946,094901,076704
0000000897,0000896000,080729,090644,082009,086469,095099,079976
0000000898,0000897000,080501,089198,084216,081951,094288,083791
0000000899,0000898000,080647,087288,086366,077871,092518,087779
0000000900,0000899000,081144,085116,088255,074656,089935,091546
0000000901,0000900000,081943,082883,089705,072644,086778,094715
0000000902,0000901000,083007,080368,090583,071998,083560,096920
0000000903,0000902000,086565,070305,091766,072746,083628,098211
0000000904,0000903000,085436,069063,093776,074761,086048,097293
0000000905,0000904000,086647,077231,088216,077889,086222,095008
0000000906,0000905000,087414,079872,086608,081964,084571,092926
0000000907,0000906000,086966,075492,088437,086357,084489,088804
0000000908,0000907000,095819,078881,083188,088100,086362,084242
0000000909,0000908000,097693,084988,071015,084775,085863,081837
0000000910,0000909000,089091,091332,065988,085027,086641,086259
0000000911,0000910000,085470,096212,079474,085067,084224,086240
0000000912,0000911000,079658,087943,078266,086095,084338,083637
0000000913,0000912000,084423,094202,075517,086826,087107,084505
0000000914,0000913000,079529,099998,076219,083592,084563,085159
0000000915,0000914000,068033,093512,084520,085463,083963,087379
0000000916,0000915000,072755,090141,096519,087289,084182,084921
0000000917,0000916000,075271,084872,088724,086292,084767,082751
0000000918,0000917000,076632,087759,087363,086156,085795,086070
0000000919,0000918000,074464,084960,097336,085133,082930,086126
0000000920,0000919000,074010,072604,099998,087545,083740,084637
0000000921,0000920000,087024,073481,096790,088079,085801,083006
0000000922,0000921000,089590,075327,086386,085420,085106,083348
0000000923,0000922000,087164,075257,087881,086212,084945,086294
0000000924,0000923000,090858,072889,093234,086790,084012,084171
0000000925,0000924000,094933,070233,082578,087184,085794,082335
0000000926,0000925000,099998,080448,074779,086086,087007,083985
0000000927,0000926000,093799,085181,074054,084325,084787,085040
0000000928,0000927000,088736,083386,077477,086401,085072,085376
0000000929,0000928000,093018,086969,076631,086521,085799,083273
0000000930,0000929000,089809,091626,067725,084922,086200,083838
0000000931,0000930000,083072,098147,072271,084746,085645,086649
0000000932,0000931000,076496,095868,081726,085209,083741,085592
0000000933,0000932000,075734,091108,082616,086827,085108,084366
0000000934,0000933000,078869,095243,081749,085799,085740,084488
0000000935,0000934000,072150,094525,083912,084557,084272,085991
0000000936,0000935000,068724,088944,094566,086416,083807,086628
0000000937,0000936000,073628,082233,098727,087132,083898,083929
0000000938,0000937000,078295,079274,092151,086826,085339,083698
0000000939,0000938000,080749,081534,092624,085916,084918,085445
0000000940,0000939000,079224,075710,096870,086112,083403,085327
0000000941,0000940000,084832,069549,097087,087896,084675,084013
0000000942,0000941000,093685,071481,089508,086926,085730,082684
0000000943,0000942000,093825,075060,081351,085670,085681,084207
0000000944,0000943000,092879,077271,083790,086064,084896,085420
0000000945,0000944000,094117,075387,083194,086561,084763,083646
0000000946,0000945000,097244,078839,075026,086587,086547,083164
0000000947,0000946000,096259,088178,070050,085005,086284,084356
0000000948,0000947000,088301,090666,071907,084818,084907,085652
0000000949,0000948000,085467,090482,077151,086173,085085,085110
0000000950,0000949000,085543,092576,075140,085817,085670,083664
0000000951,0000950000,081523,097091,072427,085060,085894,085081
0000000952,0000951000,075419,098781,079936,084896,084470,086496
0000000953,0000952000,070950,092698,087882,085939,083829,085534
0000000954,0000953000,073458,089561,089439,086845,085077,084361
0000000955,0000954000,075133,090315,088087,085750,084968,084632
0000000956,0000955000,072092,087022,092058,085656,084017,086146
0000000957,0000956000,073348,080413,099935,086807,083694,085493
0000000958,0000957000,079002,074726,098389,087298,084534,083475
0000000959,0000958000,085015,075023,092008,086852,085459,083846
0000000960,0000959000,086830,075606,091148,085945,084585,085005
0000000961,0000960000,087267,071411,092748,086616,084265,084783
0000000962,0000961000,093241,070520,089482,087365,085409,083274
0000000963,0000962000,097850,074791,079927,086303,086026,083038
0000000964,0000963000,096319,079806,075724,085472,085714,084833
0000000965,0000964000,093438,081862,078182,085689,085024,084971
0000000966,0000965000,092864,082850,076018,086297,085578,083698
0000000967,0000966000,093502,088843,070501,085844,086359,083841
0000000968,0000967000,088521,094644,069692,084626,085588,085240
0000000969,0000968000,080891,095347,075571,085106,084825,085962
0000000970,0000969000,078682,094424,080203,086099,084903,084789
0000000971,0000970000,078208,094961,078863,085824,085358,084351
0000000972,0000971000,074906,096488,081144,085168,085031,085807
0000000973,0000972000,070165,093411,089431,085456,083936,086154
0000000974,0000973000,070227,086957,094683,086757,084042,084990
0000000975,0000974000,075217,083761,094126,086885,084772,084201
0000000976,0000975000,077094,082182,093030,085993,084650,084889
0000000977,0000976000,077036,078591,096699,086280,084121,085547
0000000978,0000977000,081051,073230,098768,087216,084100,084318
0000000979,0000978000,088036,070602,093351,087270,085112,083329
0000000980,0000979000,092349,073029,087510,086317,085572,083999
0000000981,0000980000,092186,074399,085942,085948,084936,084675
0000000982,0000981000,093572,073740,084898,086721,085001,084159
0000000983,0000982000,097564,076032,079412,086618,085807,083284
0000000984,0000983000,097512,081946,072684,085539,086238,083887
0000000985,0000984000,093094,087499,072103,085161,085618,085110
0000000986,0000985000,089170,088992,074512,085663,085053,084884
0000000987,0000986000,087857,090680,073645,085942,085665,084212
0000000988,0000987000,085215,095600,072100,085179,085920,084664
0000000989,0000988000,078760,098270,075263,084872,085007,085764
0000000990,0000989000,074080,096073,082398,085673,084336,085861
0000000991,0000990000,073541,092821,086391,086185,084633,084828
0000000992,0000991000,073505,091975,086730,085921,085050,084798
0000000993,0000992000,071915,090689,090206,085706,084395,085693
0000000994,0000993000,071399,084686,096330,086360,083652,085630
0000000995,0000994000,075286,078546,098619,087066,084329,084448
0000000996,0000995000,080501,076752,095529,086803,084965,083918
0000000997,0000996000,083263,075764,093240,086393,084667,084672
0000000998,0000997000,085723,072614,094375,086654,084301,084856
0000000999,0000998000,090170,069888,092457,087023,084886,083745
0000001000,0000999000,095097,072005,085283,086768,085829,083216
0000001001,0001000000,096710,076486,079574,085932,085633,084159
0000001002,0001001000,095186,078412,078744,085809,085156,084741
0000001003,0001002000,094888,080223,077512,086195,085582,084037
0000001004,0001003000,094930,085319,072347,085887,086164,083620
0000001005,0001004000,091881,091162,069316,085208,085838,084736
0000001006,0001005000,086166,093883,072677,085005,085154,085593
0000001007,0001006000,081522,094231,076661,085575,085096,085024
0000001008,0001007000,079716,095754,077079,085829,085435,084542
0000001009,0001008000,076901,097393,078347,085300,085075,085319
0000001010,0001009000,072034,095424,084920,085271,084304,086181
0000001011,0001010000,070142,091062,091464,086214,084251,085302
0000001012,0001011000,072417,087511,092550,086639,084544,084512
0000001013,0001012000,074724,084886,092885,086276,084505,085008
0000001014,0001013000,075261,080912,096475,086138,084131,085448
0000001015,0001014000,077569,075842,099002,086877,084197,084664
0000001016,0001015000,083861,072665,096098,087349,084720,083705
0000001017,0001016000,089223,072225,091077,086620,085108,083972
0000001018,0001017000,090815,072552,089100,086192,085013,084572
0000001019,0001018000,092602,072468,087570,086619,085030,084083
0000001020,0001019000,096432,073929,082078,086774,085541,083413
0000001021,0001020000,098343,078253,075991,085975,085941,083859
0000001022,0001021000,095605,083211,073745,085310,085779,084619
0000001023,0001022000,091982,086586,073889,085646,085464,084653
0000001024,0001023000,090565,089365,072694,085910,085581,084254
0000001025,0001024000,088085,093307,071077,085307,085801,084612
0000001026,0001025000,082127,096994,073425,084874,085425,085475
0000001027,0001026000,076884,097176,078528,085470,084714,085535
0000001028,0001027000,075008,095137,082311,085959,084684,085107
0000001029,0001028000,073886,094007,084713,085739,084910,085106
0000001030,0001029000,071411,092651,088443,085619,084578,085521
0000001031,0001030000,070427,088395,093692,086234,083982,085551
0000001032,0001031000,073253,082356,096985,086819,084045,084865
0000001033,0001032000,077204,078751,096518,086668,084694,084379
0000001034,0001033000,079950,077088,095539,086481,084658,084619
0000001035,0001034000,083045,073832,095659,086796,084266,084660
0000001036,0001035000,087991,070390,094121,087025,084658,084074
0000001037,0001036000,092696,070713,089177,086718,085453,083569
0000001038,0001037000,095062,073900,083528,086280,085600,083855
0000001039,0001038000,095743,076147,080666,086151,085224,084384
0000001040,0001039000,096346,077676,078527,086193,085432,084102
0000001041,0001040000,096237,082090,074178,085864,086138,083750
0000001042,0001041000,093753,088312,070510,085435,085924,084382
0000001043,0001042000,089543,091630,071324,085278,085306,085150
0000001044,0001043000,085287,093125,074131,085382,085328,085047
0000001045,0001044000,081734,095643,075179,085510,085550,084671
0000001046,0001045000,078291,097892,076326,085407,085196,085144
0000001047,0001046000,074231,096857,081486,085343,084468,085936
0000001048,0001047000,071214,093176,088118,085826,084391,085512
0000001049,0001048000,071335,090483,090700,086304,084668,084784
0000001050,0001049000,072680,087991,091898,086264,084411,085060
0000001051,0001050000,073660,083105,095740,086263,083968,085511
0000001052,0001051000,075689,077880,098999,086642,084268,084842
0000001053,0001052000,080346,074819,097364,087107,084674,083948
0000001054,0001053000,086000,073197,093315,086915,084763,084074
0000001055,0001054000,089212,071743,091610,086403,084760,084576
0000001056,0001055000,091352,070998,090163,086562,085044,084133
0000001057,0001056000,095157,072737,084652,086867,085587,083298
0000001058,0001057000,098046,076242,078259,086223,085633,083879
0000001059,0001058000,096928,079694,075893,085585,085622,084538
0000001060,0001059000,094088,083577,074896,085627,085768,084350
0000001061,0001060000,092448,087874,072203,085913,085750,084072
0000001062,0001061000,090518,091828,070182,085485,085659,084607
0000001063,0001062000,085092,095140,072308,084790,085532,085413
0000001064,0001063000,079194,096818,076512,085403,085069,085275
0000001065,0001064000,076999,096528,079038,085886,084886,084970
0000001066,0001065000,075066,095669,081799,085529,084831,085378
0000001067,0001066000,071447,094013,087073,085436,084627,085684
0000001068,0001067000,069677,090789,092062,086139,084260,085340
0000001069,0001068000,072054,085768,094700,086766,084040,084938
0000001070,0001069000,075504,081060,095990,086529,084387,084829
0000001071,0001070000,077343,078216,096983,086327,084588,084824
0000001072,0001071000,080159,075165,097212,086869,084360,084518
0000001073,0001072000,086128,071472,094939,087216,084472,084051
0000001074,0001073000,091039,070314,091159,086653,085141,083948
0000001075,0001074000,093183,072183,087186,086307,085472,083967
0000001076,0001075000,094954,074392,083193,086478,085309,083950
0000001077,0001076000,097206,076027,079300,086390,085368,083990
0000001078,0001077000,097542,079570,075436,085840,085923,083977
0000001079,0001078000,094631,085785,072106,085377,086130,084233
0000001080,0001079000,091283,089927,071327,085599,085397,084749
0000001081,0001080000,088533,091739,072278,085537,085342,084862
0000001082,0001081000,084275,094763,073482,085114,085729,084899
0000001083,0001082000,079238,097998,075307,085318,085332,085097
0000001084,0001083000,075692,097654,079189,085566,084608,085562
0000001085,0001084000,072978,094514,085045,085636,084407,085704
0000001086,0001085000,071339,092248,088965,085914,084811,085015
0000001087,0001086000,071062,090492,090973,086147,084510,085086
0000001088,0001087000,072361,085464,094699,086469,083763,085510
0000001089,0001088000,074835,079324,098378,086523,084251,084970
0000001090,0001089000,078003,076688,097859,086741,084789,084210
0000001091,0001090000,082711,074802,095036,087040,084512,084192
0000001092,0001091000,087544,071607,093386,086749,084450,084542
0000001093,0001092000,090739,069790,091986,086565,085005,084174
0000001094,0001093000,093858,071813,086851,086701,085696,083345
0000001095,0001094000,096935,075392,080226,086409,085488,083848
0000001096,0001095000,097406,077461,077700,085919,085313,084508
0000001097,0001096000,095881,080480,076173,085745,085862,084138
0000001098,0001097000,093864,086633,072028,085764,086094,083883
0000001099,0001098000,091847,091054,069605,085582,085545,084613
0000001100,0001099000,087502,093290,071755,085009,085332,085405
0000001101,0001100000,081169,095764,075632,085184,085461,085097
