0000000001,0000000000,089436,079660,073222,019572,036253,083794
0000000002,0000001000,087302,082377,072637,029325,026975,083320
0000000003,0000002000,084661,084708,072949,040164,019978,079479
0000000004,0000003000,081805,086387,074125,051044,015934,072642
0000000005,0000004000,079012,087248,076059,060886,015259,063474
0000000006,0000005000,076524,087240,078555,068735,018012,052875
0000000007,0000006000,074603,086354,081362,073821,023906,041893
0000000008,0000007000,073458,084646,084214,075644,032382,031596
0000000009,0000008000,073173,082307,086836,074020,042622,022979
0000000010,0000009000,073770,079585,088962,069122,053597,016901
0000000011,0000010000,075218,076715,090384,061428,064231,013961
0000000012,0000011000,077371,073977,090969,051669,073516,014433
0000000013,0000012000,079993,071668,090658,040821,080524,018276
0000000014,0000013000,082844,069993,089481,029955,084553,025112
0000000015,0000014000,085659,069111,087549,020112,085229,034280
0000000016,0000015000,088138,069128,085052,012253,082489,044880
0000000017,0000016000,090045,070028,082244,007174,076585,055861
0000000018,0000017000,091207,071718,079393,005355,068106,066159
0000000019,0000018000,091492,074055,076770,006971,057874,074775
0000000020,0000019000,090880,076794,074644,011870,046898,080852
0000000021,0000020000,089442,079654,073222,019572,036255,083794
0000000022,0000021000,087296,082384,072638,029322,026978,083320
0000000023,0000022000,084659,084709,072949,040172,019970,079478
0000000024,0000023000,081813,086379,074125,051043,015935,072642
0000000025,0000024000,079010,087250,076058,060884,015262,063474
0000000026,0000025000,076517,087246,078555,068738,018008,052874
0000000027,0000026000,074609,086348,081362,073826,023901,041893
0000000028,0000027000,073461,084643,084214,075641,032385,031595
0000000029,0000028000,073166,082315,086837,074021,042621,022979
0000000030,0000029000,073771,079584,088962,069129,053590,016901
0000000031,0000030000,075224,076709,090385,061429,064232,013960
0000000032,0000031000,077367,073982,090969,051668,073518,014433
0000000033,0000032000,079990,071670,090658,040826,080519,018275
0000000034,0000033000,082850,069987,089481,029959,084550,025111
0000000035,0000034000,085658,069111,087549,020110,085232,034279
0000000036,0000035000,088133,069132,085052,012257,082486,044878
0000000037,0000036000,090049,070024,082245,007178,076583,055860
0000000038,0000037000,091209,071716,079393,005356,068107,066157
0000000039,0000038000,091489,074059,076770,006972,057875,074773
0000000040,0000039000,090881,076793,074644,011874,046895,080851
0000000041,0000040000,089445,079651,073222,019572,036256,083793
0000000042,0000041000,087294,082386,072637,029323,026979,083319
0000000043,0000042000,084659,084710,072949,040173,019970,079477
0000000044,0000043000,081815,086377,074125,051044,015934,072642
0000000045,0000044000,079008,087252,076058,060883,015263,063474
0000000046,0000045000,076516,087247,078554,068739,018006,052875
0000000047,0000046000,074611,086346,081361,073825,023901,041894
0000000048,0000047000,073459,084645,084214,075641,032384,031596
0000000049,0000048000,073164,082317,086836,074022,042618,022980
0000000050,0000049000,073774,079582,088962,069129,053588,016903
0000000051,0000050000,075223,076709,090385,061428,064231,013961
0000000052,0000051000,077364,073984,090970,051672,073514,014434
0000000053,0000052000,079993,071668,090658,040829,080516,018275
0000000054,0000053000,082850,069986,089481,029960,084550,025111
0000000055,0000054000,085654,069114,087549,020114,085229,034278
0000000056,0000055000,088135,069130,085052,012262,082482,044877
0000000057,0000056000,090052,070021,082245,007179,076584,055857
0000000058,0000057000,091206,071719,079393,005358,068108,066155
0000000059,0000058000,091489,074059,076770,006976,057873,074770
0000000060,0000059000,090886,076789,074644,011875,046897,080848
0000000061,0000060000,089443,079653,073222,019570,036260,083790
0000000062,0000061000,087292,082389,072637,029325,026979,083317
0000000063,0000062000,084664,084706,072948,040173,019971,079476
0000000064,0000063000,081816,086377,074125,051040,015939,072641
0000000065,0000064000,079004,087256,076057,060881,015264,063474
0000000066,0000065000,076518,087246,078554,068739,018005,052876
0000000067,0000066000,074613,086343,081361,073822,023902,041896
0000000068,0000067000,073455,084649,084214,075638,032384,031599
0000000069,0000068000,073164,082318,086836,074024,042614,022983
0000000070,0000069000,073776,079579,088962,069129,053586,016906
0000000071,0000070000,075221,076712,090385,061428,064229,013964
0000000072,0000071000,077361,073987,090970,051676,073508,014436
0000000073,0000072000,079995,071665,090658,040833,080511,018277
0000000074,0000073000,082850,069986,089482,029962,084548,025111
0000000075,0000074000,085651,069117,087550,020119,085225,034276
0000000076,0000075000,088137,069128,085053,012268,082479,044874
0000000077,0000076000,090053,070019,082246,007183,076584,055854
0000000078,0000077000,091204,071721,079393,005362,068108,066150
0000000079,0000078000,091490,074058,076770,006981,057873,074766
0000000080,0000079000,090888,076786,074644,011876,046901,080843
0000000081,0000080000,089442,079654,073221,019570,036265,083786
0000000082,0000081000,087292,082389,072636,029325,026983,083313
0000000083,0000082000,084666,084704,072947,040171,019976,079474
0000000084,0000083000,081816,086378,074124,051035,015944,072641
0000000085,0000084000,079004,087258,076056,060878,015267,063475
0000000086,0000085000,076521,087244,078553,068734,018007,052879
0000000087,0000086000,074613,086345,081361,073816,023904,041900
0000000088,0000087000,073453,084652,084213,075634,032382,031604
0000000089,0000088000,073165,082317,086836,074021,042610,022989
0000000090,0000089000,073776,079579,088963,069127,053582,016911
0000000091,0000090000,075217,076715,090386,061429,064223,013969
0000000092,0000091000,077361,073986,090971,051679,073500,014440
0000000093,0000092000,079996,071663,090659,040836,080505,018279
0000000094,0000093000,082846,069988,089484,029968,084542,025111
0000000095,0000094000,085650,069116,087551,020128,085219,034275
0000000096,0000095000,088139,069125,085054,012275,082475,044870
0000000097,0000096000,090052,070019,082247,007189,076583,055848
0000000098,0000097000,091203,071721,079394,005369,068108,066143
0000000099,0000098000,091493,074054,076770,006986,057876,074758
0000000100,0000099000,090889,076785,074644,011877,046907,080836
0000000101,0000100000,089441,079656,073221,019571,036271,083779
0000000102,0000101000,087295,082387,072635,029323,026989,083308
0000000103,0000102000,084669,084703,072946,040165,019985,079471
0000000104,0000103000,081814,086381,074122,051028,015952,072640
0000000105,0000104000,079005,087259,076054,060871,015271,063477
0000000106,0000105000,076523,087243,078552,068725,018011,052883
0000000107,0000106000,074611,086348,081359,073807,023907,041907
0000000108,0000107000,073451,084654,084212,075629,032380,031612
0000000109,0000108000,073166,082316,086835,074016,042606,022998
0000000110,0000109000,073774,079581,088963,069123,053577,016920
0000000111,0000110000,075214,076717,090386,061430,064213,013977
0000000112,0000111000,077361,073985,090972,051684,073490,014446
0000000113,0000112000,079994,071662,090661,040842,080496,018283
0000000114,0000113000,082843,069989,089485,029977,084532,025112
0000000115,0000114000,085651,069114,087553,020139,085210,034272
0000000116,0000115000,088140,069122,085056,012285,082471,044865
0000000117,0000116000,090050,070019,082248,007199,076581,055840
0000000118,0000117000,091204,071719,079395,005379,068108,066133
0000000119,0000118000,091496,074051,076771,006992,057881,074747
0000000120,0000119000,090890,076784,074644,011880,046916,080824
0000000121,0000120000,089443,079655,073220,019572,036280,083768
0000000122,0000121000,087299,082385,072634,029320,027001,083300
0000000123,0000122000,084670,084703,072944,040157,019998,079466
0000000124,0000123000,081815,086383,074120,051019,015962,072638
0000000125,0000124000,079007,087259,076052,060860,015280,063480
0000000126,0000125000,076523,087245,078550,068712,018018,052890
0000000127,0000126000,074609,086352,081358,073795,023909,041916
0000000128,0000127000,073451,084656,084211,075619,032377,031624
0000000129,0000128000,073165,082318,086835,074008,042601,023011
0000000130,0000129000,073770,079584,088963,069119,053568,016933
0000000131,0000130000,075212,076719,090387,061431,064200,013988
0000000132,0000131000,077360,073984,090973,051688,073476,014455
0000000133,0000132000,079991,071663,090664,040850,080482,018288
0000000134,0000133000,082841,069989,089488,029990,084518,025113
0000000135,0000134000,085651,069111,087555,020153,085199,034269
0000000136,0000135000,088139,069120,085058,012299,082464,044857
0000000137,0000136000,090050,070018,082250,007214,076578,055828
0000000138,0000137000,091207,071715,079396,005392,068109,066119
0000000139,0000138000,091499,074047,076772,007001,057888,074731
0000000140,0000139000,090891,076784,074643,011885,046926,080809
0000000141,0000140000,089446,079653,073218,019573,036293,083755
0000000142,0000141000,087303,082383,072632,029314,027017,083290
0000000143,0000142000,084671,084704,072942,040147,020014,079459
0000000144,0000143000,081816,086384,074117,051007,015976,072637
0000000145,0000144000,079010,087259,076049,060844,015292,063484
0000000146,0000145000,076523,087248,078547,068694,018027,052898
0000000147,0000146000,074607,086356,081355,073780,023911,041929
0000000148,0000147000,073451,084658,084209,075606,032374,031641
0000000149,0000148000,073162,082321,086835,073998,042594,023029
0000000150,0000149000,073766,079588,088964,069114,053555,016951
0000000151,0000150000,075209,076720,090389,061433,064183,014004
0000000152,0000151000,077357,073985,090976,051694,073459,014467
0000000153,0000152000,079987,071665,090667,040861,080464,018295
0000000154,0000153000,082839,069988,089491,030006,084500,025114
0000000155,0000154000,085651,069108,087559,020171,085185,034264
0000000156,0000155000,088138,069118,085062,012319,082455,044847
0000000157,0000156000,090050,070015,082253,007234,076573,055813
0000000158,0000157000,091210,071710,079398,005408,068111,066100
0000000159,0000158000,091501,074044,076773,007012,057897,074711
0000000160,0000159000,090894,076781,074643,011892,046940,080789
0000000161,0000160000,089451,079650,073217,019573,036311,083737
0000000162,0000161000,087307,082382,072629,029307,027038,083276
0000000163,0000162000,084674,084705,072938,040134,020035,079451
0000000164,0000163000,081820,086385,074113,050989,015995,072635
0000000165,0000164000,079012,087261,076045,060822,015309,063489
0000000166,0000165000,076522,087253,078543,068672,018038,052910
0000000167,0000166000,074606,086360,081352,073759,023915,041946
0000000168,0000167000,073450,084661,084207,075587,032372,031662
0000000169,0000168000,073158,082325,086834,073984,042585,023052
0000000170,0000169000,073761,079592,088964,069108,053538,016974
0000000171,0000170000,075206,076722,090390,061433,064163,014024
0000000172,0000171000,077353,073986,090979,051701,073436,014483
0000000173,0000172000,079982,071665,090670,040877,080439,018304
0000000174,0000173000,082837,069985,089495,030027,084478,025116
0000000175,0000174000,085649,069105,087564,020195,085167,034259
0000000176,0000175000,088137,069115,085066,012344,082443,044834
0000000177,0000176000,090052,070010,082256,007258,076568,055794
0000000178,0000177000,091213,071705,079401,005428,068115,066076
0000000179,0000178000,091504,074041,076774,007027,057908,074685
0000000180,0000179000,090898,076778,074642,011900,046957,080763
0000000181,0000180000,089457,079646,073215,019572,036334,083714
0000000182,0000181000,087311,082381,072626,029298,027065,083258
0000000183,0000182000,084678,084706,072934,040119,020062,079440
0000000184,0000183000,081824,086386,074108,050967,016020,072633
0000000185,0000184000,079014,087264,076040,060795,015329,063495
0000000186,0000185000,076522,087258,078538,068644,018051,052924
0000000187,0000186000,074606,086364,081348,073733,023920,041968
0000000188,0000187000,073447,084666,084204,075564,032368,031688
0000000189,0000188000,073153,082331,086833,073968,042572,023081
0000000190,0000189000,073757,079596,088965,069101,053518,017002
0000000191,0000190000,075201,076724,090393,061434,064137,014049
0000000192,0000191000,077347,073989,090983,051711,073406,014502
0000000193,0000192000,079977,071665,090675,040895,080409,018316
0000000194,0000193000,082834,069983,089501,030052,084450,025119
0000000195,0000194000,085646,069102,087569,020224,085146,034251
0000000196,0000195000,088136,069111,085071,012376,082428,044817
0000000197,0000196000,090054,070003,082260,007288,076562,055770
0000000198,0000197000,091216,071699,079404,005453,068120,066047
0000000199,0000198000,091507,074036,076775,007045,057922,074653
0000000200,0000199000,090904,076772,074641,011909,046979,080732
0000000201,0000200000,089463,079642,073212,019571,036364,083686
0000000202,0000201000,087316,082380,072622,029287,027097,083237
0000000203,0000202000,084683,084706,072928,040099,020094,079427
0000000204,0000203000,081829,086387,074102,050939,016051,072630
0000000205,0000204000,079016,087268,076034,060763,015354,063503
0000000206,0000205000,076522,087263,078532,068611,018067,052942
0000000207,0000206000,074605,086369,081343,073700,023926,041994
0000000208,0000207000,073444,084673,084201,075536,032364,031720
0000000209,0000208000,073148,082338,086831,073948,042557,023116
0000000210,0000209000,073751,079601,088965,069091,053493,017037
0000000211,0000210000,075194,076728,090396,061434,064106,014080
0000000212,0000211000,077339,073992,090987,051723,073371,014526
0000000213,0000212000,079972,071665,090681,040918,080372,018330
0000000214,0000213000,082830,069980,089508,030082,084417,025121
0000000215,0000214000,085643,069099,087576,020260,085119,034242
0000000216,0000215000,088135,069105,085077,012414,082409,044798
0000000217,0000216000,090056,069996,082266,007324,076555,055741
0000000218,0000217000,091219,071692,079407,005483,068125,066011
0000000219,0000218000,091513,074029,076776,007067,057938,074614
0000000220,0000219000,090912,076766,074640,011921,047006,080694
0000000221,0000220000,089470,079638,073209,019569,036399,083653
0000000222,0000221000,087323,082378,072617,029274,027136,083211
0000000223,0000222000,084690,084706,072922,040075,020134,079412
0000000224,0000223000,081834,086389,074095,050905,016087,072627
0000000225,0000224000,079018,087274,076026,060724,015383,063513
0000000226,0000225000,076524,087269,078525,068570,018086,052964
0000000227,0000226000,074604,086376,081338,073661,023934,042026
0000000228,0000227000,073439,084681,084197,075503,032359,031759
0000000229,0000228000,073142,082346,086830,073925,042538,023158
0000000230,0000229000,073744,079607,088966,069079,053464,017078
0000000231,0000230000,075186,076733,090399,061435,064068,014116
0000000232,0000231000,077331,073994,090993,051738,073328,014554
0000000233,0000232000,079965,071664,090688,040945,080329,018347
0000000234,0000233000,082824,069978,089516,030118,084378,025125
0000000235,0000234000,085639,069094,087585,020303,085086,034232
0000000236,0000235000,088135,069098,085085,012459,082388,044774
0000000237,0000236000,090058,069988,082272,007366,076548,055707
0000000238,0000237000,091223,071684,079411,005519,068131,065969
0000000239,0000238000,091519,074021,076778,007093,057958,074568
0000000240,0000239000,090920,076758,074639,011933,047038,080649
0000000241,0000240000,089479,079633,073206,019568,036440,083613
0000000242,0000241000,087332,082375,072611,029258,027182,083181
0000000243,0000242000,084698,084705,072914,040045,020181,079394
0000000244,0000243000,081840,086392,074086,050866,016130,072624
0000000245,0000244000,079022,087279,076017,060678,015418,063524
0000000246,0000245000,076525,087276,078517,068522,018109,052989
0000000247,0000246000,074602,086385,081331,073615,023942,042063
0000000248,0000247000,073434,084691,084193,075464,032352,031804
0000000249,0000248000,073136,082354,086828,073897,042516,023207
0000000250,0000249000,073736,079614,088967,069065,053430,017126
0000000251,0000250000,075176,076739,090403,061437,064024,014159
0000000252,0000251000,077322,073997,090999,051756,073278,014586
0000000253,0000252000,079957,071664,090697,040976,080278,018366
0000000254,0000253000,082817,069975,089526,030160,084332,025128
0000000255,0000254000,085635,069089,087594,020353,085049,034219
0000000256,0000255000,088134,069089,085094,012511,082363,044746
0000000257,0000256000,090060,069978,082280,007415,076539,055666
0000000258,0000257000,091227,071674,079417,005561,068138,065920
0000000259,0000258000,091527,074011,076780,007123,057981,074515
0000000260,0000259000,090930,076750,074638,011948,047076,080597
0000000261,0000260000,089489,079627,073201,019566,036487,083567
0000000262,0000261000,087342,082372,072604,029239,027236,083146
0000000263,0000262000,084708,084705,072905,040011,020235,079374
0000000264,0000263000,081846,086396,074075,050820,016180,072620
0000000265,0000264000,079026,087285,076006,060624,015458,063538
0000000266,0000265000,076526,087284,078507,068465,018135,053019
0000000267,0000266000,074599,086396,081323,073562,023952,042106
0000000268,0000267000,073428,084702,084187,075420,032343,031857
0000000269,0000268000,073128,082364,086825,073865,042491,023265
0000000270,0000269000,073726,079623,088969,069049,053390,017182
0000000271,0000270000,075164,076746,090407,061440,063972,014208
0000000272,0000271000,077311,074000,091006,051776,073220,014624
0000000273,0000272000,079948,071664,090707,041012,080220,018388
0000000274,0000273000,082809,069972,089537,030210,084279,025132
0000000275,0000274000,085630,069082,087606,020410,085006,034205
0000000276,0000275000,088133,069080,085105,012571,082335,044714
0000000277,0000276000,090062,069967,082288,007472,076529,055620
0000000278,0000277000,091233,071662,079422,005610,068147,065863
0000000279,0000278000,091536,073999,076782,007158,058008,074454
0000000280,0000279000,090940,076740,074637,011965,047119,080537
0000000281,0000280000,089501,079620,073197,019564,036542,083515
0000000282,0000281000,087354,082367,072596,029218,027298,083105
0000000283,0000282000,084718,084705,072894,039972,020298,079350
0000000284,0000283000,081854,086400,074063,050767,016237,072616
0000000285,0000284000,079032,087292,075994,060563,015503,063554
0000000286,0000285000,076528,087294,078496,068401,018166,053054
0000000287,0000286000,074596,086408,081313,073501,023963,042156
0000000288,0000287000,073422,084715,084181,075369,032334,031918
0000000289,0000288000,073119,082376,086823,073829,042462,023330
0000000290,0000289000,073714,079634,088970,069031,053343,017246
0000000291,0000290000,075152,076754,090412,061443,063913,014264
0000000292,0000291000,077299,074004,091015,051799,073154,014667
0000000293,0000292000,079936,071664,090718,041054,080154,018413
0000000294,0000293000,082800,069968,089550,030266,084218,025136
0000000295,0000294000,085625,069074,087619,020476,084957,034188
0000000296,0000295000,088131,069069,085117,012639,082304,044678
0000000297,0000296000,090064,069955,082298,007537,076517,055566
0000000298,0000297000,091240,071649,079429,005664,068157,065799
0000000299,0000298000,091546,073986,076786,007196,058040,074384
0000000300,0000299000,090952,076730,074636,011983,047168,080469
0000000301,0000300000,089514,079612,073191,019561,036605,083455
0000000302,0000301000,087368,082363,072587,029193,027368,083060
0000000303,0000302000,084730,084705,072883,039928,020369,079324
0000000304,0000303000,081864,086404,074049,050707,016301,072612
0000000305,0000304000,079038,087300,075980,060493,015555,063572
0000000306,0000305000,076529,087306,078483,068328,018199,053093
0000000307,0000306000,074593,086422,081303,073433,023975,042213
0000000308,0000307000,073416,084729,084173,075311,032323,031987
0000000309,0000308000,073108,082390,086819,073788,042429,023404
0000000310,0000309000,073700,079646,088971,069011,053291,017318
0000000311,0000310000,075137,076763,090418,061446,063846,014328
0000000312,0000311000,077284,074009,091025,051826,073079,014715
0000000313,0000312000,079923,071665,090731,041101,080079,018440
0000000314,0000313000,082790,069964,089564,030330,084149,025141
0000000315,0000314000,085618,069065,087634,020550,084902,034168
0000000316,0000315000,088129,069057,085131,012716,082268,044636
0000000317,0000316000,090067,069941,082310,007610,076504,055506
0000000318,0000317000,091248,071633,079437,005725,068169,065726
0000000319,0000318000,091557,073971,076789,007239,058075,074305
0000000320,0000319000,090966,076717,074635,012004,047224,080392
0000000321,0000320000,089530,079602,073185,019557,036676,083388
0000000322,0000321000,087384,082357,072577,029164,027447,083009
0000000323,0000322000,084744,084705,072869,039877,020448,079295
0000000324,0000323000,081875,086409,074034,050640,016373,072607
0000000325,0000324000,079045,087309,075964,060414,015613,063593
0000000326,0000325000,076531,087319,078468,068246,018237,053137
0000000327,0000326000,074590,086437,081290,073356,023988,042276
0000000328,0000327000,073408,084745,084164,075247,032310,032064
0000000329,0000328000,073096,082406,086815,073742,042391,023487
0000000330,0000329000,073685,079660,088973,068989,053232,017399
0000000331,0000330000,075121,076773,090424,061450,063771,014398
0000000332,0000331000,077268,074015,091035,051856,072996,014768
0000000333,0000332000,079908,071665,090745,041155,079994,018471
0000000334,0000333000,082778,069959,089581,030402,084073,025145
0000000335,0000334000,085611,069055,087651,020633,084841,034146
0000000336,0000335000,088127,069044,085147,012803,082229,044589
0000000337,0000336000,090070,069924,082323,007691,076490,055439
0000000338,0000337000,091256,071615,079447,005793,068183,065644
0000000339,0000338000,091570,073955,076793,007287,058115,074218
0000000340,0000339000,090982,076703,074633,012027,047286,080307
0000000341,0000340000,089548,079591,073179,019552,036755,083314
0000000342,0000341000,087401,082351,072565,029132,027535,082953
0000000343,0000342000,084759,084704,072854,039821,020537,079263
0000000344,0000343000,081888,086414,074016,050564,016454,072602
0000000345,0000344000,079053,087319,075946,060326,015677,063616
0000000346,0000345000,076534,087333,078451,068155,018278,053187
0000000347,0000346000,074587,086454,081276,073270,024002,042348
0000000348,0000347000,073400,084763,084155,075175,032295,032150
0000000349,0000348000,073083,082424,086811,073692,042349,023580
0000000350,0000349000,073669,079675,088974,068965,053166,017489
0000000351,0000350000,075103,076784,090431,061455,063688,014477
0000000352,0000351000,077249,074022,091047,051890,072903,014827
0000000353,0000352000,079891,071666,090761,041214,079901,018505
0000000354,0000353000,082765,069953,089599,030482,083989,025150
0000000355,0000354000,085602,069045,087670,020725,084774,034121
0000000356,0000355000,088124,069029,085164,012899,082185,044537
0000000357,0000356000,090074,069906,082338,007780,076476,055364
0000000358,0000357000,091265,071596,079457,005868,068198,065554
0000000359,0000358000,091583,073936,076798,007340,058159,074121
0000000360,0000359000,091000,076686,074632,012052,047355,080213
0000000361,0000360000,089567,079579,073171,019546,036843,083232
0000000362,0000361000,087420,082344,072553,029096,027633,082891
0000000363,0000362000,084777,084703,072837,039759,020635,079227
0000000364,0000363000,081902,086419,073997,050480,016542,072598
0000000365,0000364000,079062,087330,075926,060230,015748,063643
0000000366,0000365000,076537,087349,078433,068055,018323,053242
0000000367,0000366000,074584,086473,081261,073176,024018,042426
0000000368,0000367000,073390,084784,084143,075097,032279,032245
0000000369,0000368000,073068,082444,086805,073637,042302,023682
0000000370,0000369000,073650,079692,088975,068939,053093,017588
0000000371,0000370000,075082,076797,090439,061461,063596,014562
0000000372,0000371000,077229,074029,091060,051928,072801,014892
0000000373,0000372000,079873,071667,090778,041280,079799,018541
0000000374,0000373000,082750,069948,089620,030569,083896,025155
0000000375,0000374000,085592,069034,087691,020827,084701,034093
0000000376,0000375000,088121,069013,085184,013004,082138,044479
0000000377,0000376000,090077,069886,082354,007879,076460,055281
0000000378,0000377000,091274,071575,079469,005950,068216,065454
0000000379,0000378000,091598,073916,076804,007397,058209,074014
0000000380,0000379000,091019,076668,074631,012079,047431,080110
0000000381,0000380000,089589,079565,073164,019540,036939,083142
0000000382,0000381000,087442,082336,072539,029057,027740,082824
0000000383,0000382000,084797,084702,072819,039689,020742,079189
0000000384,0000383000,081918,086424,073976,050388,016639,072593
0000000385,0000384000,079072,087342,075904,060123,015824,063672
0000000386,0000385000,076540,087366,078412,067945,018372,053303
0000000387,0000386000,074581,086494,081243,073073,024034,042513
0000000388,0000387000,073380,084806,084131,075011,032260,032349
0000000389,0000388000,073053,082466,086799,073577,042251,023793
0000000390,0000389000,073630,079711,088976,068911,053013,017696
0000000391,0000390000,075059,076812,090447,061469,063495,014656
0000000392,0000391000,077206,074038,091074,051970,072689,014962
0000000393,0000392000,079852,071668,090797,041353,079687,018581
0000000394,0000393000,082734,069942,089642,030666,083795,025159
0000000395,0000394000,085581,069022,087714,020938,084621,034062
0000000396,0000395000,088117,068995,085206,013119,082087,044415
0000000397,0000396000,090081,069864,082373,007986,076443,055191
0000000398,0000397000,091284,071551,079482,006039,068236,065345
0000000399,0000398000,091615,073893,076811,007460,058263,073897
0000000400,0000399000,091040,076648,074630,012108,047515,079997
0000000401,0000400000,089612,079550,073156,019532,037045,083044
0000000402,0000401000,084973,085907,076115,019783,031651,086545
0000000403,0000402000,086875,084160,072284,027735,022554,080878
0000000404,0000403000,084860,089793,077393,030929,023444,079383
0000000405,0000404000,083871,086060,074701,050251,016809,064736
0000000406,0000405000,084105,086147,077243,052085,023746,058823
0000000407,0000406000,082273,084691,079451,076538,021326,040021
0000000408,0000407000,082764,080487,079818,078199,030447,030820
0000000409,0000408000,081577,083567,087850,094029,034708,016570
0000000410,0000409000,082086,075319,084423,096890,043767,008754
0000000411,0000410000,080935,077707,091145,097304,051287,002645
0000000412,0000411000,082084,070744,087512,099998,056751,-01046
0000000413,0000412000,080474,071478,090162,085780,066095,004592
0000000414,0000413000,082051,070110,089286,084000,066050,006678
0000000415,0000414000,081179,069819,088067,063856,072532,020943
0000000416,0000415000,081157,072102,087952,056819,067401,028508
0000000417,0000416000,082111,070957,083251,037609,068766,046325
0000000418,0000417000,080297,074629,082602,029293,061028,057088
0000000419,0000418000,082250,074242,077415,017494,055493,070228
0000000420,0000419000,080288,080255,078603,011574,048686,080527
0000000421,0000420000,081444,079873,074017,011051,039389,085087
0000000422,0000421000,080759,084904,075762,009087,035334,090245
0000000423,0000422000,080608,084071,072855,021261,026022,084707
0000000424,0000423000,080864,085661,073914,023498,025817,082426
0000000425,0000424000,080454,086462,075695,042657,020937,069728
0000000426,0000425000,081045,084189,075684,049707,024448,060499
0000000427,0000426000,080755,086292,081275,066861,025553,045238
0000000428,0000427000,081674,080950,080325,076894,031912,033137
0000000429,0000428000,081142,081570,085663,084891,038782,021277
0000000430,0000429000,082645,076455,085196,093548,045257,010629
0000000431,0000430000,081976,075693,088656,090767,055132,006578
0000000432,0000431000,083320,073247,089437,092834,059746,001726
0000000433,0000432000,083353,071793,089862,081110,068980,006993
0000000434,0000433000,083496,071444,090079,075410,070110,010053
0000000435,0000434000,084476,069922,087699,058943,074607,022160
0000000436,0000435000,083505,071893,087387,048015,072400,032611
0000000437,0000436000,084706,071276,083393,032591,070126,046825
0000000438,0000437000,083606,075451,083418,020701,065247,060565
0000000439,0000438000,084074,075568,078870,012348,057419,071649
0000000440,0000439000,083388,079831,078499,003297,051600,083251
0000000441,0000440000,083106,080649,075239,005299,041586,087410
0000000442,0000441000,082722,083058,074411,002802,036608,091999
0000000443,0000442000,082171,085267,074597,013598,028423,087898
0000000444,0000443000,082022,084944,073740,019395,026235,083846
0000000445,0000444000,081357,087063,076726,033859,023091,073007
0000000446,0000445000,081660,084404,076211,046126,024545,061746
0000000447,0000446000,080834,084915,080091,058650,027723,048423
0000000448,0000447000,081608,081533,080892,071980,032346,034326
0000000449,0000448000,081002,080470,084356,078531,040629,023575
0000000450,0000449000,081689,077644,086076,087128,046670,012124
0000000451,0000450000,081789,075447,087979,085531,056790,007905
0000000452,0000451000,081884,073629,089280,085906,062395,003716
0000000453,0000452000,082672,071327,088885,076590,070223,007312
0000000454,0000453000,082300,071430,089605,068720,073443,012253
0000000455,0000454000,083186,069960,087303,055166,075940,022283
0000000456,0000455000,082772,072101,087279,041908,075477,034546
0000000457,0000456000,083240,071769,083766,029593,071679,047398
0000000458,0000457000,082924,074671,082654,015878,067469,062062
0000000459,0000458000,082943,075992,079445,009391,059108,073006
0000000460,0000459000,082682,078514,077514,000713,052619,084366
0000000461,0000460000,082399,081233,076261,001956,042988,089322
0000000462,0000461000,082262,082495,074325,002176,036675,092976
0000000463,0000462000,081708,085177,075037,010234,029470,090184
0000000464,0000463000,081877,084773,074082,019401,025672,084698
0000000465,0000464000,081194,086117,076178,031310,023762,075151
0000000466,0000465000,081621,084681,076780,045471,023992,062587
0000000467,0000466000,081191,084280,079610,056933,028143,049978
0000000468,0000467000,081560,082155,081468,070275,032495,035230
0000000469,0000468000,081682,080226,083902,077038,040971,024225
0000000470,0000469000,081791,078004,086111,084421,047910,013163
0000000471,0000470000,082387,075264,087339,083856,057355,007768
0000000472,0000471000,082342,074037,089153,082375,064448,004661
0000000473,0000472000,083034,071645,088686,074715,071251,006922
0000000474,0000473000,082967,071779,089459,064710,075790,012992
0000000475,0000474000,083437,070583,087496,052985,077443,022179
0000000476,0000475000,083334,071791,086696,038310,077467,035081
0000000477,0000476000,083485,072393,084268,026921,073308,047850
0000000478,0000477000,083317,074176,082173,013479,068706,062557
0000000479,0000478000,083129,076511,080173,006403,060403,074091
0000000480,0000479000,082974,078247,077619,-00423,052875,084952
0000000481,0000480000,082452,081132,076611,-00706,043680,090886
0000000482,0000481000,082410,082327,074695,001722,036044,093708
0000000483,0000482000,081744,084537,074984,008473,029438,091845
0000000484,0000483000,081791,084798,074628,019051,024611,085506
0000000485,0000484000,081318,085588,076073,030387,023168,076448
0000000486,0000485000,081345,084807,077233,044843,023147,063444
0000000487,0000486000,081294,083829,079298,056397,027390,050546
0000000488,0000487000,081281,082266,081509,069099,032371,035937
0000000489,0000488000,081618,079955,083411,076479,040575,024063
0000000490,0000489000,081650,078229,085959,082499,048689,013521
0000000491,0000490000,082172,075453,086999,082980,057754,007146
0000000492,0000491000,082280,074217,088751,079872,065948,004651
0000000493,0000492000,082779,072099,088564,073256,072490,006279
0000000494,0000493000,082892,071672,088788,062211,077611,012753
0000000495,0000494000,083211,071151,087594,050913,079149,021872
0000000496,0000495000,083265,071643,086245,036407,079064,034887
0000000497,0000496000,083281,072824,084550,024617,074959,048106
0000000498,0000497000,083281,074104,082132,012395,069607,062636
0000000499,0000498000,082965,076465,080378,004540,061435,074961
0000000500,0000499000,082924,078128,077916,-00754,052823,085414
0000000501,0000500000,082413,080749,076753,-01626,043748,092133
0000000502,0000501000,082308,082231,075228,001967,035133,094537
0000000503,0000502000,081851,084048,075154,008522,028541,093063
0000000504,0000503000,081683,084704,075125,019580,023298,086495
0000000505,0000504000,081476,085074,076060,031059,021702,077263
0000000506,0000505000,081327,084711,077504,045219,021969,064279
0000000507,0000506000,081416,083502,079122,057195,026027,050730
0000000508,0000507000,081383,082316,081497,068895,031815,036314
0000000509,0000508000,081698,080002,083209,076840,039964,023650
0000000510,0000509000,081807,078313,085595,081557,049050,013306
0000000511,0000510000,082232,075833,086777,082434,058237,006350
0000000512,0000511000,082432,074279,088149,078374,067160,003995
0000000513,0000512000,082815,072651,088430,071700,073948,005450
0000000514,0000513000,083026,071829,088284,060505,079292,011970
0000000515,0000514000,083205,071643,087549,048745,081065,021386
0000000516,0000515000,083357,071811,086044,034849,080634,034335
0000000517,0000516000,083254,073017,084553,022545,076650,048178
0000000518,0000517000,083288,074191,082260,011318,070504,062596
0000000519,0000518000,082966,076339,080536,003214,062243,075603
0000000520,0000519000,082840,078094,078350,-01100,052741,085972
0000000521,0000520000,082446,080389,077014,-01874,043336,093135
0000000522,0000521000,082187,082038,075776,002372,034097,095544
0000000523,0000522000,081874,083518,075382,009298,027072,094065
0000000524,0000523000,081598,084445,075564,020446,021692,087572
0000000525,0000524000,081470,084605,076197,032436,019746,077940
0000000526,0000525000,081304,084476,077703,046075,020390,065009
0000000527,0000526000,081396,083306,079116,058491,024377,050851
0000000528,0000527000,081403,082165,081301,069309,030862,036419
0000000529,0000528000,081678,080116,083043,077370,039283,023175
0000000530,0000529000,081853,078324,085087,081272,049138,012726
0000000531,0000530000,082207,076231,086488,081826,058821,005463
0000000532,0000531000,082491,074492,087587,077353,068285,002974
0000000533,0000532000,082779,073140,088101,070085,075604,004493
0000000534,0000533000,083065,072167,087844,058977,081044,010914
0000000535,0000534000,083173,072024,087289,046683,083151,020732
0000000536,0000535000,083342,072123,085892,033276,082370,033654
0000000537,0000536000,083245,073198,084491,020759,078367,048054
0000000538,0000537000,083219,074356,082459,010238,071565,062580
0000000539,0000538000,082971,076220,080721,002327,062905,076056
0000000540,0000539000,082754,078025,078809,-01308,052701,086636
0000000541,0000540000,082446,080001,077353,-01549,042645,094009
0000000542,0000541000,082128,081744,076342,003089,032917,096630
0000000543,0000542000,081871,083025,075774,010687,025280,095024
0000000544,0000543000,081585,084044,076003,021790,019780,088645
0000000545,0000544000,081476,084185,076505,034301,017518,078632
0000000546,0000545000,081337,084085,077831,047517,018450,065641
0000000547,0000546000,081417,083121,079188,060040,022548,051006
0000000548,0000547000,081475,081959,081079,070265,029611,036358
0000000549,0000548000,081706,080228,082846,077941,038555,022709
0000000550,0000549000,081945,078423,084601,081297,049072,011966
0000000551,0000550000,082235,076590,086065,081144,059481,004538
0000000552,0000551000,082565,074839,087024,076342,069441,001796
0000000553,0000552000,082805,073616,087607,068369,077395,003441
0000000554,0000553000,083090,072642,087402,057249,082975,009774
0000000555,0000554000,083193,072446,086936,044556,085363,019931
0000000556,0000555000,083310,072548,085737,031461,084343,032965
0000000557,0000556000,083245,073416,084398,019015,080134,047778
0000000558,0000557000,083151,074546,082658,009018,072805,062589
0000000559,0000558000,082943,076128,080944,001640,063530,076390
0000000560,0000559000,082679,077908,079288,-01452,052684,087319
0000000561,0000560000,082402,079636,077831,-00895,041836,094826
0000000562,0000561000,082071,081335,076926,004108,031594,097695
0000000563,0000562000,081831,082529,076316,012433,023315,095988
0000000564,0000563000,081565,083493,076456,023611,017609,089663
0000000565,0000564000,081457,083721,076912,036453,015115,079362
0000000566,0000565000,081362,083612,077992,049445,016226,066201
0000000567,0000566000,081422,082868,079282,061759,020587,051216
0000000568,0000567000,081537,081747,080891,071535,028152,036233
0000000569,0000568000,081736,080278,082567,078550,037775,022287
0000000570,0000569000,082014,078572,084105,081372,048934,011178
0000000571,0000570000,082282,076931,085519,080379,060169,003619
0000000572,0000571000,082613,075291,086414,075146,070682,000629
0000000573,0000572000,082849,074137,086995,066497,079268,002352
0000000574,0000573000,083097,073225,086905,055221,085097,008669
0000000575,0000574000,083212,072940,086492,042293,087680,019056
0000000576,0000575000,083279,073050,085525,029380,086521,032302
0000000577,0000576000,083227,073707,084290,017250,081989,047415
0000000578,0000577000,083092,074760,082833,007709,074180,062577
0000000579,0000578000,082895,076104,081237,001082,064192,076640
0000000580,0000579000,082613,077739,079783,-01430,052679,087934
0000000581,0000580000,082345,079280,078431,000011,040999,095575
0000000582,0000581000,082024,080832,077560,005517,030163,098660
0000000583,0000582000,081787,081979,076980,014491,021261,096918
0000000584,0000583000,081557,082848,077000,025902,015254,090583
0000000585,0000584000,081443,083166,077394,038894,012598,080094
0000000586,0000585000,081397,083073,078234,051747,013812,066709
0000000587,0000586000,081449,082513,079386,063654,018522,051468
0000000588,0000587000,081600,081513,080734,072951,026567,036126
0000000589,0000588000,081796,080275,082233,079161,036926,021936
0000000590,0000589000,082083,078753,083587,081329,048772,010485
0000000591,0000590000,082352,077287,084871,079444,060846,002777
0000000592,0000591000,082661,075825,085724,073630,072000,-00405
0000000593,0000592000,082900,074726,086269,064364,081186,001326
0000000594,0000593000,083109,073902,086308,052808,087357,007674
0000000595,0000594000,083222,073545,085967,039794,090080,018203
0000000596,0000595000,083248,073629,085230,027022,088834,031680
0000000597,0000596000,083191,074105,084173,015374,083933,047015
0000000598,0000597000,083030,075006,082968,006361,075644,062506
0000000599,0000598000,082827,076137,081581,000598,064917,076797
0000000600,0000599000,082541,077543,080314,-01178,052689,088400
0000000601,0000600000,082269,078907,079127,001170,040186,096191
0000000602,0000601000,081971,080265,078292,007340,028676,099440
0000000603,0000602000,081734,081339,077755,016902,019183,097724
0000000604,0000603000,081543,082113,077663,028633,012807,091349
0000000605,0000604000,081436,082492,077952,041658,010026,080756
0000000606,0000605000,081427,082450,078569,054347,011308,067163
0000000607,0000606000,081492,082050,079518,065718,016391,051736
0000000608,0000607000,081663,081235,080608,074414,024928,036098
0000000609,0000608000,081873,080218,081860,079718,036017,021703
0000000610,0000609000,082156,078942,083026,081062,048600,009985
0000000611,0000610000,082432,077668,084128,078254,061491,002120
0000000612,0000611000,082717,076424,084927,071712,073345,-01197
0000000613,0000612000,082951,075410,085435,061875,083105,000490
0000000614,0000613000,083126,074675,085583,049983,089668,006874
0000000615,0000614000,083223,074281,085355,036982,092512,017473
0000000616,0000615000,083218,074296,084839,024414,091196,031131
0000000617,0000616000,083141,074614,084021,013360,085928,046614
0000000618,0000617000,082962,075313,083070,005033,077144,062345
0000000619,0000618000,082743,076222,081956,000223,065698,076816
0000000620,0000619000,082463,077352,080900,-00636,052724,088635
0000000621,0000620000,082184,078506,079910,002658,039429,096569
0000000622,0000621000,081911,079639,079141,009614,027206,099932
0000000623,0000622000,081683,080595,078645,019737,017148,098280
0000000624,0000623000,081526,081281,078459,031802,010378,091879
0000000625,0000624000,081440,081687,078609,044776,007474,081255
0000000626,0000625000,081460,081723,079009,057201,008820,067534
0000000627,0000626000,081550,081474,079698,067921,014260,052001
0000000628,0000627000,081736,080888,080514,075839,023298,036186
0000000629,0000628000,081964,080106,081469,080135,035081,021654
0000000630,0000629000,082242,079120,082412,080475,048416,009774
0000000631,0000630000,082521,078082,083298,076691,062082,001781
0000000632,0000631000,082783,077079,084008,069315,074647,-01622
0000000633,0000632000,083002,076199,084483,058923,084960,-00007
0000000634,0000633000,083144,075555,084713,046712,091919,006378
0000000635,0000634000,083214,075155,084634,033801,094884,016976
0000000636,0000635000,083181,075078,084342,021570,093499,030708
0000000637,0000636000,083076,075244,083808,011227,087895,046240
0000000638,0000637000,082883,075707,083140,003780,078614,062073
0000000639,0000638000,082645,076362,082345,000039,066501,076628
0000000640,0000639000,082369,077182,081542,000271,052791,088541
0000000641,0000640000,082092,078076,080776,004579,038753,096568
0000000642,0000641000,081841,078956,080119,012404,025834,099998
0000000643,0000642000,081634,079746,079665,023080,015242,098424
0000000644,0000643000,081507,080337,079402,035434,008090,092050
0000000645,0000644000,081453,080741,079389,048272,005059,081475
0000000646,0000645000,081501,080868,079562,060277,006474,067754
0000000647,0000646000,081622,080775,079949,070214,012233,052239
0000000648,0000647000,081823,080443,080456,077147,021755,036412
0000000649,0000648000,082069,079931,081075,080302,034169,021868
0000000650,0000649000,082343,079269,081741,079468,048218,009964
0000000651,0000650000,082617,078524,082383,074625,062592,001922
0000000652,0000651000,082857,077789,082960,066353,075823,-01520
0000000653,0000652000,083051,077096,083395,055410,086649,000014
0000000654,0000653000,083162,076558,083689,042952,093971,006341
0000000655,0000654000,083196,076173,083780,030227,097059,016843
0000000656,0000655000,083134,076000,083729,018510,095604,030495
0000000657,0000656000,082996,076004,083510,009033,089707,045925
0000000658,0000657000,082787,076209,083170,002678,079963,061669
0000000659,0000658000,082533,076569,082734,000162,067262,076149
0000000660,0000659000,082261,077049,082236,001647,052886,087996
0000000661,0000660000,081992,077627,081727,007062,038193,096014
0000000662,0000661000,081763,078217,081230,015800,024654,099454
0000000663,0000662000,081585,078792,080826,027018,013588,097958
0000000664,0000663000,081491,079268,080503,039565,006103,091684
0000000665,0000664000,081476,079645,080315,052153,002952,081270
0000000666,0000665000,081555,079862,080241,063539,004438,067725
0000000667,0000666000,081710,079941,080293,072514,010463,052413
0000000668,0000667000,081928,079879,080446,078240,020411,036796
0000000669,0000668000,082188,079679,080692,080077,033358,022438
0000000670,0000669000,082459,079375,081022,077911,048017,010693
0000000671,0000670000,082722,078979,081385,071911,062983,002735
0000000672,0000671000,082938,078550,081784,062716,076769,-00679
0000000673,0000672000,083099,078096,082158,051247,088025,000780
0000000674,0000673000,083175,077693,082502,038658,095641,006965
0000000675,0000674000,083168,077343,082773,026260,098836,017241
0000000676,0000675000,083072,077080,082983,015275,097313,030609
0000000677,0000676000,082900,076911,083108,006871,091180,045715
0000000678,0000677000,082672,076838,083145,001842,081055,061115
0000000679,0000678000,082406,076863,083107,000744,067891,075278
0000000680,0000679000,082137,076969,082970,003639,052991,086848
0000000681,0000680000,081883,077173,082758,010257,037789,094693
0000000682,0000681000,081679,077430,082466,019918,023781,098060
0000000683,0000682000,081538,077740,082138,031633,012355,096631
0000000684,0000683000,081482,078066,081769,044234,004628,090548
0000000685,0000684000,081511,078394,081405,056399,001387,080446
0000000686,0000685000,081626,078693,081060,066928,002940,067309
0000000687,0000686000,081814,078957,080750,074702,009165,052465
0000000688,0000687000,082054,079179,080503,078975,019430,037354
0000000689,0000688000,082324,079331,080333,079287,032759,023466
0000000690,0000689000,082591,079424,080272,075636,047840,012133
0000000691,0000690000,082835,079428,080314,068390,063207,004455
0000000692,0000691000,083023,079354,080490,058281,077357,001169
0000000693,0000692000,083144,079189,080771,046356,088892,002568
0000000694,0000693000,083178,078960,081150,033802,096684,008516
0000000695,0000694000,083126,078668,081599,021940,099938,018387
0000000696,0000695000,082991,078330,082089,011949,098353,031207
0000000697,0000696000,082785,077975,082586,004886,092061,045680
0000000698,0000697000,082535,077608,083046,001442,081693,060396
0000000699,0000698000,082262,077262,083445,001981,068254,073905
0000000700,0000699000,081998,076957,083721,006431,053060,084905
0000000701,0000700000,081766,076736,083854,014329,037593,092348
0000000702,0000701000,081594,076609,083812,024882,023357,095517
0000000703,0000702000,081496,076609,083593,036993,011765,094134
0000000704,0000703000,081485,076739,083199,049450,003944,088344
0000000705,0000704000,081562,076990,082665,060947,000684,078758
0000000706,0000705000,081718,077356,082031,070327,002297,066327
0000000707,0000706000,081940,077811,081334,076604,008631,052312
0000000708,0000707000,082201,078332,080647,079153,019047,038095
0000000709,0000708000,082477,078869,080019,077714,032524,025066
0000000710,0000709000,082736,079395,079519,072441,047743,014485
0000000711,0000710000,082955,079846,079195,063892,063211,007354
0000000712,0000711000,083108,080178,079100,052926,077429,004347
0000000713,0000712000,083182,080351,079251,040684,088994,005718
0000000714,0000713000,083168,080341,079643,028400,096776,011318
0000000715,0000714000,083065,080137,080258,017359,099998,020553
0000000716,0000715000,082887,079745,081040,008684,098355,032489
0000000717,0000716000,082648,079200,081932,003285,092009,045918
0000000718,0000717000,082377,078525,082851,001711,081600,059504
0000000719,0000718000,082100,077784,083725,004112,068167,071916
0000000720,0000719000,081847,077032,084459,010242,053023,081957
0000000721,0000720000,081644,076344,084983,019448,037655,088688
0000000722,0000721000,081511,075787,085231,030803,023552,091478
0000000723,0000722000,081463,075428,085162,043125,012101,090102
0000000724,0000723000,081504,075313,084771,055165,004414,084721
0000000725,0000724000,081634,075457,084082,065664,001256,075907
0000000726,0000725000,081835,075868,083153,073541,002927,064560
0000000727,0000726000,082090,076510,082055,077975,009247,051838
0000000728,0000727000,082370,077340,080898,078507,019572,039016
0000000729,0000728000,082647,078284,079777,075099,032864,027349
0000000730,0000729000,082890,079270,078801,068101,047812,017963
0000000731,0000730000,083077,080201,078069,058257,062943,011728
0000000732,0000731000,083187,080983,077666,046566,076799,009212
0000000733,0000732000,083207,081538,077643,034243,088021,010605
0000000734,0000733000,083137,081793,078018,022547,095519,015737
0000000735,0000734000,082981,081713,078778,012701,098557,024052
0000000736,0000735000,082757,081293,079848,005729,096852,034688
0000000737,0000736000,082485,080566,081143,002360,090592,046555
0000000738,0000737000,082198,079581,082543,002948,080426,058451
0000000739,0000738000,081923,078431,083918,007414,067391,069208
0000000740,0000739000,081690,077212,085138,015295,052776,077793
0000000741,0000740000,081523,076033,086086,025757,038023,083422
0000000742,0000741000,081439,075011,086659,037731,024556,085593
0000000743,0000742000,081448,074255,086781,049974,013687,084158
0000000744,0000743000,081548,073852,086427,061225,006464,079307
0000000745,0000744000,081732,073852,085611,070310,003591,071570
0000000746,0000745000,081979,074276,084401,076271,005333,061762
0000000747,0000746000,082265,075089,082905,078483,011482,050900
0000000748,0000747000,082559,076222,081268,076712,021393,040090
0000000749,0000748000,082829,077577,079639,071160,034042,030398
0000000750,0000749000,083048,079033,078171,062407,048165,022754
0000000751,0000750000,083193,080456,077008,051377,062367,017845
0000000752,0000751000,083250,081713,076266,039204,075275,016088
0000000753,0000752000,083210,082678,076034,027151,085642,017584
0000000754,0000753000,083079,083236,076356,016467,092469,022124
0000000755,0000754000,082867,083320,077222,008273,095104,029198
0000000756,0000755000,082598,082904,078557,003441,093313,038046
0000000757,0000756000,082298,082019,080240,002482,087316,047740
0000000758,0000757000,082001,080741,082112,005500,077759,057281
0000000759,0000758000,081738,079191,083989,012163,065640,065723
0000000760,0000759000,081535,077507,085698,021771,052182,072264
0000000761,0000760000,081415,075839,087079,033312,038716,076325
0000000762,0000761000,081388,074346,087995,045593,026548,077583
0000000763,0000762000,081459,073175,088340,057342,016844,075996
0000000764,0000763000,081622,072455,088062,067331,010530,071796
0000000765,0000764000,081861,072275,087162,074508,008199,065468
0000000766,0000765000,082152,072675,085711,078101,010045,057709
0000000767,0000766000,082463,073625,083850,077726,015831,049346
0000000768,0000767000,082761,075034,081758,073419,024921,041251
0000000769,0000768000,083014,076773,079641,065648,036351,034231
0000000770,0000769000,083197,078676,077697,055235,048953,028947
0000000771,0000770000,083291,080574,076109,043273,061476,025852
0000000772,0000771000,083286,082295,075022,031003,072704,025169
0000000773,0000772000,083181,083670,074560,019699,081564,026874
0000000774,0000773000,082987,084548,074790,010551,087223,030707
0000000775,0000774000,082721,084828,075711,004527,089164,036207
0000000776,0000775000,082411,084457,077254,002287,087240,042749
0000000777,0000776000,082092,083457,079274,004073,081712,049616
0000000778,0000777000,081796,081930,081567,009702,073203,056080
0000000779,0000778000,081556,080024,083903,018564,062628,061495
0000000780,0000779000,081396,077919,086065,029719,051080,065359
0000000781,0000780000,081332,075802,087855,041999,039715,067356
0000000782,0000781000,081370,073868,089104,054127,029639,067376
0000000783,0000782000,081509,072302,089681,064839,021806,065519
0000000784,0000783000,081734,071265,089513,073002,016942,062074
0000000785,0000784000,082025,070881,088587,077743,015475,057476
0000000786,0000785000,082350,071216,086969,078534,017488,052274
0000000787,0000786000,082675,072248,084816,075283,022697,047057
0000000788,0000787000,082964,073872,082348,068332,030503,042390
0000000789,0000788000,083187,075928,079813,058431,040048,038743
0000000790,0000789000,083321,078212,077456,046633,050332,036443
0000000791,0000790000,083354,080521,075487,034172,060318,035655
0000000792,0000791000,083281,082651,074084,022344,069028,036368
0000000793,0000792000,083109,084392,073396,012389,075640,038405
0000000794,0000793000,082854,085572,073504,005365,079558,041443
0000000795,0000794000,082541,086060,074418,002036,080458,045073
0000000796,0000795000,082203,085772,076083,002781,078329,048831
0000000797,0000796000,081877,084724,078338,007531,073482,052262
0000000798,0000797000,081598,083028,080946,015784,066494,054976
0000000799,0000798000,081397,080857,083639,026649,058146,056702
0000000800,0000799000,081291,078423,086163,038971,049328,057301
0000000801,0000800000,081292,075948,088291,051463,040940,056769
0000000802,0000801000,081400,073654,089827,062824,033809,055246
0000000803,0000802000,081605,071761,090618,071857,028603,052999
0000000804,0000803000,081888,070448,090579,077595,025775,050377
0000000805,0000804000,082220,069863,089690,079403,025530,047766
0000000806,0000805000,082566,070097,088006,077064,027792,045538
0000000807,0000806000,082888,071136,085692,070814,032221,044008
0000000808,0000807000,083152,072875,082984,061321,038279,043362
0000000809,0000808000,083328,075136,080165,049603,045265,043678
0000000810,0000809000,083402,077675,077517,036917,052416,044885
0000000811,0000810000,083366,080276,075265,024569,059003,046814
0000000812,0000811000,083222,082708,073613,013864,064354,049194
0000000813,0000812000,082986,084722,072732,005923,067976,051679
0000000814,0000813000,082678,086140,072710,001615,069577,053873
0000000815,0000814000,082332,086814,073553,001422,069085,055429
0000000816,0000815000,081983,086642,075227,005391,066660,056071
0000000817,0000816000,081671,085624,077561,013113,062681,055628
0000000818,0000817000,081427,083879,080315,023752,057653,054119
0000000819,0000818000,081280,081581,083203,036185,052166,051677
0000000820,0000819000,081241,078969,085934,049062,046852,048589
0000000821,0000820000,081312,076289,088275,061073,042255,045194
0000000822,0000821000,081491,073767,090005,070939,038861,041911
0000000823,0000822000,081755,071664,090965,077618,036975,039175
0000000824,0000823000,082084,070162,091051,080379,036722,037397
0000000825,0000824000,082438,069421,090259,078889,038027,036911
0000000826,0000825000,082785,069528,088631,073297,040625,037882
0000000827,0000826000,083082,070493,086329,064172,044121,040331
0000000828,0000827000,083300,072216,083583,052516,048038,044030
0000000829,0000828000,083416,074509,080678,039555,051898,048630
0000000830,0000829000,083418,077137,077918,026684,055233,053634
0000000831,0000830000,083312,079849,075534,015225,057683,058512
0000000832,0000831000,083100,082412,073756,006388,058977,062712
0000000833,0000832000,082810,084564,072741,001131,058995,065707
0000000834,0000833000,082466,086114,072595,000019,057808,067070
0000000835,0000834000,082107,086908,073326,003226,055633,066495
0000000836,0000835000,081771,086860,074876,010407,052838,063921
0000000837,0000836000,081494,085966,077102,020825,049845,059487
0000000838,0000837000,081307,084304,079779,033338,047088,053615
0000000839,0000838000,081226,082067,082634,046625,044938,046876
0000000840,0000839000,081261,079479,085362,059274,043685,039967
0000000841,0000840000,081404,076793,087735,069966,043493,033617
0000000842,0000841000,081645,074243,089525,077588,044405,028504
0000000843,0000842000,081957,072088,090570,081289,046343,025243
0000000844,0000843000,082310,070527,090768,080680,049034,024281
0000000845,0000844000,082666,069699,090112,075763,052115,025882
0000000846,0000845000,082985,069691,088670,067073,055119,030006
0000000847,0000846000,083236,070502,086567,055515,057594,036356
0000000848,0000847000,083388,072062,084023,042347,059156,044323
0000000849,0000848000,083431,074193,081286,028964,059547,053124
0000000850,0000849000,083357,076684,078650,016778,058658,061862
0000000851,0000850000,083180,079282,076343,007067,056532,069630
0000000852,0000851000,082912,081759,074588,000841,053354,075615
0000000853,0000852000,082584,083866,073539,-01190,049417,079126
0000000854,0000853000,082228,085401,073298,001182,045191,079706
0000000855,0000854000,081882,086235,073871,007766,041190,077132
0000000856,0000855000,081586,086293,075180,017844,037973,071549
0000000857,0000856000,081369,085580,077111,030357,036013,063407
0000000858,0000857000,081255,084150,079468,043951,035643,053489
0000000859,0000858000,081253,082175,082015,057185,037011,042764
0000000860,0000859000,081364,079852,084484,068663,040044,032325
0000000861,0000860000,081574,077402,086666,077185,044487,023241
0000000862,0000861000,081864,075055,088344,081853,049937,016446
0000000863,0000862000,082202,073059,089359,082136,055863,012702
0000000864,0000863000,082555,071590,089629,077999,061610,012482
0000000865,0000864000,082882,070771,089157,069839,066518,015944
0000000866,0000865000,083149,070673,088001,058539,069946,022847
0000000867,0000866000,083328,071289,086277,045293,071402,032605
0000000868,0000867000,083399,072547,084177,031534,070597,044280
0000000869,0000868000,083360,074312,081890,018719,067516,056715
0000000870,0000869000,083211,076426,079642,008193,062392,068667
0000000871,0000870000,082972,078657,077652,001066,055680,078921
0000000872,0000871000,082665,080796,076115,-01912,048027,086421
0000000873,0000872000,082323,082639,075154,-00392,040175,090352
0000000874,0000873000,081983,084000,074863,005467,032956,090250
0000000875,0000874000,081680,084765,075247,015078,027180,086000
0000000876,0000875000,081450,084896,076219,027400,023562,077937
0000000877,0000876000,081313,084398,077686,041122,022591,066790
0000000878,0000877000,081287,083319,079495,054769,024507,053624
0000000879,0000878000,081370,081796,081466,066894,029220,039735
0000000880,0000879000,081554,079971,083405,076226,036322,026516
0000000881,0000880000,081818,078016,085144,081775,045165,015301
0000000882,0000881000,082136,076135,086504,082961,054899,007224
0000000883,0000882000,082474,074520,087356,079629,064560,003150
0000000884,0000883000,082796,073314,087648,072130,073138,003548
0000000885,0000884000,083066,072613,087376,061242,079711,008458
0000000886,0000885000,083254,072471,086595,048140,083502,017465
0000000887,0000886000,083343,072859,085407,034224,084006,029738
0000000888,0000887000,083322,073722,083950,020983,081057,044085
0000000889,0000888000,083197,074968,082350,009827,074851,059093
0000000890,0000889000,082980,076473,080765,001922,065935,073280
0000000891,0000890000,082696,078078,079350,-01890,055145,085215
0000000892,0000891000,082373,079632,078230,-01211,043535,093692
0000000893,0000892000,082046,080980,077505,003906,032249,097834
0000000894,0000893000,081752,081984,077236,012919,022451,097184
0000000895,0000894000,081520,082576,077413,024876,015185,091748
0000000896,0000895000,081379,082729,077975,038490,011265,082025
0000000897,0000896000,081341,082455,078853,052300,011187,068946
0000000898,0000897000,081410,081804,079937,064831,015063,053775
0000000899,0000898000,081577,080869,081114,074748,022595,038012
0000000900,0000899000,081823,079737,082279,081013,033091,023216
0000000901,0000900000,082122,078519,083329,082958,045564,010860
0000000902,0000901000,075438,068720,081850,075383,050243,003994
0000000903,0000902000,078635,061588,088882,066469,050243,001154
0000000904,0000903000,080214,062821,082606,050543,050243,-00407
0000000905,0000904000,086479,077278,084870,040502,050243,009823
0000000906,0000905000,094734,076166,087256,040502,050243,020635
0000000907,0000906000,094648,065399,081431,040502,050243,036382
0000000908,0000907000,095810,081243,087348,040502,050243,048875
0000000909,0000908000,077965,084037,062674,040502,050243,048875
0000000910,0000909000,090259,094888,065325,040502,050243,048875
0000000911,0000910000,088409,084643,075569,040502,050243,048875
0000000912,0000911000,070089,077468,077670,040502,050243,048875
0000000913,0000912000,075375,099998,084242,040502,050243,048875
0000000914,0000913000,070160,090551,070323,040502,050243,048875
0000000915,0000914000,076966,081321,085227,040502,050243,048875
0000000916,0000915000,074001,078846,099998,040502,050243,048875
0000000917,0000916000,061667,077323,087849,040502,050243,048875
0000000918,0000917000,078452,086444,089818,040502,050243,048875
0000000919,0000918000,081112,066587,088983,040502,050243,048875
0000000920,0000919000,080967,059706,097714,040502,050243,048875
0000000921,0000920000,083990,073056,097076,040502,050243,048875
0000000922,0000921000,082807,070667,076492,040502,050243,048875
0000000923,0000922000,098417,069418,082297,040502,050243,048875
0000000924,0000923000,094836,061130,085382,040502,050243,048875
0000000925,0000924000,087478,069510,078348,040502,050243,048875
0000000926,0000925000,094618,087136,071487,040502,050243,048875
0000000927,0000926000,092355,078063,063095,040502,050243,048875
0000000928,0000927000,092710,077422,076062,040502,050243,048875
0000000929,0000928000,082622,085175,077011,040502,050243,048875
0000000930,0000929000,075860,092587,065798,040502,050243,048875
0000000931,0000930000,084024,095311,071803,040502,050243,048875
0000000932,0000931000,076038,081561,079236,040502,050243,048875
0000000933,0000932000,069429,085270,088326,040502,050243,048875
0000000934,0000933000,068670,093171,085101,040502,050243,048875
0000000935,0000934000,070613,083660,080405,040502,050243,048875
0000000936,0000935000,078125,075068,095415,040502,050243,048875
0000000937,0000936000,071473,069679,098493,040502,050243,048875
0000000938,0000937000,072589,076038,092065,040502,050243,048875
0000000939,0000938000,084367,075278,088160,040502,050243,048875
0000000940,0000939000,087353,060208,088489,040502,050243,048875
0000000941,0000940000,089131,062261,094814,040502,050243,048875
0000000942,0000941000,087195,070753,083884,040502,050243,048875
0000000943,0000942000,092886,073971,072377,040502,050243,048875
0000000944,0000943000,099998,070918,076705,040502,050243,048875
0000000945,0000944000,092136,068242,077421,040502,050243,048875
0000000946,0000945000,088360,082791,073060,040502,050243,048875
0000000947,0000946000,089041,089579,064769,040502,050243,048875
0000000948,0000947000,088219,083533,066857,040502,050243,048875
0000000949,0000948000,083517,084702,078521,040502,050243,048875
0000000950,0000949000,072740,090398,076384,040502,050243,048875
0000000951,0000950000,073488,095733,073447,040502,050243,048875
0000000952,0000951000,076250,088478,079654,040502,050243,048875
0000000953,0000952000,070572,078870,089228,040502,050243,048875
0000000954,0000953000,068122,083679,093744,040502,050243,048875
0000000955,0000954000,069517,083920,087541,040502,050243,048875
0000000956,0000955000,077028,074840,089703,040502,050243,048875
0000000957,0000956000,080296,066440,098103,040502,050243,048875
0000000958,0000957000,077394,066176,095645,040502,050243,048875
0000000959,0000958000,083670,072408,088258,040502,050243,048875
0000000960,0000959000,091289,067726,083062,040502,050243,048875
0000000961,0000960000,093827,061645,085431,040502,050243,048875
0000000962,0000961000,092596,067584,084643,040502,050243,048875
0000000963,0000962000,091173,075760,073084,040502,050243,048875
0000000964,0000963000,095835,078880,068578,040502,050243,048875
0000000965,0000964000,094799,076044,071990,040502,050243,048875
0000000966,0000965000,087053,080096,073456,040502,050243,048875
0000000967,0000966000,083185,091219,070069,040502,050243,048875
0000000968,0000967000,081804,092146,066911,040502,050243,048875
0000000969,0000968000,080337,087343,074820,040502,050243,048875
0000000970,0000969000,073636,086759,082894,040502,050243,048875
0000000971,0000970000,067967,090604,082033,040502,050243,048875
0000000972,0000971000,071024,090407,082514,040502,050243,048875
0000000973,0000972000,072969,080007,088625,040502,050243,048875
0000000974,0000973000,071626,074018,096315,040502,050243,048875
0000000975,0000974000,071531,076444,095520,040502,050243,048875
0000000976,0000975000,076497,074639,089683,040502,050243,048875
0000000977,0000976000,084814,067108,091453,040502,050243,048875
0000000978,0000977000,086336,061775,094057,040502,050243,048875
0000000979,0000978000,086202,066275,089167,040502,050243,048875
0000000980,0000979000,091582,071693,080217,040502,050243,048875
0000000981,0000980000,096381,068518,076276,040502,050243,048875
0000000982,0000981000,096181,067942,078726,040502,050243,048875
0000000983,0000982000,091548,075906,075108,040502,050243,048875
0000000984,0000983000,089982,084569,066957,040502,050243,048875
0000000985,0000984000,091616,084934,066794,040502,050243,048875
0000000986,0000985000,086634,082698,072245,040502,050243,048875
0000000987,0000986000,078388,088841,075187,040502,050243,048875
0000000988,0000987000,075308,094804,072690,040502,050243,048875
0000000989,0000988000,075693,091144,074667,040502,050243,048875
0000000990,0000989000,073246,084784,085099,040502,050243,048875
0000000991,0000990000,067853,084241,089823,040502,050243,048875
0000000992,0000991000,068066,085992,088090,040502,050243,048875
0000000993,0000992000,073549,079798,089534,040502,050243,048875
0000000994,0000993000,076237,069804,095567,040502,050243,048875
0000000995,0000994000,076383,068702,097781,040502,050243,048875
0000000996,0000995000,079641,070983,091582,040502,050243,048875
0000000997,0000996000,087466,067903,086633,040502,050243,048875
0000000998,0000997000,092054,062895,087919,040502,050243,048875
0000000999,0000998000,091211,064317,086235,040502,050243,048875
0000001000,0000999000,092480,072041,078082,040502,050243,048875
0000001001,0001000000,095798,074988,071641,040502,050243,048875
0000001002,0001001000,095932,073979,072015,040502,050243,048875
0000001003,0001002000,091259,078439,073116,040502,050243,048875
0000001004,0001003000,086273,086553,069106,040502,050243,048875
0000001005,0001004000,085030,090379,066987,040502,050243,048875
0000001006,0001005000,082472,088382,071690,040502,050243,048875
0000001007,0001006000,076129,088010,077789,040502,050243,048875
0000001008,0001007000,071295,091683,079733,040502,050243,048875
0000001009,0001008000,070536,091119,080453,040502,050243,048875
0000001010,0001009000,071484,084481,086285,040502,050243,048875
0000001011,0001010000,070568,078867,093155,040502,050243,048875
0000001012,0001011000,069927,077814,094234,040502,050243,048875
0000001013,0001012000,074027,076272,092287,040502,050243,048875
0000001014,0001013000,079889,069614,092753,040502,050243,048875
0000001015,0001014000,083373,064185,094607,040502,050243,048875
0000001016,0001015000,085252,065493,091840,040502,050243,048875
0000001017,0001016000,089123,068296,084629,040502,050243,048875
0000001018,0001017000,094583,067626,080257,040502,050243,048875
0000001019,0001018000,096040,066843,079478,040502,050243,048875
0000001020,0001019000,093714,072032,076383,040502,050243,048875
0000001021,0001020000,092433,080017,070112,040502,050243,048875
0000001022,0001021000,092489,082471,067160,040502,050243,048875
0000001023,0001022000,089736,082546,070087,040502,050243,048875
0000001024,0001023000,082884,087073,072462,040502,050243,048875
0000001025,0001024000,077666,092941,071524,040502,050243,048875
0000001026,0001025000,076889,092582,073044,040502,050243,048875
0000001027,0001026000,074395,087684,080121,040502,050243,048875
0000001028,0001027000,069270,086155,086877,040502,050243,048875
0000001029,0001028000,067691,087362,087387,040502,050243,048875
0000001030,0001029000,070878,083014,088270,040502,050243,048875
0000001031,0001030000,074348,073806,094272,040502,050243,048875
0000001032,0001031000,074208,070824,097269,040502,050243,048875
0000001033,0001032000,076604,071808,093825,040502,050243,048875
0000001034,0001033000,084329,068520,089623,040502,050243,048875
0000001035,0001034000,089466,063030,089677,040502,050243,048875
0000001036,0001035000,090122,063549,088708,040502,050243,048875
0000001037,0001036000,091810,069350,081172,040502,050243,048875
0000001038,0001037000,095710,072137,074394,040502,050243,048875
0000001039,0001038000,096858,071800,073787,040502,050243,048875
0000001040,0001039000,093030,075921,073268,040502,050243,048875
0000001041,0001040000,088985,084429,068928,040502,050243,048875
0000001042,0001041000,087896,087791,066664,040502,050243,048875
0000001043,0001042000,084872,087151,070224,040502,050243,048875
0000001044,0001043000,078013,089104,075277,040502,050243,048875
0000001045,0001044000,073484,092419,076375,040502,050243,048875
0000001046,0001045000,072445,091737,078118,040502,050243,048875
0000001047,0001046000,071131,086332,084923,040502,050243,048875
0000001048,0001047000,069073,082566,090593,040502,050243,048875
0000001049,0001048000,069114,081187,092081,040502,050243,048875
0000001050,0001049000,072683,077196,092414,040502,050243,048875
0000001051,0001050000,076898,070911,094481,040502,050243,048875
0000001052,0001051000,079864,066901,095620,040502,050243,048875
0000001053,0001052000,083353,066487,092416,040502,050243,048875
0000001054,0001053000,088205,066689,087459,040502,050243,048875
0000001055,0001054000,092578,065535,084206,040502,050243,048875
0000001056,0001055000,094600,066188,081484,040502,050243,048875
0000001057,0001056000,094673,070690,077016,040502,050243,048875
0000001058,0001057000,094441,076041,071794,040502,050243,048875
0000001059,0001058000,093733,079443,069158,040502,050243,048875
0000001060,0001059000,090901,081843,069590,040502,050243,048875
0000001061,0001060000,085935,086260,070075,040502,050243,048875
0000001062,0001061000,081033,091144,070178,040502,050243,048875
0000001063,0001062000,078221,091856,072228,040502,050243,048875
0000001064,0001063000,075203,089644,077468,040502,050243,048875
0000001065,0001064000,070638,088594,083121,040502,050243,048875
0000001066,0001065000,068245,088347,085676,040502,050243,048875
0000001067,0001066000,069731,084601,088009,040502,050243,048875
0000001068,0001067000,072044,077340,092921,040502,050243,048875
0000001069,0001068000,072850,073215,096256,040502,050243,048875
0000001070,0001069000,075108,072446,094798,040502,050243,048875
0000001071,0001070000,081357,068949,091973,040502,050243,048875
0000001072,0001071000,087380,063779,091173,040502,050243,048875
0000001073,0001072000,088876,063582,089848,040502,050243,048875
0000001074,0001073000,090837,067656,083826,040502,050243,048875
0000001075,0001074000,095502,070212,076620,040502,050243,048875
0000001076,0001075000,097064,069928,075312,040502,050243,048875
0000001077,0001076000,094197,073859,074246,040502,050243,048875
0000001078,0001077000,090234,083347,068793,040502,050243,048875
0000001079,0001078000,090189,085331,066746,040502,050243,048875
0000001080,0001079000,087595,084995,069778,040502,050243,048875
0000001081,0001080000,078701,089597,073927,040502,050243,048875
0000001082,0001081000,075542,093344,073480,040502,050243,048875
0000001083,0001082000,075226,091704,075414,040502,050243,048875
0000001084,0001083000,071058,086623,084672,040502,050243,048875
0000001085,0001084000,067725,085848,088701,040502,050243,048875
0000001086,0001085000,068755,084856,088658,040502,050243,048875
0000001087,0001086000,072827,077395,092069,040502,050243,048875
0000001088,0001087000,074616,071130,096653,040502,050243,048875
0000001089,0001088000,075894,070120,096334,040502,050243,048875
0000001090,0001089000,082081,068607,091613,040502,050243,048875
0000001091,0001090000,088794,064624,088858,040502,050243,048875
0000001092,0001091000,090624,063294,088348,040502,050243,048875
0000001093,0001092000,091762,066968,083641,040502,050243,048875
0000001094,0001093000,095447,071156,075743,040502,050243,048875
0000001095,0001094000,096906,072235,073193,040502,050243,048875
0000001096,0001095000,094288,075356,072627,040502,050243,048875
0000001097,0001096000,090011,083083,069215,040502,050243,048875
0000001098,0001097000,088368,086651,067289,040502,050243,048875
0000001099,0001098000,085284,087769,069315,040502,050243,048875
0000001100,0001099000,078146,090325,073826,040502,050243,048875
0000001101,0001100000,074780,092030,075517,040502,050243,048875
