0000000001,0000000000,061935,038346,080768,089825,089503,074026
0000000002,0000001000,036467,062676,080881,086809,092220,074325
0000000003,0000002000,007915,081268,081878,083511,094214,075629
0000000004,0000003000,-20555,091902,083661,080255,095285,077814
0000000005,0000004000,-46311,093657,086062,077353,095334,080668
0000000006,0000005000,-67073,086636,088839,075088,094359,083907
0000000007,0000006000,-80540,071347,091716,073693,092447,087214
0000000008,0000007000,-85364,049108,094421,073300,089785,090269
0000000009,0000008000,-81207,022252,096691,073939,086642,092773
0000000010,0000009000,-68539,-06421,098292,075557,083321,094476
0000000011,0000010000,-48374,-34384,099072,077993,080146,095215
0000000012,0000011000,-22743,-58882,098959,081007,077430,094917
0000000013,0000012000,005536,-77212,097963,084304,075437,093612
0000000014,0000013000,034028,-87867,096180,087564,074362,091427
0000000015,0000014000,060037,-89872,093779,090467,074313,088574
0000000016,0000015000,080670,-82725,091002,092726,075293,085334
0000000017,0000016000,094036,-67321,088125,094123,077203,082028
0000000018,0000017000,098970,-45199,085419,094519,079862,078972
0000000019,0000018000,094814,-18353,083151,093876,083009,076469
0000000020,0000019000,082021,010446,081549,092261,086327,074765
0000000021,0000020000,061977,038299,080769,089827,089500,074027
0000000022,0000021000,036459,062684,080881,086808,092221,074325
0000000023,0000022000,007946,081242,081878,083510,094214,075629
0000000024,0000023000,-20536,091893,083661,080254,095286,077814
0000000025,0000024000,-46351,093693,086062,077351,095336,080668
0000000026,0000025000,-67109,086672,088840,075089,094358,083907
0000000027,0000026000,-80520,071323,091715,073694,092446,087214
0000000028,0000027000,-85309,049058,094421,073298,089787,090269
0000000029,0000028000,-81232,022280,096691,073938,086643,092773
0000000030,0000029000,-68561,-06397,098292,075556,083322,094476
0000000031,0000030000,-48366,-34395,099072,077992,080147,095215
0000000032,0000031000,-22778,-58855,098960,081007,077430,094917
0000000033,0000032000,005558,-77230,097963,084305,075437,093612
0000000034,0000033000,034074,-87913,096180,087563,074363,091427
0000000035,0000034000,060013,-89845,093779,090465,074314,088574
0000000036,0000035000,080631,-82689,091002,092726,075293,085335
0000000037,0000036000,094048,-67335,088125,094123,077203,082028
0000000038,0000037000,098995,-45226,085419,094519,079862,078973
0000000039,0000038000,094809,-18346,083150,093876,083009,076469
0000000040,0000039000,082036,010439,081549,092260,086328,074766
0000000041,0000040000,061987,038289,080769,089826,089501,074027
0000000042,0000041000,036418,062727,080882,086808,092221,074325
0000000043,0000042000,007951,081237,081877,083511,094214,075629
0000000044,0000043000,-20487,091850,083660,080254,095286,077814
0000000045,0000044000,-46361,093708,086062,077350,095336,080668
0000000046,0000045000,-67128,086698,088839,075089,094358,083907
0000000047,0000046000,-80512,071319,091715,073695,092446,087214
0000000048,0000047000,-85318,049065,094421,073298,089787,090269
0000000049,0000048000,-81244,022294,096691,073938,086643,092772
0000000050,0000049000,-68537,-06420,098292,075556,083322,094476
0000000051,0000050000,-48358,-34402,099073,077991,080148,095215
0000000052,0000051000,-22822,-58816,098960,081006,077431,094917
0000000053,0000052000,005550,-77226,097964,084305,075437,093612
0000000054,0000053000,034099,-87944,096181,087563,074364,091428
0000000055,0000054000,060002,-89839,093780,090464,074315,088574
0000000056,0000055000,080629,-82688,091002,092725,075293,085335
0000000057,0000056000,094064,-67355,088126,094122,077203,082029
0000000058,0000057000,098979,-45214,085420,094518,079863,078974
0000000059,0000058000,094797,-18337,083151,093876,083008,076470
0000000060,0000059000,082070,010407,081549,092260,086327,074766
0000000061,0000060000,062005,038273,080768,089825,089501,074028
0000000062,0000061000,036401,062750,080881,086808,092220,074325
0000000063,0000062000,007958,081238,081877,083512,094213,075630
0000000064,0000063000,-20470,091838,083660,080254,095285,077814
0000000065,0000064000,-46373,093727,086061,077351,095336,080668
0000000066,0000065000,-67120,086699,088839,075090,094357,083907
0000000067,0000066000,-80490,071305,091715,073695,092446,087213
0000000068,0000067000,-85342,049092,094421,073298,089788,090268
0000000069,0000068000,-81267,022320,096691,073939,086643,092771
0000000070,0000069000,-68524,-06433,098292,075556,083323,094475
0000000071,0000070000,-48361,-34402,099073,077990,080150,095214
0000000072,0000071000,-22845,-58797,098961,081006,077432,094916
0000000073,0000072000,005552,-77234,097965,084304,075438,093612
0000000074,0000073000,034096,-87951,096182,087561,074365,091428
0000000075,0000074000,059976,-89824,093781,090463,074316,088575
0000000076,0000075000,080636,-82703,091003,092724,075294,085336
0000000077,0000076000,094088,-67387,088126,094120,077204,082030
0000000078,0000077000,098969,-45210,085421,094516,079863,078975
0000000079,0000078000,094794,-18335,083151,093875,083008,076471
0000000080,0000079000,082096,010382,081549,092260,086326,074768
0000000081,0000080000,062013,038269,080768,089825,089500,074029
0000000082,0000081000,036403,062756,080880,086809,092219,074326
0000000083,0000082000,007987,081222,081876,083512,094211,075630
0000000084,0000083000,-20460,091840,083659,080255,095284,077815
0000000085,0000084000,-46389,093756,086060,077352,095335,080667
0000000086,0000085000,-67111,086703,088837,075092,094356,083906
0000000087,0000086000,-80477,071302,091714,073696,092446,087212
0000000088,0000087000,-85361,049119,094420,073299,089789,090266
0000000089,0000088000,-81280,022338,096690,073940,086644,092770
0000000090,0000089000,-68524,-06434,098292,075556,083324,094473
0000000091,0000090000,-48388,-34383,099074,077990,080152,095212
0000000092,0000091000,-22868,-58783,098962,081005,077434,094915
0000000093,0000092000,005556,-77252,097966,084302,075440,093612
0000000094,0000093000,034084,-87956,096183,087559,074367,091428
0000000095,0000094000,059951,-89816,093783,090461,074318,088575
0000000096,0000095000,080641,-82724,091005,092722,075295,085337
0000000097,0000096000,094099,-67413,088128,094118,077204,082031
0000000098,0000097000,098964,-45215,085422,094514,079863,078977
0000000099,0000098000,094811,-18356,083151,093874,083007,076474
0000000100,0000099000,082125,010354,081548,092259,086325,074770
0000000101,0000100000,062018,038270,080767,089824,089498,074031
0000000102,0000101000,036416,062756,080879,086810,092216,074328
0000000103,0000102000,008021,081205,081874,083514,094209,075631
0000000104,0000103000,-20449,091847,083657,080257,095282,077815
0000000105,0000104000,-46391,093780,086058,077354,095333,080667
0000000106,0000105000,-67098,086710,088835,075094,094355,083905
0000000107,0000106000,-80479,071319,091712,073698,092446,087210
0000000108,0000107000,-85385,049154,094419,073301,089789,090264
0000000109,0000108000,-81288,022353,096690,073942,086645,092767
0000000110,0000109000,-68534,-06426,098292,075557,083326,094471
0000000111,0000110000,-48425,-34355,099075,077990,080154,095210
0000000112,0000111000,-22895,-58771,098963,081004,077437,094913
0000000113,0000112000,005548,-77264,097968,084301,075443,093610
0000000114,0000113000,034061,-87958,096186,087556,074370,091427
0000000115,0000114000,059934,-89823,093785,090458,074320,088576
0000000116,0000115000,080650,-82756,091007,092719,075296,085339
0000000117,0000116000,094102,-67437,088130,094115,077205,082034
0000000118,0000117000,098964,-45229,085423,094512,079863,078980
0000000119,0000118000,094840,-18390,083152,093872,083005,076477
0000000120,0000119000,082157,010323,081548,092258,086323,074773
0000000121,0000120000,062034,038264,080766,089824,089496,074034
0000000122,0000121000,036445,062746,080877,086811,092213,074330
0000000123,0000122000,008056,081194,081871,083516,094205,075633
0000000124,0000123000,-20437,091864,083654,080259,095279,077815
0000000125,0000124000,-46381,093801,086055,077358,095330,080666
0000000126,0000125000,-67082,086723,088832,075098,094353,083903
0000000127,0000126000,-80489,071352,091710,073701,092445,087207
0000000128,0000127000,-85410,049197,094417,073304,089789,090261
0000000129,0000128000,-81303,022376,096689,073944,086646,092763
0000000130,0000129000,-68561,-06403,098293,075558,083329,094467
0000000131,0000130000,-48468,-34325,099076,077989,080158,095207
0000000132,0000131000,-22923,-58764,098965,081003,077440,094911
0000000133,0000132000,005525,-77271,097971,084298,075447,093609
0000000134,0000133000,034027,-87959,096189,087553,074374,091427
0000000135,0000134000,059917,-89841,093789,090454,074323,088577
0000000136,0000135000,080657,-82796,091010,092715,075298,085341
0000000137,0000136000,094104,-67467,088133,094111,077206,082037
0000000138,0000137000,098975,-45259,085425,094508,079862,078984
0000000139,0000138000,094876,-18435,083152,093869,083003,076481
0000000140,0000139000,082192,010291,081548,092256,086320,074778
0000000141,0000140000,062064,038250,080765,089824,089492,074038
0000000142,0000141000,036491,062727,080874,086812,092208,074333
0000000143,0000142000,008095,081188,081868,083518,094201,075634
0000000144,0000143000,-20419,091886,083650,080263,095275,077816
0000000145,0000144000,-46363,093824,086050,077363,095327,080665
0000000146,0000145000,-67068,086747,088829,075103,094351,083900
0000000147,0000146000,-80503,071398,091707,073706,092445,087203
0000000148,0000147000,-85435,049244,094415,073308,089790,090256
0000000149,0000148000,-81326,022409,096688,073947,086649,092758
0000000150,0000149000,-68604,-06365,098293,075559,083333,094462
0000000151,0000150000,-48520,-34290,099078,077989,080163,095202
0000000152,0000151000,-22960,-58756,098968,081001,077446,094907
0000000153,0000152000,005487,-77274,097975,084294,075453,093607
0000000154,0000153000,033986,-87964,096194,087548,074379,091427
0000000155,0000154000,059900,-89871,093793,090449,074327,088578
0000000156,0000155000,080657,-82841,091015,092709,075301,085344
0000000157,0000156000,094106,-67507,088137,094105,077207,082042
0000000158,0000157000,098999,-45307,085427,094504,079861,078989
0000000159,0000158000,094921,-18491,083153,093866,083001,076487
0000000160,0000159000,082234,010253,081548,092254,086316,074784
0000000161,0000160000,062110,038225,080763,089825,089486,074043
0000000162,0000161000,036550,062703,080871,086814,092202,074337
0000000163,0000162000,008142,081186,081864,083522,094195,075637
0000000164,0000163000,-20390,091909,083645,080268,095270,077816
0000000165,0000164000,-46335,093852,086045,077369,095322,080663
0000000166,0000165000,-67058,086787,088824,075109,094348,083897
0000000167,0000166000,-80522,071458,091703,073712,092444,087198
0000000168,0000167000,-85461,049300,094412,073313,089791,090250
0000000169,0000168000,-81361,022456,096687,073951,086652,092752
0000000170,0000169000,-68662,-06314,098294,075561,083338,094456
0000000171,0000170000,-48582,-34251,099080,077989,080169,095196
0000000172,0000171000,-23011,-58744,098972,080999,077452,094903
0000000173,0000172000,005433,-77273,097980,084290,075460,093604
0000000174,0000173000,033939,-87976,096200,087542,074385,091426
0000000175,0000174000,059880,-89911,093799,090442,074332,088580
0000000176,0000175000,080652,-82893,091020,092702,075304,085348
0000000177,0000176000,094112,-67559,088141,094098,077209,082047
0000000178,0000177000,099032,-45372,085431,094498,079860,078996
0000000179,0000178000,094973,-18557,083155,093862,082997,076495
0000000180,0000179000,082287,010206,081547,092252,086311,074791
0000000181,0000180000,062174,038188,080760,089825,089479,074050
0000000182,0000181000,036621,062676,080866,086817,092194,074342
0000000183,0000182000,008197,081189,081858,083527,094187,075640
0000000184,0000183000,-20348,091934,083638,080275,095262,077817
0000000185,0000184000,-46300,093885,086038,077376,095316,080661
0000000186,0000185000,-67050,086841,088817,075117,094345,083893
0000000187,0000186000,-80542,071531,091697,073720,092442,087192
0000000188,0000187000,-85492,049368,094408,073320,089792,090242
0000000189,0000188000,-81410,022520,096685,073955,086655,092743
0000000190,0000189000,-68734,-06249,098295,075563,083344,094447
0000000191,0000190000,-48654,-34207,099083,077989,080176,095189
0000000192,0000191000,-23078,-58726,098977,080996,077461,094897
0000000193,0000192000,005364,-77269,097987,084284,075468,093601
0000000194,0000193000,033886,-87995,096207,087535,074393,091426
0000000195,0000194000,059854,-89961,093807,090433,074338,088582
0000000196,0000195000,080642,-82955,091028,092693,075309,085352
0000000197,0000196000,094123,-67629,088147,094090,077210,082054
0000000198,0000197000,099075,-45455,085435,094491,079859,079005
0000000199,0000198000,095034,-18635,083157,093856,082994,076504
0000000200,0000199000,082355,010146,081546,092249,086305,074800
0000000201,0000200000,062257,038138,080757,089825,089471,074058
0000000202,0000201000,036705,062645,080861,086820,092185,074348
0000000203,0000202000,008264,081192,081851,083532,094178,075643
0000000204,0000203000,-20293,091961,083630,080283,095254,077817
0000000205,0000204000,-46260,093929,086030,077386,095309,080659
0000000206,0000205000,-67043,086912,088810,075127,094340,083887
0000000207,0000206000,-80563,071617,091691,073729,092440,087184
0000000208,0000207000,-85530,049451,094404,073328,089793,090233
0000000209,0000208000,-81475,022603,096683,073961,086660,092733
0000000210,0000209000,-68819,-06172,098296,075566,083351,094437
0000000211,0000210000,-48740,-34156,099086,077989,080185,095180
0000000212,0000211000,-23164,-58700,098983,080992,077471,094891
0000000213,0000212000,005280,-77264,097995,084278,075479,093597
0000000214,0000213000,033823,-88023,096216,087526,074403,091425
0000000215,0000214000,059819,-90019,093816,090423,074346,088585
0000000216,0000215000,080628,-83028,091036,092682,075314,085358
0000000217,0000216000,094140,-67717,088154,094079,077212,082062
0000000218,0000217000,099127,-45555,085440,094482,079857,079015
0000000219,0000218000,095104,-18727,083159,093850,082989,076515
0000000220,0000219000,082440,010070,081545,092246,086297,074811
0000000221,0000220000,062359,038076,080753,089826,089461,074067
0000000222,0000221000,036804,062611,080855,086824,092174,074356
0000000223,0000222000,008347,081196,081842,083540,094167,075648
0000000224,0000223000,-20222,091991,083620,080293,095243,077818
0000000225,0000224000,-46214,093985,086020,077397,095301,080656
0000000226,0000225000,-67035,086998,088800,075138,094334,083881
0000000227,0000226000,-80585,071717,091683,073740,092438,087175
0000000228,0000227000,-85578,049552,094399,073337,089795,090222
0000000229,0000228000,-81555,022705,096681,073967,086665,092721
0000000230,0000229000,-68920,-06082,098297,075569,083359,094425
0000000231,0000230000,-48844,-34095,099091,077988,080196,095170
0000000232,0000231000,-23271,-58666,098990,080988,077484,094883
0000000233,0000232000,005181,-77260,098004,084270,075491,093592
0000000234,0000233000,033751,-88058,096227,087516,074414,091424
0000000235,0000234000,059775,-90086,093827,090411,074355,088588
0000000236,0000235000,080612,-83115,091047,092669,075320,085365
0000000237,0000236000,094164,-67824,088163,094067,077214,082072
0000000238,0000237000,099186,-45674,085445,094472,079855,079027
0000000239,0000238000,095186,-18835,083161,093843,082983,076528
0000000240,0000239000,082545,009978,081544,092243,086287,074824
0000000241,0000240000,062479,038002,080748,089826,089449,074079
0000000242,0000241000,036919,062573,080847,086829,092161,074364
0000000243,0000242000,008447,081199,081832,083548,094153,075653
0000000244,0000243000,-20138,092025,083608,080304,095231,077819
0000000245,0000244000,-46162,094053,086008,077410,095291,080653
0000000246,0000245000,-67025,087100,088789,075152,094328,083874
0000000247,0000246000,-80608,071834,091674,073754,092436,087165
0000000248,0000247000,-85636,049674,094392,073348,089797,090209
0000000249,0000248000,-81650,022827,096678,073975,086672,092707
0000000250,0000249000,-69035,-05978,098298,075573,083369,094412
0000000251,0000250000,-48968,-34022,099096,077988,080209,095158
0000000252,0000251000,-23398,-58624,098999,080983,077498,094873
0000000253,0000252000,005067,-77256,098015,084261,075506,093587
0000000254,0000253000,033665,-88100,096240,087503,074427,091423
0000000255,0000254000,059720,-90163,093840,090396,074366,088592
0000000256,0000255000,080594,-83218,091059,092654,075327,085373
0000000257,0000256000,094192,-67952,088173,094053,077217,082084
0000000258,0000257000,099254,-45811,085452,094460,079853,079041
0000000259,0000258000,095283,-18961,083164,093834,082976,076544
0000000260,0000259000,082669,009867,081543,092239,086276,074839
0000000261,0000260000,062619,037917,080743,089827,089435,074092
0000000262,0000261000,037053,062530,080838,086834,092145,074374
0000000263,0000262000,008568,081199,081820,083558,094137,075659
0000000264,0000263000,-20040,092064,083594,080318,095216,077820
0000000265,0000264000,-46103,094134,085993,077426,095279,080649
0000000266,0000265000,-67011,087217,088776,075168,094321,083865
0000000267,0000266000,-80635,071969,091663,073769,092433,087152
0000000268,0000267000,-85705,049818,094385,073361,089799,090193
0000000269,0000268000,-81759,022969,096675,073984,086679,092690
0000000270,0000269000,-69169,-05859,098299,075578,083381,094395
0000000271,0000270000,-49113,-33935,099101,077987,080224,095143
0000000272,0000271000,-23546,-58573,099009,080977,077515,094863
0000000273,0000272000,004935,-77254,098028,084251,075523,093581
0000000274,0000273000,033564,-88148,096254,087489,074443,091422
0000000275,0000274000,059654,-90249,093856,090380,074378,088596
0000000276,0000275000,080574,-83338,091073,092636,075335,085382
0000000277,0000276000,094224,-68101,088184,094037,077220,082098
0000000278,0000277000,099329,-45967,085460,094446,079850,079058
0000000279,0000278000,095395,-19109,083168,093824,082968,076561
0000000280,0000279000,082814,009737,081541,092234,086264,074856
0000000281,0000280000,062779,037819,080736,089828,089419,074107
0000000282,0000281000,037208,062480,080827,086840,092127,074386
0000000283,0000282000,008708,081197,081806,083569,094119,075665
0000000284,0000283000,-19927,092110,083578,080333,095200,077821
0000000285,0000284000,-46035,094229,085977,077443,095266,080644
0000000286,0000285000,-66992,087350,088761,075187,094312,083855
0000000287,0000286000,-80665,072124,091650,073786,092430,087138
0000000288,0000287000,-85786,049985,094376,073376,089802,090176
0000000289,0000288000,-81883,023131,096671,073995,086688,092672
0000000290,0000289000,-69321,-05721,098301,075583,083394,094377
0000000291,0000290000,-49282,-33833,099108,077986,080241,095127
0000000292,0000291000,-23717,-58515,099020,080970,077534,094850
0000000293,0000292000,004785,-77251,098043,084238,075542,093574
0000000294,0000293000,033447,-88200,096272,087473,074460,091421
0000000295,0000294000,059578,-90347,093873,090361,074392,088601
0000000296,0000295000,080553,-83478,091089,092617,075344,085393
0000000297,0000296000,094261,-68271,088198,094018,077223,082113
0000000298,0000297000,099414,-46145,085470,094430,079847,079076
0000000299,0000298000,095524,-19278,083172,093813,082959,076581
0000000300,0000299000,082980,009587,081540,092229,086250,074876
0000000301,0000300000,062960,037708,080729,089829,089401,074124
0000000302,0000301000,037386,062421,080815,086848,092107,074399
0000000303,0000302000,008870,081193,081790,083582,094099,075673
0000000304,0000303000,-19798,092163,083560,080350,095182,077822
0000000305,0000304000,-45956,094337,085959,077464,095252,080639
0000000306,0000305000,-66969,087499,088743,075208,094302,083844
0000000307,0000306000,-80699,072301,091636,073806,092427,087121
0000000308,0000307000,-85879,050176,094366,073392,089806,090156
0000000309,0000308000,-82023,023315,096667,074006,086697,092650
0000000310,0000309000,-69494,-05565,098302,075588,083409,094356
0000000311,0000310000,-49475,-33715,099116,077985,080260,095109
0000000312,0000311000,-23910,-58448,099032,080962,077555,094837
0000000313,0000312000,004615,-77248,098060,084225,075563,093566
0000000314,0000313000,033312,-88258,096291,087454,074480,091420
0000000315,0000314000,059490,-90458,093893,090339,074408,088607
0000000316,0000315000,080528,-83637,091107,092595,075354,085405
0000000317,0000316000,094300,-68463,088213,093997,077226,082130
0000000318,0000317000,099509,-46347,085480,094413,079844,079098
0000000319,0000318000,095671,-19472,083177,093801,082949,076604
0000000320,0000319000,083167,009417,081538,092223,086233,074897
0000000321,0000320000,063164,037582,080722,089830,089381,074143
0000000322,0000321000,037588,062353,080802,086856,092084,074413
0000000323,0000322000,009055,081187,081772,083597,094076,075681
0000000324,0000323000,-19653,092222,083540,080370,095161,077823
0000000325,0000324000,-45866,094457,085938,077486,095235,080633
0000000326,0000325000,-66941,087667,088724,075231,094292,083831
0000000327,0000326000,-80737,072502,091620,073828,092423,087103
0000000328,0000327000,-85982,050393,094355,073411,089810,090134
0000000329,0000328000,-82179,023522,096662,074019,086708,092626
0000000330,0000329000,-69689,-05387,098304,075594,083426,094333
0000000331,0000330000,-49693,-33580,099124,077983,080282,095089
0000000332,0000331000,-24126,-58373,099047,080953,077579,094822
0000000333,0000332000,004422,-77244,098079,084209,075587,093557
0000000334,0000333000,033157,-88321,096313,087433,074502,091419
0000000335,0000334000,059391,-90582,093915,090315,074425,088613
0000000336,0000335000,080499,-83815,091128,092570,075365,085419
0000000337,0000336000,094341,-68678,088230,093974,077230,082150
0000000338,0000337000,099615,-46573,085492,094393,079840,079121
0000000339,0000338000,095836,-19692,083182,093788,082937,076629
0000000340,0000339000,083376,009226,081536,092217,086215,074922
0000000341,0000340000,063393,037440,080713,089831,089358,074165
0000000342,0000341000,037817,062274,080787,086865,092059,074429
0000000343,0000342000,009261,081179,081752,083613,094051,075690
0000000344,0000343000,-19490,092288,083517,080392,095138,077824
0000000345,0000344000,-45763,094590,085914,077512,095217,080626
0000000346,0000345000,-66907,087853,088702,075258,094280,083816
0000000347,0000346000,-80780,072727,091601,073853,092419,087082
0000000348,0000347000,-86095,050634,094342,073431,089814,090109
0000000349,0000348000,-82352,023754,096656,074034,086720,092600
0000000350,0000349000,-69907,-05187,098306,075601,083446,094307
0000000351,0000350000,-49937,-33427,099133,077982,080306,095067
0000000352,0000351000,-24368,-58288,099062,080943,077606,094805
0000000353,0000352000,004206,-77237,098099,084192,075614,093548
0000000354,0000353000,032984,-88389,096337,087410,074526,091418
0000000355,0000354000,059280,-90720,093940,090289,074444,088621
0000000356,0000355000,080465,-84013,091151,092542,075377,085434
0000000357,0000356000,094385,-68915,088250,093948,077234,082172
0000000358,0000357000,099732,-46826,085506,094372,079835,079147
0000000359,0000358000,096018,-19937,083188,093773,082924,076657
0000000360,0000359000,083607,009013,081534,092210,086195,074949
0000000361,0000360000,063648,037281,080703,089833,089332,074188
0000000362,0000361000,038072,062184,080771,086876,092031,074447
0000000363,0000362000,009492,081169,081730,083631,094023,075700
0000000364,0000363000,-19308,092360,083491,080416,095113,077825
0000000365,0000364000,-45645,094735,085888,077539,095197,080618
0000000366,0000365000,-66868,088059,088677,075286,094267,083800
0000000367,0000366000,-80825,072977,091581,073879,092415,087059
0000000368,0000367000,-86219,050902,094328,073453,089819,090081
0000000369,0000368000,-82542,024011,096649,074049,086734,092570
0000000370,0000369000,-70149,-04963,098308,075608,083467,094279
0000000371,0000370000,-50207,-33257,099143,077980,080332,095042
0000000372,0000371000,-24636,-58192,099079,080932,077635,094786
0000000373,0000372000,003964,-77226,098123,084173,075644,093538
0000000374,0000373000,032789,-88462,096363,087385,074552,091417
0000000375,0000374000,059155,-90871,093968,090260,074465,088629
0000000376,0000375000,080424,-84231,091177,092512,075391,085451
0000000377,0000376000,094431,-69177,088271,093920,077238,082196
0000000378,0000377000,099859,-47106,085521,094348,079830,079176
0000000379,0000378000,096219,-20209,083196,093756,082910,076688
0000000380,0000379000,083860,008777,081533,092202,086173,074979
0000000381,0000380000,063929,037102,080693,089836,089305,074214
0000000382,0000381000,038354,062081,080753,086888,092000,074466
0000000383,0000382000,009747,081155,081706,083652,093992,075710
0000000384,0000383000,-19105,092437,083463,080443,095085,077826
0000000385,0000384000,-45513,094893,085859,077570,095175,080609
0000000386,0000385000,-66823,088285,088650,075318,094254,083782
0000000387,0000386000,-80873,073252,091558,073909,092411,087034
0000000388,0000387000,-86352,051197,094312,073478,089825,090051
0000000389,0000388000,-82749,024295,096642,074066,086749,092538
0000000390,0000389000,-70414,-04715,098309,075616,083490,094248
0000000391,0000390000,-50503,-33067,099154,077977,080362,095015
0000000392,0000391000,-24931,-58084,099098,080920,077668,094767
0000000393,0000392000,003696,-77211,098148,084152,075676,093527
0000000394,0000393000,032574,-88540,096393,087357,074581,091416
0000000395,0000394000,059016,-91035,093998,090227,074488,088638
0000000396,0000395000,080377,-84468,091205,092479,075405,085470
0000000397,0000396000,094478,-69464,088295,093889,077243,082222
0000000398,0000397000,099998,-47415,085538,094323,079824,079207
0000000399,0000398000,096437,-20508,083204,093739,082894,076721
0000000400,0000399000,084137,008516,081531,092194,086149,075011
0000000401,0000400000,064239,036904,080682,089838,089274,074242
0000000402,0000401000,019775,099998,084540,089430,092155,074678
0000000403,0000402000,009620,081475,081720,087303,093592,075354
0000000404,0000403000,-11259,098504,084067,084820,095210,077981
0000000405,0000404000,-18390,096978,086078,080075,094602,080042
0000000406,0000405000,-09635,059007,085715,075445,094400,083917
0000000407,0000406000,-39431,074264,091625,070092,092570,087162
0000000408,0000407000,-35510,015150,090634,065599,089959,090129
0000000409,0000408000,-44663,016144,095730,062606,087257,092966
0000000410,0000409000,-24415,-21064,096531,059988,083490,094169
0000000411,0000410000,-02348,-51493,097176,059626,081085,095684
0000000412,0000411000,-03170,-47723,099998,060098,078113,095187
0000000413,0000412000,014334,-87121,096898,062833,076283,094156
0000000414,0000413000,013079,-61692,098765,067070,075076,092006
0000000415,0000414000,039501,-81125,094758,071783,074513,088803
0000000416,0000415000,047924,-63974,093061,077476,075884,086092
0000000417,0000416000,043135,-40703,091054,082410,077208,082323
0000000418,0000417000,041295,-38548,086512,087593,080046,079539
0000000419,0000418000,023275,008815,086368,091648,082762,076653
0000000420,0000419000,031045,008425,081819,094287,085794,074685
0000000421,0000420000,017755,046875,082086,095493,089232,074187
0000000422,0000421000,006873,059712,081000,094527,091552,074000
0000000423,0000422000,-07193,068283,080878,092684,093979,075618
0000000424,0000423000,-24293,090895,083759,089144,094733,077344
0000000425,0000424000,-16052,069437,083720,084849,094962,080217
0000000426,0000425000,-23415,081377,088202,079857,094298,083627
0000000427,0000426000,-19191,053528,089650,074601,092342,086779
0000000428,0000427000,-23748,039396,093050,070358,090219,090279
0000000429,0000428000,-22137,021654,096093,066661,086831,092482
0000000430,0000429000,-04910,-16876,096627,064655,083831,094518
0000000431,0000430000,-00590,-23711,099574,063790,080715,095380
0000000432,0000431000,013806,-61114,098200,064538,077986,095176
0000000433,0000432000,012224,-63919,098762,067145,076187,094228
0000000434,0000433000,019359,-75709,096997,070776,074657,091777
0000000435,0000434000,029703,-81944,094365,075766,074708,089191
0000000436,0000435000,030956,-63015,092936,080773,075360,085763
0000000437,0000436000,037320,-63784,088669,085946,077195,082480
0000000438,0000437000,025670,-29398,087465,090705,079775,079392
0000000439,0000438000,025236,-14360,084189,094388,082525,076488
0000000440,0000439000,021360,013465,082581,097088,085949,074839
0000000441,0000440000,015706,042548,081993,097804,088844,073719
0000000442,0000441000,012194,053600,080748,097169,091755,074054
0000000443,0000442000,-04269,082378,082671,094901,093767,075199
0000000444,0000443000,-06923,078926,082939,091365,094827,077186
0000000445,0000444000,-14031,086269,085697,087043,095180,080163
0000000446,0000445000,-14763,076751,087933,081867,094176,083246
0000000447,0000446000,-15193,057223,090123,076967,092668,086888
0000000448,0000447000,-21630,045328,093611,072366,090058,089965
0000000449,0000448000,-15236,010196,094774,068884,087043,092629
0000000450,0000449000,-13232,-06263,097440,066704,083865,094581
0000000451,0000450000,-01854,-37596,097855,065825,080593,095374
0000000452,0000451000,005045,-57383,098180,066774,078066,095456
0000000453,0000452000,009034,-67803,098005,069033,075828,094134
0000000454,0000453000,019183,-83078,095931,072848,074681,092100
0000000455,0000454000,023014,-73614,094905,077497,074422,089214
0000000456,0000455000,033220,-73248,091718,082543,075155,085851
0000000457,0000456000,033374,-53082,089673,087694,077041,082568
0000000458,0000457000,031758,-32669,087168,092154,079404,079186
0000000459,0000458000,029853,-11768,084578,095928,082550,076584
0000000460,0000459000,022986,020319,083510,098241,085706,074561
0000000461,0000460000,021113,036337,081683,099054,088895,073623
0000000462,0000461000,009895,063179,082050,098279,091758,073814
0000000463,0000462000,001533,073891,082196,095875,093764,074879
0000000464,0000463000,-07549,080995,083499,092393,095118,077107
0000000465,0000464000,-14943,083393,085688,087804,095235,079838
0000000466,0000465000,-15816,069263,087384,082836,094519,083239
0000000467,0000466000,-21063,060420,090543,077819,092794,086725
0000000468,0000467000,-19496,034602,092501,073300,090224,089939
0000000469,0000468000,-18605,014066,095015,069870,087252,092767
0000000470,0000469000,-12484,-10844,096747,067587,083833,094605
0000000471,0000470000,-02695,-37484,097535,066945,080719,095681
0000000472,0000471000,003632,-52203,098319,067774,077867,095552
0000000473,0000472000,013752,-71317,097282,070176,075715,094398
0000000474,0000473000,019113,-73730,096513,073918,074478,092319
0000000475,0000474000,027334,-75473,094414,078481,074119,089342
0000000476,0000475000,032878,-67515,092090,083604,074986,086079
0000000477,0000476000,033786,-50314,089864,088546,076665,082512
0000000478,0000477000,034075,-34578,086991,093064,079253,079244
0000000479,0000478000,028096,-06604,085232,096613,082336,076449
0000000480,0000479000,024564,013941,083128,098831,085613,074398
0000000481,0000480000,017152,038677,082242,099592,088944,073456
0000000482,0000481000,008784,058480,081954,098635,091745,073462
0000000483,0000482000,000591,070077,082220,096284,094005,074685
0000000484,0000483000,-09329,080512,083828,092611,095276,076774
0000000485,0000484000,-13560,076199,085277,088063,095552,079658
0000000486,0000485000,-18425,071412,087829,083083,094825,083091
0000000487,0000486000,-19318,055461,090162,078070,093025,086588
0000000488,0000487000,-18849,035609,092577,073691,090535,090012
0000000489,0000488000,-16834,014943,094957,070208,087358,092793
0000000490,0000489000,-09620,-12208,096358,068091,083996,094853
0000000491,0000490000,-03237,-31959,097733,067464,080699,095907
0000000492,0000491000,006213,-53625,097763,068387,077756,095829
0000000493,0000492000,013496,-66132,097382,070875,075567,094741
0000000494,0000493000,020453,-72721,096212,074555,074160,092547
0000000495,0000494000,027515,-74086,094206,079196,073881,089657
0000000496,0000495000,030865,-63820,092219,084207,074615,086211
0000000497,0000496000,033840,-52510,089525,089152,076366,082615
0000000498,0000497000,031631,-31211,087333,093578,078985,079236
0000000499,0000498000,028335,-09396,085098,096984,082096,076298
0000000500,0000499000,023178,013819,083391,099149,085561,074249
0000000501,0000500000,015790,037825,082522,099724,088891,073128
0000000502,0000501000,008900,054723,082008,098744,091885,073174
0000000503,0000502000,-00554,070576,082733,096271,094190,074326
0000000504,0000503000,-07530,075727,083787,092540,095553,076443
0000000505,0000504000,-13717,076072,085633,087990,095931,079425
0000000506,0000505000,-17524,068969,087861,082964,095150,082858
0000000507,0000506000,-18383,053550,090116,078062,093422,086539
0000000508,0000507000,-18585,036508,092657,073696,090809,089997
0000000509,0000508000,-14691,012490,094560,070329,087599,092937
0000000510,0000509000,-09802,-09631,096334,068304,084138,095100
0000000511,0000510000,-02229,-32399,097288,067754,080684,096193
0000000512,0000511000,006035,-51477,097505,068825,077684,096228
0000000513,0000512000,013357,-63619,097143,071335,075310,095078
0000000514,0000513000,021197,-71976,095809,075104,073879,092927
0000000515,0000514000,026444,-69918,094207,079726,073507,089951
0000000516,0000515000,031090,-63559,091948,084717,074214,086418
0000000517,0000516000,032570,-49565,089660,089635,076010,082744
0000000518,0000517000,031281,-30441,087399,093934,078622,079188
0000000519,0000518000,028200,-09537,085240,097273,081882,076194
0000000520,0000519000,022168,014697,083785,099270,085410,073987
0000000521,0000520000,015926,035125,082670,099740,088894,072807
0000000522,0000521000,007701,054427,082483,098648,092017,072800
0000000523,0000522000,-00302,067159,082936,096058,094409,073904
0000000524,0000523000,-07567,073276,084060,092295,095920,076093
0000000525,0000524000,-13760,073794,085853,087673,096314,079086
0000000526,0000525000,-16862,065265,087833,082691,095602,082653
0000000527,0000526000,-18694,052790,090228,077827,093838,086424
0000000528,0000527000,-17426,033845,092401,073545,091164,090007
0000000529,0000528000,-14242,012679,094423,070307,087890,093106
0000000530,0000529000,-08906,-09504,096029,068375,084271,095345
0000000531,0000530000,-01382,-31565,096909,067989,080725,096574
0000000532,0000531000,006133,-48451,097260,069157,077549,096632
0000000533,0000532000,014369,-62119,096712,071779,075063,095515
0000000534,0000533000,021121,-67902,095643,075612,073534,093346
0000000535,0000534000,026843,-67473,093952,080237,073069,090285
0000000536,0000535000,030747,-60630,091872,085233,073781,086690
0000000537,0000536000,031808,-46845,089719,090063,075554,082854
0000000538,0000537000,030956,-29733,087436,094285,078249,079190
0000000539,0000538000,027012,-08055,085555,097483,081594,076047
0000000540,0000539000,021700,013340,083993,099328,085246,073710
0000000541,0000540000,014747,034203,083062,099664,088894,072453
0000000542,0000541000,006879,052014,082835,098415,092132,072352
0000000543,0000542000,-00701,063770,083239,095738,094691,073463
0000000544,0000543000,-08095,070644,084415,091882,096291,075653
0000000545,0000544000,-13317,069588,085979,087236,096771,078723
0000000546,0000545000,-16879,062863,088014,082276,096099,082397
0000000547,0000546000,-17939,049907,090179,077465,094302,086278
0000000548,0000547000,-16578,032264,092281,073309,091593,090031
0000000549,0000548000,-13307,012387,094232,070187,088194,093250
0000000550,0000549000,-07513,-09621,095656,068422,084462,095641
0000000551,0000550000,-00707,-29291,096606,068188,080757,096969
0000000552,0000551000,007187,-46560,096811,069497,077418,097088
0000000553,0000552000,014803,-58632,096370,072248,074805,096010
0000000554,0000553000,021451,-64336,095316,076140,073136,093797
0000000555,0000554000,026944,-64181,093680,080806,072611,090692
0000000556,0000555000,030070,-56833,091795,085764,073271,086976
0000000557,0000556000,031290,-44734,089653,090525,075061,083010
0000000558,0000557000,029762,-27469,087604,094632,077820,079200
0000000559,0000558000,026065,-07659,085768,097667,081255,075890
0000000560,0000559000,020598,012839,084325,099354,085065,073433
0000000561,0000560000,013549,032865,083487,099503,088852,072046
0000000562,0000561000,006167,048924,083220,098107,092265,071884
0000000563,0000562000,-01518,060860,083702,095301,094972,072963
0000000564,0000563000,-08126,066431,084732,091358,096692,075170
0000000565,0000564000,-13255,065871,086267,086691,097272,078321
0000000566,0000565000,-16418,059261,088168,081747,096626,082086
0000000567,0000566000,-17066,046722,090167,077029,094834,086120
0000000568,0000567000,-15715,030638,092192,072994,092053,090019
0000000569,0000568000,-11905,011110,093936,070038,088552,093400
0000000570,0000569000,-06417,-08872,095324,068459,084683,095942
0000000571,0000570000,000485,-27771,096152,068401,080803,097379
0000000572,0000571000,008096,-43833,096341,069889,077308,097589
0000000573,0000572000,015324,-54799,095939,072764,074524,096529
0000000574,0000573000,021885,-60519,094887,076746,072731,094305
0000000575,0000574000,026686,-59602,093418,081436,072111,091132
0000000576,0000575000,029677,-53158,091601,086357,072722,087302
0000000577,0000576000,030362,-41321,089643,091032,074527,083203
0000000578,0000577000,028629,-25169,087738,094989,077334,079221
0000000579,0000578000,024905,-06863,086023,097852,080887,075756
0000000580,0000579000,019194,012746,084740,099334,084835,073141
0000000581,0000580000,012466,030842,083928,099284,088792,071631
0000000582,0000581000,005054,046164,083750,097710,092384,071388
0000000583,0000582000,-02160,056857,084185,094757,095247,072424
0000000584,0000583000,-08382,061916,085156,090733,097114,074656
0000000585,0000584000,-13182,061386,086610,086034,097785,077865
0000000586,0000585000,-15772,054677,088333,081132,097195,081744
0000000587,0000586000,-16281,043359,090219,076517,095399,085921
0000000588,0000587000,-14445,027927,092039,072635,092556,089980
0000000589,0000588000,-10556,009997,093656,069878,088955,093537
0000000590,0000589000,-05007,-08492,094910,068508,084932,096229
0000000591,0000590000,001865,-26088,095630,068669,080887,097803
0000000592,0000591000,009076,-40482,095816,070345,077208,098098
0000000593,0000592000,016150,-50791,095384,073369,074254,097079
0000000594,0000593000,022149,-55518,094431,077444,072320,094847
0000000595,0000594000,026588,-54636,093055,082151,071590,091604
0000000596,0000595000,029108,-48471,091385,087028,072152,087673
0000000597,0000596000,029305,-37210,089613,091584,073950,083425
0000000598,0000597000,027400,-22538,087858,095373,076815,079280
0000000599,0000598000,023347,-05365,086344,098024,080473,075642
0000000600,0000599000,017723,012357,085172,099271,084565,072862
0000000601,0000600000,011019,028976,084475,098995,088701,071223
0000000602,0000601000,003850,042822,084346,097213,092470,070879
0000000603,0000602000,-02915,052235,084752,094109,095513,071872
0000000604,0000603000,-08780,056833,085681,089990,097526,074109
0000000605,0000604000,-12951,055773,086992,085272,098308,077377
0000000606,0000605000,-15167,049612,088579,080429,097782,081364
0000000607,0000606000,-15194,038988,090269,075939,095987,085679
0000000608,0000607000,-13014,024767,091899,072249,093099,089909
0000000609,0000608000,-08972,008546,093346,069719,089391,093636
0000000610,0000609000,-03276,-08388,094423,068600,085225,096496
0000000611,0000610000,003358,-23991,095059,069006,081006,098210
0000000612,0000611000,010369,-36990,095172,070895,077140,098604
0000000613,0000612000,016989,-45921,094756,074084,074011,097640
0000000614,0000613000,022491,-49838,093875,078248,071919,095404
0000000615,0000614000,026448,-48823,092613,082972,071076,092111
0000000616,0000615000,028349,-42754,091129,087780,071569,088076
0000000617,0000616000,028162,-32532,089533,092192,073355,083689
0000000618,0000617000,025826,-19040,088003,095776,076266,079381
0000000619,0000618000,021601,-03626,086678,098175,080020,075565
0000000620,0000619000,015944,012193,085671,099155,084257,072620
0000000621,0000620000,009325,026989,085109,098615,088562,070834
0000000622,0000621000,002529,038931,085025,096608,092519,070384
0000000623,0000622000,-03864,047144,085440,093334,095743,071319
0000000624,0000623000,-09123,050714,086284,089122,097912,073549
0000000625,0000624000,-12736,049381,087471,084398,098818,076866
0000000626,0000625000,-14396,043549,088879,079633,098363,080945
0000000627,0000626000,-13884,033718,090348,075305,096589,085397
0000000628,0000627000,-11379,021019,091770,071840,093661,089788
0000000629,0000628000,-07042,006477,092988,069581,089862,093687
0000000630,0000629000,-01350,-08297,093890,068752,085560,096718
0000000631,0000630000,005149,-21885,094388,069435,081169,098578
0000000632,0000631000,011831,-33007,094429,071565,077121,099086
0000000633,0000632000,017930,-40322,094024,074928,073809,098187
0000000634,0000633000,022903,-43375,093207,079185,071556,095965
0000000635,0000634000,026180,-41873,092097,083908,070587,092634
0000000636,0000635000,027504,-36154,090794,088620,070999,088511
0000000637,0000636000,026760,-26825,089428,092854,072760,083999
0000000638,0000637000,024001,-14811,088142,096189,075699,079532
0000000639,0000638000,019571,-01396,087042,098295,079538,075547
0000000640,0000639000,013831,012322,086245,098963,083905,072434
0000000641,0000640000,007424,024757,085822,098127,088373,070497
0000000642,0000641000,000960,034707,085824,095869,092512,069931
0000000643,0000642000,-04894,041238,086236,092414,095914,070790
0000000644,0000643000,-09507,043670,087002,088112,098249,072998
0000000645,0000644000,-12467,041955,088048,083398,099284,076342
0000000646,0000645000,-13431,036319,089243,078744,098917,080498
0000000647,0000646000,-12380,027528,090478,074616,097177,085068
0000000648,0000647000,-09409,016343,091635,071424,094229,089606
0000000649,0000648000,-04824,003906,092602,069484,090358,093672
0000000650,0000649000,000898,-08471,093287,068988,085935,096867
0000000651,0000650000,007231,-19691,093619,069987,081390,098880
0000000652,0000651000,013478,-28488,093577,072381,077167,099509
0000000653,0000652000,019035,-34034,093159,075929,073676,098691
0000000654,0000653000,023302,-35827,092428,080273,071261,096504
0000000655,0000654000,025854,-33827,091471,084973,070156,093156
0000000656,0000655000,026476,-28366,090382,089557,070475,088971
0000000657,0000656000,025088,-20001,089281,093567,072190,084353
0000000658,0000657000,021886,-09731,088269,096602,075138,079749
0000000659,0000658000,017163,001536,087445,098362,079038,075608
0000000660,0000659000,011409,012662,086883,098671,083511,072333
0000000661,0000660000,005208,022464,086641,097500,088124,070246
0000000662,0000661000,-00827,029999,086744,094965,092427,069553
0000000663,0000662000,-06041,034493,087162,091321,096002,070323
0000000664,0000663000,-09932,035605,087853,086939,098499,072485
0000000665,0000664000,-12080,033254,088731,082259,099672,075829
0000000666,0000665000,-12294,027887,089697,077756,099406,080034
0000000667,0000666000,-10576,020123,090654,073879,097721,084692
0000000668,0000667000,-07098,010695,091511,071017,094779,089353
0000000669,0000668000,-02246,000668,092186,069452,090862,093563
0000000670,0000669000,003523,-09011,092608,069342,086347,096913
0000000671,0000670000,009602,-17358,092748,070696,081675,099074
0000000672,0000671000,015378,-23520,092591,073379,077298,099832
0000000673,0000672000,020256,-26872,092158,077118,073644,099113
0000000674,0000673000,023713,-27154,091511,081536,071069,096985
0000000675,0000674000,025428,-24501,090722,086184,069826,093653
0000000676,0000675000,025213,-19200,089881,090594,070038,089439
0000000677,0000676000,023127,-11955,089075,094322,071685,084751
0000000678,0000677000,019386,-03549,088387,096995,074613,080044
0000000679,0000678000,014369,005203,087879,098347,078539,075773
0000000680,0000679000,008603,013364,087597,098243,083083,072356
0000000681,0000680000,002655,020120,087573,096695,087805,070126
0000000682,0000681000,-02840,024763,087797,093859,092245,069301
0000000683,0000682000,-07331,026897,088240,090024,095972,069964
0000000684,0000683000,-10347,026321,088847,085576,098620,072051
0000000685,0000684000,-11576,023199,089544,080970,099932,075360
0000000686,0000685000,-10916,018024,090251,076669,099780,079570
0000000687,0000686000,-08428,011344,090891,073107,098175,084274
0000000688,0000687000,-04399,003933,091405,070642,095272,089016
0000000689,0000688000,000769,-03417,091735,069520,091350,093335
0000000690,0000689000,006542,-09939,091855,069853,086789,096812
0000000691,0000690000,012322,-14987,091760,071606,082031,099108
0000000692,0000691000,017526,-18046,091462,074600,077540,099998
0000000693,0000692000,021596,-18782,091002,078531,073752,099395
0000000694,0000693000,024125,-17261,090437,083000,071035,097358
0000000695,0000694000,024844,-13698,089838,087553,069655,094085
0000000696,0000695000,023689,-08544,089271,091728,069746,089892
0000000697,0000696000,020793,-02463,088802,095104,071300,085188
0000000698,0000697000,016452,003859,088485,097339,074168,080429
0000000699,0000698000,011130,009734,088342,098211,078072,076074
0000000700,0000699000,005364,014541,088391,097633,082634,072550
0000000701,0000700000,-00243,017734,088621,095665,087410,070195
0000000702,0000701000,-05110,019037,089000,092508,091939,069241
0000000703,0000702000,-08735,018347,089480,088483,095777,069780
0000000704,0000703000,-10733,015747,090003,084001,098553,071758
0000000705,0000704000,-10906,011644,090504,079517,099998,074982
0000000706,0000705000,-09229,006550,090919,075487,099970,079139
0000000707,0000706000,-05888,001073,091202,072321,098474,083824
0000000708,0000707000,-01232,-04131,091320,070337,095654,088583
0000000709,0000708000,004257,-08435,091256,069735,091785,092953
0000000710,0000709000,010000,-11365,091024,070575,087242,096513
0000000711,0000710000,015409,-12632,090651,072769,082466,098916
0000000712,0000711000,019913,-12056,090183,076092,077921,099931
0000000713,0000712000,023048,-09753,089676,080206,074048,099460
0000000714,0000713000,024484,-06036,089196,084690,071223,097552
0000000715,0000714000,024063,-01334,088801,089087,069719,094393
0000000716,0000715000,021835,003763,088540,092949,069682,090292
0000000717,0000716000,018024,008610,088454,095883,071112,085649
0000000718,0000717000,013035,012602,088555,097590,073870,080914
0000000719,0000718000,007388,015267,088833,097899,077685,076548
0000000720,0000719000,001675,016243,089261,096781,082187,072973
0000000721,0000720000,-03505,015391,089790,094351,086938,070533
0000000722,0000721000,-07616,012831,090355,090859,091477,069462
0000000723,0000722000,-10221,008832,090890,086663,095365,069861
0000000724,0000723000,-11048,003854,091331,082192,098224,071689
0000000725,0000724000,-09999,-01511,091619,077902,099780,074765
0000000726,0000725000,-07180,-06608,091712,074233,099883,078787
0000000727,0000726000,-02881,-10813,091593,071559,098527,083362
0000000728,0000727000,002452,-13575,091264,070155,095847,088044
0000000729,0000728000,008254,-14474,090754,070161,092108,092379
0000000730,0000729000,013917,-13371,090118,071575,087674,095948
0000000731,0000730000,018844,-10327,089425,074249,082976,098410
0000000732,0000731000,022518,-05626,088753,077909,078471,099530
0000000733,0000732000,024554,000204,088182,082178,074593,099204
0000000734,0000733000,024729,006513,087784,086619,071718,097469
0000000735,0000734000,023014,012605,087607,090777,070120,094496
0000000736,0000735000,019573,017759,087684,094226,069952,090580
0000000737,0000736000,014761,021295,088021,096609,071225,086105
0000000738,0000737000,009081,022739,088593,097682,073809,081508
0000000739,0000738000,003131,021831,089344,097338,077448,077235
0000000740,0000739000,-02458,018535,090200,095612,081783,073698
0000000741,0000740000,-07098,013145,091070,092686,086393,071234
0000000742,0000741000,-10299,006217,091853,088862,090832,070075
0000000743,0000742000,-11721,-01543,092463,084533,094670,070327
0000000744,0000743000,-11203,-09309,092825,080143,097539,071958
0000000745,0000744000,-08780,-16191,092887,076143,099166,074804
0000000746,0000745000,-04691,-21393,092630,072948,099396,078584
0000000747,0000746000,000649,-24275,092067,070887,098215,082924
0000000748,0000747000,006679,-24367,091244,070174,095745,087398
0000000749,0000748000,012762,-21529,090238,070881,092236,091572
0000000750,0000749000,018251,-15962,089152,072932,088035,095044
0000000751,0000750000,022566,-08150,088100,076113,083551,097487
0000000752,0000751000,025251,001139,087194,080095,079219,098672
0000000753,0000752000,026016,010936,086541,084468,075455,098495
0000000754,0000753000,024763,020211,086218,088782,072619,096980
0000000755,0000754000,021600,027955,086271,092590,070982,094284
0000000756,0000755000,016836,033260,086711,095498,070694,090675
0000000757,0000756000,010959,035441,087509,097202,071775,086512
0000000758,0000757000,004586,034135,088594,097525,074109,082204
0000000759,0000758000,-01608,029333,089862,096434,077456,078172
0000000760,0000759000,-06963,021394,091186,094044,081484,074801
0000000761,0000760000,-10913,011063,092430,090607,085797,072408
0000000762,0000761000,-13038,-00643,093459,086478,089978,071213
0000000763,0000762000,-13104,-12556,094160,082083,093626,071319
0000000764,0000763000,-11079,-23435,094449,077877,096395,072705
0000000765,0000764000,-07148,-32073,094278,074296,098023,075225
0000000766,0000765000,-01693,-37488,093650,071713,098361,078626
0000000767,0000766000,004724,-38988,092613,070401,097388,082567
0000000768,0000767000,011425,-36245,091260,070498,095212,086658
0000000769,0000768000,017700,-29405,089722,071994,092061,090500
0000000770,0000769000,022880,-19061,088155,074730,088251,093726
0000000771,0000770000,026419,-06169,086718,078419,084159,096035
0000000772,0000771000,027942,008032,085559,082678,080180,097220
0000000773,0000772000,027268,022108,084809,087067,076694,097181
0000000774,0000773000,024441,034606,084555,091131,074031,095936
0000000775,0000774000,019720,044197,084841,094446,072439,093618
0000000776,0000775000,013568,049751,085658,096663,072061,090467
0000000777,0000776000,006624,050536,086938,097546,072920,086799
0000000778,0000777000,-00379,046347,088561,097001,074915,082979
0000000779,0000778000,-06695,037461,090369,095084,077833,079381
0000000780,0000779000,-11654,024671,092181,091999,081375,076348
0000000781,0000780000,-14735,009199,093813,088068,085192,074161
0000000782,0000781000,-15610,-07483,095099,083702,088912,073011
0000000783,0000782000,-14165,-23743,095902,079351,092182,072992
0000000784,0000783000,-10511,-37896,096123,075470,094696,074086
0000000785,0000784000,-04993,-48425,095721,072464,096222,076172
0000000786,0000785000,001847,-54123,094718,070654,096626,079031
0000000787,0000786000,009294,-54220,093198,070234,095886,082373
0000000788,0000787000,016559,-48565,091306,071253,094095,085862
0000000789,0000788000,022866,-37633,089231,073603,091450,089156
0000000790,0000789000,027549,-22440,087180,077035,088225,091942
0000000791,0000790000,030123,-04418,085358,081190,084744,093964
0000000792,0000791000,030311,014727,083945,085633,081345,095051
0000000793,0000792000,028066,033115,083093,089906,078348,095119
0000000794,0000793000,023578,048879,082904,093560,076033,094184
0000000795,0000794000,017266,060353,083416,096211,074608,092356
0000000796,0000795000,009764,066183,084601,097572,074196,089832
0000000797,0000796000,001855,065583,086356,097494,074814,086873
0000000798,0000797000,-05615,058506,088506,095982,076379,083777
0000000799,0000798000,-11851,045583,090838,093194,078711,080851
0000000800,0000799000,-16198,028037,093118,089426,081564,078371
0000000801,0000800000,-18214,007564,095121,085074,084649,076559
0000000802,0000801000,-17681,-13921,096651,080591,087663,075569
0000000803,0000802000,-14621,-34359,097550,076442,090324,075466
0000000804,0000803000,-09302,-51659,097709,073064,092388,076236
0000000805,0000804000,-02224,-64001,097090,070816,093671,077780
0000000806,0000805000,005896,-69952,095734,069943,094071,079926
0000000807,0000806000,014204,-68684,093759,070546,093573,082446
0000000808,0000807000,021810,-60218,091363,072565,092256,085084
0000000809,0000808000,027900,-45397,088792,075787,090274,087577
0000000810,0000809000,031847,-25659,086302,079870,087845,089692
0000000811,0000810000,033258,-02884,084133,084385,085221,091242
0000000812,0000811000,031976,020785,082497,088863,082657,092102
0000000813,0000812000,028097,043084,081560,092836,080396,092221
0000000814,0000813000,021968,061787,081432,095887,078640,091618
0000000815,0000814000,014172,074914,082149,097686,077541,090380
0000000816,0000815000,005504,080922,083665,098033,077178,088653
0000000817,0000816000,-03120,078999,085840,096883,077558,086626
0000000818,0000817000,-10771,069258,088455,094352,078612,084509
0000000819,0000818000,-16630,052690,091237,090711,080207,082514
0000000820,0000819000,-20110,030952,093912,086345,082161,080825
0000000821,0000820000,-20874,006118,096224,081711,084266,079588
0000000822,0000821000,-18826,-19483,097949,077292,086314,078895
0000000823,0000822000,-14140,-43417,098915,073549,088112,078780
0000000824,0000823000,-07247,-63313,099012,070880,089503,079218
0000000825,0000824000,001196,-77068,098203,069575,090375,080133
0000000826,0000825000,010318,-83073,096548,069784,090674,081406
0000000827,0000826000,019151,-80532,094200,071494,090402,082890
0000000828,0000827000,026743,-69630,091398,074528,089624,084428
0000000829,0000828000,032279,-51528,088440,078563,088446,085865
0000000830,0000829000,035224,-28077,085616,083169,087012,087069
0000000831,0000830000,035303,-01486,083189,087868,085482,087943
0000000832,0000831000,032487,025724,081398,092169,084010,088430
0000000833,0000832000,027026,050955,080419,095622,082734,088518
0000000834,0000833000,019433,071784,080355,097857,081762,088239
0000000835,0000834000,010441,085981,081243,098628,081162,087659
0000000836,0000835000,000986,091864,083016,097840,080958,086867
0000000837,0000836000,-07922,088748,085501,095569,081133,085965
0000000838,0000837000,-15341,076875,088444,092052,081630,085058
0000000839,0000838000,-20464,057478,091541,087663,082367,084233
0000000840,0000839000,-22791,032656,094466,082869,083244,083566
0000000841,0000840000,-22174,004768,096971,078169,084151,083104
0000000842,0000841000,-18592,-23725,098804,074051,084995,082860
0000000843,0000842000,-12412,-49856,099779,070950,085697,082822
0000000844,0000843000,-04211,-71226,099802,069198,086199,082954
0000000845,0000844000,005217,-85656,098848,068994,086486,083197
0000000846,0000845000,014852,-91299,096989,070373,086566,083489
0000000847,0000846000,023703,-87634,094403,073194,086472,083778
0000000848,0000847000,030789,-74965,091371,077161,086255,084018
0000000849,0000848000,035405,-54643,088195,081851,085970,084185
0000000850,0000849000,037086,-28860,085209,086767,085677,084271
0000000851,0000850000,035720,-00050,082676,091398,085426,084281
0000000852,0000851000,031426,029100,080833,095264,085252,084248
0000000853,0000852000,024568,055756,079885,097954,085171,084208
0000000854,0000853000,015894,077289,079900,099176,085177,084208
0000000855,0000854000,006191,091576,080912,098789,085241,084300
0000000856,0000855000,-03485,096884,082831,096820,085315,084511
0000000857,0000856000,-12097,092703,085458,093474,085350,084851
0000000858,0000857000,-18755,079492,088533,089105,085295,085303
0000000859,0000858000,-22726,058538,091723,084179,085124,085821
0000000860,0000859000,-23697,032341,094708,079215,084822,086350
0000000861,0000860000,-21592,003173,097224,074728,084394,086825
0000000862,0000861000,-16615,-26218,099038,071186,083873,087167
0000000863,0000862000,-09218,-52766,099942,068965,083305,087309
0000000864,0000863000,-00157,-74015,099870,068310,082756,087196
0000000865,0000864000,009644,-87865,098825,069302,082312,086786
0000000866,0000865000,019176,-92693,096881,071847,082057,086076
0000000867,0000866000,027373,-87983,094254,075677,082060,085108
0000000868,0000867000,033424,-74469,091212,080386,082367,083959
0000000869,0000868000,036696,-53412,088069,085473,082984,082741
0000000870,0000869000,036900,-27133,085140,090402,083879,081578
0000000871,0000870000,034075,001743,082698,094663,084988,080598
0000000872,0000871000,028461,030652,080968,097811,086217,079924
0000000873,0000872000,020622,056649,080124,099510,087449,079654
0000000874,0000873000,011364,077121,080251,099569,088556,079858
0000000875,0000874000,001634,090106,081332,097973,089401,080565
0000000876,0000875000,-07537,094266,083256,094881,089862,081750
0000000877,0000876000,-15168,089196,085825,090621,089845,083330
0000000878,0000877000,-20473,075510,088777,085647,089310,085164
0000000879,0000878000,-22934,054739,091804,080486,088272,087075
0000000880,0000879000,-22342,029080,094598,075680,086804,088872
0000000881,0000880000,-18811,001031,096910,071728,085027,090367
0000000882,0000881000,-12657,-26812,098524,069042,083100,091388
0000000883,0000882000,-04504,-51563,099266,067912,081208,091805
0000000884,0000883000,004777,-70713,099078,068465,079538,091538
0000000885,0000884000,014242,-82577,097988,070653,078281,090566
0000000886,0000885000,022854,-85850,096115,074248,077600,088938
0000000887,0000886000,029730,-80349,093652,078868,077604,086784
0000000888,0000887000,034178,-66858,090861,084022,078335,084298
0000000889,0000888000,035739,-46758,088028,089162,079759,081720
0000000890,0000889000,034329,-22227,085427,093751,081763,079305
0000000891,0000890000,030110,004342,083308,097313,084173,077304
0000000892,0000891000,023511,030396,081868,099472,086767,075930
0000000893,0000892000,015221,053271,081245,099998,089300,075348
0000000894,0000893000,006085,070667,081502,098826,091518,075651
0000000895,0000894000,-02901,080903,082589,096075,093183,076851
0000000896,0000895000,-10790,083162,084378,092034,094098,078873
0000000897,0000896000,-16741,077304,086678,087134,094130,081549
0000000898,0000897000,-20165,064135,089244,081898,093239,084634
0000000899,0000898000,-20770,045185,091817,076879,091478,087830
0000000900,0000899000,-18526,022316,094147,072602,088990,090824
0000000901,0000900000,-13696,-02134,096016,069513,086002,093309
0000000902,0000901000,002600,012226,098162,067745,084826,094811
0000000903,0000902000,007063,002638,098185,068467,084826,095878
0000000904,0000903000,026767,001871,097488,069278,084826,095275
0000000905,0000904000,004652,-01125,096442,073177,084826,094158
0000000906,0000905000,031202,009805,094556,077200,084826,091257
0000000907,0000906000,018046,002551,091087,082231,084826,088195
0000000908,0000907000,003984,-11807,089001,083907,084826,084621
0000000909,0000908000,011830,-14714,089283,083907,084826,084621
0000000910,0000909000,008518,-15232,089966,083907,084826,084621
0000000911,0000910000,000639,-11892,090447,083907,084826,084621
0000000912,0000911000,001084,-06979,090371,083907,084826,084621
0000000913,0000912000,007714,-07745,089808,083907,084826,084621
0000000914,0000913000,014170,-09962,089792,083907,084826,084621
0000000915,0000914000,011944,-10893,090263,083907,084826,084621
0000000916,0000915000,006403,-07758,090743,083907,084826,084621
0000000917,0000916000,005903,-04015,090716,083907,084826,084621
0000000918,0000917000,011039,-04097,090308,083907,084826,084621
0000000919,0000918000,016520,-05719,090258,083907,084826,084621
0000000920,0000919000,015089,-06856,090573,083907,084826,084621
0000000921,0000920000,010984,-04341,090988,083907,084826,084621
0000000922,0000921000,009686,-01776,090962,083907,084826,084621
0000000923,0000922000,013553,-01492,090669,083907,084826,084621
0000000924,0000923000,017698,-03082,090564,083907,084826,084621
0000000925,0000924000,016887,-04224,090773,083907,084826,084621
0000000926,0000925000,013555,-02573,091088,083907,084826,084621
0000000927,0000926000,011861,-00861,091062,083907,084826,084621
0000000928,0000927000,014579,-00528,090839,083907,084826,084621
0000000929,0000928000,017533,-02142,090697,083907,084826,084621
0000000930,0000929000,017161,-03201,090833,083907,084826,084621
0000000931,0000930000,014308,-02352,091050,083907,084826,084621
0000000932,0000931000,012586,-01147,091034,083907,084826,084621
0000000933,0000932000,014326,-00933,090852,083907,084826,084621
0000000934,0000933000,016448,-02406,090703,083907,084826,084621
0000000935,0000934000,016343,-03369,090789,083907,084826,084621
0000000936,0000935000,013937,-03058,090934,083907,084826,084621
0000000937,0000936000,012399,-02131,090932,083907,084826,084621
0000000938,0000937000,013416,-02037,090780,083907,084826,084621
0000000939,0000938000,015039,-03216,090649,083907,084826,084621
0000000940,0000939000,015082,-04080,090700,083907,084826,084621
0000000941,0000940000,013175,-04019,090802,083907,084826,084621
0000000942,0000941000,011893,-03258,090814,083907,084826,084621
0000000943,0000942000,012463,-03198,090693,083907,084826,084621
0000000944,0000943000,013792,-04032,090589,083907,084826,084621
0000000945,0000944000,013928,-04778,090618,083907,084826,084621
0000000946,0000945000,012530,-04769,090700,083907,084826,084621
0000000947,0000946000,011495,-04133,090721,083907,084826,084621
0000000948,0000947000,011838,-04025,090631,083907,084826,084621
0000000949,0000948000,012962,-04558,090555,083907,084826,084621
0000000950,0000949000,013172,-05162,090571,083907,084826,084621
0000000951,0000950000,012218,-05124,090643,083907,084826,084621
0000000952,0000951000,011395,-04596,090669,083907,084826,084621
0000000953,0000952000,011639,-04410,090609,083907,084826,084621
0000000954,0000953000,012579,-04728,090553,083907,084826,084621
0000000955,0000954000,012851,-05184,090564,083907,084826,084621
0000000956,0000955000,012229,-05119,090627,083907,084826,084621
0000000957,0000956000,011578,-04686,090654,083907,084826,084621
0000000958,0000957000,011770,-04443,090617,083907,084826,084621
0000000959,0000958000,012533,-04629,090575,083907,084826,084621
0000000960,0000959000,012839,-04958,090583,083907,084826,084621
0000000961,0000960000,012435,-04897,090636,083907,084826,084621
0000000962,0000961000,011920,-04549,090663,083907,084826,084621
0000000963,0000962000,012060,-04295,090640,083907,084826,084621
0000000964,0000963000,012657,-04408,090607,083907,084826,084621
0000000965,0000964000,012964,-04645,090613,083907,084826,084621
0000000966,0000965000,012689,-04614,090654,083907,084826,084621
0000000967,0000966000,012278,-04344,090679,083907,084826,084621
0000000968,0000967000,012358,-04118,090664,083907,084826,084621
0000000969,0000968000,012809,-04193,090636,083907,084826,084621
0000000970,0000969000,013086,-04374,090639,083907,084826,084621
0000000971,0000970000,012887,-04382,090670,083907,084826,084621
0000000972,0000971000,012554,-04181,090691,083907,084826,084621
0000000973,0000972000,012573,-04004,090680,083907,084826,084621
0000000974,0000973000,012904,-04058,090657,083907,084826,084621
0000000975,0000974000,013135,-04209,090656,083907,084826,084621
0000000976,0000975000,012985,-04248,090677,083907,084826,084621
0000000977,0000976000,012710,-04107,090694,083907,084826,084621
0000000978,0000977000,012682,-03978,090686,083907,084826,084621
0000000979,0000978000,012921,-04019,090666,083907,084826,084621
0000000980,0000979000,013103,-04151,090662,083907,084826,084621
0000000981,0000980000,012991,-04206,090677,083907,084826,084621
0000000982,0000981000,012762,-04114,090690,083907,084826,084621
0000000983,0000982000,012706,-04023,090683,083907,084826,084621
0000000984,0000983000,012876,-04052,090667,083907,084826,084621
0000000985,0000984000,013019,-04167,090661,083907,084826,084621
0000000986,0000985000,012940,-04225,090671,083907,084826,084621
0000000987,0000986000,012751,-04168,090682,083907,084826,084621
0000000988,0000987000,012686,-04099,090677,083907,084826,084621
0000000989,0000988000,012806,-04118,090664,083907,084826,084621
0000000990,0000989000,012920,-04212,090658,083907,084826,084621
0000000991,0000990000,012870,-04265,090665,083907,084826,084621
0000000992,0000991000,012719,-04230,090673,083907,084826,084621
0000000993,0000992000,012656,-04174,090670,083907,084826,084621
0000000994,0000993000,012742,-04183,090660,083907,084826,084621
0000000995,0000994000,012837,-04255,090655,083907,084826,084621
0000000996,0000995000,012810,-04299,090660,083907,084826,084621
0000000997,0000996000,012694,-04275,090666,083907,084826,084621
0000000998,0000997000,012639,-04227,090665,083907,084826,084621
0000000999,0000998000,012702,-04228,090658,083907,084826,084621
0000001000,0000999000,012783,-04278,090653,083907,084826,084621
0000001001,0001000000,012774,-04313,090657,083907,084826,084621
0000001002,0001001000,012688,-04295,090663,083907,084826,084621
0000001003,0001002000,012642,-04253,090663,083907,084826,084621
0000001004,0001003000,012688,-04247,090657,083907,084826,084621
0000001005,0001004000,012758,-04281,090654,083907,084826,084621
0000001006,0001005000,012760,-04308,090657,083907,084826,084621
0000001007,0001006000,012698,-04293,090662,083907,084826,084621
0000001008,0001007000,012661,-04257,090662,083907,084826,084621
0000001009,0001008000,012695,-04247,090659,083907,084826,084621
0000001010,0001009000,012753,-04269,090656,083907,084826,084621
0000001011,0001010000,012762,-04290,090658,083907,084826,084621
0000001012,0001011000,012717,-04279,090662,083907,084826,084621
0000001013,0001012000,012686,-04249,090663,083907,084826,084621
0000001014,0001013000,012710,-04238,090660,083907,084826,084621
0000001015,0001014000,012758,-04253,090658,083907,084826,084621
0000001016,0001015000,012769,-04270,090660,083907,084826,084621
0000001017,0001016000,012737,-04262,090663,083907,084826,084621
0000001018,0001017000,012710,-04239,090664,083907,084826,084621
0000001019,0001018000,012726,-04228,090662,083907,084826,084621
0000001020,0001019000,012763,-04239,090660,083907,084826,084621
0000001021,0001020000,012774,-04253,090661,083907,084826,084621
0000001022,0001021000,012751,-04249,090663,083907,084826,084621
0000001023,0001022000,012727,-04232,090664,083907,084826,084621
0000001024,0001023000,012737,-04223,090663,083907,084826,084621
0000001025,0001024000,012765,-04231,090661,083907,084826,084621
0000001026,0001025000,012775,-04243,090662,083907,084826,084621
0000001027,0001026000,012757,-04242,090664,083907,084826,084621
0000001028,0001027000,012737,-04230,090664,083907,084826,084621
0000001029,0001028000,012742,-04223,090663,083907,084826,084621
0000001030,0001029000,012763,-04230,090662,083907,084826,084621
0000001031,0001030000,012772,-04240,090662,083907,084826,084621
0000001032,0001031000,012758,-04241,090663,083907,084826,084621
0000001033,0001032000,012741,-04232,090664,083907,084826,084621
0000001034,0001033000,012742,-04227,090663,083907,084826,084621
0000001035,0001034000,012758,-04232,090662,083907,084826,084621
0000001036,0001035000,012765,-04241,090662,083907,084826,084621
0000001037,0001036000,012755,-04243,090663,083907,084826,084621
0000001038,0001037000,012741,-04237,090663,083907,084826,084621
0000001039,0001038000,012741,-04232,090663,083907,084826,084621
0000001040,0001039000,012752,-04236,090662,083907,084826,084621
0000001041,0001040000,012759,-04243,090662,083907,084826,084621
0000001042,0001041000,012752,-04245,090662,083907,084826,084621
0000001043,0001042000,012740,-04241,090663,083907,084826,084621
0000001044,0001043000,012739,-04237,090663,083907,084826,084621
0000001045,0001044000,012747,-04239,090662,083907,084826,084621
0000001046,0001045000,012753,-04245,090662,083907,084826,084621
0000001047,0001046000,012749,-04247,090662,083907,084826,084621
0000001048,0001047000,012740,-04243,090663,083907,084826,084621
0000001049,0001048000,012738,-04240,090662,083907,084826,084621
0000001050,0001049000,012745,-04241,090662,083907,084826,084621
0000001051,0001050000,012750,-04245,090661,083907,084826,084621
0000001052,0001051000,012747,-04247,090662,083907,084826,084621
0000001053,0001052000,012740,-04245,090662,083907,084826,084621
0000001054,0001053000,012739,-04242,090662,083907,084826,084621
0000001055,0001054000,012744,-04242,090662,083907,084826,084621
0000001056,0001055000,012748,-04245,090662,083907,084826,084621
0000001057,0001056000,012747,-04246,090662,083907,084826,084621
0000001058,0001057000,012742,-04244,090662,083907,084826,084621
0000001059,0001058000,012740,-04242,090662,083907,084826,084621
0000001060,0001059000,012744,-04242,090662,083907,084826,084621
0000001061,0001060000,012748,-04244,090662,083907,084826,084621
0000001062,0001061000,012747,-04245,090662,083907,084826,084621
0000001063,0001062000,012743,-04244,090662,083907,084826,084621
0000001064,0001063000,012742,-04242,090662,083907,084826,084621
0000001065,0001064000,012745,-04241,090662,083907,084826,084621
0000001066,0001065000,012748,-04243,090662,083907,084826,084621
0000001067,0001066000,012748,-04244,090662,083907,084826,084621
0000001068,0001067000,012745,-04243,090662,083907,084826,084621
0000001069,0001068000,012743,-04241,090662,083907,084826,084621
0000001070,0001069000,012745,-04241,090662,083907,084826,084621
0000001071,0001070000,012748,-04242,090662,083907,084826,084621
0000001072,0001071000,012748,-04243,090662,083907,084826,084621
0000001073,0001072000,012746,-04242,090662,083907,084826,084621
0000001074,0001073000,012744,-04241,090662,083907,084826,084621
0000001075,0001074000,012746,-04241,090662,083907,084826,084621
0000001076,0001075000,012748,-04241,090662,083907,084826,084621
0000001077,0001076000,012748,-04242,090662,083907,084826,084621
0000001078,0001077000,012746,-04242,090662,083907,084826,084621
0000001079,0001078000,012745,-04241,090662,083907,084826,084621
0000001080,0001079000,012746,-04241,090662,083907,084826,084621
0000001081,0001080000,012748,-04241,090662,083907,084826,084621
0000001082,0001081000,012748,-04242,090662,083907,084826,084621
0000001083,0001082000,012746,-04242,090662,083907,084826,084621
0000001084,0001083000,012745,-04241,090662,083907,084826,084621
0000001085,0001084000,012746,-04241,090662,083907,084826,084621
0000001086,0001085000,012747,-04241,090662,083907,084826,084621
0000001087,0001086000,012747,-04242,090662,083907,084826,084621
0000001088,0001087000,012746,-04242,090662,083907,084826,084621
0000001089,0001088000,012745,-04241,090662,083907,084826,084621
0000001090,0001089000,012746,-04241,090662,083907,084826,084621
0000001091,0001090000,012747,-04242,090662,083907,084826,084621
0000001092,0001091000,012747,-04242,090662,083907,084826,084621
0000001093,0001092000,012746,-04242,090662,083907,084826,084621
0000001094,0001093000,012745,-04242,090662,083907,084826,084621
0000001095,0001094000,012746,-04242,090662,083907,084826,084621
0000001096,0001095000,012746,-04242,090662,083907,084826,084621
0000001097,0001096000,012747,-04242,090662,083907,084826,084621
0000001098,0001097000,012746,-04242,090662,083907,084826,084621
0000001099,0001098000,012745,-04242,090662,083907,084826,084621
0000001100,0001099000,012745,-04242,090662,083907,084826,084621
0000001101,0001100000,012746,-04242,090662,083907,084826,084621
