0000000001,0000000000,061923,040054,-90258,091151,089596,074031
0000000002,0000001000,036446,064391,-89124,088136,092312,074329
0000000003,0000002000,007911,082967,-79147,084837,094307,075634
0000000004,0000003000,-20531,093571,-61321,081582,095377,077820
0000000005,0000004000,-46338,095378,-37308,078678,095427,080673
0000000006,0000005000,-67089,088340,-09532,076414,094451,083913
0000000007,0000006000,-80584,073071,019231,075023,092536,087219
0000000008,0000007000,-85328,050758,046286,074626,089877,090275
0000000009,0000008000,-81162,023897,068974,075268,086732,092778
0000000010,0000009000,-68560,-04702,084983,076883,083414,094481
0000000011,0000010000,-48386,-32681,092780,079321,080237,095220
0000000012,0000011000,-22769,-57165,091658,082337,077520,094921
0000000013,0000012000,005591,-75562,081687,085633,075528,093616
0000000014,0000013000,034066,-86194,063848,088893,074454,091431
0000000015,0000014000,060033,-88152,039839,091794,074407,088578
0000000016,0000015000,080646,-80995,012066,094055,075385,085338
0000000017,0000016000,094030,-65607,-16697,095451,077296,082031
0000000018,0000017000,098999,-43522,-43759,095847,079955,078976
0000000019,0000018000,094814,-16646,-66445,095203,083102,076473
0000000020,0000019000,082004,012165,-82456,093588,086421,074770
0000000021,0000020000,061962,040008,-90255,091153,089593,074031
0000000022,0000021000,036447,064392,-89124,088135,092314,074329
0000000023,0000022000,007923,082952,-79160,084837,094307,075634
0000000024,0000023000,-20536,093583,-61323,081580,095378,077820
0000000025,0000024000,-46363,095389,-37307,078678,095427,080673
0000000026,0000025000,-67110,088364,-09529,076416,094450,083913
0000000027,0000026000,-80521,073013,019225,075021,092537,087220
0000000028,0000027000,-85327,050761,046284,074625,089878,090275
0000000029,0000028000,-81233,023970,068981,075266,086734,092778
0000000030,0000029000,-68544,-04723,084985,076884,083412,094481
0000000031,0000030000,-48332,-32728,092783,079320,080239,095220
0000000032,0000031000,-22789,-57148,091654,082335,077522,094922
0000000033,0000032000,005546,-75516,081689,085633,075528,093617
0000000034,0000033000,034094,-86231,063852,088892,074454,091432
0000000035,0000034000,060034,-88159,039841,091793,074407,088578
0000000036,0000035000,080642,-80987,012064,094054,075386,085338
0000000037,0000036000,094042,-65622,-16700,095451,077296,082032
0000000038,0000037000,098984,-43509,-43751,095846,079955,078977
0000000039,0000038000,094797,-16634,-66444,095203,083102,076473
0000000040,0000039000,082044,012134,-82458,093587,086421,074770
0000000041,0000040000,061984,039989,-90258,091152,089594,074032
0000000042,0000041000,036393,064447,-89123,088135,092314,074330
0000000043,0000042000,007933,082946,-79160,084838,094306,075635
0000000044,0000043000,-20489,093537,-61329,081580,095378,077820
0000000045,0000044000,-46376,095409,-37311,078676,095428,080673
0000000046,0000045000,-67144,088397,-09536,076416,094449,083913
0000000047,0000046000,-80501,072995,019225,075022,092537,087219
0000000048,0000047000,-85320,050753,046283,074625,089879,090274
0000000049,0000048000,-81252,023993,068977,075266,086734,092778
0000000050,0000049000,-68531,-04733,084984,076884,083413,094481
0000000051,0000050000,-48345,-32722,092788,079319,080240,095219
0000000052,0000051000,-22813,-57125,091661,082335,077522,094921
0000000053,0000052000,005565,-75538,081690,085633,075529,093617
0000000054,0000053000,034111,-86251,063857,088891,074456,091432
0000000055,0000054000,059993,-88126,039848,091792,074407,088578
0000000056,0000055000,080634,-80986,012069,094054,075386,085339
0000000057,0000056000,094084,-65668,-16696,095450,077296,082033
0000000058,0000057000,098974,-43504,-43750,095845,079956,078978
0000000059,0000058000,094776,-16611,-66443,095203,083101,076474
0000000060,0000059000,082066,012109,-82458,093587,086420,074771
0000000061,0000060000,062000,039975,-90258,091151,089594,074033
0000000062,0000061000,036383,064463,-89129,088135,092313,074330
0000000063,0000062000,007950,082937,-79168,084838,094305,075635
0000000064,0000063000,-20480,093534,-61333,081581,095378,077820
0000000065,0000064000,-46396,095434,-37317,078677,095428,080673
0000000066,0000065000,-67127,088391,-09544,076417,094449,083912
0000000067,0000066000,-80482,072981,019217,075022,092537,087219
0000000068,0000067000,-85350,050786,046280,074625,089879,090274
0000000069,0000068000,-81270,024012,068974,075267,086734,092777
0000000070,0000069000,-68506,-04758,084984,076884,083414,094480
0000000071,0000070000,-48358,-32712,092791,079318,080241,095219
0000000072,0000071000,-22848,-57096,091665,082334,077523,094921
0000000073,0000072000,005572,-75552,081699,085632,075529,093616
0000000074,0000073000,034113,-86265,063868,088889,074457,091432
0000000075,0000074000,059972,-88113,039857,091791,074408,088579
0000000076,0000075000,080640,-80999,012077,094052,075386,085340
0000000077,0000076000,094096,-65689,-16686,095448,077296,082034
0000000078,0000077000,098960,-43496,-43742,095843,079956,078979
0000000079,0000078000,094789,-16626,-66443,095202,083100,076476
0000000080,0000079000,082098,012079,-82459,093587,086419,074772
0000000081,0000080000,061993,039984,-90261,091151,089593,074034
0000000082,0000081000,036381,064473,-89137,088135,092311,074331
0000000083,0000082000,007987,082911,-79179,084839,094303,075636
0000000084,0000083000,-20470,093536,-61345,081581,095377,077820
0000000085,0000084000,-46413,095465,-37331,078679,095427,080673
0000000086,0000085000,-67114,088391,-09557,076419,094448,083912
0000000087,0000086000,-80473,072982,019209,075023,092537,087218
0000000088,0000087000,-85373,050817,046272,074626,089880,090272
0000000089,0000088000,-81277,024025,068969,075268,086735,092775
0000000090,0000089000,-68508,-04759,084986,076884,083415,094479
0000000091,0000090000,-48388,-32689,092798,079318,080243,095217
0000000092,0000091000,-22865,-57088,091674,082334,077525,094920
0000000093,0000092000,005578,-75571,081712,085631,075532,093616
0000000094,0000093000,034091,-86259,063885,088887,074459,091432
0000000095,0000094000,059950,-88107,039874,091789,074410,088579
0000000096,0000095000,080657,-81031,012092,094050,075387,085341
0000000097,0000096000,094103,-65711,-16672,095446,077297,082035
0000000098,0000097000,098948,-43494,-43733,095842,079956,078981
0000000099,0000098000,094809,-16650,-66439,095201,083099,076478
0000000100,0000099000,082127,012050,-82459,093586,086418,074774
0000000101,0000100000,061998,039986,-90268,091151,089592,074036
0000000102,0000101000,036400,064467,-89151,088136,092309,074333
0000000103,0000102000,008017,082897,-79195,084840,094301,075637
0000000104,0000103000,-20467,093551,-61363,081583,095375,077820
0000000105,0000104000,-46409,095483,-37353,078681,095425,080672
0000000106,0000105000,-67094,088391,-09578,076421,094447,083910
0000000107,0000106000,-80483,073007,019193,075025,092537,087216
0000000108,0000107000,-85399,050855,046260,074628,089880,090270
0000000109,0000108000,-81279,024033,068963,075270,086736,092773
0000000110,0000109000,-68521,-04748,084989,076885,083417,094476
0000000111,0000110000,-48429,-32657,092807,079318,080246,095215
0000000112,0000111000,-22885,-57082,091688,082333,077528,094918
0000000113,0000112000,005569,-75584,081734,085629,075535,093615
0000000114,0000113000,034062,-86255,063910,088884,074462,091431
0000000115,0000114000,059936,-88117,039898,091786,074412,088580
0000000116,0000115000,080667,-81065,012116,094047,075388,085342
0000000117,0000116000,094101,-65730,-16650,095442,077298,082038
0000000118,0000117000,098953,-43512,-43720,095839,079955,078984
0000000119,0000118000,094843,-16689,-66433,095199,083098,076481
0000000120,0000119000,082152,012027,-82461,093584,086416,074778
0000000121,0000120000,062011,039984,-90279,091151,089589,074039
0000000122,0000121000,036438,064449,-89171,088137,092305,074335
0000000123,0000122000,008051,082887,-79219,084842,094298,075638
0000000124,0000123000,-20461,093574,-61392,081586,095372,077821
0000000125,0000124000,-46395,095501,-37384,078685,095422,080672
0000000126,0000125000,-67078,088403,-09605,076425,094445,083908
0000000127,0000126000,-80497,073044,019170,075028,092537,087213
0000000128,0000127000,-85419,050893,046242,074631,089880,090266
0000000129,0000128000,-81290,024052,068956,075272,086737,092769
0000000130,0000129000,-68555,-04718,084993,076885,083420,094472
0000000131,0000130000,-48471,-32626,092819,079318,080249,095211
0000000132,0000131000,-22907,-57081,091710,082332,077531,094915
0000000133,0000132000,005541,-75587,081764,085626,075539,093613
0000000134,0000133000,034025,-86252,063944,088881,074466,091431
0000000135,0000134000,059926,-88142,039932,091783,074415,088581
0000000136,0000135000,080672,-81104,012150,094043,075391,085345
0000000137,0000136000,094096,-65754,-16622,095438,077299,082041
0000000138,0000137000,098969,-43546,-43701,095836,079955,078988
0000000139,0000138000,094882,-16738,-66424,095197,083096,076486
0000000140,0000139000,082181,012001,-82463,093583,086413,074782
0000000141,0000140000,062043,039968,-90295,091151,089584,074043
0000000142,0000141000,036488,064426,-89197,088139,092301,074338
0000000143,0000142000,008085,082886,-79253,084845,094294,075640
0000000144,0000143000,-20443,093596,-61433,081590,095367,077821
0000000145,0000144000,-46370,095517,-37426,078689,095418,080670
0000000146,0000145000,-67069,088431,-09643,076429,094443,083906
0000000147,0000146000,-80517,073096,019138,075033,092536,087209
0000000148,0000147000,-85437,050935,046219,074636,089881,090261
0000000149,0000148000,-81313,024083,068946,075275,086740,092764
0000000150,0000149000,-68604,-04674,084998,076887,083424,094467
0000000151,0000150000,-48520,-32595,092836,079318,080254,095207
0000000152,0000151000,-22941,-57077,091740,082330,077537,094912
0000000153,0000152000,005497,-75584,081805,085623,075544,093611
0000000154,0000153000,033985,-86258,063989,088876,074471,091431
0000000155,0000154000,059915,-88178,039979,091777,074419,088582
0000000156,0000155000,080667,-81145,012196,094037,075394,085348
0000000157,0000156000,094097,-65790,-16586,095433,077300,082045
0000000158,0000157000,098998,-43600,-43677,095831,079954,078993
0000000159,0000158000,094925,-16792,-66412,095193,083094,076492
0000000160,0000159000,082217,011968,-82468,093581,086409,074788
0000000161,0000160000,062095,039938,-90317,091151,089579,074048
0000000162,0000161000,036548,064399,-89231,088141,092295,074342
0000000163,0000162000,008125,082891,-79297,084848,094288,075642
0000000164,0000163000,-20411,093618,-61486,081595,095362,077822
0000000165,0000164000,-46338,095540,-37480,078696,095414,080669
0000000166,0000165000,-67063,088475,-09692,076436,094440,083903
0000000167,0000166000,-80536,073157,019096,075039,092535,087204
0000000168,0000167000,-85458,050985,046189,074641,089882,090255
0000000169,0000168000,-81352,024134,068935,075278,086743,092757
0000000170,0000169000,-68665,-04619,085004,076889,083429,094461
0000000171,0000170000,-48575,-32562,092858,079318,080259,095201
0000000172,0000171000,-22993,-57065,091779,082327,077544,094907
0000000173,0000172000,005438,-75577,081857,085618,075551,093609
0000000174,0000173000,033943,-86273,064047,088871,074477,091430
0000000175,0000174000,059898,-88221,040040,091770,074424,088584
0000000176,0000175000,080656,-81192,012253,094029,075397,085351
0000000177,0000176000,094103,-65844,-16539,095426,077301,082051
0000000178,0000177000,099037,-43670,-43645,095825,079953,079000
0000000179,0000178000,094972,-16855,-66397,095189,083091,076499
0000000180,0000179000,082269,011923,-82474,093579,086404,074795
0000000181,0000180000,062165,039895,-90343,091152,089572,074054
0000000182,0000181000,036617,064373,-89273,088143,092287,074347
0000000183,0000182000,008176,082898,-79355,084853,094280,075645
0000000184,0000183000,-20364,093638,-61553,081602,095354,077822
0000000185,0000184000,-46302,095572,-37548,078703,095408,080667
0000000186,0000185000,-67061,088535,-09755,076444,094436,083898
0000000187,0000186000,-80553,073227,019043,075047,092533,087198
0000000188,0000187000,-85486,051049,046153,074647,089883,090248
0000000189,0000188000,-81406,024203,068920,075283,086747,092749
0000000190,0000189000,-68737,-04553,085010,076891,083435,094453
0000000191,0000190000,-48642,-32523,092887,079317,080267,095194
0000000192,0000191000,-23063,-57045,091829,082324,077552,094902
0000000193,0000192000,005366,-75569,081922,085613,075560,093605
0000000194,0000193000,033894,-86298,064121,088864,074485,091430
0000000195,0000194000,059870,-88271,040117,091762,074430,088586
0000000196,0000195000,080642,-81248,012324,094020,075401,085356
0000000197,0000196000,094119,-65916,-16482,095417,077303,082058
0000000198,0000197000,099082,-43756,-43604,095818,079951,079009
0000000199,0000198000,095027,-16928,-66379,095183,083087,076508
0000000200,0000199000,082339,011862,-82483,093576,086398,074804
0000000201,0000200000,062252,039840,-90376,091152,089564,074062
0000000202,0000201000,036697,064346,-89327,088147,092278,074353
0000000203,0000202000,008242,082903,-79427,084859,094270,075649
0000000204,0000203000,-20303,093660,-61636,081610,095346,077823
0000000205,0000204000,-46264,095618,-37632,078712,095401,080665
0000000206,0000205000,-67058,088610,-09833,076453,094432,083893
0000000207,0000206000,-80569,073309,018977,075056,092532,087190
0000000208,0000207000,-85524,051131,046109,074655,089884,090239
0000000209,0000208000,-81475,024291,068902,075288,086751,092739
0000000210,0000209000,-68820,-04478,085018,076894,083442,094443
0000000211,0000210000,-48726,-32475,092922,079317,080276,095185
0000000212,0000211000,-23154,-57014,091889,082321,077563,094895
0000000213,0000212000,005283,-75564,082000,085606,075570,093601
0000000214,0000213000,033836,-86331,064211,088855,074494,091429
0000000215,0000214000,059832,-88326,040210,091751,074438,088589
0000000216,0000215000,080626,-81318,012410,094010,075407,085362
0000000217,0000216000,094141,-66009,-16411,095407,077305,082066
0000000218,0000217000,099132,-43856,-43555,095809,079950,079019
0000000219,0000218000,095094,-17015,-66358,095177,083082,076519
0000000220,0000219000,082428,011784,-82494,093573,086390,074815
0000000221,0000220000,062355,039776,-90415,091152,089554,074072
0000000222,0000221000,036791,064317,-89392,088150,092267,074361
0000000223,0000222000,008327,082906,-79514,084866,094259,075653
0000000224,0000223000,-20230,093686,-61735,081619,095335,077824
0000000225,0000224000,-46222,095677,-37733,078724,095393,080662
0000000226,0000225000,-67050,088697,-09927,076465,094426,083887
0000000227,0000226000,-80587,073405,018899,075068,092529,087181
0000000228,0000227000,-85573,051233,046056,074665,089886,090227
0000000229,0000228000,-81558,024396,068879,075295,086756,092727
0000000230,0000229000,-68917,-04392,085028,076897,083450,094431
0000000231,0000230000,-48830,-32415,092966,079317,080287,095175
0000000232,0000231000,-23264,-56976,091962,082316,077575,094887
0000000233,0000232000,005186,-75562,082094,085599,075583,093597
0000000234,0000233000,033766,-86369,064319,088844,074506,091428
0000000235,0000234000,059784,-88390,040322,091739,074447,088592
0000000236,0000235000,080610,-81405,012513,093997,075412,085369
0000000237,0000236000,094168,-66121,-16327,095395,077307,082076
0000000238,0000237000,099189,-43972,-43495,095799,079948,079031
0000000239,0000238000,095174,-17120,-66333,095170,083076,076532
0000000240,0000239000,082536,011687,-82506,093570,086380,074828
0000000241,0000240000,062474,039703,-90461,091153,089542,074083
0000000242,0000241000,036903,064283,-89470,088155,092254,074369
0000000243,0000242000,008431,082906,-79618,084875,094245,075658
0000000244,0000243000,-20144,093718,-61853,081631,095323,077825
0000000245,0000244000,-46174,095749,-37853,078737,095383,080659
0000000246,0000245000,-67038,088798,-10040,076479,094420,083879
0000000247,0000246000,-80608,073519,018806,075081,092527,087170
0000000248,0000247000,-85635,051358,045993,074676,089888,090214
0000000249,0000248000,-81653,024519,068851,075303,086763,092712
0000000250,0000249000,-69029,-04292,085040,076901,083460,094417
0000000251,0000250000,-48955,-32340,093017,079316,080300,095162
0000000252,0000251000,-23394,-56931,092046,082311,077589,094878
0000000253,0000252000,005076,-75562,082205,085590,075597,093591
0000000254,0000253000,033680,-86411,064448,088832,074519,091427
0000000255,0000254000,059725,-88462,040453,091724,074458,088595
0000000256,0000255000,080595,-81510,012633,093982,075419,085377
0000000257,0000256000,094198,-66251,-16226,095381,077309,082088
0000000258,0000257000,099252,-44105,-43426,095787,079946,079045
0000000259,0000258000,095271,-17247,-66304,095161,083069,076548
0000000260,0000259000,082664,011573,-82519,093566,086369,074843
0000000261,0000260000,062611,039620,-90515,091153,089528,074096
0000000262,0000261000,037036,064242,-89561,088161,092238,074379
0000000263,0000262000,008554,082903,-79738,084884,094230,075664
0000000264,0000263000,-20047,093758,-61990,081644,095309,077826
0000000265,0000264000,-46118,095834,-37994,078752,095371,080655
0000000266,0000265000,-67021,088912,-10171,076495,094412,083871
0000000267,0000266000,-80633,073652,018698,075096,092524,087158
0000000268,0000267000,-85708,051506,045919,074688,089891,090199
0000000269,0000268000,-81761,024660,068818,075312,086770,092696
0000000270,0000269000,-69159,-04175,085054,076906,083472,094401
0000000271,0000270000,-49104,-32250,093076,079315,080315,095148
0000000272,0000271000,-23543,-56880,092144,082305,077606,094867
0000000273,0000272000,004948,-75563,082334,085579,075614,093585
0000000274,0000273000,033577,-86457,064596,088817,074535,091426
0000000275,0000274000,059658,-88547,040605,091708,074470,088600
0000000276,0000275000,080578,-81634,012774,093965,075427,085386
0000000277,0000276000,094230,-66400,-16109,095365,077312,082101
0000000278,0000277000,099325,-44259,-43345,095773,079943,079062
0000000279,0000278000,095386,-17396,-66270,095152,083061,076565
0000000280,0000279000,082811,011441,-82534,093561,086357,074860
0000000281,0000280000,062768,039525,-90577,091154,089512,074112
0000000282,0000281000,037191,064191,-89666,088167,092220,074391
0000000283,0000282000,008698,082898,-79877,084896,094212,075671
0000000284,0000283000,-19936,093806,-62149,081659,095292,077827
0000000285,0000284000,-46051,095930,-38158,078770,095358,080650
0000000286,0000285000,-67000,089042,-10323,076514,094404,083861
0000000287,0000286000,-80665,073808,018574,075113,092521,087143
0000000288,0000287000,-85791,051675,045832,074703,089894,090181
0000000289,0000288000,-81883,024820,068780,075323,086779,092677
0000000290,0000289000,-69311,-04039,085070,076911,083485,094382
0000000291,0000290000,-49276,-32145,093143,079314,080332,095132
0000000292,0000291000,-23712,-56822,092255,082298,077625,094855
0000000293,0000292000,004799,-75562,082482,085567,075633,093578
0000000294,0000293000,033457,-86507,064767,088801,074552,091425
0000000295,0000294000,059581,-88644,040779,091689,074484,088605
0000000296,0000295000,080559,-81776,012935,093945,075436,085397
0000000297,0000296000,094265,-66569,-15975,095346,077315,082117
0000000298,0000297000,099409,-44435,-43252,095758,079940,079080
0000000299,0000298000,095518,-17568,-66229,095141,083052,076586
0000000300,0000299000,082976,011291,-82549,093556,086343,074880
0000000301,0000300000,062947,039417,-90648,091155,089494,074129
0000000302,0000301000,037371,064131,-89786,088174,092200,074404
0000000303,0000302000,008861,082893,-80035,084909,094191,075678
0000000304,0000303000,-19811,093861,-62330,081677,095274,077828
0000000305,0000304000,-45971,096037,-38344,078790,095344,080644
0000000306,0000305000,-66974,089190,-10496,076535,094394,083849
0000000307,0000306000,-80701,073987,018431,075133,092518,087127
0000000308,0000307000,-85884,051868,045732,074720,089897,090162
0000000309,0000308000,-82020,025002,068736,075334,086788,092656
0000000310,0000309000,-69485,-03882,085087,076916,083500,094362
0000000311,0000310000,-49471,-32025,093217,079313,080351,095114
0000000312,0000311000,-23902,-56758,092381,082291,077646,094841
0000000313,0000312000,004629,-75560,082650,085553,075655,093570
0000000314,0000313000,033320,-86563,064960,088783,074572,091424
0000000315,0000314000,059495,-88756,040977,091668,074500,088611
0000000316,0000315000,080536,-81937,013119,093923,075446,085409
0000000317,0000316000,094301,-66759,-15822,095325,077319,082134
0000000318,0000317000,099504,-44636,-43146,095740,079937,079101
0000000319,0000318000,095667,-17765,-66182,095128,083042,076608
0000000320,0000319000,083162,011122,-82566,093550,086327,074902
0000000321,0000320000,063150,039293,-90727,091157,089474,074148
0000000322,0000321000,037576,064061,-89920,088183,092177,074418
0000000323,0000322000,009044,082887,-80212,084923,094169,075686
0000000324,0000323000,-19668,093923,-62534,081696,095253,077829
0000000325,0000324000,-45879,096156,-38555,078813,095327,080638
0000000326,0000325000,-66945,089356,-10691,076558,094383,083836
0000000327,0000326000,-80742,074190,018269,075155,092515,087108
0000000328,0000327000,-85987,052084,045619,074738,089901,090139
0000000329,0000328000,-82175,025207,068685,075347,086799,092632
0000000330,0000329000,-69682,-03703,085105,076922,083518,094338
0000000331,0000330000,-49689,-31889,093300,079312,080373,095094
0000000332,0000331000,-24117,-56685,092523,082282,077670,094826
0000000333,0000332000,004435,-75555,082839,085538,075679,093562
0000000334,0000333000,033164,-86624,065177,088762,074593,091423
0000000335,0000334000,059398,-88882,041199,091644,074517,088617
0000000336,0000335000,080507,-82116,013327,093898,075458,085423
0000000337,0000336000,094341,-66971,-15649,095302,077323,082154
0000000338,0000337000,099611,-44863,-43026,095721,079932,079125
0000000339,0000338000,095833,-17985,-66127,095115,083030,076633
0000000340,0000339000,083368,010933,-82583,093543,086308,074926
0000000341,0000340000,063379,039151,-90814,091158,089451,074169
0000000342,0000341000,037806,063980,-90070,088192,092152,074434
0000000343,0000342000,009250,082880,-80411,084940,094143,075695
0000000344,0000343000,-19506,093990,-62764,081718,095230,077830
0000000345,0000344000,-45774,096287,-38791,078838,095309,080631
0000000346,0000345000,-66912,089542,-10910,076584,094372,083822
0000000347,0000346000,-80786,074417,018086,075180,092511,087088
0000000348,0000347000,-86099,052325,045490,074759,089905,090114
0000000349,0000348000,-82347,025437,068627,075361,086812,092605
0000000350,0000349000,-69902,-03501,085123,076929,083537,094313
0000000351,0000350000,-49932,-31738,093391,079310,080397,095071
0000000352,0000351000,-24357,-56601,092680,082272,077697,094809
0000000353,0000352000,004217,-75547,083048,085520,075706,093552
0000000354,0000353000,032990,-86691,065418,088739,074618,091422
0000000355,0000354000,059289,-89021,041448,091617,074536,088625
0000000356,0000355000,080472,-82313,013559,093870,075470,085438
0000000357,0000356000,094383,-67207,-15456,095276,077327,082176
0000000358,0000357000,099729,-45118,-42890,095699,079928,079151
0000000359,0000358000,096016,-18231,-66064,095100,083017,076661
0000000360,0000359000,083597,010722,-82601,093536,086288,074953
0000000361,0000360000,063635,038991,-90910,091160,089425,074193
0000000362,0000361000,038062,063888,-90234,088203,092124,074452
0000000363,0000362000,009479,082871,-80631,084958,094115,075705
0000000364,0000363000,-19323,094062,-63018,081742,095205,077831
0000000365,0000364000,-45656,096431,-39054,078866,095289,080623
0000000366,0000365000,-66874,089749,-11155,076613,094359,083806
0000000367,0000366000,-80832,074668,017881,075207,092507,087065
0000000368,0000367000,-86221,052591,045346,074781,089910,090087
0000000369,0000368000,-82537,025694,068560,075377,086825,092576
0000000370,0000369000,-70145,-03276,085141,076936,083558,094284
0000000371,0000370000,-50201,-31568,093490,079308,080424,095047
0000000372,0000371000,-24625,-56506,092852,082261,077727,094791
0000000373,0000372000,003974,-75535,083279,085501,075735,093542
0000000374,0000373000,032796,-86765,065685,088713,074644,091421
0000000375,0000374000,059165,-89173,041724,091588,074557,088633
0000000376,0000375000,080430,-82530,013818,093840,075483,085455
0000000377,0000376000,094429,-67469,-15240,095248,077331,082200
0000000378,0000377000,099859,-45399,-42738,095676,079922,079180
0000000379,0000378000,096216,-18503,-65992,095084,083003,076692
0000000380,0000379000,083850,010486,-82619,093529,086266,074983
0000000381,0000380000,063918,038812,-91013,091162,089397,074218
0000000382,0000381000,038345,063786,-90414,088214,092093,074471
0000000383,0000382000,009733,082859,-80873,084978,094084,075716
0000000384,0000383000,-19119,094138,-63299,081769,095177,077832
0000000385,0000384000,-45523,096588,-39343,078897,095267,080615
0000000386,0000385000,-66831,089977,-11426,076645,094345,083788
0000000387,0000386000,-80880,074943,017654,075236,092502,087040
0000000388,0000387000,-86353,052884,045185,074805,089916,090057
0000000389,0000388000,-82746,025980,068484,075394,086840,092544
0000000390,0000389000,-70412,-03026,085157,076944,083581,094253
0000000391,0000390000,-50496,-31380,093597,079305,080453,095020
0000000392,0000391000,-24920,-56398,093040,082248,077759,094771
0000000393,0000392000,003705,-75519,083532,085480,075767,093531
0000000394,0000393000,032582,-86844,065978,088685,074673,091420
0000000395,0000394000,059026,-89339,042029,091556,074580,088642
0000000396,0000395000,080381,-82766,014102,093807,075497,085474
0000000397,0000396000,094477,-67756,-15001,095217,077335,082226
0000000398,0000397000,099998,-45709,-42568,095651,079916,079211
0000000399,0000398000,096433,-18801,-65911,095066,082987,076725
0000000400,0000399000,084127,010226,-82635,093521,086242,075015
0000000401,0000400000,064228,038612,-91124,091165,089367,074246
0000000402,0000401000,-03860,099998,-54227,090893,092108,074542
0000000403,0000402000,-10315,067259,-96650,088821,093422,075096
0000000404,0000403000,-13891,087682,-69733,086317,094998,077680
0000000405,0000404000,-19118,088880,-46868,081433,094807,080155
0000000406,0000405000,-32232,060821,-40610,077419,094551,083977
0000000407,0000406000,-45344,086706,029172,072678,092523,087025
0000000408,0000407000,004281,032015,023782,068818,090233,090315
0000000409,0000408000,-26894,036399,078111,065727,087980,093600
0000000410,0000409000,-26102,-18212,068497,063582,084330,094922
0000000411,0000410000,-06850,-46038,077581,063502,081878,096396
0000000412,0000411000,003094,-53360,094662,063944,078990,095986
0000000413,0000412000,011889,-91948,064323,066550,077362,095165
0000000414,0000413000,006900,-62262,087288,070197,075971,092843
0000000415,0000414000,052702,-84029,044887,074730,075486,089725
0000000416,0000415000,040608,-56300,038489,079868,076749,086916
0000000417,0000416000,028502,-49997,001407,084634,077699,082778
0000000418,0000417000,040815,-41958,-38069,089437,080311,079765
0000000419,0000418000,033351,003097,-41726,092721,082853,076705
0000000420,0000419000,029214,004593,-85350,095016,086015,074853
0000000421,0000420000,004304,057312,-68352,096094,088882,073774
0000000422,0000421000,021099,064659,-84672,095346,091116,073489
0000000423,0000422000,006214,086372,-72735,093535,093598,075148
0000000424,0000423000,-22086,095126,-57622,090073,094315,076824
0000000425,0000424000,-16491,074509,-57037,086201,094741,079879
0000000426,0000425000,-26470,086165,-12597,081485,093963,083161
0000000427,0000426000,-23939,048193,-08277,076745,092431,086735
0000000428,0000427000,-37591,045011,036805,072874,090237,090166
0000000429,0000428000,-16251,015410,055278,069453,087109,092631
0000000430,0000429000,-05441,-11846,071767,067664,084530,095095
0000000431,0000430000,-15518,-27571,092292,066880,081332,095889
0000000432,0000431000,006091,-67898,075441,067968,078782,095877
0000000433,0000432000,012633,-63724,087930,070260,076826,094793
0000000434,0000433000,026951,-86628,059200,073580,075558,092623
0000000435,0000434000,023574,-75554,050109,078180,075457,089904
0000000436,0000435000,037988,-63795,028470,082821,075796,086178
0000000437,0000436000,049093,-54336,-03859,087770,077654,082931
0000000438,0000437000,031198,-21258,-16936,091930,079832,079438
0000000439,0000438000,035423,-13959,-57603,095431,082557,076497
0000000440,0000439000,026657,025449,-62133,097659,085684,074545
0000000441,0000440000,021042,039890,-82270,098220,088513,073341
0000000442,0000441000,003900,062585,-83032,097666,091326,073552
0000000443,0000442000,-03586,083908,-71361,095410,093051,074390
0000000444,0000443000,-02020,081313,-67512,092167,094443,076688
0000000445,0000444000,-23528,092014,-36433,087919,094723,079568
0000000446,0000445000,-23896,069637,-27155,083319,093914,082832
0000000447,0000446000,-26127,061882,006675,078826,092482,086545
0000000448,0000447000,-23888,037004,028689,074535,090042,089789
0000000449,0000448000,-23237,009842,047952,071444,087410,092841
0000000450,0000449000,-18046,-06455,074658,069378,084156,094735
0000000451,0000450000,001943,-40177,076519,068814,081257,095917
0000000452,0000451000,001676,-49808,089610,069704,078689,095977
0000000453,0000452000,013706,-72736,075050,071957,076489,094721
0000000454,0000453000,024699,-76264,066178,075553,075383,092756
0000000455,0000454000,031989,-74025,048666,079705,074963,089730
0000000456,0000455000,036424,-70859,019258,084511,075754,086443
0000000457,0000456000,034664,-45964,003736,089176,077198,082733
0000000458,0000457000,043577,-33455,-28987,093345,079525,079310
0000000459,0000458000,032779,-01624,-44136,096666,082478,076505
0000000460,0000459000,025502,018602,-66501,098668,085402,074237
0000000461,0000460000,019450,041588,-77406,099446,088541,073224
0000000462,0000461000,008249,065488,-76749,098502,091140,073122
0000000463,0000462000,-00942,072334,-79115,096319,093286,074303
0000000464,0000463000,-14828,086860,-58209,092940,094500,076365
0000000465,0000464000,-14520,079809,-45762,088678,094775,079223
0000000466,0000465000,-23101,075643,-19043,084095,094244,082794
0000000467,0000466000,-27447,058573,004547,079442,092537,086293
0000000468,0000467000,-23201,034882,026309,075462,090284,089821
0000000469,0000468000,-20794,016469,053158,072208,087374,092721
0000000470,0000469000,-12501,-15232,063597,070244,084284,094909
0000000471,0000470000,-08051,-32653,080734,069727,081226,096062
0000000472,0000471000,007234,-55450,080064,070601,078428,096011
0000000473,0000472000,016284,-67428,076606,072960,076434,095050
0000000474,0000473000,022146,-73069,065795,076369,075041,092843
0000000475,0000474000,032726,-76036,043344,080726,074743,089951
0000000476,0000475000,036008,-61937,026039,085373,075375,086475
0000000477,0000476000,039584,-52436,-03626,089961,076947,082813
0000000478,0000477000,035099,-28182,-23742,094108,079344,079347
0000000479,0000478000,034158,-05563,-46847,097251,082155,076269
0000000480,0000479000,028322,018327,-64186,099264,085413,074182
0000000481,0000480000,015956,043860,-71880,099777,088470,072937
0000000482,0000481000,008959,058914,-79596,098902,091253,072893
0000000483,0000482000,-02262,076932,-70300,096604,093417,073992
0000000484,0000483000,-10055,079301,-61857,093113,094722,076084
0000000485,0000484000,-19603,080204,-42226,088908,095141,079080
0000000486,0000485000,-23057,072363,-19832,084230,094418,082502
0000000487,0000486000,-22951,055261,002600,079702,092903,086278
0000000488,0000487000,-25263,038401,029573,075640,090500,089787
0000000489,0000488000,-18937,011363,046626,072538,087549,092810
0000000490,0000489000,-12993,-09709,066753,070662,084368,095075
0000000491,0000490000,-03555,-34716,075062,070132,081170,096251
0000000492,0000491000,004945,-53276,077957,071161,078399,096376
0000000493,0000492000,014843,-64959,074884,073488,076130,095245
0000000494,0000493000,026231,-73912,060821,077005,074808,093164
0000000495,0000494000,030420,-69550,046115,081284,074418,090189
0000000496,0000495000,036513,-64177,021302,085938,075016,086632
0000000497,0000496000,038039,-47623,-00091,090529,076647,082921
0000000498,0000497000,037028,-28465,-24202,094508,079021,079289
0000000499,0000498000,032396,-06353,-46218,097638,082039,076247
0000000500,0000499000,024921,019465,-60219,099487,085256,073927
0000000501,0000500000,018697,039413,-72763,099943,088506,072691
0000000502,0000501000,006790,060828,-73348,098932,091405,072610
0000000503,0000502000,-02278,071770,-70584,096542,093623,073644
0000000504,0000503000,-10876,078671,-58012,093066,095070,075809
0000000505,0000504000,-18039,078167,-40518,088745,095459,078775
0000000506,0000505000,-22453,068327,-20840,084131,094863,082380
0000000507,0000506000,-25209,055788,004748,079600,093236,086152
0000000508,0000507000,-21767,034421,025494,075622,090805,089796
0000000509,0000508000,-18955,013726,047608,072596,087807,092969
0000000510,0000509000,-12143,-10913,062811,070780,084454,095264
0000000511,0000510000,-02969,-33031,072593,070426,081196,096581
0000000512,0000511000,006236,-50178,076278,071476,078229,096686
0000000513,0000512000,016313,-64909,070019,073918,075931,095649
0000000514,0000513000,023849,-69150,060574,077469,074472,093499
0000000515,0000514000,032294,-69338,041964,081767,074013,090463
0000000516,0000515000,035946,-60330,022130,086420,074653,086885
0000000517,0000516000,037068,-46360,-00614,090915,076241,083005
0000000518,0000517000,036338,-27846,-23908,094881,078728,079317
0000000519,0000518000,031497,-04364,-42647,097858,081787,076107
0000000520,0000519000,025257,016830,-59779,099607,085173,073728
0000000521,0000520000,015676,039941,-68110,099945,088540,072396
0000000522,0000521000,007187,057215,-71782,098807,091534,072227
0000000523,0000522000,-02518,069898,-66817,096348,093938,073306
0000000524,0000523000,-11733,076217,-55213,092760,095423,075433
0000000525,0000524000,-17663,074246,-39775,088459,095912,078497
0000000526,0000525000,-22397,067488,-17987,083825,095305,082154
0000000527,0000526000,-23288,052069,002988,079338,093677,086054
0000000528,0000527000,-22443,034388,025632,075454,091191,089835
0000000529,0000528000,-17480,012418,044895,072511,088045,093083
0000000530,0000529000,-10465,-10466,060070,070844,084625,095548
0000000531,0000530000,-02692,-30797,070087,070576,081180,096912
0000000532,0000531000,007460,-49394,071549,071777,078094,097100
0000000533,0000532000,016461,-60689,068318,074305,075656,096066
0000000534,0000533000,025197,-67309,056437,077907,074095,093895
0000000535,0000534000,031263,-65665,040480,082254,073595,090830
0000000536,0000535000,035504,-57801,020839,086868,074166,087111
0000000537,0000536000,037171,-44623,-01246,091333,075825,083161
0000000538,0000537000,034702,-25364,-21888,095180,078351,079319
0000000539,0000538000,030775,-05167,-41779,098055,081525,075985
0000000540,0000539000,023701,017531,-55698,099670,085050,073488
0000000541,0000540000,015380,037819,-65392,099846,088553,072048
0000000542,0000541000,005801,054999,-67882,098599,091730,071850
0000000543,0000542000,-03540,067199,-62935,096011,094230,072863
0000000544,0000543000,-11205,072217,-52912,092368,095854,075044
0000000545,0000544000,-18185,071902,-36416,088018,096401,078158
0000000546,0000545000,-21682,063375,-17647,083402,095817,081904
0000000547,0000546000,-22825,050400,003830,078985,094177,085937
0000000548,0000547000,-20925,032523,024279,075176,091599,089835
0000000549,0000548000,-16387,011524,042505,072381,088373,093251
0000000550,0000549000,-09770,-09456,057422,070845,084779,095809
0000000551,0000550000,-00760,-30033,065459,070739,081191,097294
0000000552,0000551000,008021,-46118,068392,072072,077947,097548
0000000553,0000552000,017315,-58227,063692,074710,075352,096525
0000000554,0000553000,025361,-63336,053313,078405,073691,094351
0000000555,0000554000,031425,-61964,038009,082761,073095,091204
0000000556,0000555000,035174,-54936,018943,087372,073664,087410
0000000557,0000556000,035737,-41259,-00904,091761,075325,083315
0000000558,0000557000,034185,-24265,-21502,095503,077928,079337
0000000559,0000558000,029214,-03873,-38775,098236,081229,075868
0000000560,0000559000,022370,016716,-52744,099680,084886,073222
0000000561,0000560000,014052,036254,-61304,099709,088570,071694
0000000562,0000561000,004768,052621,-63124,098294,091897,071407
0000000563,0000562000,-04021,063257,-59181,095592,094568,072410
0000000564,0000563000,-12111,068941,-48633,091864,096303,074599
0000000565,0000564000,-17676,067351,-34069,087481,096926,077772
0000000566,0000565000,-21258,060055,-15597,082891,096388,081630
0000000567,0000566000,-21984,047328,003962,078536,094710,085776
0000000568,0000567000,-19650,030290,022966,074861,092072,089836
0000000569,0000568000,-15042,011057,040469,072208,088715,093387
0000000570,0000569000,-07973,-09481,053267,070849,084977,096093
0000000571,0000570000,000191,-27865,061491,070921,081214,097689
0000000572,0000571000,009438,-43677,063313,072411,077787,098008
0000000573,0000572000,018166,-54379,059145,075185,075049,097030
0000000574,0000573000,025602,-59024,049256,078953,073244,094827
0000000575,0000574000,031435,-57989,034588,083351,072573,091628
0000000576,0000575000,034471,-50504,017494,087928,073101,087726
0000000577,0000576000,035033,-38323,-01744,092233,074784,083504
0000000578,0000577000,032537,-21720,-20017,095847,077465,079381
0000000579,0000578000,027771,-03070,-36286,098406,080875,075745
0000000580,0000579000,020886,016312,-48945,099670,084702,072971
0000000581,0000580000,012371,034654,-56354,099500,088553,071316
0000000582,0000581000,003634,049219,-58262,097919,092067,070954
0000000583,0000582000,-05039,059673,-53765,095078,094900,071919
0000000584,0000583000,-12283,064121,-44443,091259,096767,074121
0000000585,0000584000,-17751,062770,-30406,086853,097489,077359
0000000586,0000585000,-20643,055664,-13520,082291,096979,081305
0000000587,0000586000,-20725,043575,004289,078035,095292,085595
0000000588,0000587000,-18371,027982,022060,074498,092576,089799
0000000589,0000588000,-13252,009592,037386,072031,089100,093508
0000000590,0000589000,-06350,-08801,049367,070877,085203,096362
0000000591,0000590000,001980,-26154,056240,071147,081254,098076
0000000592,0000591000,010709,-40440,057782,072825,077650,098486
0000000593,0000592000,019017,-49986,053689,075738,074732,097538
0000000594,0000593000,026210,-54297,044154,079600,072794,095335
0000000595,0000594000,031151,-52682,031043,084019,072024,092076
0000000596,0000595000,033864,-45947,014885,088555,072509,088074
0000000597,0000596000,033765,-34136,-02220,092758,074208,083726
0000000598,0000597000,031048,-18988,-18843,096209,076953,079445
0000000599,0000598000,025949,-01808,-33413,098574,080493,075658
0000000600,0000599000,018877,016155,-44418,099615,084472,072728
0000000601,0000600000,010779,032463,-51050,099230,088510,070951
0000000602,0000601000,002068,045958,-52018,097454,092214,070499
0000000603,0000602000,-05993,054942,-47979,094461,095219,071416
0000000604,0000603000,-12767,058876,-39020,090556,097235,073627
0000000605,0000604000,-17558,057245,-26155,086124,098053,076911
0000000606,0000605000,-19833,050359,-11035,081616,097596,080957
0000000607,0000606000,-19562,039352,005197,077476,095895,085371
0000000608,0000607000,-16523,024660,020714,074114,093113,089726
0000000609,0000608000,-11349,008225,034431,071863,089521,093596
0000000610,0000609000,-04301,-08595,044552,070941,085460,096597
0000000611,0000610000,003868,-24120,050374,071447,081330,098445
0000000612,0000611000,012261,-36695,051370,073327,077531,098944
0000000613,0000612000,020157,-45152,047058,076398,074437,098051
0000000614,0000613000,026552,-48436,038488,080350,072347,095847
0000000615,0000614000,031051,-46835,026334,084786,071471,092541
0000000616,0000615000,032994,-40163,012027,089263,071905,088454
0000000617,0000616000,032335,-29344,-03166,093331,073605,083978
0000000618,0000617000,029204,-15607,-17673,096592,076417,079553
0000000619,0000618000,023781,000045,-30080,098721,080069,075605
0000000620,0000619000,016756,015852,-39543,099509,084206,072525
0000000621,0000620000,008645,030406,-44607,098878,088428,070616
0000000622,0000621000,000450,041980,-45096,096885,092322,070063
0000000623,0000622000,-07124,049699,-40969,093733,095512,070928
0000000624,0000623000,-13279,052704,-32650,089734,097677,073127
0000000625,0000624000,-17294,050666,-21186,085294,098609,076451
0000000626,0000625000,-18947,044307,-07716,080857,098209,080577
0000000627,0000626000,-17950,033985,006205,076866,096509,085109
0000000628,0000627000,-14567,020886,019622,073717,093671,089607
0000000629,0000628000,-09020,006235,030978,071718,089967,093628
0000000630,0000629000,-01907,-08490,039203,071071,085755,096784
0000000631,0000630000,006017,-21868,043694,071837,081443,098762
0000000632,0000631000,014085,-32630,043744,073945,077455,099366
0000000633,0000632000,021320,-39378,039555,077183,074177,098535
0000000634,0000633000,027094,-41863,031568,081223,071930,096347
0000000635,0000634000,030739,-39784,020864,085662,070942,093013
0000000636,0000635000,031965,-33424,008413,090051,071308,088851
0000000637,0000636000,030686,-23637,-04496,093954,073002,084269
0000000638,0000637000,026966,-11333,-16439,096982,075863,079708
0000000639,0000638000,021316,002232,-26616,098836,079618,075612
0000000640,0000639000,014172,015907,-33823,099332,083902,072384
0000000641,0000640000,006325,028053,-37396,098420,088298,070340
0000000642,0000641000,-01475,037606,-37005,096191,092382,069682
0000000643,0000642000,-08418,043667,-32776,092867,095750,070476
0000000644,0000643000,-13740,045468,-25221,088783,098074,072650
0000000645,0000644000,-17006,043137,-15111,084350,099125,075991
0000000646,0000645000,-17792,036974,-03811,080016,098795,080178
0000000647,0000646000,-16129,027720,007782,076212,097111,084808
0000000648,0000647000,-12169,016209,018501,073317,094231,089428
0000000649,0000648000,-06319,003703,027226,071619,090435,093591
0000000650,0000649000,000812,-08567,033246,071285,086084,096890
0000000651,0000650000,008578,-19563,035940,072349,081606,099001
0000000652,0000651000,016096,-27920,035078,074705,077435,099714
0000000653,0000652000,022676,-32923,030689,078117,073978,098959
0000000654,0000653000,027594,-34160,023514,082241,071576,096809
0000000655,0000654000,030357,-31569,014301,086659,070464,093468
0000000656,0000655000,030727,-25527,003973,090928,070755,089261
0000000657,0000656000,028646,-16751,-06214,094620,072424,084596
0000000658,0000657000,024412,-06246,-15408,097367,075316,079924
0000000659,0000658000,018384,005138,-22728,098896,079152,075699
0000000660,0000659000,011218,016126,-27482,099056,083560,072335
0000000661,0000660000,003622,025604,-29150,097830,088114,070162
0000000662,0000661000,-03652,032731,-27669,095341,092370,069391
0000000663,0000662000,-09814,036708,-23299,091840,095911,070102
0000000664,0000663000,-14278,037208,-16413,087680,098390,072227
0000000665,0000664000,-16533,034271,-07996,083281,099565,075558
0000000666,0000665000,-16417,028424,001050,079088,099318,079775
0000000667,0000666000,-13939,020221,009841,075521,097666,084468
0000000668,0000667000,-09360,010557,017479,072936,094770,089182
0000000669,0000668000,-03183,000533,023211,071590,090906,093459
0000000670,0000669000,004010,-09009,026515,071617,086446,096884
0000000671,0000670000,011448,-17047,027192,073014,081826,099119
0000000672,0000671000,018414,-22739,025052,075639,077495,099945
0000000673,0000672000,024159,-25537,020466,079230,073875,099282
0000000674,0000673000,028091,-25279,014062,083421,071320,097192
0000000675,0000674000,029834,-22042,006484,087789,070084,093879
0000000676,0000675000,029185,-16216,-01345,091893,070287,089664
0000000677,0000676000,026265,-08645,-08570,095319,071912,084957
0000000678,0000677000,021358,-00035,-14472,097726,074807,080212
0000000679,0000678000,014992,008732,-18565,098872,078691,075892
0000000680,0000679000,007809,016686,-20389,098645,083189,072418
0000000681,0000680000,000522,023069,-19795,097067,087866,070127
0000000682,0000681000,-06088,027264,-17014,094299,092265,069244
0000000683,0000682000,-11374,028857,-12278,090620,095956,069857
0000000684,0000683000,-14759,027665,-06194,086403,098580,071905
0000000685,0000684000,-15915,024029,000456,082076,099879,075189
0000000686,0000685000,-14723,018394,006914,078076,099724,079389
0000000687,0000686000,-11315,011353,012518,074806,098130,084097
0000000688,0000687000,-06076,003805,016655,072596,095248,088856
0000000689,0000688000,000485,-03482,018860,071666,091356,093205
0000000690,0000689000,007664,-09783,019079,072107,086831,096722
0000000691,0000690000,014747,-14462,017267,073874,082112,099061
0000000692,0000691000,020998,-16987,013632,076789,077659,099998
0000000693,0000692000,025765,-17180,008696,080554,073905,099440
0000000694,0000693000,028567,-15116,003037,084788,071218,097443
0000000695,0000694000,029091,-10991,-02680,089061,069861,094201
0000000696,0000695000,027312,-05411,-07771,092940,069964,090032
0000000697,0000696000,023405,000940,-11579,096032,071522,085342
0000000698,0000697000,017791,007372,-13762,098026,074382,080584
0000000699,0000698000,011055,013172,-14104,098722,078267,076223
0000000700,0000699000,003883,017678,-12525,098052,082803,072680
0000000701,0000700000,-02969,020441,-09314,096085,087548,070299
0000000702,0000701000,-08818,021258,-04862,093021,092040,069312
0000000703,0000702000,-13034,019975,000331,089173,095842,069812
0000000704,0000703000,-15189,016809,005642,084931,098584,071750
0000000705,0000704000,-15055,012225,010354,080726,099998,074935
0000000706,0000705000,-12637,006731,013916,076988,099946,079055
0000000707,0000706000,-08206,001000,015929,074094,098434,083708
0000000708,0000707000,-02208,-04244,016039,072338,095609,088441
0000000709,0000708000,004712,-08383,014269,071895,091746,092796
0000000710,0000709000,011846,-11022,010865,072809,087219,096350
0000000711,0000710000,018456,-11818,006174,074984,082469,098759
0000000712,0000711000,023847,-10674,000743,078198,077957,099793
0000000713,0000712000,027472,-07824,-04742,082124,074122,099353
0000000714,0000713000,028933,-03556,-09623,086362,071338,097485
0000000715,0000714000,028085,001637,-13356,090479,069874,094372
0000000716,0000715000,025001,007081,-15369,094055,069873,090324
0000000717,0000716000,020006,012091,-15359,096726,071332,085733
0000000718,0000717000,013624,016096,-13317,098221,074109,081049
0000000719,0000718000,006518,018566,-09376,098390,077930,076727
0000000720,0000719000,-00559,019140,-03941,097217,082425,073183
0000000721,0000720000,-06883,017810,002344,094826,087157,070758
0000000722,0000721000,-11784,014689,008756,091460,091664,069685
0000000723,0000722000,-14757,010090,014604,087464,095511,070063
0000000724,0000723000,-15484,004576,019141,083246,098324,071851
0000000725,0000724000,-13869,-01212,021764,079237,099830,074872
0000000726,0000725000,-10083,-06618,022149,075848,099884,078826
0000000727,0000726000,-04503,-10964,020105,073425,098485,083326
0000000728,0000727000,002279,-13625,015726,072216,095774,087930
0000000729,0000728000,009553,-14270,009455,072342,092016,092193
0000000730,0000729000,016555,-12764,001943,073788,087580,095703
0000000731,0000730000,022548,-09163,-06037,076403,082897,098124
0000000732,0000731000,026915,-03870,-13584,079918,078422,099228
0000000733,0000732000,029187,002527,-19783,083972,074588,098913
0000000734,0000733000,029120,009359,-23944,088152,071767,097215
0000000735,0000734000,026701,015872,-25519,092028,070230,094307
0000000736,0000735000,022169,021251,-24173,095202,070123,090476
0000000737,0000736000,015988,024836,-19941,097347,071453,086100
0000000738,0000737000,008802,026162,-13172,098243,074083,081610
0000000739,0000738000,001376,024915,-04474,097801,077751,077442
0000000740,0000739000,-05514,021138,005290,096068,082097,073996
0000000741,0000740000,-11141,015191,015036,093226,086697,071599
0000000742,0000741000,-14915,007658,023719,089567,091105,070477
0000000743,0000742000,-16437,-00701,030385,085467,094896,070729
0000000744,0000743000,-15525,-08957,034190,081348,097703,072324
0000000745,0000744000,-12259,-16182,034621,077632,099258,075098
0000000746,0000745000,-06952,-21583,031524,074705,099413,078775
0000000747,0000746000,-00152,-24442,025054,072868,098161,082988
0000000748,0000747000,007428,-24301,015739,072312,095633,087324
0000000749,0000748000,014987,-21087,004505,073091,092083,091359
0000000750,0000749000,021725,-15003,-07529,075123,087863,094707
0000000751,0000750000,026935,-06575,-19155,078195,083386,097052
0000000752,0000751000,030065,003332,-29073,081989,079084,098179
0000000753,0000752000,030781,013686,-36172,086114,075374,097987
0000000754,0000753000,028981,023440,-39647,090147,072609,096506
0000000755,0000754000,024824,031496,-38970,093670,071055,093891
0000000756,0000755000,018721,036888,-34033,096317,070856,090404
0000000757,0000756000,011297,038977,-25229,097813,072022,086395
0000000758,0000757000,003336,037387,-13353,098001,074427,082260
0000000759,0000758000,-04322,032116,000507,096865,077826,078403
0000000760,0000759000,-10862,023604,014935,094524,081879,075193
0000000761,0000760000,-15599,012665,028430,091225,086189,072929
0000000762,0000761000,-18034,000331,039611,087309,090336,071819
0000000763,0000762000,-17890,-12154,047233,083180,093926,071954
0000000764,0000763000,-15158,-23438,050361,079265,096614,073309
0000000765,0000764000,-10082,-32319,048531,075970,098146,075740
0000000766,0000765000,-03167,-37779,041776,073639,098382,078998
0000000767,0000766000,004873,-39080,030605,072519,097310,082756
0000000768,0000767000,013190,-35953,016055,072726,095050,086640
0000000769,0000768000,020900,-28605,-00434,074237,091837,090268
0000000770,0000769000,027189,-17651,-17249,076892,087997,093295
0000000771,0000770000,031396,-04103,-32691,080411,083907,095441
0000000772,0000771000,033077,010699,-45142,084431,079964,096515
0000000773,0000772000,032030,025293,-53254,088534,076544,096430
0000000774,0000773000,028328,038180,-56078,092296,073972,095211
0000000775,0000774000,022317,047935,-53131,095324,072489,092992
0000000776,0000775000,014589,053419,-44502,097298,072227,090002
0000000777,0000776000,005954,053936,-30962,098009,073198,086546
0000000778,0000777000,-02677,049292,-13780,097381,075288,082971
0000000779,0000778000,-10386,039811,005378,095482,078276,079627
0000000780,0000779000,-16359,026381,024577,092513,081855,076832
0000000781,0000780000,-19974,010275,041898,088785,085669,074844
0000000782,0000781000,-20846,-07012,055616,084686,089349,073834
0000000783,0000782000,-18857,-23750,064253,080643,092546,073877
0000000784,0000783000,-14163,-38192,066741,077074,094957,074951
0000000785,0000784000,-07210,-48813,062680,074356,096361,076932
0000000786,0000785000,001309,-54368,052261,072777,096636,079610
0000000787,0000786000,010503,-54080,036363,072508,095772,082710
0000000788,0000787000,019389,-47881,016562,073579,093874,085918
0000000789,0000788000,027028,-36327,-05162,075876,091152,088918
0000000790,0000789000,032612,-20459,-26670,079154,087888,091424
0000000791,0000790000,035572,-01794,-45843,083070,084409,093212
0000000792,0000791000,035588,017889,-60752,087216,081054,094130
0000000793,0000792000,032623,036689,-69850,091160,078140,094115
0000000794,0000793000,026931,052682,-72052,094491,075939,093194
0000000795,0000794000,019052,064136,-66906,096855,074649,091477
0000000796,0000795000,009781,069706,-54721,097999,074378,089153
0000000797,0000796000,000091,068649,-36587,097795,075133,086464
0000000798,0000797000,-08977,060952,-14299,096264,076812,083687
0000000799,0000798000,-16459,047335,009898,093569,079229,081094
0000000800,0000799000,-21579,029127,033573,089995,082124,078932
0000000801,0000800000,-23821,008047,054434,085918,085205,077392
0000000802,0000801000,-22938,-13944,070468,081763,088169,076599
0000000803,0000802000,-18980,-34700,079982,077963,090739,076599
0000000804,0000803000,-12303,-52107,081854,074918,092677,077364
0000000805,0000804000,-03537,-64336,075691,072953,093814,078792
0000000806,0000805000,006423,-69921,061873,072282,094060,080722
0000000807,0000806000,016522,-68077,041624,072983,093418,082945
0000000808,0000807000,025675,-58937,017026,074984,091976,085231
0000000809,0000808000,032906,-43406,-09392,078072,089906,087353
0000000810,0000809000,037480,-22993,-35039,081919,087434,089112
0000000811,0000810000,038943,000350,-57433,086121,084815,090356
0000000812,0000811000,037128,024424,-74403,090239,082306,090990
0000000813,0000812000,032181,046941,-84236,093844,080145,090987
0000000814,0000813000,024550,065639,-85797,096554,078525,090380
0000000815,0000814000,014963,078510,-78668,098076,077582,089260
0000000816,0000815000,004410,084037,-63344,098241,077383,087762
0000000817,0000816000,-05987,081467,-41236,097024,077917,086056
0000000818,0000817000,-15111,070983,-14601,094551,079101,084320
0000000819,0000818000,-21985,053680,013767,091087,080788,082729
0000000820,0000819000,-25925,031311,041061,087000,082786,081431
0000000821,0000820000,-26557,005970,064730,082718,084882,080532
0000000822,0000821000,-23796,-19958,082473,078687,086870,080091
0000000823,0000822000,-17878,-43958,092481,075331,088562,080117
0000000824,0000823000,-09351,-63699,093681,073007,089809,080570
0000000825,0000824000,000960,-77085,085702,071969,090515,081367
0000000826,0000825000,011980,-82481,069070,072337,090642,082401
0000000827,0000826000,022534,-79194,045380,074079,090210,083547
0000000828,0000827000,031505,-67533,017082,077014,089298,084678
0000000829,0000828000,037904,-48681,-12849,080826,088027,085683
0000000830,0000829000,041121,-24629,-41428,085111,086549,086468
0000000831,0000830000,040889,002352,-66045,089421,085030,086976
0000000832,0000831000,037176,029788,-84286,093306,083622,087188
0000000833,0000832000,030331,054940,-94335,096357,082458,087117
0000000834,0000833000,020989,075440,-95126,098247,081637,086813
0000000835,0000834000,010087,089114,-86381,098764,081208,086347
0000000836,0000835000,-01244,094286,-68693,097845,081181,085800
0000000837,0000836000,-11808,090348,-43789,095579,081520,085249
0000000838,0000837000,-20449,077655,-14304,092205,082152,084764
0000000839,0000838000,-26275,057581,016771,088084,082984,084394
0000000840,0000839000,-28682,032205,046125,083654,083903,084167
0000000841,0000840000,-27566,004004,071310,079378,084798,084092
0000000842,0000841000,-22911,-24531,089780,075699,085574,084142
0000000843,0000842000,-15198,-50445,099636,073009,086160,084279
0000000844,0000843000,-05189,-71311,099998,071599,086509,084446
0000000845,0000844000,006177,-85056,090573,071630,086621,084580
0000000846,0000845000,017635,-89859,072134,073109,086523,084629
0000000847,0000846000,028022,-85322,046431,075885,086263,084561
0000000848,0000847000,036180,-71842,016270,079664,085912,084370
0000000849,0000848000,041294,-50837,-15312,084041,085535,084071
0000000850,0000849000,042860,-24625,-45051,088553,085201,083703
0000000851,0000850000,040778,004384,-70250,092731,084965,083313
0000000852,0000851000,035275,033415,-88608,096139,084859,082971
0000000853,0000852000,026775,059681,-98066,098412,084894,082746
0000000854,0000853000,016218,080537,-97937,099302,085053,082701
0000000855,0000854000,004609,093952,-87955,098704,085291,082893
0000000856,0000855000,-06803,098347,-69018,096670,085541,083342
0000000857,0000856000,-16780,093222,-43110,093412,085738,084035
0000000858,0000857000,-24333,079210,-12769,089276,085815,084918
0000000859,0000858000,-28584,057648,018686,084705,085734,085902
0000000860,0000859000,-29240,031108,048147,080180,085470,086890
0000000861,0000860000,-26247,001893,072912,076172,085026,087769
0000000862,0000861000,-19892,-27205,090720,073101,084437,088426
0000000863,0000862000,-10771,-53173,099603,071295,083755,088760
0000000864,0000863000,000191,-73596,098816,070956,083059,088701
0000000865,0000864000,011815,-86395,088497,072130,082447,088200
0000000866,0000865000,022966,-90202,069410,074701,082021,087265
0000000867,0000866000,032357,-84539,043695,078400,081869,085956
0000000868,0000867000,039076,-70235,013948,082831,082049,084387
0000000869,0000868000,042417,-48650,-16776,087524,082582,082712
0000000870,0000869000,042082,-22134,-45357,091984,083441,081099
0000000871,0000870000,038201,006610,-69117,095747,084566,079720
0000000872,0000871000,031076,035055,-85852,098419,085861,078733
0000000873,0000872000,021467,060288,-93950,099712,087201,078269
0000000874,0000873000,010337,079744,-92531,099479,088447,078413
0000000875,0000874000,-01143,091564,-81842,097735,089450,079198
0000000876,0000875000,-11749,094597,-63070,094658,090070,080593
0000000877,0000876000,-20368,088558,-38087,090574,090199,082492
0000000878,0000877000,-26092,074116,-09502,085919,089780,084724
0000000879,0000878000,-28403,052919,019780,081186,088821,087070
0000000880,0000879000,-27067,027153,046711,076873,087385,089297
0000000881,0000880000,-22305,-00603,068900,073429,085592,091175
0000000882,0000881000,-14542,-27783,084227,071216,083605,092498
0000000883,0000882000,-04597,-51585,091125,070475,081613,093106
0000000884,0000883000,006481,-69564,089020,071290,079816,092904
0000000885,0000884000,017572,-80138,078224,073586,078417,091865
0000000886,0000885000,027425,-82208,060027,077123,077592,090049
0000000887,0000886000,035042,-75743,036286,081524,077464,087604
0000000888,0000887000,039657,-61531,009501,086322,078091,084754
0000000889,0000888000,040810,-41112,-17523,091006,079445,081775
0000000890,0000889000,038471,-16673,-42240,095085,081422,078964
0000000891,0000890000,032864,009475,-62221,098135,083846,076606
0000000892,0000891000,024608,034665,-75603,099834,086494,074951
0000000893,0000892000,014526,056401,-81083,099998,089115,074188
0000000894,0000893000,003677,072491,-78211,098601,091443,074425
0000000895,0000894000,-06734,081358,-67472,095785,093231,075678
0000000896,0000895000,-15631,082366,-50140,091848,094269,077862
0000000897,0000896000,-22057,075520,-28196,087208,094414,080793
0000000898,0000897000,-25406,061755,-03873,082362,093613,084198
0000000899,0000898000,-25351,042560,020328,077820,091910,087749
0000000900,0000899000,-21968,019926,042062,074061,089447,091095
0000000901,0000900000,-15646,-03854,059250,071474,086446,093898
0000000902,0000901000,-02421,012121,074712,070124,084918,095642
0000000903,0000902000,013272,012212,072755,070897,084918,096993
0000000904,0000903000,010740,013461,075876,071983,084918,096110
0000000905,0000904000,017993,013617,058953,075872,084918,094629
0000000906,0000905000,045489,017459,045022,079436,084918,091774
0000000907,0000906000,035075,013352,031040,084402,084918,088695
0000000908,0000907000,004264,-11704,-22316,085234,084918,084626
0000000909,0000908000,001414,-16389,-22924,085234,084918,084626
0000000910,0000909000,008109,-10721,-16299,085234,084918,084626
0000000911,0000910000,019857,000061,-04434,085234,084918,084626
0000000912,0000911000,028567,007873,004549,085234,084918,084626
0000000913,0000912000,028837,007320,005229,085234,084918,084626
0000000914,0000913000,021437,-00827,-01634,085234,084918,084626
0000000915,0000914000,012060,-10870,-10355,085234,084918,084626
0000000916,0000915000,007174,-16341,-14490,085234,084918,084626
0000000917,0000916000,009533,-14487,-11309,085234,084918,084626
0000000918,0000917000,016804,-07640,-03157,085234,084918,084626
0000000919,0000918000,023542,-01246,004510,085234,084918,084626
0000000920,0000919000,025202,000145,007132,085234,084918,084626
0000000921,0000920000,021011,-04241,003919,085234,084918,084626
0000000922,0000921000,014179,-11199,-01935,085234,084918,084626
0000000923,0000922000,009315,-16124,-05830,085234,084918,084626
0000000924,0000923000,009276,-16162,-04917,085234,084918,084626
0000000925,0000924000,013397,-11986,000127,085234,084918,084626
0000000926,0000925000,018321,-06956,005936,085234,084918,084626
0000000927,0000926000,020467,-04660,008920,085234,084918,084626
0000000928,0000927000,018469,-06468,007710,085234,084918,084626
0000000929,0000928000,013847,-10868,003819,085234,084918,084626
0000000930,0000929000,009733,-14731,000376,085234,084918,084626
0000000931,0000930000,008611,-15578,-00138,085234,084918,084626
0000000932,0000931000,010747,-13150,002539,085234,084918,084626
0000000933,0000932000,014212,-09380,006480,085234,084918,084626
0000000934,0000933000,016403,-06876,009080,085234,084918,084626
0000000935,0000934000,015825,-07137,008845,085234,084918,084626
0000000936,0000935000,012995,-09651,006294,085234,084918,084626
0000000937,0000936000,009887,-12448,003401,085234,084918,084626
0000000938,0000937000,008484,-13545,002155,085234,084918,084626
0000000939,0000938000,009452,-12283,003223,085234,084918,084626
0000000940,0000939000,011829,-09626,005646,085234,084918,084626
0000000941,0000940000,013822,-07368,007636,085234,084918,084626
0000000942,0000941000,014085,-06857,007851,085234,084918,084626
0000000943,0000942000,012569,-08143,006246,085234,084918,084626
0000000944,0000943000,010429,-10073,003981,085234,084918,084626
0000000945,0000944000,009133,-11181,002527,085234,084918,084626
0000000946,0000945000,009454,-10693,002664,085234,084918,084626
0000000947,0000946000,011024,-08978,004026,085234,084918,084626
0000000948,0000947000,012688,-07189,005464,085234,084918,084626
0000000949,0000948000,013351,-06423,005888,085234,084918,084626
0000000950,0000949000,012701,-06991,004987,085234,084918,084626
0000000951,0000950000,011335,-08294,003365,085234,084918,084626
0000000952,0000951000,010277,-09309,002047,085234,084918,084626
0000000953,0000952000,010247,-09313,001758,085234,084918,084626
0000000954,0000953000,011216,-08335,002471,085234,084918,084626
0000000955,0000954000,012494,-07064,003500,085234,084918,084626
0000000956,0000955000,013255,-06323,004021,085234,084918,084626
0000000957,0000956000,013101,-06511,003638,085234,084918,084626
0000000958,0000957000,012281,-07376,002601,085234,084918,084626
0000000959,0000958000,011463,-08247,001581,085234,084918,084626
0000000960,0000959000,011249,-08525,001180,085234,084918,084626
0000000961,0000960000,011775,-08068,001535,085234,084918,084626
0000000962,0000961000,012671,-07247,002278,085234,084918,084626
0000000963,0000962000,013353,-06644,002825,085234,084918,084626
0000000964,0000963000,013436,-06643,002789,085234,084918,084626
0000000965,0000964000,012966,-07196,002218,085234,084918,084626
0000000966,0000965000,012351,-07896,001520,085234,084918,084626
0000000967,0000966000,012051,-08279,001153,085234,084918,084626
0000000968,0000967000,012267,-08145,001319,085234,084918,084626
0000000969,0000968000,012834,-07657,001851,085234,084918,084626
0000000970,0000969000,013364,-07204,002362,085234,084918,084626
0000000971,0000970000,013529,-07111,002520,085234,084918,084626
0000000972,0000971000,013272,-07437,002270,085234,084918,084626
0000000973,0000972000,012819,-07953,001834,085234,084918,084626
0000000974,0000973000,012501,-08330,001544,085234,084918,084626
0000000975,0000974000,012523,-08361,001603,085234,084918,084626
0000000976,0000975000,012840,-08091,001965,085234,084918,084626
0000000977,0000976000,013213,-07760,002390,085234,084918,084626
0000000978,0000977000,013386,-07624,002620,085234,084918,084626
0000000979,0000978000,013258,-07782,002554,085234,084918,084626
0000000980,0000979000,012938,-08127,002298,085234,084918,084626
0000000981,0000980000,012648,-08436,002076,085234,084918,084626
0000000982,0000981000,012569,-08530,002065,085234,084918,084626
0000000983,0000982000,012720,-08388,002285,085234,084918,084626
0000000984,0000983000,012965,-08147,002599,085234,084918,084626
0000000985,0000984000,013118,-07995,002819,085234,084918,084626
0000000986,0000985000,013072,-08038,002837,085234,084918,084626
0000000987,0000986000,012861,-08241,002689,085234,084918,084626
0000000988,0000987000,012628,-08465,002515,085234,084918,084626
0000000989,0000988000,012514,-08565,002458,085234,084918,084626
0000000990,0000989000,012569,-08495,002564,085234,084918,084626
0000000991,0000990000,012725,-08322,002768,085234,084918,084626
0000000992,0000991000,012854,-08174,002940,085234,084918,084626
0000000993,0000992000,012859,-08148,002983,085234,084918,084626
0000000994,0000993000,012736,-08250,002895,085234,084918,084626
0000000995,0000994000,012568,-08396,002756,085234,084918,084626
0000000996,0000995000,012460,-08482,002672,085234,084918,084626
0000000997,0000996000,012467,-08452,002700,085234,084918,084626
0000000998,0000997000,012565,-08333,002813,085234,084918,084626
0000000999,0000998000,012671,-08205,002930,085234,084918,084626
0000001000,0000999000,012706,-08149,002973,085234,084918,084626
0000001001,0001000000,012649,-08187,002919,085234,084918,084626
0000001002,0001001000,012540,-08276,002811,085234,084918,084626
0000001003,0001002000,012454,-08345,002722,085234,084918,084626
0000001004,0001003000,012442,-08341,002704,085234,084918,084626
0000001005,0001004000,012503,-08265,002757,085234,084918,084626
0000001006,0001005000,012587,-08167,002830,085234,084918,084626
0000001007,0001006000,012636,-08106,002867,085234,084918,084626
0000001008,0001007000,012621,-08111,002837,085234,084918,084626
0000001009,0001008000,012559,-08165,002759,085234,084918,084626
0000001010,0001009000,012497,-08219,002680,085234,084918,084626
0000001011,0001010000,012479,-08231,002645,085234,084918,084626
0000001012,0001011000,012515,-08190,002663,085234,084918,084626
0000001013,0001012000,012579,-08123,002708,085234,084918,084626
0000001014,0001013000,012628,-08072,002739,085234,084918,084626
0000001015,0001014000,012635,-08064,002729,085234,084918,084626
0000001016,0001015000,012604,-08096,002679,085234,084918,084626
0000001017,0001016000,012562,-08139,002620,085234,084918,084626
0000001018,0001017000,012542,-08161,002585,085234,084918,084626
0000001019,0001018000,012561,-08146,002588,085234,084918,084626
0000001020,0001019000,012604,-08106,002617,085234,084918,084626
0000001021,0001020000,012646,-08069,002645,085234,084918,084626
0000001022,0001021000,012662,-08058,002649,085234,084918,084626
0000001023,0001022000,012647,-08077,002624,085234,084918,084626
0000001024,0001023000,012619,-08111,002586,085234,084918,084626
0000001025,0001024000,012600,-08136,002559,085234,084918,084626
0000001026,0001025000,012605,-08136,002557,085234,084918,084626
0000001027,0001026000,012632,-08116,002577,085234,084918,084626
0000001028,0001027000,012662,-08091,002603,085234,084918,084626
0000001029,0001028000,012679,-08081,002615,085234,084918,084626
0000001030,0001029000,012673,-08092,002607,085234,084918,084626
0000001031,0001030000,012654,-08117,002586,085234,084918,084626
0000001032,0001031000,012636,-08140,002568,085234,084918,084626
0000001033,0001032000,012633,-08147,002565,085234,084918,084626
0000001034,0001033000,012646,-08139,002580,085234,084918,084626
0000001035,0001034000,012666,-08123,002601,085234,084918,084626
0000001036,0001035000,012679,-08114,002617,085234,084918,084626
0000001037,0001036000,012677,-08119,002618,085234,084918,084626
0000001038,0001037000,012664,-08135,002609,085234,084918,084626
0000001039,0001038000,012648,-08153,002597,085234,084918,084626
0000001040,0001039000,012641,-08163,002594,085234,084918,084626
0000001041,0001040000,012646,-08160,002603,085234,084918,084626
0000001042,0001041000,012657,-08150,002619,085234,084918,084626
0000001043,0001042000,012667,-08141,002634,085234,084918,084626
0000001044,0001043000,012667,-08142,002639,085234,084918,084626
0000001045,0001044000,012658,-08151,002635,085234,084918,084626
0000001046,0001045000,012646,-08163,002627,085234,084918,084626
0000001047,0001046000,012638,-08171,002624,085234,084918,084626
0000001048,0001047000,012637,-08171,002628,085234,084918,084626
0000001049,0001048000,012644,-08164,002638,085234,084918,084626
0000001050,0001049000,012650,-08156,002649,085234,084918,084626
0000001051,0001050000,012652,-08154,002654,085234,084918,084626
0000001052,0001051000,012647,-08158,002653,085234,084918,084626
0000001053,0001052000,012638,-08165,002647,085234,084918,084626
0000001054,0001053000,012631,-08171,002642,085234,084918,084626
0000001055,0001054000,012629,-08171,002643,085234,084918,084626
0000001056,0001055000,012632,-08166,002648,085234,084918,084626
0000001057,0001056000,012637,-08160,002655,085234,084918,084626
0000001058,0001057000,012640,-08156,002659,085234,084918,084626
0000001059,0001058000,012638,-08156,002658,085234,084918,084626
0000001060,0001059000,012632,-08160,002654,085234,084918,084626
0000001061,0001060000,012627,-08164,002649,085234,084918,084626
0000001062,0001061000,012625,-08165,002647,085234,084918,084626
0000001063,0001062000,012627,-08162,002649,085234,084918,084626
0000001064,0001063000,012631,-08157,002652,085234,084918,084626
0000001065,0001064000,012633,-08153,002655,085234,084918,084626
0000001066,0001065000,012633,-08152,002654,085234,084918,084626
0000001067,0001066000,012631,-08153,002651,085234,084918,084626
0000001068,0001067000,012627,-08156,002646,085234,084918,084626
0000001069,0001068000,012626,-08157,002644,085234,084918,084626
0000001070,0001069000,012627,-08155,002644,085234,084918,084626
0000001071,0001070000,012629,-08152,002645,085234,084918,084626
0000001072,0001071000,012632,-08149,002647,085234,084918,084626
0000001073,0001072000,012633,-08147,002647,085234,084918,084626
0000001074,0001073000,012632,-08148,002644,085234,084918,084626
0000001075,0001074000,012630,-08150,002641,085234,084918,084626
0000001076,0001075000,012629,-08151,002639,085234,084918,084626
0000001077,0001076000,012629,-08151,002638,085234,084918,084626
0000001078,0001077000,012631,-08149,002639,085234,084918,084626
0000001079,0001078000,012634,-08147,002640,085234,084918,084626
0000001080,0001079000,012635,-08145,002640,085234,084918,084626
0000001081,0001080000,012635,-08146,002639,085234,084918,084626
0000001082,0001081000,012634,-08147,002637,085234,084918,084626
0000001083,0001082000,012633,-08149,002635,085234,084918,084626
0000001084,0001083000,012633,-08149,002634,085234,084918,084626
0000001085,0001084000,012634,-08148,002635,085234,084918,084626
0000001086,0001085000,012636,-08147,002636,085234,084918,084626
0000001087,0001086000,012637,-08146,002637,085234,084918,084626
0000001088,0001087000,012637,-08146,002636,085234,084918,084626
0000001089,0001088000,012637,-08147,002635,085234,084918,084626
0000001090,0001089000,012636,-08149,002634,085234,084918,084626
0000001091,0001090000,012635,-08149,002634,085234,084918,084626
0000001092,0001091000,012636,-08149,002634,085234,084918,084626
0000001093,0001092000,012637,-08148,002635,085234,084918,084626
0000001094,0001093000,012638,-08148,002636,085234,084918,084626
0000001095,0001094000,012638,-08148,002636,085234,084918,084626
0000001096,0001095000,012638,-08149,002636,085234,084918,084626
0000001097,0001096000,012637,-08150,002635,085234,084918,084626
0000001098,0001097000,012636,-08150,002635,085234,084918,084626
0000001099,0001098000,012636,-08151,002635,085234,084918,084626
0000001100,0001099000,012637,-08150,002636,085234,084918,084626
0000001101,0001100000,012638,-08150,002637,085234,084918,084626
