0000000001,0000000000,089379,084798,074585,093298,089830,074229
0000000002,0000001000,086830,087232,074699,090283,092546,074528
0000000003,0000002000,083979,089087,075697,086983,094541,075833
0000000004,0000003000,081134,090149,077480,083728,095611,078019
0000000005,0000004000,078550,090332,079881,080823,095661,080873
0000000006,0000005000,076477,089625,082660,078563,094682,084113
0000000007,0000006000,075131,088095,085535,077169,092769,087419
0000000008,0000007000,074658,085864,088241,076774,090109,090474
0000000009,0000008000,075066,083186,090510,077415,086965,092978
0000000010,0000009000,076334,080319,092110,079033,083644,094680
0000000011,0000010000,078353,077520,092889,081470,080469,095418
0000000012,0000011000,080915,075072,092776,084484,077754,095120
0000000013,0000012000,083743,073240,091779,087783,075760,093814
0000000014,0000013000,086597,072170,089994,091042,074687,091629
0000000015,0000014000,089194,071975,087593,093944,074639,088775
0000000016,0000015000,091254,072693,084815,096202,075621,085535
0000000017,0000016000,092589,074234,081939,097600,077529,082228
0000000018,0000017000,093088,076441,079234,097994,080190,079173
0000000019,0000018000,092669,079128,076965,097351,083337,076670
0000000020,0000019000,091387,082011,075365,095734,086656,074967
0000000021,0000020000,089384,084792,074585,093300,089828,074230
0000000022,0000021000,086829,087233,074699,090280,092549,074528
0000000023,0000022000,083978,089089,075696,086984,094540,075834
0000000024,0000023000,081133,090149,077480,083727,095611,078019
0000000025,0000024000,078552,090329,079882,080824,095661,080873
0000000026,0000025000,076474,089629,082659,078562,094683,084113
0000000027,0000026000,075134,088092,085535,077169,092769,087419
0000000028,0000027000,074656,085865,088241,076773,090110,090474
0000000029,0000028000,075066,083186,090510,077414,086966,092977
0000000030,0000029000,076334,080318,092110,079032,083645,094681
0000000031,0000030000,078355,077518,092890,081469,080470,095418
0000000032,0000031000,080910,075076,092776,084484,077754,095120
0000000033,0000032000,083746,073238,091779,087782,075761,093814
0000000034,0000033000,086599,072168,089995,091041,074688,091629
0000000035,0000034000,089191,071977,087594,093942,074640,088775
0000000036,0000035000,091252,072694,084815,096203,075619,085535
0000000037,0000036000,092595,074228,081939,097599,077530,082229
0000000038,0000037000,093085,076443,079234,097993,080190,079174
0000000039,0000038000,092666,079131,076965,097350,083337,076671
0000000040,0000039000,091392,082006,075364,095734,086655,074968
0000000041,0000040000,089386,084791,074585,093298,089829,074230
0000000042,0000041000,086824,087239,074699,090281,092548,074529
0000000043,0000042000,083980,089086,075696,086984,094540,075834
0000000044,0000043000,081138,090145,077479,083727,095612,078019
0000000045,0000044000,078547,090334,079881,080823,095662,080873
0000000046,0000045000,076473,089630,082659,078563,094682,084113
0000000047,0000046000,075140,088088,085535,077169,092770,087419
0000000048,0000047000,074655,085867,088241,076772,090111,090474
0000000049,0000048000,075061,083191,090510,077415,086966,092977
0000000050,0000049000,076338,080314,092110,079033,083645,094680
0000000051,0000050000,078355,077517,092890,081467,080472,095418
0000000052,0000051000,080906,075080,092776,084484,077755,095120
0000000053,0000052000,083747,073237,091779,087782,075761,093814
0000000054,0000053000,086602,072164,089995,091039,074689,091629
0000000055,0000054000,089187,071981,087594,093941,074641,088775
0000000056,0000055000,091252,072694,084816,096202,075619,085536
0000000057,0000056000,092598,074224,081940,097598,077530,082230
0000000058,0000057000,093084,076444,079235,097992,080191,079175
0000000059,0000058000,092664,079133,076965,097350,083336,076672
0000000060,0000059000,091395,082002,075365,095734,086655,074969
0000000061,0000060000,089386,084791,074585,093297,089829,074231
0000000062,0000061000,086823,087241,074698,090281,092547,074529
0000000063,0000062000,083983,089085,075695,086985,094539,075834
0000000064,0000063000,081139,090144,077479,083727,095612,078019
0000000065,0000064000,078545,090337,079881,080823,095661,080873
0000000066,0000065000,076474,089630,082658,078564,094681,084112
0000000067,0000066000,075141,088087,085534,077169,092770,087419
0000000068,0000067000,074652,085870,088240,076772,090112,090473
0000000069,0000068000,075061,083192,090509,077415,086966,092976
0000000070,0000069000,076340,080313,092110,079032,083646,094679
0000000071,0000070000,078352,077520,092890,081467,080473,095417
0000000072,0000071000,080904,075082,092777,084483,077755,095119
0000000073,0000072000,083749,073234,091780,087781,075762,093814
0000000074,0000073000,086600,072165,089996,091038,074691,091629
0000000075,0000074000,089185,071982,087595,093940,074642,088776
0000000076,0000075000,091254,072691,084817,096201,075620,085537
0000000077,0000076000,092599,074223,081941,097596,077531,082231
0000000078,0000077000,093082,076446,079235,097991,080191,079176
0000000079,0000078000,092667,079130,076965,097350,083335,076673
0000000080,0000079000,091398,081999,075365,095733,086654,074970
0000000081,0000080000,089384,084793,074585,093297,089828,074232
0000000082,0000081000,086824,087241,074697,090282,092545,074530
0000000083,0000082000,083987,089082,075694,086985,094538,075835
0000000084,0000083000,081138,090146,077478,083727,095611,078020
0000000085,0000084000,078544,090339,079879,080825,095660,080873
0000000086,0000085000,076478,089628,082657,078566,094680,084112
0000000087,0000086000,075140,088088,085533,077170,092770,087417
0000000088,0000087000,074648,085874,088239,076774,090112,090472
0000000089,0000088000,075062,083191,090509,077416,086966,092975
0000000090,0000089000,076340,080313,092110,079032,083647,094678
0000000091,0000090000,078348,077523,092891,081467,080475,095416
0000000092,0000091000,080903,075082,092778,084483,077757,095118
0000000093,0000092000,083749,073232,091781,087780,075764,093814
0000000094,0000093000,086597,072167,089998,091036,074693,091629
0000000095,0000094000,089183,071982,087596,093938,074643,088776
0000000096,0000095000,091256,072687,084818,096199,075621,085538
0000000097,0000096000,092598,074222,081942,097593,077532,082232
0000000098,0000097000,093081,076445,079236,097989,080190,079178
0000000099,0000098000,092670,079127,076966,097348,083334,076675
0000000100,0000099000,091400,081998,075365,095732,086653,074972
0000000101,0000100000,089384,084794,074584,093297,089826,074234
0000000102,0000101000,086827,087239,074696,090283,092543,074532
0000000103,0000102000,083989,089080,075692,086986,094536,075836
0000000104,0000103000,081138,090149,077476,083729,095609,078020
0000000105,0000104000,078545,090340,079877,080828,095658,080872
0000000106,0000105000,076479,089628,082655,078568,094679,084110
0000000107,0000106000,075138,088092,085532,077172,092770,087415
0000000108,0000107000,074647,085877,088238,076776,090112,090469
0000000109,0000108000,075062,083191,090508,077418,086968,092972
0000000110,0000109000,076337,080315,092111,079033,083650,094675
0000000111,0000110000,078345,077526,092892,081467,080478,095413
0000000112,0000111000,080902,075081,092779,084482,077760,095116
0000000113,0000112000,083747,073232,091784,087778,075768,093812
0000000114,0000113000,086594,072168,090000,091033,074695,091629
0000000115,0000114000,089183,071980,087599,093936,074645,088777
0000000116,0000115000,091257,072684,084821,096195,075623,085539
0000000117,0000116000,092597,074221,081944,097590,077533,082235
0000000118,0000117000,093083,076443,079237,097987,080190,079181
0000000119,0000118000,092674,079122,076966,097346,083333,076679
0000000120,0000119000,091401,081997,075364,095731,086651,074976
0000000121,0000120000,089386,084793,074583,093297,089823,074237
0000000122,0000121000,086832,087236,074694,090284,092540,074534
0000000123,0000122000,083991,089081,075690,086988,094533,075837
0000000124,0000123000,081138,090151,077473,083732,095605,078020
0000000125,0000124000,078548,090341,079874,080831,095655,080871
0000000126,0000125000,076480,089630,082652,078571,094678,084108
0000000127,0000126000,075136,088097,085529,077175,092769,087413
0000000128,0000127000,074646,085879,088236,076779,090112,090466
0000000129,0000128000,075061,083193,090508,077420,086970,092968
0000000130,0000129000,076332,080319,092111,079034,083653,094671
0000000131,0000130000,078341,077528,092893,081467,080481,095410
0000000132,0000131000,080901,075080,092782,084480,077764,095114
0000000133,0000132000,083743,073232,091787,087775,075772,093811
0000000134,0000133000,086590,072168,090004,091030,074699,091629
0000000135,0000134000,089183,071976,087602,093931,074648,088778
0000000136,0000135000,091256,072681,084824,096191,075625,085542
0000000137,0000136000,092596,074219,081947,097586,077533,082238
0000000138,0000137000,093086,076438,079239,097984,080189,079185
0000000139,0000138000,092677,079118,076967,097344,083331,076683
0000000140,0000139000,091403,081995,075364,095729,086648,074980
0000000141,0000140000,089391,084790,074581,093298,089819,074241
0000000142,0000141000,086837,087234,074692,090285,092535,074537
0000000143,0000142000,083994,089082,075687,086991,094528,075839
0000000144,0000143000,081141,090153,077469,083736,095601,078021
0000000145,0000144000,078551,090342,079870,080836,095651,080870
0000000146,0000145000,076480,089634,082649,078576,094676,084106
0000000147,0000146000,075134,088102,085526,077180,092768,087409
0000000148,0000147000,074645,085882,088234,076783,090113,090461
0000000149,0000148000,075058,083197,090507,077422,086972,092963
0000000150,0000149000,076327,080324,092111,079035,083656,094666
0000000151,0000150000,078338,077530,092894,081467,080485,095406
0000000152,0000151000,080897,075081,092785,084478,077769,095110
0000000153,0000152000,083738,073234,091791,087771,075777,093809
0000000154,0000153000,086588,072166,090008,091026,074704,091628
0000000155,0000154000,089182,071972,087607,093926,074652,088779
0000000156,0000155000,091255,072679,084829,096185,075628,085545
0000000157,0000156000,092597,074215,081950,097581,077534,082242
0000000158,0000157000,093089,076432,079242,097979,080188,079191
0000000159,0000158000,092680,079114,076969,097340,083329,076689
0000000160,0000159000,091407,081992,075363,095728,086644,074986
0000000161,0000160000,089397,084786,074579,093298,089813,074246
0000000162,0000161000,086842,087232,074688,090287,092529,074541
0000000163,0000162000,083997,089083,075682,086994,094522,075841
0000000164,0000163000,081145,090154,077463,083742,095595,078021
0000000165,0000164000,078554,090344,079864,080842,095647,080869
0000000166,0000165000,076479,089639,082643,078582,094673,084102
0000000167,0000166000,075133,088107,085522,077187,092767,087404
0000000168,0000167000,074644,085887,088231,076788,090114,090455
0000000169,0000168000,075053,083204,090506,077426,086975,092956
0000000170,0000169000,076321,080330,092112,079037,083661,094660
0000000171,0000170000,078333,077533,092897,081467,080491,095400
0000000172,0000171000,080891,075083,092789,084476,077776,095106
0000000173,0000172000,083732,073235,091796,087767,075784,093806
0000000174,0000173000,086584,072163,090014,091020,074710,091628
0000000175,0000174000,089180,071968,087613,093919,074658,088781
0000000176,0000175000,091253,072675,084834,096178,075631,085548
0000000177,0000176000,092599,074209,081955,097574,077535,082248
0000000178,0000177000,093093,076424,079245,097973,080187,079197
0000000179,0000178000,092684,079109,076970,097336,083326,076696
0000000180,0000179000,091413,081987,075363,095726,086639,074993
0000000181,0000180000,089404,084781,074576,093298,089807,074253
0000000182,0000181000,086848,087230,074684,090289,092522,074546
0000000183,0000182000,084003,089084,075676,086999,094514,075844
0000000184,0000183000,081151,090155,077457,083748,095588,078022
0000000185,0000184000,078557,090348,079858,080849,095641,080867
0000000186,0000185000,076479,089646,082637,078590,094669,084098
0000000187,0000186000,075133,088113,085517,077194,092765,087398
0000000188,0000187000,074640,085894,088228,076795,090115,090448
0000000189,0000188000,075047,083211,090504,077431,086979,092948
0000000190,0000189000,076315,080335,092112,079040,083666,094652
0000000191,0000190000,078326,077536,092900,081466,080499,095393
0000000192,0000191000,080882,075086,092794,084473,077785,095100
0000000193,0000192000,083725,073235,091802,087762,075793,093803
0000000194,0000193000,086580,072160,090022,091013,074718,091627
0000000195,0000194000,089176,071964,087621,093910,074664,088783
0000000196,0000195000,091252,072669,084841,096169,075635,085553
0000000197,0000196000,092601,074200,081961,097566,077537,082255
0000000198,0000197000,093097,076417,079249,097966,080186,079206
0000000199,0000198000,092689,079102,076972,097331,083322,076706
0000000200,0000199000,091421,081979,075362,095723,086632,075002
0000000201,0000200000,089413,084776,074573,093298,089799,074261
0000000202,0000201000,086855,087228,074679,090293,092513,074552
0000000203,0000202000,084010,089083,075669,087005,094504,075848
0000000204,0000203000,081157,090157,077449,083756,095579,078022
0000000205,0000204000,078560,090354,079849,080859,095635,080865
0000000206,0000205000,076480,089653,082629,078600,094664,084093
0000000207,0000206000,075132,088120,085510,077204,092764,087390
0000000208,0000207000,074636,085903,088223,076803,090117,090438
0000000209,0000208000,075040,083220,090502,077436,086983,092938
0000000210,0000209000,076308,080342,092113,079043,083673,094642
0000000211,0000210000,078317,077542,092903,081466,080508,095384
0000000212,0000211000,080873,075090,092799,084469,077795,095093
0000000213,0000212000,083718,073235,091810,087756,075803,093799
0000000214,0000213000,086574,072157,090031,091004,074728,091626
0000000215,0000214000,089172,071960,087630,093900,074672,088786
0000000216,0000215000,091251,072661,084850,096158,075640,085559
0000000217,0000216000,092603,074191,081968,097555,077539,082263
0000000218,0000217000,093101,076408,079254,097957,080185,079216
0000000219,0000218000,092696,079093,076974,097324,083317,076717
0000000220,0000219000,091430,081971,075361,095720,086624,075013
0000000221,0000220000,089422,084770,074569,093299,089789,074270
0000000222,0000221000,086864,087226,074672,090297,092501,074560
0000000223,0000222000,084019,089083,075660,087012,094493,075852
0000000224,0000223000,081164,090159,077439,083765,095569,078023
0000000225,0000224000,078563,090360,079839,080870,095626,080862
0000000226,0000225000,076482,089661,082620,078612,094659,084087
0000000227,0000226000,075130,088130,085502,077215,092762,087381
0000000228,0000227000,074630,085914,088218,076812,090118,090427
0000000229,0000228000,075032,083230,090500,077443,086988,092926
0000000230,0000229000,076298,080350,092114,079046,083682,094630
0000000231,0000230000,078306,077548,092908,081465,080519,095373
0000000232,0000231000,080862,075094,092807,084465,077807,095085
0000000233,0000232000,083709,073234,091819,087748,075815,093794
0000000234,0000233000,086566,072154,090042,090993,074739,091625
0000000235,0000234000,089167,071954,087642,093888,074681,088789
0000000236,0000235000,091250,072652,084860,096145,075646,085566
0000000237,0000236000,092606,074180,081977,097543,077541,082273
0000000238,0000237000,093106,076397,079260,097946,080183,079228
0000000239,0000238000,092705,079082,076976,097317,083311,076730
0000000240,0000239000,091441,081961,075360,095717,086615,075026
0000000241,0000240000,089434,084764,074565,093299,089777,074282
0000000242,0000241000,086876,087222,074664,090301,092488,074568
0000000243,0000242000,084030,089082,075650,087021,094479,075857
0000000244,0000243000,081172,090163,077427,083777,095557,078024
0000000245,0000244000,078568,090367,079827,080883,095616,080858
0000000246,0000245000,076484,089670,082608,078626,094652,084079
0000000247,0000246000,075127,088142,085493,077228,092760,087370
0000000248,0000247000,074624,085927,088212,076823,090120,090414
0000000249,0000248000,075023,083242,090497,077451,086995,092912
0000000250,0000249000,076287,080360,092116,079050,083692,094616
0000000251,0000250000,078293,077557,092913,081464,080532,095361
0000000252,0000251000,080850,075098,092815,084460,077821,095076
0000000253,0000252000,083698,073234,091830,087739,075830,093789
0000000254,0000253000,086557,072150,090054,090981,074752,091625
0000000255,0000254000,089161,071946,087655,093873,074692,088793
0000000256,0000255000,091249,072641,084872,096130,075653,085574
0000000257,0000256000,092608,074167,081987,097529,077544,082285
0000000258,0000257000,093112,076383,079267,097935,080181,079243
0000000259,0000258000,092715,079068,076979,097309,083304,076745
0000000260,0000259000,091454,081950,075359,095712,086604,075041
0000000261,0000260000,089447,084756,074559,093300,089763,074295
0000000262,0000261000,086890,087217,074655,090307,092472,074578
0000000263,0000262000,084042,089082,075638,087030,094464,075863
0000000264,0000263000,081181,090168,077413,083790,095542,078025
0000000265,0000264000,078574,090375,079813,080899,095605,080854
0000000266,0000265000,076486,089681,082595,078642,094645,084071
0000000267,0000266000,075124,088156,085482,077243,092757,087358
0000000268,0000267000,074616,085942,088204,076836,090123,090399
0000000269,0000268000,075013,083255,090494,077460,087002,092895
0000000270,0000269000,076273,080372,092117,079054,083704,094600
0000000271,0000270000,078278,077566,092919,081464,080547,095347
0000000272,0000271000,080835,075102,092825,084454,077838,095065
0000000273,0000272000,083685,073234,091843,087728,075847,093783
0000000274,0000273000,086547,072146,090069,090966,074768,091623
0000000275,0000274000,089155,071937,087670,093857,074704,088797
0000000276,0000275000,091247,072628,084887,096113,075661,085583
0000000277,0000276000,092611,074153,081998,097512,077547,082298
0000000278,0000277000,093120,076368,079275,097921,080178,079259
0000000279,0000278000,092727,079053,076983,097299,083296,076763
0000000280,0000279000,091468,081937,075357,095708,086592,075058
0000000281,0000280000,089463,084746,074553,093301,089747,074310
0000000282,0000281000,086906,087212,074644,090313,092455,074590
0000000283,0000282000,084056,089082,075624,087042,094446,075870
0000000284,0000283000,081192,090173,077397,083805,095526,078026
0000000285,0000284000,078581,090385,079796,080917,095591,080850
0000000286,0000285000,076488,089694,082580,078661,094636,084061
0000000287,0000286000,075120,088172,085470,077260,092754,087343
0000000288,0000287000,074608,085958,088195,076851,090126,090381
0000000289,0000288000,075001,083271,090490,077471,087010,092876
0000000290,0000289000,076258,080386,092119,079059,083717,094581
0000000291,0000290000,078261,077576,092925,081463,080564,095331
0000000292,0000291000,080819,075108,092836,084447,077857,095053
0000000293,0000292000,083670,073234,091858,087716,075866,093776
0000000294,0000293000,086535,072141,090086,090950,074785,091622
0000000295,0000294000,089148,071927,087687,093838,074718,088802
0000000296,0000295000,091245,072614,084903,096093,075670,085594
0000000297,0000296000,092614,074136,082012,097494,077550,082314
0000000298,0000297000,093129,076350,079284,097905,080175,079278
0000000299,0000298000,092740,079036,076987,097288,083287,076783
0000000300,0000299000,091484,081923,075355,095702,086578,075078
0000000301,0000300000,089481,084735,074546,093302,089729,074327
0000000302,0000301000,086924,087205,074633,090320,092434,074603
0000000303,0000302000,084072,089082,075608,087055,094426,075877
0000000304,0000303000,081205,090179,077379,083823,095508,078027
0000000305,0000304000,078590,090395,079778,080937,095577,080844
0000000306,0000305000,076490,089709,082563,078682,094627,084049
0000000307,0000306000,075117,088190,085456,077280,092751,087327
0000000308,0000307000,074600,085977,088185,076867,090129,090361
0000000309,0000308000,074987,083290,090486,077482,087020,092855
0000000310,0000309000,076240,080402,092120,079065,083732,094561
0000000311,0000310000,078242,077588,092933,081462,080583,095313
0000000312,0000311000,080800,075114,092849,084440,077879,095039
0000000313,0000312000,083652,073235,091875,087702,075888,093768
0000000314,0000313000,086521,072136,090105,090932,074805,091621
0000000315,0000314000,089139,071916,087707,093816,074733,088808
0000000316,0000315000,091242,072599,084921,096071,075680,085606
0000000317,0000316000,092618,074117,082027,097473,077553,082331
0000000318,0000317000,093139,076329,079295,097888,080171,079299
0000000319,0000318000,092754,079016,076992,097276,083277,076806
0000000320,0000319000,091502,081906,075354,095696,086561,075100
0000000321,0000320000,089502,084722,074538,093303,089708,074346
0000000322,0000321000,086944,087198,074619,090329,092412,074617
0000000323,0000322000,084090,089081,075591,087069,094403,075885
0000000324,0000323000,081219,090184,077359,083843,095487,078028
0000000325,0000324000,078599,090407,079757,080959,095560,080838
0000000326,0000325000,076492,089726,082544,078705,094616,084036
0000000327,0000326000,075113,088210,085439,077302,092747,087308
0000000328,0000327000,074590,085998,088174,076886,090133,090339
0000000329,0000328000,074971,083310,090481,077495,087031,092831
0000000330,0000329000,076220,080420,092122,079071,083749,094537
0000000331,0000330000,078220,077601,092941,081460,080605,095293
0000000332,0000331000,080778,075121,092863,084431,077903,095024
0000000333,0000332000,083633,073236,091894,087687,075912,093759
0000000334,0000333000,086506,072129,090127,090911,074826,091620
0000000335,0000334000,089130,071903,087729,093792,074751,088814
0000000336,0000335000,091239,072581,084942,096046,075692,085620
0000000337,0000336000,092622,074096,082044,097450,077557,082351
0000000338,0000337000,093149,076306,079307,097868,080167,079322
0000000339,0000338000,092771,078995,076997,097262,083265,076831
0000000340,0000339000,091523,081887,075352,095690,086543,075124
0000000341,0000340000,089525,084708,074529,093305,089685,074367
0000000342,0000341000,086967,087191,074604,090338,092386,074633
0000000343,0000342000,084111,089081,075571,087086,094377,075894
0000000344,0000343000,081236,090191,077336,083864,095464,078029
0000000345,0000344000,078609,090420,079733,080985,095542,080831
0000000346,0000345000,076495,089745,082522,078731,094605,084022
0000000347,0000346000,075109,088232,085421,077327,092743,087288
0000000348,0000347000,074578,086022,088161,076906,090137,090314
0000000349,0000348000,074953,083334,090475,077509,087044,092805
0000000350,0000349000,076198,080440,092124,079077,083769,094512
0000000351,0000350000,078196,077616,092950,081459,080629,095270
0000000352,0000351000,080754,075130,092879,084421,077929,095008
0000000353,0000352000,083611,073237,091915,087669,075938,093750
0000000354,0000353000,086489,072122,090151,090888,074851,091619
0000000355,0000354000,089118,071889,087754,093766,074770,088822
0000000356,0000355000,091236,072561,084965,096019,075704,085635
0000000357,0000356000,092627,074072,082064,097424,077561,082373
0000000358,0000357000,093161,076281,079320,097847,080162,079348
0000000359,0000358000,092789,078970,077003,097247,083252,076859
0000000360,0000359000,091546,081866,075350,095683,086523,075151
0000000361,0000360000,089550,084692,074520,093306,089660,074391
0000000362,0000361000,086992,087182,074588,090349,092358,074650
0000000363,0000362000,084134,089080,075549,087104,094349,075904
0000000364,0000363000,081254,090198,077310,083889,095438,078030
0000000365,0000364000,078621,090434,079707,081012,095522,080823
0000000366,0000365000,076499,089766,082497,078760,094592,084006
0000000367,0000366000,075104,088257,085400,077354,092739,087265
0000000368,0000367000,074566,086049,088147,076928,090142,090287
0000000369,0000368000,074934,083360,090468,077525,087057,092775
0000000370,0000369000,076174,080462,092125,079084,083790,094483
0000000371,0000370000,078169,077633,092960,081457,080656,095246
0000000372,0000371000,080727,075140,092896,084410,077959,094989
0000000373,0000372000,083587,073238,091938,087650,075968,093740
0000000374,0000373000,086469,072115,090178,090862,074877,091618
0000000375,0000374000,089106,071874,087782,093736,074791,088830
0000000376,0000375000,091232,072540,084991,095989,075717,085652
0000000377,0000376000,092631,074046,082085,097396,077565,082397
0000000378,0000377000,093174,076253,079336,097824,080157,079377
0000000379,0000378000,092809,078943,077010,097231,083237,076889
0000000380,0000379000,091572,081842,075348,095676,086501,075181
0000000381,0000380000,089579,084674,074509,093309,089632,074417
0000000382,0000381000,087020,087172,074570,090360,092327,074670
0000000383,0000382000,084159,089078,075524,087124,094319,075915
0000000384,0000383000,081275,090205,077282,083915,095411,078031
0000000385,0000384000,078634,090450,079678,081043,095500,080814
0000000386,0000385000,076504,089789,082470,078792,094578,083988
0000000387,0000386000,075100,088285,085378,077383,092735,087240
0000000388,0000387000,074553,086079,088131,076953,090148,090257
0000000389,0000388000,074913,083388,090460,077542,087072,092743
0000000390,0000389000,076148,080487,092127,079092,083813,094452
0000000391,0000390000,078140,077652,092971,081454,080685,095219
0000000392,0000391000,080697,075151,092915,084397,077991,094969
0000000393,0000392000,083560,073239,091963,087629,076000,093729
0000000394,0000393000,086448,072107,090207,090834,074906,091617
0000000395,0000394000,089092,071858,087812,093704,074814,088839
0000000396,0000395000,091227,072516,085019,095956,075731,085671
0000000397,0000396000,092636,074017,082109,097365,077570,082423
0000000398,0000397000,093188,076222,079353,097798,080151,079409
0000000399,0000398000,092831,078913,077019,097213,083222,076923
0000000400,0000399000,091600,081816,075347,095668,086477,075213
0000000401,0000400000,089609,084654,074498,093311,089602,074444
0000000402,0000401000,078086,091090,078489,093047,091786,074185
0000000403,0000402000,084152,086496,072927,091004,092749,074384
0000000404,0000403000,078924,091132,078236,088544,094456,077093
0000000405,0000404000,079159,087897,077186,084487,094110,079400
0000000406,0000405000,081368,089198,081910,081006,094129,083490
0000000407,0000406000,078232,088590,085677,077054,092810,087247
0000000408,0000407000,082119,082120,084159,073886,091217,091240
0000000409,0000408000,078797,084070,091089,071112,089065,094623
0000000410,0000409000,083730,075044,086525,069436,086881,097417
0000000411,0000410000,080739,078978,094137,068989,084409,098887
0000000412,0000411000,087417,073129,090696,069840,082393,099366
0000000413,0000412000,083721,074600,092959,072294,080769,098588
0000000414,0000413000,088298,072816,090476,075141,079312,096241
0000000415,0000414000,087209,071952,087530,079407,079347,093693
0000000416,0000415000,086328,074898,087081,083077,079072,089381
0000000417,0000416000,090608,074777,082658,087597,080510,085748
0000000418,0000417000,084595,080538,083691,091152,081849,081457
0000000419,0000418000,090110,079603,077922,094243,083839,077826
0000000420,0000419000,083394,085527,079381,096277,086320,075265
0000000421,0000420000,085758,083923,074235,096688,088212,073169
0000000422,0000421000,082623,089025,076984,096273,090600,072997
0000000423,0000422000,081859,088803,075833,094184,091948,073475
0000000424,0000423000,081671,089794,077491,091625,093168,075598
0000000425,0000424000,079343,090613,080418,087919,093406,078418
0000000426,0000425000,080613,086319,079408,084168,093147,082186
0000000427,0000426000,077952,087874,085198,080082,091951,086068
0000000428,0000427000,081518,081947,084036,076665,090412,090146
0000000429,0000428000,078713,082944,089800,073937,088258,093597
0000000430,0000429000,083534,078056,089254,072262,085880,096284
0000000431,0000430000,081536,076907,091650,072016,083735,098166
0000000432,0000431000,084533,074259,091289,072605,081296,098325
0000000433,0000432000,085710,072676,090495,074855,079937,097907
0000000434,0000433000,085225,073439,090620,077625,078456,095603
0000000435,0000434000,089228,072456,087594,081558,078218,092826
0000000436,0000435000,086113,075833,087672,085622,078437,089041
0000000437,0000436000,089645,074961,082675,089678,079380,084903
0000000438,0000437000,086403,079679,082802,093370,081155,081003
0000000439,0000438000,087677,079857,078257,096039,083058,077220
0000000440,0000439000,085731,084361,078466,097965,085525,074556
0000000441,0000440000,084965,086044,076734,098405,087718,072648
0000000442,0000441000,083920,087658,076040,097894,089950,072211
0000000443,0000442000,081769,089953,077452,095882,091519,072817
0000000444,0000443000,081982,088268,076449,093104,092750,074874
0000000445,0000444000,079136,090149,080366,089390,093039,077693
0000000446,0000445000,081190,086936,080324,085486,092763,081442
0000000447,0000446000,078451,087097,084620,081631,091686,085477
0000000448,0000447000,081117,083333,085469,078112,089910,089383
0000000449,0000448000,079998,081558,088278,075579,087945,093125
0000000450,0000449000,081565,078565,089516,073751,085345,095711
0000000451,0000450000,083218,076078,090472,073474,083160,097667
0000000452,0000451000,083159,075075,091657,074157,080819,098038
0000000453,0000452000,086417,072792,090155,076279,079129,097383
0000000454,0000453000,085348,073897,090654,079258,077942,095432
0000000455,0000454000,088124,072418,087155,082946,077435,092414
0000000456,0000455000,086981,075296,086827,087006,077816,088786
0000000457,0000456000,088326,075675,083225,090887,078777,084619
0000000458,0000457000,087335,078931,082011,094491,080556,080640
0000000459,0000458000,087064,081226,079714,097138,082621,076910
0000000460,0000459000,086212,083317,077660,098935,085125,074151
0000000461,0000460000,084412,086431,077453,099310,087447,072236
0000000462,0000461000,084271,087010,075793,098603,089759,071757
0000000463,0000462000,081519,089613,077575,096583,091460,072395
0000000464,0000463000,082249,088718,077355,093663,092655,074343
0000000465,0000464000,079697,089494,080089,090080,093132,077330
0000000466,0000465000,080562,087422,081123,086071,092697,080943
0000000467,0000466000,079618,086138,083858,082293,091724,085148
0000000468,0000467000,080027,083691,085850,078761,089854,089069
0000000469,0000468000,081172,081088,087695,076227,087751,092819
0000000470,0000469000,081174,079171,089902,074576,085199,095602
0000000471,0000470000,083520,075996,090032,074257,082747,097441
0000000472,0000471000,083473,075299,091435,075119,080469,098014
0000000473,0000472000,085858,072928,089847,077152,078604,097286
0000000474,0000473000,085906,073631,089939,080190,077416,095387
0000000475,0000474000,087539,073257,087573,083826,076890,092366
0000000476,0000475000,087484,074867,086100,087883,077266,088698
0000000477,0000476000,087795,076535,083911,091719,078293,084507
0000000478,0000477000,087642,078381,081393,095226,080141,080473
0000000479,0000478000,086458,081440,080028,097786,082321,076706
0000000480,0000479000,086422,083113,077711,099411,084908,073856
0000000481,0000480000,084186,086242,077607,099751,087427,071969
0000000482,0000481000,084139,087208,076424,098875,089748,071357
0000000483,0000482000,081889,089048,077513,096865,091662,072093
0000000484,0000483000,081579,088818,077931,093813,092839,073955
0000000485,0000484000,080422,088786,079800,090214,093394,077015
0000000486,0000485000,079949,087593,081644,086198,092972,080689
0000000487,0000486000,080247,085685,083612,082411,091896,084890
0000000488,0000487000,079946,083966,086161,079006,090040,088977
0000000489,0000488000,081322,080886,087394,076481,087739,092712
0000000490,0000489000,081463,079180,089662,074974,085140,095638
0000000491,0000490000,083358,076222,089861,074682,082516,097493
0000000492,0000491000,083908,075164,090831,075659,080142,098134
0000000493,0000492000,085642,073611,090029,077740,078171,097412
0000000494,0000493000,086329,073463,089251,080843,076929,095519
0000000495,0000494000,087178,073878,087733,084494,076368,092467
0000000496,0000495000,087790,074718,085607,088512,076758,088752
0000000497,0000496000,087401,076816,083963,092318,077864,084519
0000000498,0000497000,087743,078467,081402,095699,079758,080371
0000000499,0000498000,086343,081410,080115,098219,082127,076596
0000000500,0000499000,086131,083240,078106,099675,084783,073601
0000000501,0000500000,084390,085873,077625,099946,087512,071724
0000000502,0000501000,083572,087221,076950,098915,089930,071037
0000000503,0000502000,082236,088497,077529,096814,091966,071765
0000000504,0000503000,081175,088854,078508,093702,093246,073664
0000000505,0000504000,080678,088305,079819,090041,093792,076719
0000000506,0000505000,079881,087539,082001,086066,093413,080500
0000000507,0000506000,080312,085397,083562,082272,092238,084732
0000000508,0000507000,080129,083791,086047,078966,090318,088944
0000000509,0000508000,081310,080981,087390,076499,087862,092742
0000000510,0000509000,081811,079022,089214,075130,085135,095770
0000000511,0000510000,083288,076663,089851,074939,082337,097675
0000000512,0000511000,084304,075096,090226,076040,079834,098373
0000000513,0000512000,085462,074070,089894,078210,077744,097662
0000000514,0000513000,086635,073566,088741,081360,076414,095750
0000000515,0000514000,087019,074239,087555,085060,075846,092687
0000000516,0000515000,087853,074969,085439,089034,076215,088869
0000000517,0000516000,087392,076984,083847,092830,077434,084607
0000000518,0000517000,087477,078695,081539,096090,079391,080328
0000000519,0000518000,086443,081273,080102,098521,081937,076494
0000000520,0000519000,085708,083349,078515,099825,084745,073402
0000000521,0000520000,084498,085534,077746,099957,087638,071457
0000000522,0000521000,083250,087194,077523,098807,090231,070745
0000000523,0000522000,082272,088066,077757,096578,092373,071433
0000000524,0000523000,081044,088639,078941,093410,093767,073375
0000000525,0000524000,080661,087945,080062,089683,094328,076451
0000000526,0000525000,079955,087192,082137,085732,093957,080320
0000000527,0000526000,080302,085293,083752,081962,092695,084619
0000000528,0000527000,080389,083501,085857,078763,090677,088947
0000000529,0000528000,081291,081106,087403,076401,088055,092829
0000000530,0000529000,082164,078912,088767,075174,085162,095956
0000000531,0000530000,083258,076941,089615,075127,082184,097937
0000000532,0000531000,084602,075230,089728,076349,079503,098668
0000000533,0000532000,085488,074428,089537,078650,077303,097994
0000000534,0000533000,086728,073906,088359,081855,075852,096039
0000000535,0000534000,087102,074539,087212,085615,075276,092961
0000000536,0000535000,087699,075343,085291,089554,075641,089049
0000000537,0000536000,087461,077120,083634,093304,076949,084715
0000000538,0000537000,087192,078976,081706,096454,079025,080334
0000000539,0000538000,086437,081196,080149,098750,081731,076395
0000000540,0000539000,085424,083422,078928,099907,084736,073222
0000000541,0000540000,084410,085274,078035,099867,087806,071192
0000000542,0000541000,083051,086969,078004,098579,090592,070448
0000000543,0000542000,082159,087730,078193,096208,092864,071104
0000000544,0000543000,081005,088225,079308,092967,094370,073079
0000000545,0000544000,080579,087649,080492,089186,094959,076185
0000000546,0000545000,080099,086753,082274,085260,094585,080139
0000000547,0000546000,080272,085124,083953,081545,093236,084521
0000000548,0000547000,080658,083214,085710,078454,091090,088956
0000000549,0000548000,081344,081117,087291,076238,088303,092946
0000000550,0000549000,082439,078917,088386,075166,085201,096158
0000000551,0000550000,083406,077152,089234,075303,082038,098233
0000000552,0000551000,084761,075508,089257,076668,079154,098994
0000000553,0000552000,085664,074758,089016,079113,076819,098354
0000000554,0000553000,086722,074357,087956,082394,075253,096372
0000000555,0000554000,087214,074862,086762,086197,074643,093254
0000000556,0000555000,087559,075806,085118,090113,075026,089267
0000000557,0000556000,087450,077341,083431,093788,076413,084841
0000000558,0000557000,086968,079247,081825,096820,078631,080364
0000000559,0000558000,086303,081217,080294,098950,081508,076313
0000000560,0000559000,085191,083383,079282,099933,084727,073055
0000000561,0000560000,084212,085086,078491,099696,087997,070937
0000000562,0000561000,082904,086629,078486,098247,090991,070154
0000000563,0000562000,081974,087396,078773,095727,093411,070781
0000000564,0000563000,081003,087719,079737,092401,095033,072779
0000000565,0000564000,080480,087262,080967,088579,095665,075925
0000000566,0000565000,080236,086278,082490,084675,095272,079949
0000000567,0000566000,080319,084841,084131,081045,093843,084427
0000000568,0000567000,080872,082953,085634,078081,091548,088955
0000000569,0000568000,081533,081051,087093,076046,088586,093060
0000000570,0000569000,082649,078983,088019,075159,085259,096358
0000000571,0000570000,083656,077328,088725,075502,081886,098520
0000000572,0000571000,084898,075878,088739,077040,078793,099325
0000000573,0000572000,085866,075131,088385,079635,076296,098711
0000000574,0000573000,086743,074891,087481,083007,074617,096715
0000000575,0000574000,087282,075294,086263,086842,073958,093553
0000000576,0000575000,087450,076301,084844,090729,074365,089502
0000000577,0000576000,087355,077678,083257,094305,075831,084984
0000000578,0000577000,086768,079499,081875,097195,078202,080414
0000000579,0000578000,086078,081327,080525,099128,081263,076254
0000000580,0000579000,084977,083298,079649,099907,084708,072911
0000000581,0000580000,083941,084897,079051,099452,088197,070709
0000000582,0000581000,082755,086228,079044,097814,091405,069878
0000000583,0000582000,081769,086976,079434,095140,093994,070481
0000000584,0000583000,080972,087152,080281,091716,095732,072487
0000000585,0000584000,080435,086759,081486,087867,096420,075674
0000000586,0000585000,080332,085764,082807,083999,096002,079756
0000000587,0000586000,080456,084441,084301,080481,094492,084323
0000000588,0000587000,081064,082681,085600,077674,092044,088937
0000000589,0000588000,081799,080920,086829,075849,088892,093145
0000000590,0000589000,082873,079075,087626,075184,085335,096531
0000000591,0000590000,083943,077526,088129,075756,081733,098771
0000000592,0000591000,085072,076304,088124,077495,078425,099628
0000000593,0000592000,086060,075600,087678,080247,075749,099038
0000000594,0000593000,086795,075480,086877,083717,073953,097038
0000000595,0000594000,087303,075861,085719,087573,073238,093839
0000000596,0000595000,087360,076846,084472,091414,073667,089736
0000000597,0000596000,087190,078128,083087,094863,075216,085138
0000000598,0000597000,086566,079786,081894,097577,077741,080487
0000000599,0000598000,085787,081481,080798,099283,080995,076233
0000000600,0000599000,084733,083205,080071,099820,084669,072808
0000000601,0000600000,083640,084670,079683,099123,088393,070532
0000000602,0000601000,082560,085786,079715,097272,091818,069647
0000000603,0000602000,081583,086451,080180,094437,094589,070227
0000000604,0000603000,080901,086517,080953,090916,096447,072227
0000000605,0000604000,080439,086127,082060,087052,097196,075444
0000000606,0000605000,080419,085180,083218,083242,096757,079570
0000000607,0000606000,080649,083935,084486,079865,095164,084205
0000000608,0000607000,081283,082365,085586,077253,092565,088893
0000000609,0000608000,082109,080753,086534,075673,089215,093184
0000000610,0000609000,083146,079159,087170,075269,085428,096649
0000000611,0000610000,084251,077774,087460,076095,081589,098956
0000000612,0000611000,085292,076771,087383,078059,078061,099866
0000000613,0000612000,086241,076180,086888,080974,075200,099303
0000000614,0000613000,086876,076150,086143,084540,073282,097312
0000000615,0000614000,087283,076559,085103,088402,072505,094091
0000000616,0000615000,087266,077478,084016,092170,072952,089955
0000000617,0000616000,086974,078676,082884,095462,074584,085302
0000000618,0000617000,086325,080138,081903,097958,077258,080588
0000000619,0000618000,085456,081666,081095,099401,080709,076266
0000000620,0000619000,084430,083125,080568,099657,084609,072770
0000000621,0000620000,083324,084395,080389,098691,088572,070434
0000000622,0000621000,082315,085295,080514,096606,092214,069497
0000000623,0000622000,081408,085811,081023,093604,095171,070047
0000000624,0000623000,080814,085791,081755,089991,097154,072032
0000000625,0000624000,080473,085365,082718,086131,097965,075256
0000000626,0000625000,080528,084490,083712,082411,097511,079404
0000000627,0000626000,080884,083332,084714,079210,095837,084076
0000000628,0000627000,081555,081973,085573,076840,093093,088811
0000000629,0000628000,082458,080555,086223,075543,089548,093157
0000000630,0000629000,083480,079226,086635,075441,085538,096679
0000000631,0000630000,084578,078075,086713,076551,081464,099038
0000000632,0000631000,085557,077294,086514,078757,077719,099998
0000000633,0000632000,086415,076872,085988,081841,074673,099467
0000000634,0000633000,086964,076931,085279,085493,072630,097498
0000000635,0000634000,087236,077387,084388,089340,071791,094282
0000000636,0000635000,087137,078229,083483,092998,072248,090140
0000000637,0000636000,086720,079325,082631,096093,073960,085468
0000000638,0000637000,086021,080579,081911,098322,076774,080726
0000000639,0000638000,085088,081883,081413,099458,080412,076371
0000000640,0000639000,084065,083063,081143,099392,084529,072832
0000000641,0000640000,082984,084071,081178,098128,088720,070454
0000000642,0000641000,082033,084739,081445,095792,092573,069474
0000000643,0000642000,081231,085057,081989,092621,095709,069988
0000000644,0000643000,080730,084944,082685,088931,097817,071940
0000000645,0000644000,080531,084471,083487,085101,098689,075143
0000000646,0000645000,080681,083666,084287,081513,098228,079278
0000000647,0000646000,081159,082626,084998,078533,096480,083944
0000000648,0000647000,081892,081487,085562,076456,093604,088684
0000000649,0000648000,082849,080318,085894,075491,089878,093041
0000000650,0000649000,083875,079279,086022,075733,085663,096586
0000000651,0000650000,084934,078424,085872,077156,081370,098973
0000000652,0000651000,085853,077890,085517,079620,077421,099971
0000000653,0000652000,086594,077679,084957,082874,074203,099479
0000000654,0000653000,087040,077848,084282,086591,072038,097550
0000000655,0000654000,087165,078353,083555,090391,071138,094374
0000000656,0000655000,086957,079123,082869,093893,071599,090268
0000000657,0000656000,086421,080088,082316,096739,073380,085627
0000000658,0000657000,085648,081117,081916,098647,076316,080909
0000000659,0000658000,084670,082141,081753,099423,080121,076570
0000000660,0000659000,083640,083015,081794,098992,084430,073033
0000000661,0000660000,082609,083704,082066,097399,088824,070643
0000000662,0000661000,081725,084101,082506,094801,092867,069634
0000000663,0000662000,081049,084188,083095,091464,096166,070106
0000000664,0000663000,080665,083954,083747,087722,098389,072006
0000000665,0000664000,080617,083430,084383,083960,099319,075148
0000000666,0000665000,080890,082690,084947,080555,098858,079219
0000000667,0000666000,081485,081802,085343,077856,097050,083820
0000000668,0000667000,082301,080899,085558,076132,094063,088502
0000000669,0000668000,083296,080031,085541,075556,090187,092810
0000000670,0000669000,084328,079321,085333,076185,085797,096325
0000000671,0000670000,085328,078813,084926,077953,081321,098705
0000000672,0000671000,086169,078571,084391,080682,077198,099721
0000000673,0000672000,086778,078608,083778,084096,073832,099272
0000000674,0000673000,087091,078918,083149,087849,071561,097408
0000000675,0000674000,087061,079472,082594,091557,070605,094316
0000000676,0000675000,086717,080176,082166,094844,071064,090304
0000000677,0000676000,086063,080978,081938,097375,072897,085766
0000000678,0000677000,085202,081758,081912,098896,075926,081146
0000000679,0000678000,084191,082454,082123,099253,079861,076894
0000000680,0000679000,083159,082978,082517,098413,084321,073420
0000000681,0000680000,082194,083297,083063,096462,088871,071064
0000000682,0000681000,081402,083371,083698,093596,093064,070050
0000000683,0000682000,080866,083194,084349,090109,096489,070478
0000000684,0000683000,080631,082804,084948,086353,098807,072298
0000000685,0000684000,080743,082227,085409,082712,099787,075330
0000000686,0000685000,081164,081551,085699,079559,099332,079268
0000000687,0000686000,081878,080843,085748,077213,097484,083723
0000000688,0000687000,082785,080204,085566,075912,094421,088260
0000000689,0000688000,083810,079684,085158,075787,090442,092435
0000000690,0000689000,084835,079354,084574,076848,085932,095846
0000000691,0000690000,085761,079241,083874,078985,081331,098164
0000000692,0000691000,086497,079346,083136,081982,077088,099168
0000000693,0000692000,086955,079665,082450,085532,073621,098762
0000000694,0000693000,087105,080150,081876,089275,071272,096993
0000000695,0000694000,086908,080758,081505,092827,070274,094042
0000000696,0000695000,086405,081397,081367,095824,070726,090204
0000000697,0000696000,085630,082010,081503,097960,072584,085861
0000000698,0000697000,084678,082506,081896,099018,075665,081441
0000000699,0000698000,083641,082831,082522,098892,079672,077374
0000000700,0000699000,082627,082951,083308,097597,084213,074052
0000000701,0000700000,081744,082851,084166,095267,088847,071793
0000000702,0000701000,081073,082549,085015,092140,093120,070811
0000000703,0000702000,080697,082073,085745,088534,096615,071197
0000000704,0000703000,080641,081492,086286,084819,098986,072905
0000000705,0000704000,080928,080853,086561,081375,099998,075762
0000000706,0000705000,081516,080246,086543,078556,099553,079477
0000000707,0000706000,082354,079740,086208,076651,097695,083679
0000000708,0000707000,083348,079402,085589,075856,094608,087954
0000000709,0000708000,084395,079275,084744,076247,090596,091882
0000000710,0000709000,085391,079378,083750,077784,086051,095088
0000000711,0000710000,086225,079707,082722,080306,081414,097267
0000000712,0000711000,086824,080210,081764,083555,077139,098215
0000000713,0000712000,087110,080849,080990,087200,073643,097847
0000000714,0000713000,087067,081541,080476,090866,071270,096208
0000000715,0000714000,086685,082214,080300,094176,070253,093469
0000000716,0000715000,086010,082783,080482,096788,070693,089907
0000000717,0000716000,085108,083184,081019,098434,072543,085883
0000000718,0000717000,084074,083356,081870,098944,075616,081796
0000000719,0000718000,083020,083269,082951,098269,079609,078044
0000000720,0000719000,082049,082932,084157,096480,084130,074989
0000000721,0000720000,081271,082367,085358,093764,088738,072918
0000000722,0000721000,080753,081642,086436,090399,092986,072020
0000000723,0000722000,080563,080831,087257,086730,096460,072373
0000000724,0000723000,080711,080028,087738,083135,098818,073934
0000000725,0000724000,081194,079316,087813,079984,099830,076536
0000000726,0000725000,081958,078785,087462,077605,099398,079914
0000000727,0000726000,082924,078502,086708,076243,097569,083724
0000000728,0000727000,083993,078504,085619,076040,094530,087586
0000000729,0000728000,085048,078811,084301,077013,090586,091121
0000000730,0000729000,085986,079395,082875,079058,086126,093990
0000000731,0000730000,086701,080207,081498,081963,081585,095927
0000000732,0000731000,087129,081154,080307,085428,077404,096757
0000000733,0000732000,087216,082146,079437,089098,073988,096413
0000000734,0000733000,086957,083069,078985,092593,071671,094943
0000000735,0000734000,086371,083818,079017,095552,070680,092501
0000000736,0000735000,085518,084310,079539,097666,071107,089343
0000000737,0000736000,084489,084477,080508,098714,072904,085792
0000000738,0000737000,083389,084290,081842,098587,075884,082204
0000000739,0000738000,082340,083753,083405,097302,079746,078934
0000000740,0000739000,081444,082916,085047,094995,084105,076293
0000000741,0000740000,080800,081851,086602,091907,088535,074524
0000000742,0000741000,080470,080669,087912,088357,092608,073783
0000000743,0000742000,080493,079492,088828,084710,095930,074123
0000000744,0000743000,080868,078448,089247,081344,098178,075496
0000000745,0000744000,081560,077656,089110,078609,099136,077752
0000000746,0000745000,082502,077208,088413,076793,098714,080655
0000000747,0000746000,083590,077166,087220,076086,096963,083904
0000000748,0000747000,084714,077542,085643,076562,094069,087169
0000000749,0000748000,085749,078315,083837,078168,090329,090127
0000000750,0000749000,086593,079413,081976,080733,086118,092497
0000000751,0000750000,087156,080734,080250,083991,081849,094065
0000000752,0000751000,087380,082149,078830,087602,077936,094696
0000000753,0000752000,087241,083514,077868,091195,074754,094352
0000000754,0000753000,086746,084680,077483,094395,072609,093087
0000000755,0000754000,085946,085512,077728,096868,071706,091040
0000000756,0000755000,084918,085918,078597,098351,072128,088433
0000000757,0000756000,083777,085834,080009,098688,073819,085537
0000000758,0000757000,082637,085262,081830,097844,076598,082649
0000000759,0000758000,081626,084250,083873,095908,080174,080056
0000000760,0000759000,080844,082892,085942,093088,084186,078006
0000000761,0000760000,080373,081312,087835,089678,088238,076679
0000000762,0000761000,080261,079664,089362,086032,091938,076183
0000000763,0000762000,080523,078115,090360,082528,094932,076539
0000000764,0000763000,081139,076829,090711,079531,096937,077690
0000000765,0000764000,082046,075955,090360,077357,097764,079502
0000000766,0000765000,083156,075598,089320,076239,097342,081776
0000000767,0000766000,084344,075811,087693,076297,095726,084271
0000000768,0000767000,085488,076578,085639,077524,093096,086728
0000000769,0000768000,086464,077830,083367,079788,089731,088902
0000000770,0000769000,087172,079447,081100,082850,085974,090587
0000000771,0000770000,087542,081277,079057,086387,082201,091636
0000000772,0000771000,087533,083152,077435,090033,078775,091973
0000000773,0000772000,087144,084878,076407,093408,076022,091595
0000000774,0000773000,086407,086276,076096,096158,074200,090566
0000000775,0000774000,085396,087187,076552,097991,073476,089013
0000000776,0000775000,084213,087496,077754,098709,073907,087111
0000000777,0000776000,082989,087153,079585,098234,075433,085067
0000000778,0000777000,081852,086193,081859,096614,077881,083095
0000000779,0000778000,080924,084708,084339,094025,080987,081395
0000000780,0000779000,080301,082842,086784,090740,084429,080126
0000000781,0000780000,080042,080768,088963,087105,087860,079394
0000000782,0000781000,080178,078682,090663,083499,090949,079243
0000000783,0000782000,080697,076791,091709,080296,093404,079655
0000000784,0000783000,081553,075289,091978,077836,094999,080557
0000000785,0000784000,082662,074349,091420,076381,095595,081830
0000000786,0000785000,083907,074093,090065,076092,095150,083324
0000000787,0000786000,085155,074562,088048,077002,093729,084872
0000000788,0000787000,086270,075709,085577,079016,091499,086306
0000000789,0000788000,087135,077419,082910,081916,088703,087483
0000000790,0000789000,087661,079519,080312,085395,085638,088292
0000000791,0000790000,087800,081814,078024,089088,082616,088671
0000000792,0000791000,087533,084096,076264,092610,079930,088613
0000000793,0000792000,086885,086132,075216,095592,077830,088158
0000000794,0000793000,085914,087718,074998,097716,076509,087387
0000000795,0000794000,084718,088678,075652,098754,076072,086411
0000000796,0000795000,083422,088879,077142,098587,076541,085356
0000000797,0000796000,082167,088287,079325,097231,077844,084346
0000000798,0000797000,081089,086965,081963,094828,079825,083495
0000000799,0000798000,080303,085053,084779,091638,082260,082889
0000000800,0000799000,079885,082740,087498,087999,084887,082584
0000000801,0000800000,079873,080244,089869,084292,087435,082591
0000000802,0000801000,080274,077797,091661,080904,089656,082883
0000000803,0000802000,081050,075641,092695,078192,091341,083393
0000000804,0000803000,082127,073988,092858,076446,092344,084033
0000000805,0000804000,083398,073025,092112,075859,092594,084698
0000000806,0000805000,084727,072884,090502,076500,092093,085289
0000000807,0000806000,085970,073588,088191,078303,090920,085729
0000000808,0000807000,086994,075067,085422,081078,089223,085959
0000000809,0000808000,087686,077165,082490,084526,087195,085957
0000000810,0000809000,087985,079656,079694,088281,085063,085727
0000000811,0000810000,087864,082315,077280,091950,083053,085304
0000000812,0000811000,087328,084902,075479,095149,081359,084761
0000000813,0000812000,086433,087143,074480,097540,080141,084187
0000000814,0000813000,085258,088832,074387,098864,079500,083679
0000000815,0000814000,083931,089784,075212,098972,079467,083333
0000000816,0000815000,082587,089865,076919,097846,080011,083221
0000000817,0000816000,081377,089050,079327,095602,081046,083373
0000000818,0000817000,080427,087440,082176,092480,082436,083790
0000000819,0000818000,079841,085196,085171,088815,084013,084428
0000000820,0000819000,079674,082555,088003,084996,085598,085221
0000000821,0000820000,079928,079775,090422,081421,087016,086078
0000000822,0000821000,080600,077094,092189,078465,088128,086889
0000000823,0000822000,081604,074800,093138,076444,088829,087538
0000000824,0000823000,082861,073101,093158,075578,089071,087917
0000000825,0000824000,084224,072191,092250,075969,088863,087942
0000000826,0000825000,085561,072175,090478,077582,088265,087571
0000000827,0000826000,086717,073077,088021,080246,087375,086816
0000000828,0000827000,087570,074801,085138,083677,086318,085741
0000000829,0000828000,088038,077152,082132,087508,085224,084456
0000000830,0000829000,088066,079893,079322,091332,084231,083088
0000000831,0000830000,087676,082751,076943,094751,083451,081784
0000000832,0000831000,086878,085477,075243,097406,082967,080699
0000000833,0000832000,085773,087781,074373,099010,082822,079970
0000000834,0000833000,084458,089450,074432,099386,083012,079715
0000000835,0000834000,083076,090305,075411,098485,083482,080006
0000000836,0000835000,081775,090243,077223,096396,084144,080855
0000000837,0000836000,080694,089267,079686,093341,084887,082205
0000000838,0000837000,079955,087465,082541,089648,085600,083934
0000000839,0000838000,079620,085049,085495,085711,086186,085865
0000000840,0000839000,079734,082261,088230,081946,086558,087807
0000000841,0000840000,080262,079382,090510,078745,086665,089557
0000000842,0000841000,081174,076664,092110,076447,086487,090920
0000000843,0000842000,082365,074394,092876,075301,086047,091732
0000000844,0000843000,083716,072795,092729,075436,085403,091872
0000000845,0000844000,085092,072019,091691,076847,084655,091279
0000000846,0000845000,086330,072160,089875,079388,083923,089969
0000000847,0000846000,087314,073199,087450,082790,083326,088045
0000000848,0000847000,087920,075043,084684,086686,082963,085687
0000000849,0000848000,088111,077474,081848,090663,082899,083131
0000000850,0000849000,087852,080254,079249,094300,083166,080633
0000000851,0000850000,087192,083096,077117,097217,083752,078450
0000000852,0000851000,086178,085745,075664,099105,084609,076817
0000000853,0000852000,084923,087929,075024,099759,085652,075920
0000000854,0000853000,083557,089423,075262,099100,086761,075888
0000000855,0000854000,082218,090093,076346,097191,087795,076765
0000000856,0000855000,081065,089866,078139,094231,088604,078505
0000000857,0000856000,080204,088782,080472,090536,089059,080965
0000000858,0000857000,079743,086931,083095,086503,089075,083912
0000000859,0000858000,079708,084532,085746,082561,088620,087051
0000000860,0000859000,080111,081831,088138,079124,087715,090069
0000000861,0000860000,080896,079087,090067,076553,086434,092660
0000000862,0000861000,081997,076562,091338,075121,084895,094548
0000000863,0000862000,083292,074527,091822,074985,083250,095526
0000000864,0000863000,084647,073178,091485,076168,081673,095465
0000000865,0000864000,085919,072631,090381,078551,080353,094332
0000000866,0000865000,086963,072946,088639,081881,079466,092201
0000000867,0000866000,087678,074072,086438,085803,079145,089260
0000000868,0000867000,087978,075885,084027,089897,079464,085787
0000000869,0000868000,087853,078189,081635,093726,080426,082123
0000000870,0000869000,087309,080766,079498,096890,081954,078637
0000000871,0000870000,086410,083342,077829,099054,083912,075684
0000000872,0000871000,085243,085664,076794,099990,086117,073565
0000000873,0000872000,083931,087508,076478,099591,088352,072512
0000000874,0000873000,082618,088677,076910,097894,090381,072656
0000000875,0000874000,081439,089067,078034,095075,091978,074013
0000000876,0000875000,080532,088664,079685,091433,092945,076478
0000000877,0000876000,079980,087530,081695,087358,093139,079834
0000000878,0000877000,079851,085774,083852,083287,092502,083758
0000000879,0000878000,080140,083604,085935,079651,091067,087865
0000000880,0000879000,080821,081235,087735,076832,088951,091747
0000000881,0000880000,081818,078892,089092,075129,086351,095011
0000000882,0000881000,083030,076820,089867,074722,083517,097322
0000000883,0000882000,084329,075237,089978,075659,080728,098437
0000000884,0000883000,085572,074292,089444,077845,078271,098227
0000000885,0000884000,086630,074061,088339,081051,076414,096688
0000000886,0000885000,087379,074559,086803,084934,075375,093948
0000000887,0000886000,087749,075699,085014,089078,075295,090262
0000000888,0000887000,087699,077347,083178,093040,076221,085982
0000000889,0000888000,087246,079331,081462,096400,078093,081525
0000000890,0000889000,086438,081452,080038,098804,080745,077337
0000000891,0000890000,085360,083487,079051,099998,083927,073837
0000000892,0000891000,084128,085233,078584,099855,087335,071378
0000000893,0000892000,082870,086520,078680,098387,090627,070217
0000000894,0000893000,081726,087205,079317,095747,093468,070482
0000000895,0000894000,080817,087245,080403,092215,095560,072159
0000000896,0000895000,080247,086663,081782,088170,096665,075099
0000000897,0000896000,080071,085542,083302,084046,096641,079025
0000000898,0000897000,080305,084017,084791,080282,095458,083555
0000000899,0000898000,080918,082264,086088,077280,093207,088246
0000000900,0000899000,081841,080461,087074,075354,090087,092637
0000000901,0000900000,082979,078783,087660,074709,086398,096290
0000000902,0000901000,081730,075104,087798,076196,083268,098613
0000000903,0000902000,084970,067874,094118,080700,084600,099733
0000000904,0000903000,085683,067661,086308,084330,086300,097933
0000000905,0000904000,087756,077335,084637,088511,086477,096894
0000000906,0000905000,095129,076456,084364,088127,083210,092335
0000000907,0000906000,097545,070701,081189,087648,085856,089259
0000000908,0000907000,094080,081606,084209,085386,087385,083761
0000000909,0000908000,081900,088549,067606,086889,086563,082237
0000000910,0000909000,089470,095132,067012,089219,085015,086441
0000000911,0000910000,088937,086679,076210,085207,082719,085979
0000000912,0000911000,076313,084028,081552,086057,087301,085845
0000000913,0000912000,075243,099998,083437,087242,086945,083572
0000000914,0000913000,072530,095204,074770,087590,082921,084658
0000000915,0000914000,077010,084778,086427,088187,083772,088406
0000000916,0000915000,074094,080083,098803,085459,084637,084882
0000000917,0000916000,067175,082007,092375,087834,086648,083498
0000000918,0000917000,078113,087366,090861,089422,084274,084815
0000000919,0000918000,082370,072162,091800,087371,081931,085771
0000000920,0000919000,082579,064562,099252,087659,085946,086162
0000000921,0000920000,083830,072868,096812,087309,086378,082329
0000000922,0000921000,086378,074096,081671,089021,084899,083183
0000000923,0000922000,098166,071755,083541,088720,084034,086119
0000000924,0000923000,096359,065912,086723,085831,084867,084582
0000000925,0000924000,090596,073678,081329,087408,088111,083524
0000000926,0000925000,094206,086604,072764,088038,085841,083001
0000000927,0000926000,094745,081694,067085,087432,083728,085402
0000000928,0000927000,093820,080431,076536,086471,085895,086573
0000000929,0000928000,084715,087951,077818,085355,086842,083484
0000000930,0000929000,079180,096305,069893,087815,086393,084121
0000000931,0000930000,083531,096615,073021,087690,083634,086185
0000000932,0000931000,078310,085823,081206,085864,083852,086589
0000000933,0000932000,071791,088022,088972,086605,086833,085357
0000000934,0000933000,070004,094717,086385,087379,085269,083524
0000000935,0000934000,072875,088312,084287,088527,083263,085932
0000000936,0000935000,078007,078455,095856,087451,083492,086959
0000000937,0000936000,073817,073329,099998,086507,085372,084380
0000000938,0000937000,074889,078182,094511,088709,086215,083598
0000000939,0000938000,084337,077015,089867,088868,083433,084360
0000000940,0000939000,089017,065570,091227,087761,083622,085887
0000000941,0000940000,090080,065564,095539,087162,086304,084624
0000000942,0000941000,089207,072949,086431,087652,086423,082283
0000000943,0000942000,094592,076345,076122,088936,085088,084167
0000000944,0000943000,099998,073268,077802,087294,084209,085579
0000000945,0000944000,094536,072614,079220,086043,086334,084611
0000000946,0000945000,090242,084924,074842,087103,087611,083408
0000000947,0000946000,090335,091628,067551,087581,084958,084007
0000000948,0000947000,090036,087290,069653,087104,084310,086444
0000000949,0000948000,084781,087159,078826,085702,085843,085854
0000000950,0000949000,075571,093208,078302,086308,086568,083977
0000000951,0000950000,075084,098090,075831,088000,085113,084939
0000000952,0000951000,076964,091699,081302,087157,083127,086491
0000000953,0000952000,072933,083394,090796,086505,084698,086361
0000000954,0000953000,069857,085921,094589,087148,086020,084437
0000000955,0000954000,071308,086409,090127,088257,084425,084142
0000000956,0000955000,077886,078447,091970,088559,083282,086082
0000000957,0000956000,080984,070118,098957,087190,084212,085603
0000000958,0000957000,079776,069858,097740,087535,086012,083792
0000000959,0000958000,084926,074403,090575,088822,085444,083443
0000000960,0000959000,092168,070669,085689,088401,083805,084665
0000000961,0000960000,095070,065555,087310,087416,085012,085337
0000000962,0000961000,093869,070217,085857,086951,086672,083582
0000000963,0000962000,093267,078289,076117,087782,086334,083076
0000000964,0000963000,096951,081242,071222,087975,084929,084825
0000000965,0000964000,096100,079253,073673,086492,084978,085493
0000000966,0000965000,089373,083328,075138,086170,086799,084638
0000000967,0000966000,084855,093027,071856,086942,086492,083928
0000000968,0000967000,083490,094881,069619,087322,084589,085206
0000000969,0000968000,081780,090739,076447,086693,084437,086567
0000000970,0000969000,075598,089896,083820,086031,085575,085467
0000000971,0000970000,070434,093415,084063,087129,085816,084524
0000000972,0000971000,072161,092837,084514,087998,084120,085348
0000000973,0000972000,074136,083788,090384,087439,083352,086308
0000000974,0000973000,073287,077856,097475,087100,084943,085591
0000000975,0000974000,073257,079066,097088,087720,085487,083973
0000000976,0000975000,078069,077549,092444,088732,084276,084352
0000000977,0000976000,085404,070488,093395,088358,083698,085466
0000000978,0000977000,087575,065507,095519,087296,085050,084773
0000000979,0000978000,088040,069165,091197,087786,086342,083431
0000000980,0000979000,092730,073816,082825,088474,085353,083449
0000000981,0000980000,097550,071759,078928,087910,084490,084886
0000000982,0000981000,097514,071272,080286,086830,085754,084952
0000000983,0000982000,093433,078479,076932,086670,086938,083557
0000000984,0000983000,091892,086610,069810,087585,086011,083884
0000000985,0000984000,092771,087473,069011,087255,084686,085413
0000000986,0000985000,088416,086194,073797,086059,085434,085752
0000000987,0000986000,080747,091611,076517,086197,086567,084760
0000000988,0000987000,077080,097100,074824,087243,085460,084515
0000000989,0000988000,077056,094245,077026,087396,084002,086015
0000000990,0000989000,074738,088230,086166,086536,084362,086508
0000000991,0000990000,069978,087292,091284,086743,085539,084948
0000000992,0000991000,069851,088616,090257,087968,085002,084526
0000000993,0000992000,074584,083014,091464,088283,083394,085591
0000000994,0000993000,077470,073943,096987,087510,084034,085822
0000000995,0000994000,077874,072042,099104,087498,085469,084464
0000000996,0000995000,081125,073566,093991,088463,085176,083602
0000000997,0000996000,088418,070837,089363,088678,084233,084546
0000000998,0000997000,093043,066276,089738,087650,084650,085015
0000000999,0000998000,092935,067630,087926,087254,086142,083932
0000001000,0000999000,093988,074427,080494,087863,086289,083291
0000001001,0001000000,096992,077533,074264,087854,085118,084290
0000001002,0001001000,097330,077100,074130,086994,085243,085182
0000001003,0001002000,093073,081205,074743,086362,086449,084541
0000001004,0001003000,088351,088963,071268,086842,086417,084045
0000001005,0001004000,086638,092890,069287,087207,085220,085013
0000001006,0001005000,083989,091451,073420,086571,084744,085972
0000001007,0001006000,078145,091207,079201,086265,085532,085591
0000001008,0001007000,073331,094276,081351,086855,085658,084864
0000001009,0001008000,072253,093903,082507,087486,084477,085335
0000001010,0001009000,072863,087936,087947,087410,083886,086129
0000001011,0001010000,072063,082446,094386,087116,084566,085632
0000001012,0001011000,071703,080953,095924,087627,085109,084626
0000001013,0001012000,075382,079074,094434,088359,084424,084610
0000001014,0001013000,080926,072978,094824,088265,083878,085158
0000001015,0001014000,084548,067849,096302,087781,084747,084879
0000001016,0001015000,086695,068533,093675,087809,085677,083850
0000001017,0001016000,090525,070942,087156,088302,085367,083675
0000001018,0001017000,095593,070477,082762,088117,084834,084447
0000001019,0001018000,097297,070037,081441,087250,085449,084612
0000001020,0001019000,095482,074869,078323,086983,086483,083924
0000001021,0001020000,094154,082236,072503,087318,086221,083815
0000001022,0001021000,093921,085169,069576,087282,085183,084868
0000001023,0001022000,091277,085645,071865,086523,085431,085444
0000001024,0001023000,084956,089791,074052,086134,086269,084918
0000001025,0001024000,079846,095281,073540,086913,085793,084669
0000001026,0001025000,078475,095349,075046,087233,084563,085568
0000001027,0001026000,075961,091150,081602,086618,084435,086278
0000001028,0001027000,071289,089508,087955,086646,085292,085451
0000001029,0001028000,069529,090116,089164,087534,085043,084758
0000001030,0001029000,072219,086029,090426,088077,083834,085449
0000001031,0001030000,075336,077784,095714,087661,083862,085852
0000001032,0001031000,075867,074069,098821,087432,085075,084825
0000001033,0001032000,078328,074356,096036,088263,085151,083966
0000001034,0001033000,085262,071544,092021,088761,084205,084382
0000001035,0001034000,090537,066683,091474,087823,084568,084956
0000001036,0001035000,091583,066827,090391,087411,085775,084194
0000001037,0001036000,093245,071880,083643,087991,086126,083215
0000001038,0001037000,096983,074728,077003,087981,085175,084219
0000001039,0001038000,098137,074733,075954,087143,085281,084928
0000001040,0001039000,094797,078735,075192,086525,086467,084357
0000001041,0001040000,090969,086562,071244,086999,086335,084040
0000001042,0001041000,089601,090235,068928,087181,085277,084885
0000001043,0001042000,086521,090256,071940,086448,085189,085728
0000001044,0001043000,080165,092066,076579,086239,085712,085410
0000001045,0001044000,075435,095129,078189,086897,085541,084908
0000001046,0001045000,074011,094544,080206,087274,084543,085555
0000001047,0001046000,072724,089713,086344,087050,084210,086087
0000001048,0001047000,070817,085888,092007,087095,084774,085489
0000001049,0001048000,070756,084238,093804,087682,084824,084859
0000001050,0001049000,073993,080383,094383,088148,084146,085051
0000001051,0001050000,078065,074367,096321,088010,084132,085229
0000001052,0001051000,081143,070299,097349,087872,084780,084699
0000001053,0001052000,084665,069605,094453,088147,085205,084003
0000001054,0001053000,089436,069543,089801,088249,085036,084080
0000001055,0001054000,093716,068560,086490,087977,084983,084387
0000001056,0001055000,095859,069245,083641,087551,085610,084205
0000001057,0001056000,096192,073449,079153,087363,086094,083900
0000001058,0001057000,096047,078530,074161,087350,085939,084063
0000001059,0001058000,095299,081995,071471,087115,085594,084657
0000001060,0001059000,092530,084703,071538,086680,085724,084945
0000001061,0001060000,087839,089028,071874,086481,086064,084817
0000001062,0001061000,083083,093619,072083,086661,085749,084950
0000001063,0001062000,079927,094633,074192,086944,084939,085469
0000001064,0001063000,076848,092825,079086,086713,084815,085836
0000001065,0001064000,072626,091740,084413,086642,085101,085610
0000001066,0001065000,070130,091211,087402,087286,084922,085149
0000001067,0001066000,071159,087687,089931,087771,084149,085444
0000001068,0001067000,073296,080986,094468,087705,083918,085727
0000001069,0001068000,074422,076570,097763,087512,084846,085008
0000001070,0001069000,076615,075433,096733,088075,084924,084352
0000001071,0001070000,082386,072168,094202,088649,084244,084466
0000001072,0001071000,088143,067395,093234,088019,084528,084812
0000001073,0001072000,090181,066745,091819,087562,085539,084254
0000001074,0001073000,092388,070199,086159,088048,085856,083456
0000001075,0001074000,096566,072628,079591,088042,085240,084076
0000001076,0001075000,098303,072967,077507,087286,085325,084742
0000001077,0001076000,095916,076859,075992,086724,086390,084249
0000001078,0001077000,092636,084747,071360,087069,086258,084022
0000001079,0001078000,091629,088152,068938,087215,085334,084811
0000001080,0001079000,088816,088669,071323,086443,085354,085564
0000001081,0001080000,081103,092540,075128,086034,086069,085250
0000001082,0001081000,077030,095812,075923,087116,085374,084880
0000001083,0001082000,076160,094615,077950,087295,084476,085576
0000001084,0001083000,073085,089789,085871,086449,084387,086523
0000001085,0001084000,069634,088572,090606,087135,085233,084985
0000001086,0001085000,070210,087527,091071,087814,084694,084854
0000001087,0001086000,074135,081164,093435,088267,083329,085761
0000001088,0001087000,076298,074322,098093,087339,084726,085298
0000001089,0001088000,077409,073443,097883,087874,085086,084386
0000001090,0001089000,082817,071925,094062,088809,084630,083925
0000001091,0001090000,089748,068001,091072,088168,084388,084795
0000001092,0001091000,091677,066436,090632,087467,085410,084489
0000001093,0001092000,093380,069550,085788,087919,085960,083477
0000001094,0001093000,096539,073699,078492,087916,085625,083817
0000001095,0001094000,098185,074844,075772,087293,085255,084806
0000001096,0001095000,095821,078321,074667,086746,086267,084344
0000001097,0001096000,092324,084899,071544,086878,086200,084277
0000001098,0001097000,090212,089322,069177,087126,085560,084675
0000001099,0001098000,086932,090668,071135,086347,085454,085555
0000001100,0001099000,080543,093211,075022,086461,085523,085375
0000001101,0001100000,076516,094730,077569,086867,085345,085146
