0000000001,0000000000,090335,087545,075199,092404,089750,074120
0000000002,0000001000,087787,089979,075313,089389,092466,074418
0000000003,0000002000,084936,091834,076311,086089,094461,075724
0000000004,0000003000,082090,092895,078094,082834,095531,077909
0000000005,0000004000,079506,093078,080496,079930,095581,080763
0000000006,0000005000,077434,092371,083274,077669,094602,084003
0000000007,0000006000,076088,090841,086149,076276,092689,087309
0000000008,0000007000,075615,088610,088855,075880,090029,090365
0000000009,0000008000,076023,085932,091124,076521,086885,092868
0000000010,0000009000,077291,083065,092725,078139,083564,094571
0000000011,0000010000,079310,080267,093504,080577,080389,095308
0000000012,0000011000,081871,077818,093390,083591,077674,095010
0000000013,0000012000,084700,075987,092393,086890,075680,093704
0000000014,0000013000,087553,074916,090609,090148,074607,091519
0000000015,0000014000,090151,074721,088207,093050,074559,088665
0000000016,0000015000,092210,075440,085430,095308,075540,085425
0000000017,0000016000,093546,076980,082554,096707,077449,082119
0000000018,0000017000,094045,079188,079848,097101,080110,079064
0000000019,0000018000,093626,081875,077579,096457,083256,076561
0000000020,0000019000,092343,084757,075979,094840,086576,074858
0000000021,0000020000,090341,087539,075200,092406,089748,074120
0000000022,0000021000,087786,089980,075313,089387,092469,074418
0000000023,0000022000,084935,091835,076310,086090,094460,075724
0000000024,0000023000,082090,092896,078094,082833,095531,077909
0000000025,0000024000,079509,093076,080496,079930,095581,080763
0000000026,0000025000,077431,092375,083273,077669,094603,084003
0000000027,0000026000,076091,090839,086149,076275,092689,087310
0000000028,0000027000,075613,088612,088855,075880,090030,090365
0000000029,0000028000,076022,085933,091124,076521,086885,092868
0000000030,0000029000,077291,083065,092724,078139,083564,094571
0000000031,0000030000,079311,080265,093504,080575,080390,095309
0000000032,0000031000,081867,077823,093391,083591,077674,095010
0000000033,0000032000,084702,075984,092393,086889,075681,093705
0000000034,0000033000,087556,074915,090609,090147,074608,091519
0000000035,0000034000,090148,074724,088208,093049,074560,088665
0000000036,0000035000,092209,075441,085430,095309,075539,085425
0000000037,0000036000,093552,076975,082553,096705,077450,082119
0000000038,0000037000,094042,079190,079849,097100,080110,079064
0000000039,0000038000,093622,081878,077580,096457,083256,076561
0000000040,0000039000,092349,084752,075979,094841,086575,074858
0000000041,0000040000,090342,087538,075199,092404,089749,074120
0000000042,0000041000,087781,089986,075313,089387,092468,074419
0000000043,0000042000,084937,091833,076310,086090,094460,075724
0000000044,0000043000,082095,092891,078094,082833,095532,077910
0000000045,0000044000,079503,093081,080496,079929,095582,080763
0000000046,0000045000,077429,092377,083273,077670,094601,084003
0000000047,0000046000,076096,090834,086149,076275,092689,087309
0000000048,0000047000,075611,088613,088855,075879,090031,090364
0000000049,0000048000,076018,085938,091124,076521,086885,092867
0000000050,0000049000,077295,083061,092724,078139,083564,094570
0000000051,0000050000,079312,080264,093504,080574,080392,095308
0000000052,0000051000,081862,077827,093391,083590,077674,095010
0000000053,0000052000,084703,075983,092393,086889,075681,093705
0000000054,0000053000,087559,074911,090610,090146,074609,091519
0000000055,0000054000,090144,074727,088208,093048,074561,088665
0000000056,0000055000,092208,075441,085430,095309,075539,085426
0000000057,0000056000,093555,076971,082554,096704,077450,082120
0000000058,0000057000,094041,079190,079849,097099,080111,079065
0000000059,0000058000,093621,081880,077579,096457,083256,076562
0000000060,0000059000,092352,084749,075979,094841,086575,074859
0000000061,0000060000,090342,087538,075199,092404,089749,074121
0000000062,0000061000,087779,089988,075313,089387,092467,074419
0000000063,0000062000,084939,091831,076309,086091,094459,075724
0000000064,0000063000,082096,092891,078093,082833,095531,077910
0000000065,0000064000,079502,093083,080495,079930,095581,080763
0000000066,0000065000,077431,092376,083272,077671,094601,084003
0000000067,0000066000,076097,090834,086149,076276,092690,087309
0000000068,0000067000,075608,088617,088855,075879,090031,090363
0000000069,0000068000,076018,085938,091124,076522,086886,092866
0000000070,0000069000,077296,083059,092724,078139,083566,094570
0000000071,0000070000,079309,080266,093505,080574,080393,095307
0000000072,0000071000,081861,077828,093391,083590,077675,095009
0000000073,0000072000,084705,075980,092394,086888,075682,093704
0000000074,0000073000,087557,074912,090611,090144,074610,091519
0000000075,0000074000,090141,074729,088209,093047,074562,088666
0000000076,0000075000,092211,075438,085431,095308,075540,085427
0000000077,0000076000,093555,076970,082555,096702,077451,082121
0000000078,0000077000,094038,079192,079849,097098,080111,079066
0000000079,0000078000,093623,081877,077580,096456,083255,076563
0000000080,0000079000,092355,084746,075979,094840,086574,074860
0000000081,0000080000,090341,087540,075199,092404,089748,074122
0000000082,0000081000,087780,089988,075312,089388,092465,074420
0000000083,0000082000,084943,091828,076308,086092,094457,075725
0000000084,0000083000,082095,092893,078092,082834,095531,077910
0000000085,0000084000,079500,093086,080494,079932,095580,080763
0000000086,0000085000,077434,092375,083271,077672,094600,084002
0000000087,0000086000,076097,090835,086148,076276,092690,087308
0000000088,0000087000,075605,088621,088854,075880,090032,090362
0000000089,0000088000,076018,085938,091123,076523,086886,092865
0000000090,0000089000,077296,083059,092725,078139,083567,094568
0000000091,0000090000,079305,080270,093505,080573,080395,095306
0000000092,0000091000,081859,077828,093392,083590,077677,095008
0000000093,0000092000,084706,075978,092396,086886,075684,093704
0000000094,0000093000,087554,074913,090612,090142,074612,091519
0000000095,0000094000,090140,074729,088211,093045,074563,088666
0000000096,0000095000,092213,075434,085433,095305,075541,085428
0000000097,0000096000,093555,076969,082557,096700,077452,082122
0000000098,0000097000,094038,079192,079850,097096,080110,079068
0000000099,0000098000,093626,081874,077580,096455,083254,076565
0000000100,0000099000,092356,084744,075979,094839,086573,074862
0000000101,0000100000,090341,087541,075198,092404,089746,074124
0000000102,0000101000,087784,089986,075310,089389,092463,074422
0000000103,0000102000,084946,091827,076307,086093,094455,075726
0000000104,0000103000,082094,092895,078090,082836,095529,077910
0000000105,0000104000,079502,093087,080491,079934,095578,080762
0000000106,0000105000,077436,092375,083269,077674,094599,084001
0000000107,0000106000,076095,090839,086146,076279,092690,087306
0000000108,0000107000,075604,088623,088852,075883,090032,090360
0000000109,0000108000,076019,085938,091123,076524,086887,092862
0000000110,0000109000,077293,083062,092725,078139,083569,094565
0000000111,0000110000,079301,080273,093506,080573,080397,095304
0000000112,0000111000,081859,077827,093394,083589,077679,095006
0000000113,0000112000,084704,075978,092398,086884,075687,093703
0000000114,0000113000,087550,074915,090615,090140,074615,091519
0000000115,0000114000,090140,074726,088213,093042,074565,088667
0000000116,0000115000,092214,075431,085435,095302,075542,085430
0000000117,0000116000,093553,076968,082559,096697,077453,082125
0000000118,0000117000,094039,079189,079852,097094,080109,079071
0000000119,0000118000,093630,081869,077581,096453,083253,076569
0000000120,0000119000,092358,084743,075979,094837,086571,074866
0000000121,0000120000,090343,087540,075197,092404,089743,074127
0000000122,0000121000,087788,089983,075308,089390,092460,074424
0000000123,0000122000,084948,091828,076304,086094,094452,075727
0000000124,0000123000,082095,092898,078087,082839,095525,077910
0000000125,0000124000,079505,093087,080488,079938,095575,080762
0000000126,0000125000,077437,092377,083267,077678,094598,083999
0000000127,0000126000,076092,090843,086144,076282,092689,087303
0000000128,0000127000,075603,088626,088851,075886,090032,090356
0000000129,0000128000,076018,085940,091122,076526,086889,092858
0000000130,0000129000,077289,083066,092725,078140,083572,094562
0000000131,0000130000,079298,080275,093507,080573,080401,095300
0000000132,0000131000,081857,077827,093396,083587,077683,095004
0000000133,0000132000,084700,075979,092401,086881,075692,093701
0000000134,0000133000,087547,074914,090618,090137,074619,091519
0000000135,0000134000,090140,074723,088217,093038,074568,088668
0000000136,0000135000,092213,075428,085439,095297,075545,085432
0000000137,0000136000,093553,076966,082561,096693,077453,082128
0000000138,0000137000,094042,079185,079853,097090,080109,079075
0000000139,0000138000,093633,081865,077582,096450,083251,076573
0000000140,0000139000,092360,084742,075978,094836,086568,074870
0000000141,0000140000,090347,087537,075195,092404,089739,074131
0000000142,0000141000,087793,089980,075306,089392,092455,074427
0000000143,0000142000,084950,091829,076301,086097,094448,075729
0000000144,0000143000,082098,092899,078083,082843,095521,077911
0000000145,0000144000,079508,093088,080484,079942,095571,080761
0000000146,0000145000,077436,092381,083263,077682,094596,083996
0000000147,0000146000,076091,090848,086141,076287,092688,087299
0000000148,0000147000,075602,088629,088848,075890,090033,090351
0000000149,0000148000,076014,085944,091121,076529,086892,092853
0000000150,0000149000,077283,083071,092726,078142,083576,094556
0000000151,0000150000,079294,080277,093509,080573,080405,095296
0000000152,0000151000,081853,077828,093399,083585,077689,095000
0000000153,0000152000,084694,075980,092405,086878,075697,093699
0000000154,0000153000,087544,074913,090623,090132,074623,091518
0000000155,0000154000,090139,074719,088222,093033,074572,088669
0000000156,0000155000,092211,075425,085443,095292,075548,085435
0000000157,0000156000,093553,076962,082565,096688,077454,082132
0000000158,0000157000,094046,079178,079856,097086,080108,079081
0000000159,0000158000,093636,081861,077583,096446,083249,076579
0000000160,0000159000,092363,084738,075978,094834,086564,074876
0000000161,0000160000,090353,087533,075193,092404,089733,074136
0000000162,0000161000,087798,089978,075303,089393,092449,074431
0000000163,0000162000,084954,091830,076296,086101,094442,075732
0000000164,0000163000,082102,092900,078078,082848,095515,077911
0000000165,0000164000,079511,093091,080479,079948,095567,080759
0000000166,0000165000,077436,092386,083258,077689,094593,083993
0000000167,0000166000,076090,090854,086136,076293,092687,087294
0000000168,0000167000,075600,088634,088846,075895,090034,090345
0000000169,0000168000,076009,085950,091120,076533,086895,092847
0000000170,0000169000,077278,083076,092726,078144,083580,094550
0000000171,0000170000,079290,080279,093511,080573,080411,095290
0000000172,0000171000,081847,077830,093403,083583,077696,094996
0000000173,0000172000,084688,075981,092410,086874,075704,093696
0000000174,0000173000,087541,074910,090628,090127,074630,091518
0000000175,0000174000,090137,074715,088228,093025,074577,088671
0000000176,0000175000,092210,075421,085449,095284,075551,085439
0000000177,0000176000,093555,076955,082569,096681,077455,082138
0000000178,0000177000,094049,079171,079859,097080,080107,079088
0000000179,0000178000,093640,081855,077584,096442,083245,076587
0000000180,0000179000,092369,084733,075977,094832,086559,074883
0000000181,0000180000,090361,087528,075191,092405,089727,074143
0000000182,0000181000,087804,089977,075298,089396,092442,074436
0000000183,0000182000,084959,091830,076290,086106,094434,075734
0000000184,0000183000,082107,092901,078071,082855,095508,077912
0000000185,0000184000,079513,093095,080472,079956,095561,080757
0000000186,0000185000,077436,092392,083251,077697,094589,083988
0000000187,0000186000,076089,090860,086131,076301,092685,087288
0000000188,0000187000,075597,088640,088842,075901,090035,090338
0000000189,0000188000,076003,085958,091118,076537,086898,092838
0000000190,0000189000,077272,083082,092727,078146,083586,094542
0000000191,0000190000,079283,080283,093514,080573,080419,095283
0000000192,0000191000,081839,077833,093408,083580,077705,094990
0000000193,0000192000,084682,075982,092416,086869,075712,093693
0000000194,0000193000,087537,074907,090636,090119,074638,091517
0000000195,0000194000,090133,074711,088235,093017,074584,088673
0000000196,0000195000,092208,075416,085456,095276,075555,085443
0000000197,0000196000,093558,076947,082575,096672,077457,082145
0000000198,0000197000,094053,079163,079863,097072,080106,079096
0000000199,0000198000,093645,081849,077586,096437,083241,076596
0000000200,0000199000,092377,084726,075976,094830,086552,074892
0000000201,0000200000,090369,087523,075188,092405,089718,074151
0000000202,0000201000,087811,089975,075293,089399,092433,074442
0000000203,0000202000,084966,091830,076283,086112,094424,075738
0000000204,0000203000,082114,092903,078063,082862,095499,077913
0000000205,0000204000,079516,093100,080464,079965,095554,080755
0000000206,0000205000,077437,092400,083244,077707,094584,083983
0000000207,0000206000,076088,090867,086125,076310,092684,087280
0000000208,0000207000,075592,088649,088838,075909,090036,090328
0000000209,0000208000,075996,085967,091116,076543,086903,092828
0000000210,0000209000,077264,083088,092727,078149,083593,094532
0000000211,0000210000,079274,080288,093518,080572,080428,095274
0000000212,0000211000,081830,077837,093414,083576,077715,094983
0000000213,0000212000,084674,075981,092424,086862,075723,093689
0000000214,0000213000,087531,074904,090645,090110,074647,091516
0000000215,0000214000,090128,074706,088245,093006,074592,088676
0000000216,0000215000,092207,075408,085464,095265,075560,085449
0000000217,0000216000,093560,076937,082582,096662,077459,082153
0000000218,0000217000,094057,079154,079868,097063,080105,079106
0000000219,0000218000,093652,081840,077588,096431,083236,076607
0000000220,0000219000,092387,084718,075975,094827,086544,074903
0000000221,0000220000,090379,087517,075184,092405,089709,074160
0000000222,0000221000,087821,089973,075286,089403,092421,074450
0000000223,0000222000,084976,091829,076275,086119,094413,075742
0000000224,0000223000,082121,092906,078053,082872,095489,077913
0000000225,0000224000,079520,093107,080454,079976,095546,080752
0000000226,0000225000,077438,092408,083234,077719,094579,083977
0000000227,0000226000,076086,090876,086117,076321,092682,087271
0000000228,0000227000,075587,088661,088832,075919,090038,090317
0000000229,0000228000,075988,085977,091114,076550,086908,092816
0000000230,0000229000,077255,083096,092729,078152,083602,094520
0000000231,0000230000,079263,080295,093522,080572,080439,095264
0000000232,0000231000,081819,077840,093421,083572,077727,094975
0000000233,0000232000,084665,075981,092434,086855,075735,093684
0000000234,0000233000,087523,074901,090656,090100,074659,091516
0000000235,0000234000,090123,074700,088256,092994,074601,088679
0000000236,0000235000,092207,075399,085474,095252,075566,085456
0000000237,0000236000,093562,076926,082591,096650,077461,082163
0000000238,0000237000,094062,079143,079874,097053,080103,079118
0000000239,0000238000,093661,081828,077590,096424,083231,076620
0000000240,0000239000,092398,084708,075974,094823,086535,074916
0000000241,0000240000,090390,087510,075179,092406,089697,074172
0000000242,0000241000,087832,089969,075278,089408,092408,074458
0000000243,0000242000,084987,091829,076264,086127,094399,075748
0000000244,0000243000,082128,092910,078041,082883,095477,077914
0000000245,0000244000,079525,093114,080441,079990,095536,080749
0000000246,0000245000,077440,092417,083223,077733,094572,083970
0000000247,0000246000,076084,090888,086108,076334,092679,087260
0000000248,0000247000,075580,088673,088826,075930,090040,090304
0000000249,0000248000,075980,085989,091111,076558,086914,092802
0000000250,0000249000,077244,083106,092730,078156,083612,094506
0000000251,0000250000,079250,080303,093527,080571,080452,095251
0000000252,0000251000,081806,077844,093429,083567,077741,094966
0000000253,0000252000,084655,075980,092445,086845,075750,093679
0000000254,0000253000,087514,074897,090669,090087,074672,091515
0000000255,0000254000,090118,074693,088269,092980,074611,088683
0000000256,0000255000,092206,075387,085487,095237,075573,085464
0000000257,0000256000,093565,076914,082601,096635,077464,082175
0000000258,0000257000,094069,079130,079881,097041,080101,079133
0000000259,0000258000,093671,081815,077593,096415,083224,076635
0000000260,0000259000,092410,084697,075973,094819,086524,074931
0000000261,0000260000,090403,087503,075174,092406,089683,074185
0000000262,0000261000,087846,089964,075269,089413,092392,074468
0000000263,0000262000,084999,091829,076252,086137,094384,075753
0000000264,0000263000,082138,092915,078028,082897,095462,077915
0000000265,0000264000,079531,093122,080427,080005,095524,080745
0000000266,0000265000,077442,092428,083210,077749,094565,083961
0000000267,0000266000,076081,090902,086097,076350,092677,087248
0000000268,0000267000,075573,088688,088818,075943,090043,090289
0000000269,0000268000,075969,086002,091108,076567,086922,092785
0000000270,0000269000,077230,083119,092731,078161,083624,094490
0000000271,0000270000,079235,080312,093533,080570,080467,095237
0000000272,0000271000,081792,077849,093439,083561,077758,094955
0000000273,0000272000,084642,075980,092458,086835,075767,093673
0000000274,0000273000,087503,074893,090684,090073,074687,091514
0000000275,0000274000,090111,074684,088284,092963,074624,088687
0000000276,0000275000,092204,075375,085501,095220,075581,085473
0000000277,0000276000,093568,076900,082613,096619,077467,082189
0000000278,0000277000,094076,079115,079889,097027,080098,079149
0000000279,0000278000,093683,081800,077597,096405,083216,076653
0000000280,0000279000,092424,084684,075971,094814,086512,074948
0000000281,0000280000,090419,087493,075167,092407,089667,074200
0000000282,0000281000,087862,089958,075259,089420,092374,074480
0000000283,0000282000,085013,091828,076239,086148,094366,075760
0000000284,0000283000,082148,092920,078012,082912,095446,077916
0000000285,0000284000,079538,093131,080411,080023,095511,080740
0000000286,0000285000,077444,092441,083195,077767,094556,083951
0000000287,0000286000,076077,090918,086084,076367,092674,087233
0000000288,0000287000,075565,088705,088810,075957,090045,090271
0000000289,0000288000,075957,086018,091104,076577,086930,092767
0000000290,0000289000,077214,083133,092733,078166,083637,094472
0000000291,0000290000,079218,080323,093540,080570,080484,095221
0000000292,0000291000,081775,077854,093450,083554,077777,094943
0000000293,0000292000,084626,075981,092473,086823,075786,093666
0000000294,0000293000,087491,074888,090700,090057,074705,091513
0000000295,0000294000,090104,074674,088301,092944,074638,088692
0000000296,0000295000,092202,075361,085517,095200,075590,085484
0000000297,0000296000,093571,076883,082626,096600,077470,082204
0000000298,0000297000,094085,079097,079898,097012,080095,079168
0000000299,0000298000,093696,081782,077601,096394,083207,076673
0000000300,0000299000,092441,084669,075970,094809,086497,074968
0000000301,0000300000,090437,087482,075160,092408,089649,074217
0000000302,0000301000,087880,089952,075247,089427,092354,074493
0000000303,0000302000,085029,091828,076223,086161,094346,075767
0000000304,0000303000,082161,092925,077994,082929,095427,077917
0000000305,0000304000,079546,093142,080392,080043,095497,080734
0000000306,0000305000,077446,092456,083178,077788,094547,083939
0000000307,0000306000,076073,090936,086070,076387,092670,087217
0000000308,0000307000,075556,088724,088800,075974,090049,090251
0000000309,0000308000,075943,086036,091100,076589,086940,092745
0000000310,0000309000,077197,083149,092735,078171,083652,094451
0000000311,0000310000,079199,080334,093547,080568,080503,095203
0000000312,0000311000,081756,077861,093463,083546,077798,094930
0000000313,0000312000,084609,075982,092489,086809,075807,093658
0000000314,0000313000,087478,074882,090720,090038,074724,091511
0000000315,0000314000,090096,074662,088321,092923,074653,088698
0000000316,0000315000,092199,075345,085535,095178,075600,085496
0000000317,0000316000,093574,076864,082641,096580,077473,082221
0000000318,0000317000,094095,079076,079909,096994,080091,079189
0000000319,0000318000,093711,081763,077606,096382,083196,076696
0000000320,0000319000,092459,084653,075968,094803,086481,074990
0000000321,0000320000,090458,087469,075152,092410,089628,074236
0000000322,0000321000,087901,089945,075234,089435,092332,074507
0000000323,0000322000,085047,091828,076205,086176,094323,075776
0000000324,0000323000,082176,092931,077973,082949,095407,077918
0000000325,0000324000,079555,093153,080371,080066,095480,080728
0000000326,0000325000,077449,092473,083158,077812,094536,083927
0000000327,0000326000,076069,090957,086054,076409,092667,087198
0000000328,0000327000,075546,088745,088788,075992,090053,090229
0000000329,0000328000,075928,086057,091095,076602,086951,092721
0000000330,0000329000,077177,083167,092736,078177,083669,094428
0000000331,0000330000,079177,080348,093555,080567,080525,095183
0000000332,0000331000,081735,077868,093477,083537,077823,094914
0000000333,0000332000,084589,075982,092508,086793,075831,093649
0000000334,0000333000,087462,074876,090741,090017,074746,091510
0000000335,0000334000,090086,074650,088344,092899,074671,088704
0000000336,0000335000,092196,075328,085556,095153,075611,085510
0000000337,0000336000,093579,076843,082659,096556,077477,082241
0000000338,0000337000,094106,079053,079921,096975,080087,079212
0000000339,0000338000,093727,081741,077611,096368,083185,076721
0000000340,0000339000,092480,084634,075966,094797,086463,075014
0000000341,0000340000,090481,087455,075144,092411,089605,074258
0000000342,0000341000,087924,089937,075219,089445,092306,074523
0000000343,0000342000,085067,091828,076185,086192,094297,075785
0000000344,0000343000,082192,092938,077950,082971,095384,077920
0000000345,0000344000,079566,093166,080348,080091,095462,080721
0000000346,0000345000,077452,092492,083136,077838,094524,083912
0000000347,0000346000,076065,090979,086035,076433,092663,087178
0000000348,0000347000,075535,088769,088776,076013,090057,090204
0000000349,0000348000,075910,086080,091089,076616,086963,092695
0000000350,0000349000,077155,083187,092738,078184,083688,094402
0000000351,0000350000,079153,080363,093564,080565,080549,095160
0000000352,0000351000,081710,077877,093493,083527,077849,094898
0000000353,0000352000,084567,075983,092529,086776,075858,093640
0000000354,0000353000,087445,074869,090766,089994,074770,091509
0000000355,0000354000,090075,074636,088369,092872,074690,088712
0000000356,0000355000,092192,075308,085579,095125,075624,085525
0000000357,0000356000,093583,076819,082678,096531,077481,082263
0000000358,0000357000,094118,079028,079935,096954,080082,079238
0000000359,0000358000,093745,081717,077618,096354,083172,076749
0000000360,0000359000,092503,084612,075964,094790,086443,075041
0000000361,0000360000,090507,087439,075134,092413,089580,074281
0000000362,0000361000,087949,089928,075202,089455,092278,074541
0000000363,0000362000,085090,091827,076163,086211,094269,075794
0000000364,0000363000,082211,092945,077925,082995,095358,077921
0000000365,0000364000,079577,093181,080321,080119,095442,080713
0000000366,0000365000,077456,092513,083111,077867,094512,083896
0000000367,0000366000,076061,091004,086015,076460,092659,087155
0000000368,0000367000,075523,088796,088761,076035,090062,090177
0000000369,0000368000,075891,086106,091082,076632,086977,092666
0000000370,0000369000,077131,083209,092740,078191,083709,094374
0000000371,0000370000,079126,080380,093574,080563,080575,095136
0000000372,0000371000,081683,077886,093510,083516,077879,094879
0000000373,0000372000,084543,075984,092552,086757,075888,093630
0000000374,0000373000,087426,074861,090792,089969,074797,091508
0000000375,0000374000,090062,074621,088396,092843,074711,088720
0000000376,0000375000,092188,075286,085605,095095,075637,085542
0000000377,0000376000,093588,076792,082699,096502,077485,082287
0000000378,0000377000,094130,079000,079950,096930,080077,079267
0000000379,0000378000,093765,081690,077625,096337,083157,076780
0000000380,0000379000,092528,084589,075963,094782,086421,075071
0000000381,0000380000,090535,087421,075124,092415,089552,074307
0000000382,0000381000,087977,089918,075184,089467,092247,074560
0000000383,0000382000,085116,091825,076139,086231,094238,075805
0000000384,0000383000,082231,092952,077897,083022,095331,077922
0000000385,0000384000,079591,093197,080292,080150,095420,080705
0000000386,0000385000,077460,092535,083084,077898,094498,083878
0000000387,0000386000,076056,091031,085992,076490,092655,087130
0000000388,0000387000,075509,088825,088745,076059,090068,090147
0000000389,0000388000,075870,086135,091075,076648,086992,092633
0000000390,0000389000,077104,083234,092741,078199,083733,094343
0000000391,0000390000,079096,080399,093585,080561,080605,095109
0000000392,0000391000,081654,077897,093529,083504,077911,094859
0000000393,0000392000,084517,075986,092577,086736,075920,093619
0000000394,0000393000,087404,074853,090822,089941,074826,091507
0000000395,0000394000,090048,074605,088427,092811,074733,088729
0000000396,0000395000,092183,075263,085634,095062,075651,085561
0000000397,0000396000,093593,076764,082723,096472,077489,082313
0000000398,0000397000,094144,078969,079967,096905,080071,079299
0000000399,0000398000,093787,081660,077633,096320,083141,076813
0000000400,0000399000,092556,084562,075961,094774,086396,075103
0000000401,0000400000,090566,087401,075113,092418,089522,074335
0000000402,0000401000,081868,093642,078907,092119,092073,074442
0000000403,0000402000,084390,089259,073556,090306,092912,074520
0000000404,0000403000,082444,093821,078779,087415,094932,077544
0000000405,0000404000,080694,092001,079134,083516,094414,079687
0000000406,0000405000,081688,091384,081948,079781,094311,083658
0000000407,0000406000,081190,092033,086979,075565,092746,087172
0000000408,0000407000,080512,084390,084275,072250,090949,090957
0000000409,0000408000,080285,086093,090974,068969,088443,093991
0000000410,0000409000,083899,080531,089887,067491,085652,096172
0000000411,0000410000,081846,080423,093464,066842,083580,098036
0000000412,0000411000,085512,077963,093431,068135,080327,097267
0000000413,0000412000,086555,075120,091394,070148,079571,097338
0000000414,0000413000,084421,075991,091582,073622,077449,094304
0000000415,0000414000,090135,074092,087619,077360,077590,091837
0000000416,0000415000,086905,079088,089197,082216,077938,088127
0000000417,0000416000,089412,077054,082840,086350,079004,084116
0000000418,0000417000,088392,082235,083288,090786,081144,080627
0000000419,0000418000,087626,082368,078562,093436,083308,077179
0000000420,0000419000,086803,085566,077259,095853,086073,074914
0000000421,0000420000,086303,090019,078164,096205,088413,073290
0000000422,0000421000,085461,089332,075120,096030,090988,073322
0000000423,0000422000,082320,093370,078197,093870,092554,074041
0000000424,0000423000,084148,090940,076416,091060,093676,076092
0000000425,0000424000,080007,092817,080420,087117,094277,079298
0000000426,0000425000,081812,090816,081690,083040,093215,082278
0000000427,0000426000,081518,089821,084935,078954,092548,086707
0000000428,0000427000,079902,087456,087374,075355,090050,089827
0000000429,0000428000,082653,083413,088109,072410,087954,093333
0000000430,0000429000,081475,083021,092082,070721,085150,095587
0000000431,0000430000,083980,078136,090787,070075,082534,096981
0000000432,0000431000,084443,078913,093881,071209,080184,097200
0000000433,0000432000,086384,075637,091419,073136,078261,096184
0000000434,0000433000,086360,075449,090621,076609,077190,094252
0000000435,0000434000,087888,076228,089374,080277,076562,091043
0000000436,0000435000,088888,076197,086009,084836,077316,087764
0000000437,0000436000,087544,079770,085439,088981,078316,083671
0000000438,0000437000,089848,080044,081104,092938,080353,080034
0000000439,0000438000,086701,084146,080426,095917,082883,076887
0000000440,0000439000,087481,085147,077090,097739,085270,074170
0000000441,0000440000,086127,088817,077330,098425,088224,073053
0000000442,0000441000,084469,090467,076636,097612,090332,072524
0000000443,0000442000,084158,091313,076560,095733,092373,073641
0000000444,0000443000,082167,092929,078854,092618,093430,075559
0000000445,0000444000,082038,090825,078774,088797,093884,078574
0000000446,0000445000,080648,091771,082888,084643,093335,082075
0000000447,0000446000,081719,088742,084023,080447,092029,085898
0000000448,0000447000,080632,087288,087215,076927,090162,089712
0000000449,0000448000,081883,084536,089072,073950,087493,092744
0000000450,0000449000,082791,081518,090338,072327,085028,095448
0000000451,0000450000,082807,079983,092305,071747,082121,096652
0000000452,0000451000,085688,077103,091643,072687,079805,097010
0000000453,0000452000,085269,077133,092500,074833,077895,096093
0000000454,0000453000,087369,075118,089921,077972,076564,093949
0000000455,0000454000,087680,076457,089245,081968,076285,091113
0000000456,0000455000,088326,076883,086447,086112,076619,087406
0000000457,0000456000,088637,078635,084192,090434,078003,083647
0000000458,0000457000,088280,081441,082477,094075,079887,079775
0000000459,0000458000,088141,082816,079202,097057,082472,076586
0000000460,0000459000,086471,086444,078638,098803,085127,074012
0000000461,0000460000,086566,087730,076555,099295,087873,072561
0000000462,0000461000,084303,090519,077053,098515,090399,072341
0000000463,0000462000,083887,091357,077035,096379,092194,073119
0000000464,0000463000,082738,091947,078277,093352,093609,075327
0000000465,0000464000,081336,091865,080136,089424,093872,078135
0000000466,0000465000,081701,090314,081699,085278,093484,081821
0000000467,0000466000,080679,089552,084988,081140,092151,085676
0000000468,0000467000,081573,086424,086338,077496,090122,089434
0000000469,0000468000,081599,084902,089316,074748,087633,092782
0000000470,0000469000,082785,081695,090296,072981,084793,095249
0000000471,0000470000,083531,079600,091569,072645,082084,096793
0000000472,0000471000,084836,077986,092115,073471,079487,097001
0000000473,0000472000,086221,076247,091215,075708,077589,096189
0000000474,0000473000,086649,076367,090763,078853,076230,094068
0000000475,0000474000,088300,075880,088297,082778,075821,091119
0000000476,0000475000,087946,077529,086847,087015,076307,087531
0000000477,0000476000,088708,078635,084057,091120,077534,083530
0000000478,0000477000,088344,081135,082134,094831,079678,079804
0000000479,0000478000,087629,083468,079974,097587,082147,076357
0000000480,0000479000,087145,085648,078098,099331,085046,073861
0000000481,0000480000,085681,088415,077565,099701,087844,072303
0000000482,0000481000,084950,089634,076574,098794,090421,072000
0000000483,0000482000,083390,091569,077708,096654,092449,072902
0000000484,0000483000,082817,091534,078286,093450,093745,074926
0000000485,0000484000,081600,091575,080210,089621,094242,077963
0000000486,0000485000,081327,090529,082214,085364,093707,081544
0000000487,0000486000,081252,088743,084340,081321,092456,085573
0000000488,0000487000,081103,087016,086932,077684,090320,089365
0000000489,0000488000,082213,084210,088508,074974,087740,092793
0000000490,0000489000,082468,082239,090593,073351,084858,095396
0000000491,0000490000,083926,079511,091098,072997,081930,096899
0000000492,0000491000,084861,078089,091779,074012,079365,097296
0000000493,0000492000,086052,076683,091195,076186,077225,096351
0000000494,0000493000,087129,076150,090077,079455,075923,094347
0000000495,0000494000,087760,076652,088660,083335,075407,091299
0000000496,0000495000,088462,077200,086229,087572,075891,087655
0000000497,0000496000,088267,079230,084472,091659,077219,083642
0000000498,0000497000,088453,080914,081869,095231,079326,079730
0000000499,0000498000,087525,083551,080193,097973,082012,076315
0000000500,0000499000,086922,085754,078475,099529,084918,073624
0000000501,0000500000,085851,087974,077493,099866,087939,072098
0000000502,0000501000,084527,089890,077305,098811,090568,071684
0000000503,0000502000,083721,090844,077505,096596,092739,072601
0000000504,0000503000,082395,091675,078913,093346,094125,074649
0000000505,0000504000,081911,091067,080140,089432,094610,077673
0000000506,0000505000,081237,090414,082453,085248,094175,081411
0000000507,0000506000,081259,088626,084412,081158,092784,085417
0000000508,0000507000,081422,086687,086628,077653,090668,089407
0000000509,0000508000,081986,084476,088658,074968,087917,092868
0000000510,0000509000,082938,081915,089981,073473,084934,095587
0000000511,0000510000,083745,080022,091177,073225,081881,097180
0000000512,0000511000,085177,077987,091179,074312,079140,097580
0000000513,0000512000,085999,077062,091031,076614,076954,096717
0000000514,0000513000,087184,076411,089784,079877,075493,094625
0000000515,0000514000,087859,076770,088303,083839,075006,091610
0000000516,0000515000,088241,077693,086364,088017,075424,087828
0000000517,0000516000,088479,079123,084132,092088,076838,083769
0000000518,0000517000,088058,081322,082226,095576,079013,079745
0000000519,0000518000,087666,083323,080110,098195,081794,076202
0000000520,0000519000,086647,085864,078882,099667,084893,073466
0000000521,0000520000,085769,087796,077752,099830,087992,071797
0000000522,0000521000,084517,089612,077588,098710,090835,071402
0000000523,0000522000,083477,090740,078001,096349,093076,072244
0000000524,0000523000,082559,091140,078957,093059,094587,074344
0000000525,0000524000,081698,091030,080638,089095,095110,077405
0000000526,0000525000,081472,089911,082366,084909,094671,081208
0000000527,0000526000,081188,088587,084611,080886,093266,085343
0000000528,0000527000,081611,086475,086477,077423,091017,089400
0000000529,0000528000,082113,084387,088441,074884,088197,093027
0000000530,0000529000,082980,082084,089816,073471,085010,095794
0000000531,0000530000,084049,079995,090663,073385,081840,097514
0000000532,0000531000,085089,078412,091018,074576,078924,097946
0000000533,0000532000,086277,077146,090460,076981,076605,097099
0000000534,0000533000,087089,076884,089603,080328,075070,095016
0000000535,0000534000,087933,076986,087950,084294,074492,091911
0000000536,0000535000,088206,077997,086219,088494,074953,088092
0000000537,0000536000,088338,079431,084151,092479,076370,083890
0000000538,0000537000,088053,081336,082167,095903,078672,079785
0000000539,0000538000,087390,083538,080472,098382,081564,076101
0000000540,0000539000,086650,085639,078992,099718,084829,073265
0000000541,0000540000,085491,087787,078262,099744,088105,071519
0000000542,0000541000,084496,089273,077904,098469,091088,071043
0000000543,0000542000,083348,090462,078427,096021,093504,071899
0000000544,0000543000,082479,090825,079344,092621,095078,073978
0000000545,0000544000,081784,090583,080836,088646,095694,077126
0000000546,0000545000,081394,089715,082670,084452,095238,080987
0000000547,0000546000,081411,088192,084520,080493,093792,085238
0000000548,0000547000,081625,086432,086532,077130,091451,089423
0000000549,0000548000,082342,084220,088133,074708,088475,093153
0000000550,0000549000,083102,082185,089540,073464,085147,096061
0000000551,0000550000,084200,080166,090277,073508,081768,097843
0000000552,0000551000,085270,078609,090523,074867,078709,098362
0000000553,0000552000,086296,077583,090118,077372,076220,097514
0000000554,0000553000,087246,077142,089091,080811,074588,095430
0000000555,0000554000,087827,077472,087750,084809,073948,092269
0000000556,0000555000,088246,078262,085927,088986,074393,088354
0000000557,0000556000,088190,079772,084137,092919,075878,084064
0000000558,0000557000,087923,081511,082240,096216,078256,079809
0000000559,0000558000,087262,083579,080656,098570,081320,076023
0000000560,0000559000,086408,085657,079393,099725,084738,073052
0000000561,0000560000,085405,087517,078599,099593,088212,071223
0000000562,0000561000,084271,089087,078478,098157,091372,070680
0000000563,0000562000,083314,090018,078814,095578,093938,071505
0000000564,0000563000,082372,090470,079831,092102,095639,073612
0000000565,0000564000,081806,090138,081160,088077,096303,076793
0000000566,0000565000,081459,089313,082870,083917,095875,080760
0000000567,0000566000,081479,087926,084642,080017,094359,085103
0000000568,0000567000,081841,086146,086384,076784,091929,089427
0000000569,0000568000,082446,084212,087974,074512,088797,093280
0000000570,0000569000,083361,082165,089098,073444,085284,096306
0000000571,0000570000,084332,080403,089873,073675,081721,098197
0000000572,0000571000,085449,078882,089979,075189,078460,098765
0000000573,0000572000,086414,077978,089597,077841,075825,097963
0000000574,0000573000,087277,077614,088653,081355,074056,095850
0000000575,0000574000,087871,077872,087321,085396,073360,092650
0000000576,0000575000,088130,078752,085742,089541,073788,088643
0000000577,0000576000,088127,080056,083985,093393,075324,084245
0000000578,0000577000,087711,081797,082377,096560,077814,079868
0000000579,0000578000,087100,083650,080869,098736,081020,075941
0000000580,0000579000,086193,085615,079788,099709,084636,072862
0000000581,0000580000,085194,087333,079116,099372,088296,070918
0000000582,0000581000,084139,088725,078997,097769,091663,070317
0000000583,0000582000,083146,089644,079422,095042,094387,071104
0000000584,0000583000,082359,089929,080292,091478,096218,073222
0000000585,0000584000,081769,089686,081619,087424,096958,076453
0000000586,0000585000,081557,088818,083103,083292,096534,080495
0000000587,0000586000,081598,087555,084759,079493,094978,084957
0000000588,0000587000,082015,085887,086311,076397,092431,089393
0000000589,0000588000,082677,084073,087684,074319,089153,093386
0000000590,0000589000,083551,082250,088718,073451,085443,096528
0000000591,0000590000,084582,080563,089295,073893,081680,098525
0000000592,0000591000,085589,079275,089416,075592,078220,099165
0000000593,0000592000,086573,078407,088956,078389,075405,098394
0000000594,0000593000,087324,078153,088117,082001,073513,096284
0000000595,0000594000,087864,078413,086869,086061,072732,093029
0000000596,0000595000,088066,079245,085425,090172,073153,088955
0000000597,0000596000,087957,080502,083898,093911,074729,084444
0000000598,0000597000,087548,082054,082423,096921,077330,079948
0000000599,0000598000,086840,083821,081177,098895,080692,075894
0000000600,0000599000,085978,085539,080205,099644,084495,072690
0000000601,0000600000,084950,087130,079711,099090,088369,070648
0000000602,0000601000,083954,088346,079637,097284,091931,069965
0000000603,0000602000,083017,089140,080071,094410,094840,070720
0000000604,0000603000,082277,089377,080918,090749,096800,072831
0000000605,0000604000,081805,089071,082082,086677,097625,076104
0000000606,0000605000,081617,088296,083461,082595,097217,080216
0000000607,0000606000,081781,087064,084868,078915,095615,084774
0000000608,0000607000,082210,085582,086250,076000,092967,089331
0000000609,0000608000,082933,083915,087382,074136,089527,093443
0000000610,0000609000,083813,082286,088241,073512,085631,096711
0000000611,0000610000,084813,080806,088692,074184,081653,098804
0000000612,0000611000,085811,079659,088694,076095,077991,099526
0000000613,0000612000,086694,078966,088269,079047,074993,098797
0000000614,0000613000,087411,078743,087440,082750,072962,096691
0000000615,0000614000,087830,079073,086350,086829,072099,093408
0000000616,0000615000,087977,079837,085050,090873,072493,089266
0000000617,0000616000,087781,081006,083748,094481,074117,084670
0000000618,0000617000,087309,082422,082507,097291,076815,080059
0000000619,0000618000,086585,083980,081465,099031,080334,075892
0000000620,0000619000,085681,085521,080732,099521,084325,072570
0000000621,0000620000,084707,086866,080352,098718,088408,070424
0000000622,0000621000,083722,087935,080403,096696,092177,069665
0000000623,0000622000,082877,088551,080829,093659,095265,070369
0000000624,0000623000,082207,088713,081633,089911,097371,072470
0000000625,0000624000,081824,088382,082667,085828,098279,075761
0000000626,0000625000,081737,087628,083849,081825,097900,079929
0000000627,0000626000,081959,086522,085058,078296,096258,084565
0000000628,0000627000,082477,085170,086157,075597,093513,089222
0000000629,0000628000,083209,083735,087076,073992,089923,093443
0000000630,0000629000,084123,082302,087693,073642,085839,096819
0000000631,0000630000,085087,081068,087989,074581,081658,099014
0000000632,0000631000,086040,080121,087885,076716,077788,099813
0000000633,0000632000,086857,079577,087436,079836,074610,099139
0000000634,0000633000,087468,079474,086683,083624,072434,097052
0000000635,0000634000,087812,079815,085700,087702,071481,093759
0000000636,0000635000,087840,080564,084627,091655,071845,089577
0000000637,0000636000,087581,081601,083543,095090,073501,084912
0000000638,0000637000,087028,082867,082581,097664,076294,080217
0000000639,0000638000,086272,084200,081798,099121,079952,075950
0000000640,0000639000,085362,085492,081301,099319,084126,072529
0000000641,0000640000,084401,086607,081115,098234,088407,070286
0000000642,0000641000,083488,087435,081258,095977,092378,069449
0000000643,0000642000,082703,087894,081733,092772,095646,070095
0000000644,0000643000,082149,087926,082454,088943,097894,072164
0000000645,0000644000,081856,087574,083360,084875,098896,075454
0000000646,0000645000,081880,086848,084326,080979,098548,079646
0000000647,0000646000,082191,085857,085277,077647,096882,084333
0000000648,0000647000,082771,084696,086097,075208,094051,089057
0000000649,0000648000,083556,083478,086719,073908,090328,093363
0000000650,0000649000,084461,082324,087098,073873,086072,096827
0000000651,0000650000,085412,081341,087173,075108,081700,099111
0000000652,0000651000,086291,080650,086963,077489,077636,099989
0000000653,0000652000,087030,080286,086476,080778,074280,099376
0000000654,0000653000,087532,080313,085786,084642,071965,097331
0000000655,0000654000,087761,080702,084957,088689,070916,094054
0000000656,0000655000,087688,081399,084099,092514,071243,089866
0000000657,0000656000,087321,082330,083303,095730,072918,085171
0000000658,0000657000,086709,083390,082630,098016,075785,080428
0000000659,0000658000,085900,084485,082169,099145,079566,076097
0000000660,0000659000,084993,085484,081939,099004,083898,072600
0000000661,0000660000,084062,086317,081973,097608,088359,070280
0000000662,0000661000,083215,086881,082253,095097,092511,069364
0000000663,0000662000,082531,087123,082760,091724,095949,069944
0000000664,0000663000,082082,087030,083424,087829,098334,071959
0000000665,0000664000,081921,086614,084161,083807,099430,075215
0000000666,0000665000,082051,085938,084903,080064,099125,079392
0000000667,0000666000,082472,085067,085549,076978,097448,084082
0000000668,0000667000,083123,084118,086047,074857,094555,088831
0000000669,0000668000,083951,083165,086342,073913,090723,093177
0000000670,0000669000,084862,082314,086418,074240,086326,096697
0000000671,0000670000,085768,081651,086263,075803,081790,099047
0000000672,0000671000,086580,081234,085898,078445,077558,099998
0000000673,0000672000,087206,081110,085378,081900,074045,099456
0000000674,0000673000,087592,081281,084743,085817,071598,097477
0000000675,0000674000,087686,081732,084087,089801,070457,094256
0000000676,0000675000,087490,082387,083479,093445,070736,090108
0000000677,0000676000,087017,083184,082993,096384,072414,085438
0000000678,0000677000,086322,084029,082675,098321,075327,080701
0000000679,0000678000,085478,084827,082559,099064,079197,076358
0000000680,0000679000,084564,085508,082656,098538,083650,072829
0000000681,0000680000,083683,085999,082937,096798,088252,070458
0000000682,0000681000,082914,086256,083386,094020,092553,069477
0000000683,0000682000,082347,086246,083939,090485,096133,069980
0000000684,0000683000,082033,085988,084536,086552,098639,071915
0000000685,0000684000,082009,085509,085103,082619,099823,075092
0000000686,0000685000,082276,084866,085574,079087,099571,079197
0000000687,0000686000,082804,084146,085891,076313,097902,083827
0000000688,0000687000,083542,083423,086011,074576,094978,088534
0000000689,0000688000,084406,082780,085937,074050,091081,092858
0000000690,0000689000,085316,082279,085666,074787,086589,096380
0000000691,0000690000,086171,081978,085238,076710,081939,098761
0000000692,0000691000,086890,081895,084701,079623,077583,099769
0000000693,0000692000,087394,082041,084118,083232,073950,099307
0000000694,0000693000,087632,082400,083553,087170,071396,097424
0000000695,0000694000,087580,082918,083077,091035,070170,094308
0000000696,0000695000,087239,083539,082755,094434,070396,090267
0000000697,0000696000,086650,084184,082618,097023,072051,085697
0000000698,0000697000,085871,084780,082697,098538,074975,081047
0000000699,0000698000,084985,085252,082982,098829,078883,076765
0000000700,0000699000,084083,085557,083440,097868,083398,073268
0000000701,0000700000,083257,085664,084018,095754,088079,070892
0000000702,0000701000,082595,085556,084654,092703,092471,069867
0000000703,0000702000,082159,085257,085275,089025,096144,070287
0000000704,0000703000,082003,084799,085803,085095,098738,072109
0000000705,0000704000,082138,084235,086182,081314,099998,075150
0000000706,0000705000,082555,083631,086357,078067,099802,079106
0000000707,0000706000,083208,083069,086296,075686,098169,083589
0000000708,0000707000,084029,082611,086003,074413,095259,088159
0000000709,0000708000,084934,082312,085502,074374,091357,092372
0000000710,0000709000,085825,082216,084846,075571,086843,095821
0000000711,0000710000,086616,082324,084103,077880,082154,098176
0000000712,0000711000,087220,082627,083365,081065,077749,099212
0000000713,0000712000,087577,083090,082706,084802,074057,098833
0000000714,0000713000,087648,083663,082207,088708,071439,097082
0000000715,0000714000,087424,084275,081931,092384,070151,094136
0000000716,0000715000,086928,084857,081917,095453,070318,090289
0000000717,0000716000,086209,085339,082177,097601,071922,085924
0000000718,0000717000,085345,085652,082696,098609,074803,081468
0000000719,0000718000,084424,085759,083428,098377,078678,077355
0000000720,0000719000,083545,085640,084292,096931,083167,073981
0000000721,0000720000,082797,085306,085202,094421,087835,071668
0000000722,0000721000,082257,084791,086056,091104,092226,070634
0000000723,0000722000,081984,084153,086756,087320,095916,070972
0000000724,0000723000,082004,083463,087221,083456,098541,072642
0000000725,0000724000,082322,082794,087395,079909,099847,075475
0000000726,0000725000,082902,082230,087245,077043,099709,079183
0000000727,0000726000,083688,081840,086770,075154,098144,083399
0000000728,0000727000,084594,081676,086015,074434,095309,087706
0000000729,0000728000,085528,081768,085047,074955,091488,091684
0000000730,0000729000,086390,082117,083962,076660,087054,094951
0000000731,0000730000,087090,082689,082876,079372,082441,097199
0000000732,0000731000,087558,083423,081907,082812,078095,098218
0000000733,0000732000,087742,084247,081161,086627,074440,097919
0000000734,0000733000,087623,085067,080725,090426,071829,096340
0000000735,0000734000,087208,085791,080661,093817,070517,093644
0000000736,0000735000,086540,086338,080983,096449,070629,090105
0000000737,0000736000,085687,086637,081673,098051,072147,086078
0000000738,0000737000,084740,086641,082676,098457,074915,081963
0000000739,0000738000,083798,086339,083891,097629,078655,078160
0000000740,0000739000,082959,085754,085199,095655,082998,075036
0000000741,0000740000,082313,084935,086467,092740,087518,072882
0000000742,0000741000,081924,083967,087560,089187,091780,071895
0000000743,0000742000,081836,082953,088352,085359,095369,072159
0000000744,0000743000,082059,081998,088756,081652,097938,073637
0000000745,0000744000,082576,081210,088714,078448,099240,076173
0000000746,0000745000,083333,080682,088215,076080,099153,079508
0000000747,0000746000,084252,080481,087297,074796,097693,083304
0000000748,0000747000,085237,080639,086045,074727,095013,087183
0000000749,0000748000,086183,081157,084577,075879,091388,090764
0000000750,0000749000,086991,081992,083038,078128,087177,093706
0000000751,0000750000,087577,083064,081587,081239,082793,095735
0000000752,0000751000,087880,084268,080374,084890,078662,096670
0000000753,0000752000,087866,085484,079529,088706,075181,096435
0000000754,0000753000,087533,086578,079157,092291,072684,095069
0000000755,0000754000,086912,087429,079310,095273,071411,092718
0000000756,0000755000,086065,087941,079986,097341,071480,089625
0000000757,0000756000,085081,088044,081132,098277,072872,086107
0000000758,0000757000,084063,087714,082640,097983,075439,082517
0000000759,0000758000,083119,086974,084363,096494,078914,079207
0000000760,0000759000,082349,085888,086130,093967,082948,076493
0000000761,0000760000,081832,084556,087766,090668,087143,074626
0000000762,0000761000,081623,083109,089102,086938,091095,073766
0000000763,0000762000,081744,081694,089994,083163,094423,073978
0000000764,0000763000,082191,080457,090335,079735,096810,075223
0000000765,0000764000,082917,079538,090075,077011,098031,077364
0000000766,0000765000,083853,079046,089218,075279,097975,080175
0000000767,0000766000,084899,079045,087843,074722,096660,083366
0000000768,0000767000,085944,079547,086082,075399,094233,086614
0000000769,0000768000,086877,080513,084106,077236,090950,089598
0000000770,0000769000,087600,081854,082113,080037,087143,092035
0000000771,0000770000,088040,083443,080299,083510,083191,093703
0000000772,0000771000,088150,085131,078846,087292,079477,094463
0000000773,0000772000,087914,086749,077907,090992,076353,094264
0000000774,0000773000,087353,088125,077598,094224,074117,093148
0000000775,0000774000,086520,089108,077968,096649,072976,091243
0000000776,0000775000,085498,089583,078998,098009,073029,088754
0000000777,0000776000,084397,089480,080598,098157,074256,085943
0000000778,0000777000,083334,088804,082608,097077,076516,083095
0000000779,0000778000,082420,087615,084826,094887,079566,080495
0000000780,0000779000,081753,086023,087035,091818,083091,078387
0000000781,0000780000,081399,084178,089019,088194,086739,076961
0000000782,0000781000,081396,082255,090582,084390,090156,076329
0000000783,0000782000,081748,080444,091560,080804,093018,076526
0000000784,0000783000,082425,078932,091837,077810,095058,077507
0000000785,0000784000,083363,077886,091362,075725,096089,079151
0000000786,0000785000,084464,077435,090162,074775,096027,081277
0000000787,0000786000,085613,077638,088348,075061,094897,083657
0000000788,0000787000,086684,078486,086103,076556,092833,086046
0000000789,0000788000,087567,079896,083655,079099,090062,088205
0000000790,0000789000,088168,081730,081247,082419,086875,089930
0000000791,0000790000,088428,083818,079109,086167,083595,091072
0000000792,0000791000,088320,085964,077448,089953,080540,091546
0000000793,0000792000,087848,087958,076439,093382,077998,091337
0000000794,0000793000,087056,089593,076200,096092,076205,090497
0000000795,0000794000,086020,090694,076775,097794,075318,089135
0000000796,0000795000,084848,091122,078132,098302,075403,087412
0000000797,0000796000,083663,090816,080145,097558,076430,085513
0000000798,0000797000,082594,089804,082605,095640,078271,083640
0000000799,0000798000,081755,088187,085258,092754,080718,081982
0000000800,0000799000,081231,086124,087843,089206,083508,080691
0000000801,0000800000,081072,083809,090115,085370,086356,079878
0000000802,0000801000,081297,081460,091855,081645,088984,079592
0000000803,0000802000,081888,079304,092882,078422,091143,079827
0000000804,0000803000,082790,077559,093084,076042,092639,080525
0000000805,0000804000,083917,076415,092412,074763,093347,081585
0000000806,0000805000,085149,076015,090912,074727,093223,082873
0000000807,0000806000,086356,076418,088724,075942,092305,084244
0000000808,0000807000,087407,077585,086077,078282,090713,085548
0000000809,0000808000,088189,079394,083248,081494,088633,086653
0000000810,0000809000,088626,081662,080519,085237,086295,087458
0000000811,0000810000,088677,084177,078141,089118,083943,087902
0000000812,0000811000,088333,086705,076344,092732,081808,087971
0000000813,0000812000,087625,088998,075312,095699,080091,087694
0000000814,0000813000,086619,090829,075157,097701,078943,087137
0000000815,0000814000,085414,092003,075915,098520,078451,086393
0000000816,0000815000,084137,092368,077540,098060,078633,085567
0000000817,0000816000,082925,091872,079874,096366,079440,084763
0000000818,0000817000,081907,090568,082671,093616,080760,084075
0000000819,0000818000,081197,088589,085634,090106,082433,083570
0000000820,0000819000,080857,086146,088469,086209,084267,083294
0000000821,0000820000,080919,083463,090920,082333,086064,083257
0000000822,0000821000,081383,080788,092747,078884,087646,083433
0000000823,0000822000,082202,078395,093764,076226,088864,083769
0000000824,0000823000,083302,076503,093867,074645,089616,084190
0000000825,0000824000,084569,075320,093031,074318,089857,084610
0000000826,0000825000,085873,074998,091304,075289,089599,084953
0000000827,0000826000,087072,075580,088861,077458,088902,085162
0000000828,0000827000,088036,077001,085965,080595,087870,085201
0000000829,0000828000,088666,079115,082907,084365,086639,085067
0000000830,0000829000,088894,081705,080013,088365,085354,084779
0000000831,0000830000,088719,084507,077532,092179,084163,084377
0000000832,0000831000,088136,087286,075710,095406,083188,083932
0000000833,0000832000,087213,089749,074723,097704,082519,083522
0000000834,0000833000,086035,091663,074678,098823,082207,083232
0000000835,0000834000,084720,092829,075592,098632,082249,083136
0000000836,0000835000,083414,093102,077386,097146,082604,083283
0000000837,0000836000,082247,092449,079897,094516,083194,083686
0000000838,0000837000,081357,090925,082846,091025,083925,084317
0000000839,0000838000,080824,088712,085935,087046,084693,085113
0000000840,0000839000,080709,086032,088836,083000,085392,085991
0000000841,0000840000,081006,083144,091302,079310,085935,086855
0000000842,0000841000,081697,080316,093090,076362,086261,087587
0000000843,0000842000,082717,077830,094011,074474,086339,088087
0000000844,0000843000,083952,075932,093997,073852,086177,088258
0000000845,0000844000,085294,074802,093020,074574,085824,088035
0000000846,0000845000,086582,074595,091180,076571,085356,087400
0000000847,0000846000,087690,075315,088653,079632,084863,086386
0000000848,0000847000,088493,076900,085712,083432,084437,085080
0000000849,0000848000,088911,079180,082654,087562,084148,083613
0000000850,0000849000,088910,081903,079792,091589,084056,082134
0000000851,0000850000,088490,084816,077405,095090,084188,080798
0000000852,0000851000,087698,087636,075693,097699,084543,079764
0000000853,0000852000,086597,090101,074849,099133,085084,079164
0000000854,0000853000,085321,091942,074939,099231,085745,079099
0000000855,0000854000,083981,092995,075966,097973,086432,079626
0000000856,0000855000,082733,093140,077818,095486,087029,080733
0000000857,0000856000,081711,092357,080309,092033,087433,082345
0000000858,0000857000,081012,090736,083191,087982,087560,084311
0000000859,0000858000,080719,088440,086147,083767,087368,086438
0000000860,0000859000,080843,085730,088896,079830,086845,088514
0000000861,0000860000,081380,082852,091163,076584,086025,090321
0000000862,0000861000,082266,080092,092751,074371,084977,091662
0000000863,0000862000,083425,077715,093490,073430,083801,092373
0000000864,0000863000,084723,075969,093318,073872,082626,092346
0000000865,0000864000,086033,075018,092259,075657,081595,091537
0000000866,0000865000,087215,074955,090425,078603,080857,089985
0000000867,0000866000,088133,075787,088016,082395,080529,087810
0000000868,0000867000,088706,077414,085268,086629,080688,085215
0000000869,0000868000,088867,079677,082470,090854,081352,082457
0000000870,0000869000,088612,082321,079905,094625,082480,079809
0000000871,0000870000,087969,085092,077816,097550,083982,077544
0000000872,0000871000,086998,087733,076398,099316,085721,075903
0000000873,0000872000,085805,089965,075785,099733,087529,075075
0000000874,0000873000,084509,091567,076048,098747,089218,075176
0000000875,0000874000,083254,092386,077126,096454,090596,076237
0000000876,0000875000,082168,092360,078902,093095,091485,078194
0000000877,0000876000,081373,091488,081187,089028,091749,080884
0000000878,0000877000,080945,089876,083743,084687,091324,084054
0000000879,0000878000,080923,087705,086302,080533,090214,087394
0000000880,0000879000,081308,085188,088619,077003,088504,090573
0000000881,0000880000,082052,082577,090477,074466,086346,093265
0000000882,0000881000,083086,080134,091680,073191,083941,095190
0000000883,0000882000,084296,078107,092129,073319,081519,096138
0000000884,0000883000,085559,076689,091785,074844,079330,095982
0000000885,0000884000,086734,076026,090699,077610,077613,094704
0000000886,0000885000,087698,076163,089007,081324,076573,092394
0000000887,0000886000,088349,077058,086902,085590,076356,089255
0000000888,0000887000,088620,078617,084603,089954,077024,085579
0000000889,0000888000,088494,080665,082334,093951,078544,081727
0000000890,0000889000,087983,082995,080330,097164,080791,078080
0000000891,0000890000,087148,085367,078775,099253,083559,075006
0000000892,0000891000,086071,087554,077821,099998,086589,072822
0000000893,0000892000,084867,089326,077556,099315,089584,071761
0000000894,0000893000,083666,090501,077998,097271,092241,071953
0000000895,0000894000,082597,090982,079073,094078,094281,073405
0000000896,0000895000,081779,090739,080638,090078,095469,076005
0000000897,0000896000,081292,089819,082526,085696,095651,079517
0000000898,0000897000,081187,088338,084522,081401,094774,083609
0000000899,0000898000,081465,086462,086428,077646,092892,087884
0000000900,0000899000,082096,084377,088063,074827,090166,091920
0000000901,0000900000,083010,082297,089267,073240,086852,095312
0000000902,0000901000,084199,079833,089930,072979,083537,097670
0000000903,0000902000,088175,069601,090638,074031,083742,099216
0000000904,0000903000,086259,068906,093618,076223,086171,098053
0000000905,0000904000,088331,077577,087351,079423,086309,095536
0000000906,0000905000,088177,080214,085688,083536,084734,093395
0000000907,0000906000,087885,075998,088138,087620,084477,088861
0000000908,0000907000,098791,078994,081573,088274,086233,084020
0000000909,0000908000,097840,085684,070272,084628,086223,082348
0000000910,0000909000,087946,093662,067760,085388,086752,086555
0000000911,0000910000,084491,096271,079845,085817,083874,085960
0000000912,0000911000,080583,086935,077605,086819,084551,083778
0000000913,0000912000,084807,094307,076034,086723,087182,084673
0000000914,0000913000,077793,099998,077492,083931,084513,085360
0000000915,0000914000,068662,093289,086614,086444,083831,087353
0000000916,0000915000,074960,088266,096930,087709,084083,084729
0000000917,0000916000,076288,083258,088822,086481,085221,083071
0000000918,0000917000,076476,087589,088552,086449,085830,086111
0000000919,0000918000,075020,083532,097390,086007,082660,085884
0000000920,0000919000,077775,070917,099507,088282,083828,084641
0000000921,0000920000,090030,072487,096138,087900,086072,083084
0000000922,0000921000,089623,075549,086067,085615,085476,083597
0000000923,0000922000,087820,075925,087601,087034,084833,086125
0000000924,0000923000,093207,071965,091072,087462,083852,083973
0000000925,0000924000,097494,070073,080865,087283,086164,082675
0000000926,0000925000,099998,082013,074616,085918,087215,084185
0000000927,0000926000,092631,086682,073929,084979,084772,085064
0000000928,0000927000,089814,084086,076968,087227,084944,085321
0000000929,0000928000,094039,086739,075548,086658,085857,083392
0000000930,0000929000,088832,092374,068065,084995,086488,084250
0000000931,0000930000,081619,099273,073757,085252,085474,086647
0000000932,0000931000,076637,095312,082391,086014,083551,085516
0000000933,0000932000,077234,090220,083317,087213,085255,084521
0000000934,0000933000,078629,094675,082830,085851,085873,084638
0000000935,0000934000,071277,093988,085247,085218,084262,086066
0000000936,0000935000,070175,087508,095452,087238,083572,086472
0000000937,0000936000,076196,079926,098634,087484,084010,083926
0000000938,0000937000,079878,078389,092585,086938,085721,083894
0000000939,0000938000,081192,081371,093063,086349,084915,085381
0000000940,0000939000,081005,074618,096197,087007,083296,085206
0000000941,0000940000,088251,068222,095760,088298,084790,084011
0000000942,0000941000,095462,071121,088203,086860,086067,082836
0000000943,0000942000,094024,076203,080828,085992,085885,084352
0000000944,0000943000,093749,078139,082988,086754,084735,085292
0000000945,0000944000,096023,075322,081553,087078,084809,083687
0000000946,0000945000,098279,079596,073985,086617,086841,083415
0000000947,0000946000,095124,089640,069888,085159,086348,084554
0000000948,0000947000,087471,091699,072217,085519,084800,085707
0000000949,0000948000,086183,090621,077243,086727,085000,085081
0000000950,0000949000,085766,092556,075281,085997,085836,083867
0000000951,0000950000,080492,097650,073677,085337,085976,085328
0000000952,0000951000,074554,098505,081400,085541,084261,086490
0000000953,0000952000,071852,091246,088749,086658,083782,085482
0000000954,0000953000,074942,088216,090144,087103,085225,084435
0000000955,0000954000,075380,089457,089106,085992,085092,084772
0000000956,0000955000,072648,086088,093202,086349,083954,086129
0000000957,0000956000,075585,078627,099998,087500,083628,085315
0000000958,0000957000,081759,072994,097625,087614,084760,083525
0000000959,0000958000,086600,074525,091647,086974,085713,083987
0000000960,0000959000,087678,075551,090776,086438,084609,084969
0000000961,0000960000,089409,071085,091626,087331,084264,084675
0000000962,0000961000,095909,070282,087710,087646,085566,083306
0000000963,0000962000,098785,075408,078681,086339,086289,083305
0000000964,0000963000,096034,081188,075275,085845,085795,084925
0000000965,0000964000,093794,082784,077331,086329,084936,084894
0000000966,0000965000,093967,083365,074990,086696,085638,083830
0000000967,0000966000,093441,089740,070387,085912,086510,084111
0000000968,0000967000,087021,095742,070478,084965,085621,085410
0000000969,0000968000,080305,095747,076373,085850,084673,085934
0000000970,0000969000,079341,093786,080635,086579,084848,084843
0000000971,0000970000,078302,094347,079880,086013,085507,084589
0000000972,0000971000,074168,096192,082897,085565,085060,085889
0000000973,0000972000,070437,092410,090611,086221,083799,086050
0000000974,0000973000,072201,085065,095208,087352,084010,084997
0000000975,0000974000,076965,082011,094631,087078,084969,084299
0000000976,0000975000,077846,081282,093615,086347,084828,084917
0000000977,0000976000,078548,077760,096693,086983,084066,085422
0000000978,0000977000,083981,071777,097783,087787,084100,084258
0000000979,0000978000,090564,069709,092309,087415,085400,083465
0000000980,0000979000,093355,073376,086719,086529,085805,084055
0000000981,0000980000,093119,075050,084779,086535,084942,084629
0000000982,0000981000,095493,073998,083342,087241,084988,084189
0000000983,0000982000,098945,076473,078102,086760,086001,083452
0000000984,0000983000,097237,083415,072061,085702,086467,084057
0000000985,0000984000,092449,089005,071847,085688,085526,085186
0000000986,0000985000,089396,089469,074252,086228,084953,084956
0000000987,0000986000,088057,090922,073784,086191,085784,084388
0000000988,0000987000,084231,096264,072941,085414,086022,084832
0000000989,0000988000,077755,098598,076481,085451,084900,085846
0000000990,0000989000,074322,095266,083585,086307,084190,085894
0000000991,0000990000,074345,091452,087436,086579,084712,084883
0000000992,0000991000,073851,091023,087897,086237,085191,084890
0000000993,0000992000,072304,089676,091359,086258,084339,085707
0000000994,0000993000,073041,082877,097009,087029,083589,085570
0000000995,0000994000,077704,076738,098626,087480,084483,084408
0000000996,0000995000,082379,075694,095216,087071,085172,083966
0000000997,0000996000,084750,075220,092854,086837,084748,084697
0000000998,0000997000,087770,071965,093523,087212,084322,084791
0000000999,0000998000,092609,069430,090971,087414,085053,083726
0000001000,0000999000,096796,072457,083729,086958,086056,083332
0000001001,0001000000,097274,077489,078534,086221,085716,084306
0000001002,0001001000,095725,079322,077843,086318,085173,084762
0000001003,0001002000,095745,081065,076377,086594,085662,084078
0000001004,0001003000,095105,086379,071606,086103,086260,083841
0000001005,0001004000,091021,092340,069572,085491,085879,084950
0000001006,0001005000,085249,094660,073357,085532,085094,085644
0000001007,0001006000,081486,094305,077163,086136,085045,085058
0000001008,0001007000,079772,095495,077856,086134,085474,084724
0000001009,0001008000,076237,097007,079903,085627,085089,085508
0000001010,0001009000,071770,094633,086528,085925,084274,086095
0000001011,0001010000,071286,089626,092300,086831,084181,085276
0000001012,0001011000,073985,085710,093320,086998,084608,084627
0000001013,0001012000,075772,083432,093866,086605,084658,085057
0000001014,0001013000,076523,079776,096873,086733,084193,085319
0000001015,0001014000,080079,074489,098386,087508,084194,084575
0000001016,0001015000,086678,071373,095116,087622,084881,083795
0000001017,0001016000,090840,071846,090367,086825,085346,084064
0000001018,0001017000,092060,072890,088091,086688,085124,084498
0000001019,0001018000,094547,072792,085836,087154,085053,084051
0000001020,0001019000,098189,074289,080504,086997,085666,083603
0000001021,0001020000,098665,079345,075122,086124,086164,084012
0000001022,0001021000,095163,084870,073050,085742,085834,084665
0000001023,0001022000,092134,087637,073249,086201,085347,084749
0000001024,0001023000,090806,089817,072546,086202,085621,084448
0000001025,0001024000,087179,094070,071760,085491,085958,084809
0000001026,0001025000,080977,097721,074405,085450,085348,085505
0000001027,0001026000,076812,096854,079449,086072,084561,085615
0000001028,0001027000,075390,094022,083596,086329,084691,085266
0000001029,0001028000,073838,093032,086283,086084,085045,085151
0000001030,0001029000,071585,091769,089684,086189,084569,085495
0000001031,0001030000,071821,086717,094533,086899,083842,085557
0000001032,0001031000,075367,080256,097507,087217,084189,084853
0000001033,0001032000,078915,077455,096652,086992,084912,084372
0000001034,0001033000,081606,076286,095232,086979,084710,084597
0000001035,0001034000,085417,072774,094877,087340,084272,084643
0000001036,0001035000,090493,069557,093002,087367,084844,084080
0000001037,0001036000,094497,070886,087743,086984,085716,083567
0000001038,0001037000,096227,074818,081991,086622,085687,083960
0000001039,0001038000,096777,076886,079444,086578,085217,084493
0000001040,0001039000,097240,078403,077439,086537,085557,084163
0000001041,0001040000,096389,083520,073146,086110,086336,083840
0000001042,0001041000,093264,089759,070093,085793,085881,084596
0000001043,0001042000,088964,092436,071644,085710,085251,085308
0000001044,0001043000,084773,093550,074766,085810,085346,085129
0000001045,0001044000,081296,095880,075913,085922,085580,084761
0000001046,0001045000,077749,097789,077519,085805,085158,085317
0000001047,0001046000,073806,096028,083288,085821,084380,086076
0000001048,0001047000,071653,091938,089462,086443,084421,085400
0000001049,0001048000,072514,089119,091435,086774,084701,084813
0000001050,0001049000,073861,086328,092905,086659,084403,085202
0000001051,0001050000,074959,081458,096631,086733,084094,085449
0000001052,0001051000,077691,076471,098960,087227,084336,084716
0000001053,0001052000,083051,073504,096519,087578,084747,083939
0000001054,0001053000,088215,072276,092572,087141,084950,084194
0000001055,0001054000,090753,071550,090791,086794,084933,084543
0000001056,0001055000,093243,071261,088545,087096,085157,084018
0000001057,0001056000,097181,073233,082685,087155,085640,083487
0000001058,0001057000,098921,076981,077191,086417,085799,084050
0000001059,0001058000,096912,081131,075017,085931,085789,084559
0000001060,0001059000,094176,085100,073823,086134,085734,084407
0000001061,0001060000,092683,088735,071640,086244,085704,084320
0000001062,0001061000,089803,092578,070701,085677,085773,084832
0000001063,0001062000,083551,096145,073391,085246,085554,085468
0000001064,0001063000,078805,097022,077239,086050,084946,085282
0000001065,0001064000,077123,095855,080112,086257,084826,085190
0000001066,0001065000,074716,094666,083695,085872,084877,085522
0000001067,0001066000,071359,093106,088620,086033,084668,085575
0000001068,0001067000,070938,089307,092836,086789,084159,085324
0000001069,0001068000,073993,083503,095569,087172,084037,085066
0000001070,0001069000,076972,079403,096710,086825,084656,084794
0000001071,0001070000,078797,077321,096960,086890,084668,084712
0000001072,0001071000,082886,073914,096290,087530,084297,084452
0000001073,0001072000,088908,070236,093942,087425,084669,084176
0000001074,0001073000,092668,070214,090174,086879,085441,083957
0000001075,0001074000,094492,073016,085578,086814,085590,083871
0000001076,0001075000,096679,075030,081366,086911,085254,084106
0000001077,0001076000,098482,076481,078125,086647,085489,084142
0000001078,0001077000,097605,081009,074484,086004,086248,084021
0000001079,0001078000,094186,087541,071328,085893,085962,084415
0000001080,0001079000,091227,090625,071213,086025,085322,084932
0000001081,0001080000,088087,092211,072793,085785,085497,084987
0000001082,0001081000,083031,095803,074243,085532,085795,084948
0000001083,0001082000,078589,098332,076184,085862,085178,085239
0000001084,0001083000,075515,096761,080791,086026,084434,085808
0000001085,0001084000,073015,093034,087011,086129,084555,085593
0000001086,0001085000,071786,091319,089977,086406,084896,084968
0000001087,0001086000,072107,089137,091844,086666,084410,085199
0000001088,0001087000,074056,082979,096051,086982,083677,085616
0000001089,0001088000,076680,077473,098925,086960,084539,084776
0000001090,0001089000,080217,075602,097241,087270,084883,084118
0000001091,0001090000,085394,073749,093942,087449,084587,084241
0000001092,0001091000,089712,070726,092656,087036,084577,084657
0000001093,0001092000,092470,069823,090791,086968,085253,084058
0000001094,0001093000,095903,072671,084490,087216,085854,083202
0000001095,0001094000,098429,076156,078482,086611,085457,084209
0000001096,0001095000,097834,078086,077165,086178,085471,084619
0000001097,0001096000,095749,082258,075095,086074,086137,084067
0000001098,0001097000,093899,088118,071075,086278,085938,084054
0000001099,0001098000,091668,091660,069722,085874,085459,084945
0000001100,0001099000,086171,093996,072892,085171,085600,085501
0000001101,0001100000,080411,096455,076220,085909,085339,085027
