0000000001,0000000000,089264,086675,073258,085334,089085,074372
0000000002,0000001000,086716,089108,073372,082317,091803,074671
0000000003,0000002000,083866,090961,074370,079021,093794,075976
0000000004,0000003000,081015,092028,076153,075763,094867,078161
0000000005,0000004000,078436,092206,078555,072859,094917,081016
0000000006,0000005000,076362,091501,081333,070600,093937,084255
0000000007,0000006000,075016,089970,084208,069206,092023,087562
0000000008,0000007000,074541,087741,086914,068809,089366,090617
0000000009,0000008000,074954,085059,089183,069450,086221,093120
0000000010,0000009000,076218,082195,090784,071070,082898,094823
0000000011,0000010000,078239,079396,091563,073506,079725,095560
0000000012,0000011000,080800,076947,091449,076520,077010,095262
0000000013,0000012000,083630,075114,090452,079819,075015,093957
0000000014,0000013000,086481,074047,088667,083079,073941,091771
0000000015,0000014000,089080,073850,086266,085979,073895,088917
0000000016,0000015000,091139,074569,083488,088238,074875,085677
0000000017,0000016000,092475,076109,080612,089636,076784,082371
0000000018,0000017000,092973,078318,077907,090031,079445,079316
0000000019,0000018000,092554,081004,075638,089386,082593,076813
0000000020,0000019000,091272,083886,074038,087771,085911,075110
0000000021,0000020000,089269,086669,073258,085336,089083,074372
0000000022,0000021000,086714,089110,073372,082316,091804,074671
0000000023,0000022000,083863,090965,074369,079019,093796,075976
0000000024,0000023000,081019,092025,076153,075764,094866,078162
0000000025,0000024000,078436,092205,078555,072859,094916,081016
0000000026,0000025000,076359,091504,081333,070598,093938,084255
0000000027,0000026000,075019,089968,084209,069205,092024,087562
0000000028,0000027000,074541,087740,086914,068809,089365,090617
0000000029,0000028000,074950,085062,089183,069450,086221,093120
0000000030,0000029000,076220,082193,090783,071069,082900,094823
0000000031,0000030000,078240,079393,091563,073505,079725,095561
0000000032,0000031000,080796,076951,091450,076520,077009,095262
0000000033,0000032000,083631,075114,090452,079818,075016,093957
0000000034,0000033000,086485,074043,088668,083077,073943,091771
0000000035,0000034000,089076,073853,086267,085978,073895,088917
0000000036,0000035000,091138,074570,083488,088239,074875,085678
0000000037,0000036000,092480,076104,080612,089635,076785,082371
0000000038,0000037000,092971,078319,077907,090030,079445,079316
0000000039,0000038000,092551,081008,075638,089386,082592,076813
0000000040,0000039000,091277,083882,074037,087770,085911,075110
0000000041,0000040000,089271,086667,073258,085334,089084,074372
0000000042,0000041000,086709,089115,073372,082317,091803,074671
0000000043,0000042000,083865,090963,074369,079020,093795,075976
0000000044,0000043000,081023,092021,076153,075763,094867,078162
0000000045,0000044000,078432,092210,078555,072859,094917,081016
0000000046,0000045000,076358,091506,081332,070599,093937,084255
0000000047,0000046000,075024,089963,084208,069205,092025,087562
0000000048,0000047000,074540,087742,086914,068808,089366,090616
0000000049,0000048000,074946,085067,089183,069451,086221,093119
0000000050,0000049000,076224,082190,090783,071069,082900,094823
0000000051,0000050000,078241,079392,091563,073504,079727,095560
0000000052,0000051000,080791,076956,091450,076520,077010,095262
0000000053,0000052000,083632,075112,090452,079819,075016,093957
0000000054,0000053000,086488,074040,088668,083076,073944,091771
0000000055,0000054000,089073,073856,086267,085977,073896,088918
0000000056,0000055000,091137,074570,083489,088238,074874,085678
0000000057,0000056000,092484,076100,080613,089634,076785,082372
0000000058,0000057000,092970,078320,077907,090028,079446,079317
0000000059,0000058000,092549,081009,075638,089386,082591,076814
0000000060,0000059000,091280,083879,074037,087770,085910,075111
0000000061,0000060000,089271,086667,073258,085334,089084,074373
0000000062,0000061000,086708,089117,073371,082317,091802,074672
0000000063,0000062000,083867,090961,074368,079021,093794,075977
0000000064,0000063000,081024,092020,076152,075763,094867,078162
0000000065,0000064000,078430,092213,078554,072860,094916,081015
0000000066,0000065000,076359,091506,081331,070600,093936,084255
0000000067,0000066000,075026,089963,084208,069205,092025,087561
0000000068,0000067000,074537,087745,086914,068809,089367,090616
0000000069,0000068000,074946,085067,089183,069451,086221,093119
0000000070,0000069000,076225,082188,090783,071069,082901,094822
0000000071,0000070000,078238,079395,091564,073503,079729,095560
0000000072,0000071000,080789,076957,091450,076519,077011,095261
0000000073,0000072000,083634,075109,090453,079817,075017,093957
0000000074,0000073000,086486,074041,088669,083074,073946,091771
0000000075,0000074000,089070,073858,086268,085976,073897,088918
0000000076,0000075000,091140,074567,083490,088237,074875,085679
0000000077,0000076000,092484,076099,080614,089632,076786,082373
0000000078,0000077000,092967,078321,077908,090027,079446,079318
0000000079,0000078000,092552,081006,075638,089386,082590,076815
0000000080,0000079000,091283,083876,074037,087769,085910,075112
0000000081,0000080000,089269,086669,073258,085333,089083,074374
0000000082,0000081000,086709,089117,073370,082318,091801,074672
0000000083,0000082000,083871,090958,074367,079021,093793,075977
0000000084,0000083000,081023,092022,076151,075763,094866,078162
0000000085,0000084000,078429,092215,078553,072861,094915,081015
0000000086,0000085000,076362,091504,081330,070602,093936,084254
0000000087,0000086000,075025,089964,084207,069206,092025,087560
0000000088,0000087000,074533,087750,086913,068810,089367,090614
0000000089,0000088000,074947,085067,089182,069453,086222,093117
0000000090,0000089000,076225,082188,090784,071069,082903,094820
0000000091,0000090000,078234,079399,091564,073503,079730,095558
0000000092,0000091000,080788,076957,091451,076519,077012,095260
0000000093,0000092000,083635,075107,090454,079816,075019,093956
0000000094,0000093000,086483,074042,088671,083072,073948,091771
0000000095,0000094000,089069,073858,086269,085974,073898,088919
0000000096,0000095000,091142,074563,083491,088235,074876,085680
0000000097,0000096000,092483,076098,080615,089629,076787,082375
0000000098,0000097000,092966,078321,077909,090025,079445,079320
0000000099,0000098000,092555,081003,075639,089385,082589,076818
0000000100,0000099000,091285,083874,074037,087768,085908,075115
0000000101,0000100000,089269,086670,073257,085333,089081,074376
0000000102,0000101000,086712,089115,073369,082319,091798,074674
0000000103,0000102000,083874,090956,074366,079022,093791,075978
0000000104,0000103000,081023,092025,076149,075765,094864,078162
0000000105,0000104000,078430,092216,078550,072864,094913,081015
0000000106,0000105000,076364,091504,081328,070604,093935,084253
0000000107,0000106000,075023,089968,084205,069208,092025,087558
0000000108,0000107000,074532,087752,086912,068812,089367,090612
0000000109,0000108000,074947,085067,089182,069454,086223,093114
0000000110,0000109000,076222,082191,090784,071069,082905,094817
0000000111,0000110000,078230,079402,091565,073503,079733,095556
0000000112,0000111000,080788,076956,091452,076518,077015,095258
0000000113,0000112000,083633,075107,090457,079814,075023,093955
0000000114,0000113000,086479,074043,088673,083069,073950,091771
0000000115,0000114000,089069,073855,086272,085972,073900,088919
0000000116,0000115000,091142,074560,083494,088232,074878,085682
0000000117,0000116000,092482,076097,080617,089626,076788,082377
0000000118,0000117000,092968,078319,077910,090023,079445,079323
0000000119,0000118000,092559,080998,075639,089382,082588,076821
0000000120,0000119000,091286,083873,074037,087767,085906,075118
0000000121,0000120000,089271,086669,073256,085334,089078,074379
0000000122,0000121000,086717,089112,073367,082320,091795,074676
0000000123,0000122000,083876,090957,074363,079024,093788,075980
0000000124,0000123000,081023,092027,076146,075768,094861,078162
0000000125,0000124000,078433,092216,078547,072867,094910,081014
0000000126,0000125000,076365,091506,081326,070607,093933,084251
0000000127,0000126000,075021,089972,084203,069212,092025,087555
0000000128,0000127000,074531,087755,086910,068815,089367,090608
0000000129,0000128000,074946,085069,089181,069456,086225,093111
0000000130,0000129000,076217,082195,090784,071070,082908,094814
0000000131,0000130000,078227,079404,091566,073503,079736,095552
0000000132,0000131000,080786,076956,091455,076517,077019,095256
0000000133,0000132000,083629,075108,090460,079811,075027,093953
0000000134,0000133000,086476,074043,088677,083066,073954,091771
0000000135,0000134000,089069,073852,086275,085968,073903,088920
0000000136,0000135000,091142,074557,083497,088227,074880,085684
0000000137,0000136000,092481,076095,080620,089622,076789,082380
0000000138,0000137000,092971,078314,077912,090020,079444,079328
0000000139,0000138000,092562,080994,075640,089380,082586,076825
0000000140,0000139000,091288,083871,074037,087765,085903,075122
0000000141,0000140000,089276,086666,073254,085334,089074,074383
0000000142,0000141000,086722,089110,073365,082321,091790,074679
0000000143,0000142000,083878,090958,074360,079027,093783,075981
0000000144,0000143000,081026,092029,076142,075772,094856,078163
0000000145,0000144000,078436,092217,078543,072872,094907,081013
0000000146,0000145000,076365,091510,081322,070612,093931,084248
0000000147,0000146000,075019,089977,084200,069216,092024,087551
0000000148,0000147000,074530,087758,086908,068819,089368,090604
0000000149,0000148000,074943,085073,089180,069458,086227,093105
0000000150,0000149000,076212,082200,090785,071071,082911,094809
0000000151,0000150000,078223,079406,091568,073503,079740,095548
0000000152,0000151000,080782,076956,091458,076515,077024,095252
0000000153,0000152000,083623,075109,090464,079808,075032,093951
0000000154,0000153000,086473,074042,088681,083062,073959,091770
0000000155,0000154000,089068,073848,086280,085962,073907,088922
0000000156,0000155000,091140,074554,083502,088221,074883,085687
0000000157,0000156000,092482,076091,080623,089617,076789,082385
0000000158,0000157000,092974,078308,077914,090015,079443,079333
0000000159,0000158000,092565,080990,075642,089376,082584,076831
0000000160,0000159000,091292,083868,074036,087764,085899,075128
0000000161,0000160000,089282,086662,073252,085334,089069,074388
0000000162,0000161000,086727,089108,073361,082323,091785,074683
0000000163,0000162000,083882,090959,074355,079030,093777,075984
0000000164,0000163000,081030,092030,076137,075778,094850,078163
0000000165,0000164000,078439,092220,078538,072878,094902,081011
0000000166,0000165000,076364,091515,081317,070618,093928,084245
0000000167,0000166000,075018,089983,084195,069223,092022,087546
0000000168,0000167000,074529,087762,086905,068825,089369,090598
0000000169,0000168000,074938,085079,089179,069462,086230,093099
0000000170,0000169000,076206,082205,090785,071073,082916,094802
0000000171,0000170000,078218,079408,091570,073503,079746,095542
0000000172,0000171000,080776,076959,091462,076512,077031,095248
0000000173,0000172000,083617,075110,090469,079803,075039,093949
0000000174,0000173000,086470,074039,088687,083056,073965,091770
0000000175,0000174000,089066,073844,086286,085955,073913,088923
0000000176,0000175000,091138,074550,083507,088214,074886,085691
0000000177,0000176000,092484,076085,080628,089610,076791,082390
0000000178,0000177000,092978,078300,077918,090009,079442,079340
0000000179,0000178000,092569,080985,075643,089372,082581,076839
0000000180,0000179000,091298,083863,074036,087762,085894,075135
0000000181,0000180000,089289,086657,073249,085334,089062,074395
0000000182,0000181000,086733,089106,073357,082325,091777,074688
0000000183,0000182000,083887,090960,074349,079035,093769,075987
0000000184,0000183000,081036,092031,076130,075784,094843,078164
0000000185,0000184000,078442,092224,078531,072885,094897,081009
0000000186,0000185000,076364,091522,081311,070626,093924,084241
0000000187,0000186000,075018,089989,084190,069230,092021,087540
0000000188,0000187000,074525,087769,086901,068831,089370,090590
0000000189,0000188000,074932,085087,089178,069467,086234,093091
0000000190,0000189000,076200,082211,090786,071076,082921,094794
0000000191,0000190000,078212,079412,091573,073502,079754,095535
0000000192,0000191000,080768,076962,091467,076509,077040,095242
0000000193,0000192000,083611,075110,090475,079798,075048,093945
0000000194,0000193000,086466,074036,088695,083049,073973,091769
0000000195,0000194000,089062,073840,086294,085946,073919,088926
0000000196,0000195000,091137,074545,083514,088205,074891,085696
0000000197,0000196000,092486,076076,080634,089602,076792,082397
0000000198,0000197000,092982,078293,077922,090002,079441,079348
0000000199,0000198000,092574,080978,075645,089367,082577,076848
0000000200,0000199000,091306,083856,074035,087759,085887,075145
0000000201,0000200000,089298,086652,073246,085334,089054,074403
0000000202,0000201000,086740,089105,073352,082329,091768,074695
0000000203,0000202000,083895,090959,074342,079041,093760,075990
0000000204,0000203000,081042,092032,076122,075792,094834,078165
0000000205,0000204000,078444,092229,078523,072895,094890,081007
0000000206,0000205000,076365,091529,081303,070636,093919,084235
0000000207,0000206000,075017,089996,084184,069240,092019,087532
0000000208,0000207000,074521,087778,086897,068839,089372,090581
0000000209,0000208000,074925,085096,089176,069472,086238,093080
0000000210,0000209000,076193,082217,090787,071079,082929,094784
0000000211,0000210000,078203,079417,091577,073502,079763,095526
0000000212,0000211000,080758,076965,091473,076505,077050,095236
0000000213,0000212000,083603,075110,090483,079792,075058,093941
0000000214,0000213000,086460,074033,088704,083040,073983,091769
0000000215,0000214000,089057,073835,086303,085936,073927,088928
0000000216,0000215000,091136,074537,083523,088194,074895,085701
0000000217,0000216000,092489,076067,080641,089591,076794,082406
0000000218,0000217000,092986,078283,077927,089993,079440,079359
0000000219,0000218000,092581,080969,075647,089360,082572,076859
0000000220,0000219000,091315,083847,074034,087756,085879,075155
0000000221,0000220000,089307,086646,073242,085335,089044,074413
0000000222,0000221000,086749,089102,073345,082333,091757,074702
0000000223,0000222000,083904,090959,074333,079048,093748,075995
0000000224,0000223000,081049,092035,076112,075802,094824,078166
0000000225,0000224000,078448,092236,078513,072906,094881,081004
0000000226,0000225000,076366,091537,081293,070648,093914,084229
0000000227,0000226000,075015,090005,084176,069251,092017,087523
0000000228,0000227000,074515,087789,086892,068848,089374,090569
0000000229,0000228000,074917,085106,089173,069479,086243,093068
0000000230,0000229000,076184,082225,090788,071082,082937,094772
0000000231,0000230000,078192,079424,091581,073501,079774,095516
0000000232,0000231000,080747,076969,091480,076501,077062,095228
0000000233,0000232000,083594,075110,090492,079784,075070,093937
0000000234,0000233000,086452,074029,088715,083029,073994,091768
0000000235,0000234000,089052,073829,086314,085924,073936,088931
0000000236,0000235000,091136,074528,083533,088182,074901,085708
0000000237,0000236000,092491,076056,080650,089579,076796,082416
0000000238,0000237000,092991,078273,077933,089983,079438,079371
0000000239,0000238000,092590,080958,075649,089353,082566,076872
0000000240,0000239000,091326,083837,074033,087753,085870,075168
0000000241,0000240000,089318,086640,073238,085335,089032,074424
0000000242,0000241000,086761,089098,073337,082337,091743,074711
0000000243,0000242000,083915,090958,074323,079057,093735,076000
0000000244,0000243000,081057,092039,076100,075813,094812,078166
0000000245,0000244000,078453,092243,078500,072919,094871,081001
0000000246,0000245000,076368,091546,081282,070662,093907,084222
0000000247,0000246000,075012,090017,084167,069264,092015,087513
0000000248,0000247000,074509,087802,086885,068859,089376,090556
0000000249,0000248000,074908,085117,089170,069487,086250,093054
0000000250,0000249000,076172,082235,090789,071086,082947,094758
0000000251,0000250000,078178,079432,091586,073501,079787,095503
0000000252,0000251000,080735,076973,091488,076496,077077,095218
0000000253,0000252000,083583,075109,090504,079775,075085,093931
0000000254,0000253000,086443,074026,088727,083017,074008,091767
0000000255,0000254000,089046,073822,086327,085909,073947,088935
0000000256,0000255000,091134,074516,083545,088166,074908,085716
0000000257,0000256000,092494,076043,080660,089565,076799,082427
0000000258,0000257000,092997,078259,077940,089971,079436,079385
0000000259,0000258000,092600,080944,075652,089345,082559,076888
0000000260,0000259000,091339,083826,074031,087748,085859,075183
0000000261,0000260000,089332,086632,073232,085336,089018,074437
0000000262,0000261000,086775,089093,073328,082343,091728,074721
0000000263,0000262000,083927,090958,074311,079067,093719,076005
0000000264,0000263000,081066,092044,076087,075826,094798,078167
0000000265,0000264000,078459,092251,078486,072935,094860,080997
0000000266,0000265000,076370,091557,081269,070678,093900,084213
0000000267,0000266000,075009,090031,084156,069279,092012,087500
0000000268,0000267000,074501,087817,086878,068872,089378,090541
0000000269,0000268000,074898,085131,089167,069496,086257,093038
0000000270,0000269000,076159,082247,090790,071090,082959,094742
0000000271,0000270000,078163,079441,091592,073500,079802,095489
0000000272,0000271000,080721,076978,091498,076490,077093,095208
0000000273,0000272000,083570,075109,090517,079764,075102,093925
0000000274,0000273000,086432,074022,088742,083002,074023,091766
0000000275,0000274000,089040,073813,086343,085893,073959,088939
0000000276,0000275000,091133,074504,083559,088149,074916,085726
0000000277,0000276000,092496,076029,080671,089549,076802,082441
0000000278,0000277000,093005,078244,077948,089957,079433,079401
0000000279,0000278000,092612,080929,075655,089335,082551,076905
0000000280,0000279000,091353,083813,074030,087744,085847,075201
0000000281,0000280000,089348,086622,073226,085337,089002,074452
0000000282,0000281000,086791,089088,073317,082349,091710,074732
0000000283,0000282000,083941,090958,074297,079078,093701,076012
0000000284,0000283000,081077,092049,076071,075842,094781,078168
0000000285,0000284000,078466,092260,078470,072953,094847,080992
0000000286,0000285000,076372,091570,081254,070697,093891,084203
0000000287,0000286000,075005,090047,084143,069297,092009,087485
0000000288,0000287000,074493,087834,086869,068887,089381,090523
0000000289,0000288000,074886,085147,089164,069507,086266,093019
0000000290,0000289000,076143,082261,090792,071095,082972,094724
0000000291,0000290000,078146,079452,091598,073499,079819,095473
0000000292,0000291000,080704,076983,091509,076484,077112,095195
0000000293,0000292000,083555,075110,090531,079752,075121,093918
0000000294,0000293000,086420,074017,088759,082986,074040,091765
0000000295,0000294000,089033,073803,086360,085874,073973,088944
0000000296,0000295000,091131,074490,083576,088129,074926,085736
0000000297,0000296000,092499,076012,080685,089530,076805,082456
0000000298,0000297000,093014,078226,077957,089941,079430,079420
0000000299,0000298000,092625,080912,075660,089324,082542,076925
0000000300,0000299000,091369,083799,074028,087738,085833,075220
0000000301,0000300000,089366,086611,073219,085338,088984,074469
0000000302,0000301000,086809,089082,073306,082357,091690,074745
0000000303,0000302000,083957,090958,074282,079091,093681,076019
0000000304,0000303000,081089,092055,076052,075859,094763,078170
0000000305,0000304000,078475,092271,078451,072973,094832,080987
0000000306,0000305000,076375,091585,081237,070718,093882,084192
0000000307,0000306000,075002,090065,084129,069316,092006,087469
0000000308,0000307000,074485,087852,086859,068903,089384,090504
0000000309,0000308000,074872,085165,089159,069518,086275,092997
0000000310,0000309000,076125,082278,090794,071101,082988,094703
0000000311,0000310000,078127,079463,091606,073498,079838,095455
0000000312,0000311000,080685,076989,091522,076476,077134,095182
0000000313,0000312000,083538,075110,090548,079738,075143,093910
0000000314,0000313000,086406,074011,088778,082968,074060,091764
0000000315,0000314000,089025,073791,086380,085852,073988,088950
0000000316,0000315000,091128,074474,083594,088107,074936,085748
0000000317,0000316000,092503,075993,080700,089509,076808,082474
0000000318,0000317000,093024,078205,077967,089924,079426,079441
0000000319,0000318000,092640,080892,075664,089312,082532,076948
0000000320,0000319000,091387,083782,074027,087733,085817,075242
0000000321,0000320000,089386,086599,073211,085339,088963,074488
0000000322,0000321000,086829,089075,073292,082365,091667,074759
0000000323,0000322000,083975,090957,074264,079105,093658,076028
0000000324,0000323000,081104,092060,076032,075879,094742,078171
0000000325,0000324000,078484,092282,078430,072995,094815,080980
0000000326,0000325000,076377,091602,081217,070741,093871,084179
0000000327,0000326000,074998,090086,084113,069338,092002,087451
0000000328,0000327000,074475,087874,086848,068922,089388,090481
0000000329,0000328000,074856,085186,089154,069531,086286,092973
0000000330,0000329000,076105,082296,090795,071107,083005,094680
0000000331,0000330000,078106,079476,091614,073496,079860,095435
0000000332,0000331000,080664,076997,091536,076467,077158,095167
0000000333,0000332000,083518,075111,090567,079723,075167,093902
0000000334,0000333000,086391,074005,088800,082947,074082,091763
0000000335,0000334000,089015,073779,086402,085828,074006,088957
0000000336,0000335000,091125,074457,083615,088082,074947,085762
0000000337,0000336000,092507,075972,080717,089486,076812,082493
0000000338,0000337000,093035,078182,077980,089905,079422,079465
0000000339,0000338000,092656,080871,075670,089298,082520,076973
0000000340,0000339000,091408,083763,074025,087726,085798,075267
0000000341,0000340000,089410,086584,073202,085341,088941,074510
0000000342,0000341000,086852,089067,073277,082374,091641,074775
0000000343,0000342000,083996,090957,074244,079122,093633,076037
0000000344,0000343000,081121,092067,076009,075901,094719,078172
0000000345,0000344000,078494,092296,078407,073021,094797,080973
0000000346,0000345000,076380,091621,081195,070767,093860,084164
0000000347,0000346000,074994,090108,084094,069363,091998,087430
0000000348,0000347000,074463,087898,086835,068942,089392,090456
0000000349,0000348000,074839,085209,089148,069545,086299,092947
0000000350,0000349000,076084,082316,090797,071113,083024,094654
0000000351,0000350000,078082,079491,091623,073495,079884,095412
0000000352,0000351000,080639,077005,091552,076457,077185,095150
0000000353,0000352000,083496,075112,090588,079705,075194,093892
0000000354,0000353000,086374,073998,088824,082924,074106,091761
0000000355,0000354000,089004,073765,086427,085802,074025,088964
0000000356,0000355000,091121,074437,083638,088055,074959,085777
0000000357,0000356000,092512,075948,080736,089460,076816,082515
0000000358,0000357000,093046,078157,077993,089883,079418,079491
0000000359,0000358000,092674,080846,075676,089283,082507,077001
0000000360,0000359000,091431,083742,074023,087719,085778,075294
0000000361,0000360000,089435,086568,073193,085343,088915,074533
0000000362,0000361000,086877,089058,073261,082385,091613,074793
0000000363,0000362000,084019,090956,074222,079140,093604,076047
0000000364,0000363000,081139,092074,075984,075925,094694,078173
0000000365,0000364000,078506,092310,078380,073049,094777,080966
0000000366,0000365000,076384,091642,081171,070796,093847,084148
0000000367,0000366000,074989,090133,084074,069390,091994,087407
0000000368,0000367000,074451,087924,086820,068965,089397,090429
0000000369,0000368000,074819,085235,089142,069561,086312,092918
0000000370,0000369000,076060,082338,090799,071121,083045,094626
0000000371,0000370000,078055,079508,091633,073493,079911,095388
0000000372,0000371000,080612,077015,091569,076446,077214,095132
0000000373,0000372000,083472,075113,090611,079686,075223,093882
0000000374,0000373000,086355,073990,088851,082898,074132,091760
0000000375,0000374000,088991,073750,086455,085773,074046,088972
0000000376,0000375000,091117,074415,083664,088025,074972,085794
0000000377,0000376000,092517,075922,080758,089432,076820,082539
0000000378,0000377000,093059,078129,078008,089860,079412,079519
0000000379,0000378000,092694,080819,075683,089267,082493,077032
0000000380,0000379000,091457,083718,074021,087712,085756,075323
0000000381,0000380000,089463,086550,073182,085345,088887,074559
0000000382,0000381000,086905,089048,073243,082397,091583,074812
0000000383,0000382000,084044,090954,074198,079160,093574,076057
0000000384,0000383000,081159,092081,075956,075951,094666,078174
0000000385,0000384000,078519,092326,078351,073079,094755,080957
0000000386,0000385000,076388,091665,081143,070828,093833,084130
0000000387,0000386000,074985,090160,084051,069419,091990,087382
0000000388,0000387000,074438,087954,086804,068989,089403,090399
0000000389,0000388000,074799,085264,089134,069578,086328,092886
0000000390,0000389000,076033,082363,090801,071128,083068,094595
0000000391,0000390000,078025,079527,091644,073490,079940,095361
0000000392,0000391000,080583,077026,091588,076433,077246,095112
0000000393,0000392000,083446,075114,090636,079665,075255,093871
0000000394,0000393000,086333,073982,088880,082870,074161,091759
0000000395,0000394000,088977,073734,086485,085741,074069,088982
0000000396,0000395000,091112,074392,083692,087992,074986,085813
0000000397,0000396000,092522,075893,080782,089401,076825,082565
0000000398,0000397000,093073,078098,078025,089834,079406,079551
0000000399,0000398000,092716,080789,075691,089249,082477,077065
0000000400,0000399000,091485,083692,074020,087704,085732,075355
0000000401,0000400000,089494,086530,073171,085347,088857,074587
0000000402,0000401000,085598,091286,075474,080315,092023,075311
0000000403,0000402000,083843,089169,072395,076852,093578,076108
0000000404,0000403000,081439,092846,076714,074177,095226,078768
0000000405,0000404000,081128,089858,075878,075421,093961,080180
0000000406,0000405000,083311,089670,079123,073840,093534,083838
0000000407,0000406000,084767,089367,083192,077332,090037,085408
0000000408,0000407000,085420,084906,083616,077670,087310,088234
0000000409,0000408000,084041,086629,090316,081605,082945,089381
0000000410,0000409000,082420,079715,087921,085575,079289,090687
0000000411,0000410000,080553,079743,091733,089295,075931,091232
0000000412,0000411000,081793,075677,090054,094930,072543,090288
0000000413,0000412000,082442,075740,090904,096921,071326,089861
0000000414,0000413000,084538,076075,090642,099998,069618,087176
0000000415,0000414000,085404,075852,088325,099049,071028,085887
0000000416,0000415000,084323,077548,086551,099002,071947,082690
0000000417,0000416000,084284,076922,081690,096186,075110,080737
0000000418,0000417000,082753,081000,081093,093929,078501,078484
0000000419,0000418000,083609,081121,076327,090233,082343,076747
0000000420,0000419000,084388,086571,077343,085433,086817,076265
0000000421,0000420000,085349,086830,074081,081810,089910,075468
0000000422,0000421000,085635,089464,074278,075865,093569,076688
0000000423,0000422000,084951,090851,074690,073592,094957,077351
0000000424,0000423000,083846,089774,074271,069915,096459,079892
0000000425,0000424000,082898,091852,078354,069700,095673,081810
0000000426,0000425000,083025,088685,078386,070013,094336,084609
0000000427,0000426000,082804,089089,083041,071459,091711,087117
0000000428,0000427000,083930,085474,084135,074642,088084,089098
0000000429,0000428000,083409,084172,087547,077325,084679,091269
0000000430,0000429000,083310,081287,089107,082054,080153,091744
0000000431,0000430000,082788,079158,090621,085426,077134,092639
0000000432,0000431000,082106,077611,091367,090299,073658,091629
0000000433,0000432000,082839,075323,089952,092901,072066,090823
0000000434,0000433000,083034,076247,090347,095724,071034,088777
0000000435,0000434000,084088,074792,086855,096393,071459,086472
0000000436,0000435000,084324,077862,086637,095613,073249,084111
0000000437,0000436000,084491,077845,082557,094340,075644,081331
0000000438,0000437000,084190,080491,080634,090542,079544,079532
0000000439,0000438000,084212,082584,078002,087775,083047,077402
0000000440,0000439000,084252,084263,075394,082772,087495,076829
0000000441,0000440000,084474,087735,075406,078966,090834,076221
0000000442,0000441000,084946,088387,073675,074500,094119,077027
0000000443,0000442000,084479,090859,075206,070999,096083,078238
0000000444,0000443000,084567,090098,075036,068654,096902,080086
0000000445,0000444000,083640,090737,077588,067147,096785,082694
0000000446,0000445000,083372,089152,079109,067838,094882,084968
0000000447,0000446000,083139,088115,082153,068852,092640,087923
0000000448,0000447000,082943,086194,084777,072209,088841,089821
0000000449,0000448000,083230,083453,086631,075151,085244,091894
0000000450,0000449000,082990,081971,089472,079684,081054,092791
0000000451,0000450000,083075,078523,089531,083645,077469,093200
0000000452,0000451000,082816,078096,091368,087574,074481,092744
0000000453,0000452000,083006,075824,090012,091239,072278,091361
0000000454,0000453000,083072,075981,089652,093125,071614,089687
0000000455,0000454000,083625,075946,087645,094816,071700,087032
0000000456,0000455000,083962,076648,085230,094036,073600,084736
0000000457,0000456000,084245,078659,083316,092863,075988,081870
0000000458,0000457000,084572,079966,080140,089793,079689,079784
0000000459,0000458000,084338,082958,078567,086295,083523,077885
0000000460,0000459000,084637,084364,075825,082087,087570,076793
0000000461,0000460000,084406,087217,075256,077648,091414,076582
0000000462,0000461000,084560,088333,074047,073814,094302,076911
0000000463,0000462000,084471,090025,074852,069979,096647,078436
0000000464,0000463000,084238,090413,075763,067913,097350,080135
0000000465,0000464000,084022,090027,077196,066167,097256,082783
0000000466,0000465000,083559,089630,079843,066598,095522,085278
0000000467,0000466000,083338,087360,081505,067785,093000,088033
0000000468,0000467000,082996,086325,084838,070433,089512,090365
0000000469,0000468000,083033,083429,086433,074083,085519,092182
0000000470,0000469000,082852,081708,088916,077915,081589,093470
0000000471,0000470000,083006,079297,089877,082489,077661,093667
0000000472,0000471000,082972,077601,090408,086177,074758,093408
0000000473,0000472000,083054,076565,090311,089898,072414,091949
0000000474,0000473000,083326,075751,088983,092121,071617,090171
0000000475,0000474000,083423,076434,087770,093596,071811,087617
0000000476,0000475000,083917,076740,085109,093462,073405,084958
0000000477,0000476000,084076,078722,083282,092078,076091,082288
0000000478,0000477000,084424,080071,080268,089621,079494,079779
0000000479,0000478000,084526,082634,078433,085876,083611,078011
0000000480,0000479000,084590,084631,076404,082052,087552,076646
0000000481,0000480000,084592,086668,075087,077432,091520,076407
0000000482,0000481000,084489,088623,074800,073603,094532,076735
0000000483,0000482000,084430,089299,074620,069912,096827,078114
0000000484,0000483000,084167,090333,076121,067410,097792,080029
0000000485,0000484000,084040,089700,077242,066025,097525,082520
0000000486,0000485000,083632,089268,079767,065815,096051,085335
0000000487,0000486000,083447,087571,081837,067218,093323,087995
0000000488,0000487000,083132,085876,084350,069460,089961,090613
0000000489,0000488000,082965,083734,086578,073083,085821,092461
0000000490,0000489000,082934,081422,088313,076922,081820,093860
0000000491,0000490000,082847,079670,089803,081355,077874,094216
0000000492,0000491000,083022,077665,089986,085328,074718,093850
0000000493,0000492000,083060,076908,090146,088881,072466,092580
0000000494,0000493000,083317,076017,088744,091541,071375,090557
0000000495,0000494000,083500,076529,087464,092879,071678,088105
0000000496,0000495000,083801,077138,085236,093219,073095,085194
0000000497,0000496000,084062,078566,082971,091856,075843,082463
0000000498,0000497000,084305,080493,080706,089664,079252,079797
0000000499,0000498000,084518,082306,078301,086155,083373,077833
0000000500,0000499000,084561,084721,076810,082223,087493,076438
0000000501,0000500000,084653,086409,075256,077919,091420,075967
0000000502,0000501000,084498,088328,075040,073755,094692,076387
0000000503,0000502000,084442,089181,075052,070247,096942,077598
0000000504,0000503000,084203,089846,076144,067420,098126,079679
0000000505,0000504000,083985,089606,077609,065984,097840,082161
0000000506,0000505000,083744,088777,079615,065552,096443,085124
0000000507,0000506000,083433,087572,081996,066719,093744,087953
0000000508,0000507000,083246,085619,084093,068878,090274,090654
0000000509,0000508000,083002,083836,086516,072194,086183,092765
0000000510,0000509000,082942,081460,087997,076147,081959,094169
0000000511,0000510000,082872,079775,089420,080335,078023,094755
0000000512,0000511000,082967,078003,089771,084573,074640,094341
0000000513,0000512000,083071,076995,089628,088077,072345,093152
0000000514,0000513000,083269,076563,088699,090979,071111,091053
0000000515,0000514000,083513,076617,087069,092534,071325,088505
0000000516,0000515000,083736,077535,085279,092999,072738,085506
0000000517,0000516000,084049,078663,082860,092025,075394,082540
0000000518,0000517000,084229,080589,080801,089866,078925,079799
0000000519,0000518000,084472,082359,078548,086708,083006,077556
0000000520,0000519000,084554,084543,076976,082745,087319,076105
0000000521,0000520000,084607,086345,075696,078596,091288,075442
0000000522,0000521000,084562,087906,075238,074336,094731,075831
0000000523,0000522000,084422,089000,075511,070743,097104,077020
0000000524,0000523000,084264,089368,076287,067791,098365,079109
0000000525,0000524000,084003,089368,077934,066063,098227,081744
0000000526,0000525000,083783,088423,079670,065531,096806,084763
0000000527,0000526000,083489,087338,081981,066307,094201,087846
0000000528,0000527000,083284,085535,084046,068399,090622,090655
0000000529,0000528000,083067,083684,086184,071412,086525,093009
0000000530,0000529000,082956,081690,087831,075322,082156,094536
0000000531,0000530000,082912,079825,088925,079449,078105,095263
0000000532,0000531000,082931,078382,089498,083685,074599,094937
0000000533,0000532000,083076,077252,089162,087383,072128,093726
0000000534,0000533000,083218,076955,088397,090361,070829,091645
0000000535,0000534000,083478,076970,086832,092258,070879,088928
0000000536,0000535000,083703,077816,085100,092873,072301,085851
0000000537,0000536000,083976,078972,082902,092256,074879,082649
0000000538,0000537000,084208,080628,080815,090275,078475,079747
0000000539,0000538000,084398,082478,078858,087358,082611,077289
0000000540,0000539000,084539,084348,077172,083537,087020,075654
0000000541,0000540000,084576,086219,076163,079408,091149,074882
0000000542,0000541000,084571,087544,075596,075201,094696,075138
0000000543,0000542000,084442,088648,075917,071401,097265,076357
0000000544,0000543000,084297,088983,076660,068373,098600,078433
0000000545,0000544000,084056,088894,078139,066318,098614,081214
0000000546,0000545000,083821,088150,079897,065580,097222,084349
0000000547,0000546000,083563,086975,081914,066048,094657,087644
0000000548,0000547000,083317,085435,084019,067874,091053,090660
0000000549,0000548000,083138,083573,085879,070703,086869,093206
0000000550,0000549000,082980,081817,087517,074407,082422,094955
0000000551,0000550000,082940,080012,088489,078535,078191,095786
0000000552,0000551000,082937,078692,089033,082718,074580,095597
0000000553,0000552000,083046,077685,088739,086598,071914,094373
0000000554,0000553000,083198,077331,087949,089707,070510,092286
0000000555,0000554000,083414,077460,086595,091896,070432,089446
0000000556,0000555000,083661,078129,084838,092790,071784,086216
0000000557,0000556000,083906,079334,082927,092462,074342,082827
0000000558,0000557000,084157,080760,080880,090808,077937,079681
0000000559,0000558000,084340,082551,079119,088074,082172,077032
0000000560,0000559000,084500,084260,077533,084493,086653,075162
0000000561,0000560000,084555,085951,076581,080386,090958,074265
0000000562,0000561000,084559,087239,076126,076219,094634,074388
0000000563,0000562000,084471,088164,076340,072283,097380,075593
0000000564,0000563000,084317,088554,077145,069074,098851,077698
0000000565,0000564000,084121,088365,078422,066767,098981,080576
0000000566,0000565000,083870,087761,080127,065697,097685,083890
0000000567,0000566000,083633,086607,081936,065883,095129,087366
0000000568,0000567000,083381,085220,083915,067354,091540,090641
0000000569,0000568000,083189,083518,085620,069973,087262,093390
0000000570,0000569000,083032,081874,087090,073439,082731,095378
0000000571,0000570000,082958,080286,088043,077502,078342,096360
0000000572,0000571000,082954,079013,088440,081667,074582,096290
0000000573,0000572000,083023,078196,088246,085650,071752,095109
0000000574,0000573000,083171,077803,087438,088975,070187,092979
0000000575,0000574000,083356,077996,086244,091403,070001,090053
0000000576,0000575000,083601,078589,084597,092661,071240,086637
0000000577,0000576000,083836,079686,082853,092635,073779,083062
0000000578,0000577000,084084,081013,081012,091351,077360,079654
0000000579,0000578000,084286,082601,079359,088876,081671,076780
0000000580,0000579000,084442,084201,077986,085526,086246,074678
0000000581,0000580000,084533,085655,077073,081536,090694,073601
0000000582,0000581000,084541,086872,076730,077373,094537,073611
0000000583,0000582000,084488,087637,076891,073362,097437,074754
0000000584,0000583000,084350,087999,077677,069927,099085,076904
0000000585,0000584000,084173,087802,078828,067375,099330,079864
0000000586,0000585000,083940,087236,080364,065934,098150,083363
0000000587,0000586000,083703,086214,082038,065784,095632,087039
0000000588,0000587000,083462,084916,083770,066882,092055,090568
0000000589,0000588000,083251,083452,085349,069194,087721,093566
0000000590,0000589000,083093,081930,086610,072428,083089,095784
0000000591,0000590000,082989,080568,087492,076333,078574,096964
0000000592,0000591000,082971,079429,087792,080493,074640,097012
0000000593,0000592000,083011,078734,087610,084536,071656,095904
0000000594,0000593000,083135,078410,086877,088083,069913,093737
0000000595,0000594000,083306,078590,085771,090776,069599,090727
0000000596,0000595000,083525,079166,084326,092402,070719,087139
0000000597,0000596000,083764,080107,082736,092752,073199,083351
0000000598,0000597000,083999,081332,081142,091848,076770,079694
0000000599,0000598000,084216,082696,079643,089724,081115,076557
0000000600,0000599000,084379,084122,078481,086622,085790,074223
0000000601,0000600000,084493,085367,077679,082820,090357,072932
0000000602,0000601000,084525,086416,077402,078682,094371,072814
0000000603,0000602000,084494,087065,077589,074616,097430,073881
0000000604,0000603000,084387,087324,078281,070974,099257,076052
0000000605,0000604000,084224,087160,079340,068139,099647,079099
0000000606,0000605000,084017,086605,080665,066333,098585,082761
0000000607,0000606000,083781,085728,082169,065772,096147,086658
0000000608,0000607000,083550,084572,083647,066476,092588,090432
0000000609,0000608000,083329,083322,085023,068402,088236,093705
0000000610,0000609000,083159,082008,086095,071358,083515,096162
0000000611,0000610000,083038,080854,086822,075053,078889,097562
0000000612,0000611000,082990,079925,087059,079157,074794,097753
0000000613,0000612000,083011,079339,086848,083251,071645,096727
0000000614,0000613000,083101,079127,086212,086986,069731,094554
0000000615,0000614000,083254,079293,085204,089976,069257,091459
0000000616,0000615000,083448,079836,083976,091970,070252,087721
0000000617,0000616000,083678,080639,082596,092757,072636,083710
0000000618,0000617000,083907,081701,081243,092271,076174,079809
0000000619,0000618000,084129,082855,079988,090561,080523,076397
0000000620,0000619000,084307,084029,079022,087775,085270,073813
0000000621,0000620000,084437,085069,078395,084204,089943,072298
0000000622,0000621000,084500,085889,078183,080158,094104,072022
0000000623,0000622000,084491,086403,078411,076050,097331,073001
0000000624,0000623000,084418,086554,079012,072238,099328,075161
0000000625,0000624000,084278,086389,079942,069099,099888,078289
0000000626,0000625000,084094,085879,081064,066918,098961,082093
0000000627,0000626000,083873,085127,082326,065902,096635,086206
0000000628,0000627000,083645,084169,083548,066157,093129,090226
0000000629,0000628000,083425,083130,084654,067643,088787,093773
0000000630,0000629000,083238,082087,085520,070242,084018,096488
0000000631,0000630000,083100,081167,086048,073679,079298,098115
0000000632,0000631000,083022,080478,086203,077654,075072,098480
0000000633,0000632000,083016,080045,085965,081772,071759,097551
0000000634,0000633000,083073,079945,085404,085660,069677,095403
0000000635,0000634000,083199,080134,084544,088950,069026,092242
0000000636,0000635000,083371,080610,083527,091329,069873,088371
0000000637,0000636000,083582,081293,082415,092584,072132,084156
0000000638,0000637000,083807,082146,081327,092581,075594,080012
0000000639,0000638000,084026,083068,080370,091336,079913,076332
0000000640,0000639000,084220,083954,079637,088952,084684,073483
0000000641,0000640000,084367,084739,079211,085670,089435,071737
0000000642,0000641000,084459,085308,079106,081790,093711,071276
0000000643,0000642000,084482,085637,079360,077683,097094,072146
0000000644,0000643000,084440,085681,079888,073734,099259,074268
0000000645,0000644000,084332,085479,080655,070305,099998,077446
0000000646,0000645000,084173,085034,081565,067729,099234,081371
0000000647,0000646000,083973,084410,082533,066233,097051,085674
0000000648,0000647000,083753,083675,083463,065975,093646,089932
0000000649,0000648000,083534,082885,084259,066964,089357,093740
0000000650,0000649000,083335,082145,084860,069118,084594,096720
0000000651,0000650000,083178,081516,085173,072227,079821,098583
0000000652,0000651000,083072,081084,085204,075997,075499,099143
0000000653,0000652000,083032,080860,084944,080079,072046,098338
0000000654,0000653000,083056,080879,084445,084083,069799,096244
0000000655,0000654000,083146,081111,083762,087648,068967,093054
0000000656,0000655000,083292,081518,082978,090427,069636,089079
0000000657,0000656000,083479,082069,082170,092173,071735,084692
0000000658,0000657000,083693,082692,081401,092711,075066,080323
0000000659,0000658000,083910,083335,080777,091998,079303,076392
0000000660,0000659000,084114,083908,080335,090098,084039,073281
0000000661,0000660000,084281,084376,080135,087191,088814,071297
0000000662,0000661000,084400,084666,080177,083557,093161,070634
0000000663,0000662000,084458,084766,080457,079526,096668,071363
0000000664,0000663000,084452,084682,080920,075485,098991,073414
0000000665,0000664000,084382,084428,081507,071801,099912,076599
0000000666,0000665000,084252,084045,082168,068824,099341,080608
0000000667,0000666000,084078,083570,082812,066828,097338,085060
0000000668,0000667000,083872,083071,083394,066002,094094,089525
0000000669,0000668000,083658,082580,083841,066424,089923,093571
0000000670,0000669000,083451,082175,084118,068050,085232,096805
0000000671,0000670000,083274,081891,084185,070732,080473,098908
0000000672,0000671000,083141,081756,084058,074211,076109,099678
0000000673,0000672000,083064,081779,083762,078170,072558,099029
0000000674,0000673000,083051,081945,083329,082233,070163,097027
0000000675,0000674000,083101,082230,082833,086029,069149,093858
0000000676,0000675000,083213,082581,082318,089201,069614,089826
0000000677,0000676000,083372,082975,081845,091455,071508,085317
0000000678,0000677000,083568,083351,081457,092582,074646,080767
0000000679,0000678000,083779,083670,081209,092473,078725,076616
0000000680,0000679000,083987,083892,081113,091146,083346,073264
0000000681,0000680000,084174,083991,081179,088720,088063,071043
0000000682,0000681000,084320,083957,081398,085428,092418,070166
0000000683,0000682000,084416,083795,081723,081572,095994,070722
0000000684,0000683000,084449,083547,082114,077513,098449,072659
0000000685,0000684000,084420,083231,082515,073626,099550,075794
0000000686,0000685000,084329,082901,082888,070271,099196,079826
0000000687,0000686000,084186,082594,083174,067762,097423,084368
0000000688,0000687000,084002,082351,083352,066329,094408,088984
0000000689,0000688000,083796,082202,083398,066109,090442,093223
0000000690,0000689000,083587,082175,083298,067117,085916,096679
0000000691,0000690000,083393,082281,083077,069260,081264,099012
0000000692,0000691000,083232,082494,082763,072337,076939,099998
0000000693,0000692000,083118,082799,082406,076063,073354,099538
0000000694,0000693000,083063,083149,082047,080094,070850,097677
0000000695,0000694000,083069,083499,081745,084055,069663,094592
0000000696,0000695000,083139,083802,081532,087583,069901,090577
0000000697,0000696000,083264,084024,081437,090347,071537,086021
0000000698,0000697000,083434,084127,081481,092095,074406,081361
0000000699,0000698000,083633,084087,081662,092662,078229,077049
0000000700,0000699000,083841,083909,081964,092000,082628,073502
0000000701,0000700000,084042,083596,082345,090171,087178,071064
0000000702,0000701000,084216,083186,082767,087346,091441,069969
0000000703,0000702000,084349,082727,083161,083787,095010,070322
0000000704,0000703000,084427,082278,083481,079819,097545,072091
0000000705,0000704000,084444,081885,083684,075812,098810,075103
0000000706,0000705000,084397,081602,083737,072132,098691,079072
0000000707,0000706000,084292,081472,083624,069124,097204,083612
0000000708,0000707000,084139,081513,083348,067061,094501,088289
0000000709,0000708000,083949,081742,082934,066135,090851,092646
0000000710,0000709000,083743,082141,082413,066430,086612,096263
0000000711,0000710000,083536,082676,081855,067915,082195,098793
0000000712,0000711000,083350,083287,081324,070454,078026,099993
0000000713,0000712000,083199,083912,080884,073812,074502,099751
0000000714,0000713000,083098,084476,080596,077682,071952,098089
0000000715,0000714000,083057,084913,080500,081706,070616,095170
0000000716,0000715000,083078,085173,080616,085517,070614,091274
0000000717,0000716000,083160,085214,080941,088760,071935,086778
0000000718,0000717000,083296,085018,081465,091139,074444,082118
0000000719,0000718000,083474,084588,082130,092436,077887,077743
0000000720,0000719000,083676,083964,082874,092532,081925,074078
0000000721,0000720000,083886,083198,083616,091423,086164,071471
0000000722,0000721000,084084,082373,084269,089211,090199,070170
0000000723,0000722000,084252,081578,084753,086099,093645,070294
0000000724,0000723000,084376,080896,085009,082370,096182,071831
0000000725,0000724000,084444,080405,085003,078368,097575,074629
0000000726,0000725000,084449,080165,084713,074459,097699,078417
0000000727,0000726000,084391,080218,084161,071002,096555,082828
0000000728,0000727000,084275,080569,083387,068316,094264,087434
0000000729,0000728000,084111,081204,082462,066644,091063,091787
0000000730,0000729000,083916,082065,081478,066140,087268,095470
0000000731,0000730000,083705,083068,080546,066843,083250,098132
0000000732,0000731000,083497,084112,079767,068692,079394,099523
0000000733,0000732000,083312,085090,079228,071515,076063,099518
0000000734,0000733000,083165,085897,079000,075057,073566,098122
0000000735,0000734000,083071,086442,079116,078995,072132,095472
0000000736,0000735000,083038,086664,079582,082968,071887,091826
0000000737,0000736000,083070,086519,080365,086614,072839,087542
0000000738,0000737000,083163,086004,081403,089596,074882,083036
0000000739,0000738000,083310,085159,082595,091645,077801,078744
0000000740,0000739000,083497,084061,083819,092574,081305,075080
0000000741,0000740000,083707,082814,084951,092305,085048,072388
0000000742,0000741000,083922,081544,085862,090862,088675,070918
0000000743,0000742000,084123,080385,086454,088377,091845,070800
0000000744,0000743000,084291,079447,086656,085074,094267,072039
0000000745,0000744000,084412,078840,086436,081253,095721,074509
0000000746,0000745000,084474,078636,085790,077261,096081,077968
0000000747,0000746000,084470,078875,084772,073464,095331,082077
0000000748,0000747000,084402,079550,083469,070210,093562,086431
0000000749,0000748000,084274,080607,082004,067792,090964,090609
0000000750,0000749000,084100,081947,080531,066429,087801,094211
0000000751,0000750000,083893,083436,079202,066241,084385,096899
0000000752,0000751000,083673,084932,078155,067242,081041,098429
0000000753,0000752000,083459,086282,077503,069341,078080,098667
0000000754,0000753000,083269,087348,077325,072351,075773,097600
0000000755,0000754000,083122,088019,077652,076001,074323,095339
0000000756,0000755000,083031,088208,078474,079960,073855,092110
0000000757,0000756000,083005,087875,079730,083866,074391,088231
0000000758,0000757000,083046,087038,081302,087364,075859,084086
0000000759,0000758000,083151,085772,083036,090136,078093,080077
0000000760,0000759000,083311,084194,084753,091935,080861,076586
0000000761,0000760000,083511,082464,086282,092601,083891,073938
0000000762,0000761000,083733,080747,087463,092078,086892,072370
0000000763,0000762000,083958,079213,088174,090413,089589,072016
0000000764,0000763000,084166,078015,088333,087755,091738,072896
0000000765,0000764000,084339,077280,087904,084340,093152,074915
0000000766,0000765000,084460,077106,086906,080477,093715,077866
0000000767,0000766000,084517,077528,085419,076516,093397,081456
0000000768,0000767000,084505,078521,083585,072819,092255,085328
0000000769,0000768000,084424,079994,081586,069720,090424,089104
0000000770,0000769000,084283,081799,079628,067494,088101,092426
0000000771,0000770000,084094,083760,077909,066340,085517,094988
0000000772,0000771000,083873,085691,076595,066356,082919,096565
0000000773,0000772000,083640,087406,075823,067542,080542,097025
0000000774,0000773000,083415,088729,075684,069791,078599,096342
0000000775,0000774000,083218,089524,076211,072905,077255,094596
0000000776,0000775000,083068,089687,077376,076606,076613,091969
0000000777,0000776000,082980,089177,079087,080559,076709,088730
0000000778,0000777000,082961,088033,081173,084404,077503,085199
0000000779,0000778000,083015,086369,083421,087795,078891,081724
0000000780,0000779000,083134,084349,085606,090428,080718,078631
0000000781,0000780000,083310,082172,087505,092073,082797,076203
0000000782,0000781000,083525,080043,088941,092585,084931,074650
0000000783,0000782000,083763,078162,089771,091921,086927,074097
0000000784,0000783000,084001,076720,089893,090139,088612,074574
0000000785,0000784000,084219,075870,089275,087394,089848,076019
0000000786,0000785000,084397,075718,087953,083930,090545,078271
0000000787,0000786000,084516,076310,086036,080059,090668,081099
0000000788,0000787000,084567,077592,083716,076131,090237,084217
0000000789,0000788000,084542,079432,081238,072501,089323,087320
0000000790,0000789000,084448,081645,078850,069493,088039,090115
0000000791,0000790000,084290,084015,076785,067371,086520,092353
0000000792,0000791000,084084,086322,075239,066319,084910,093843
0000000793,0000792000,083847,088351,074358,066429,083352,094470
0000000794,0000793000,083599,089897,074252,067693,081977,094199
0000000795,0000794000,083363,090793,074954,070001,080890,093082
0000000796,0000795000,083160,090931,076419,073151,080163,091247
0000000797,0000796000,083010,090266,078521,076862,079830,088892
0000000798,0000797000,082928,088862,081045,080798,079887,086256
0000000799,0000798000,082920,086870,083721,084605,080299,083599
0000000800,0000799000,082988,084493,086285,087942,081000,081167
0000000801,0000800000,083124,081960,088491,090518,081911,079176
0000000802,0000801000,083317,079504,090130,092108,082942,077791
0000000803,0000802000,083549,077352,091052,092573,084005,077115
0000000804,0000803000,083801,075720,091143,091874,085018,077179
0000000805,0000804000,084051,074790,090365,090067,085913,077951
0000000806,0000805000,084276,074670,088778,087310,086638,079328
0000000807,0000806000,084454,075396,086522,083846,087166,081155
0000000808,0000807000,084568,076902,083830,079986,087482,083242
0000000809,0000808000,084608,079015,080993,076081,087588,085383
0000000810,0000809000,084570,081521,078290,072477,087498,087380
0000000811,0000810000,084459,084183,075972,069490,087235,089064
0000000812,0000811000,084285,086752,074262,067379,086829,090297
0000000813,0000812000,084062,088993,073315,066330,086309,090994
0000000814,0000813000,083811,090685,073241,066433,085706,091125
0000000815,0000814000,083552,091634,074082,067682,085046,090712
0000000816,0000815000,083309,091731,075769,069971,084355,089824
0000000817,0000816000,083106,090957,078137,073100,083654,088574
0000000818,0000817000,082961,089372,080960,076792,082972,087096
0000000819,0000818000,082890,087169,083911,080710,082345,085534
0000000820,0000819000,082896,084589,086699,084505,081807,084034
0000000821,0000820000,082978,081838,089093,087848,081393,082717
0000000822,0000821000,083130,079189,090857,090445,081141,081681
0000000823,0000822000,083338,076906,091803,092071,081077,080994
0000000824,0000823000,083583,075188,091854,092585,081227,080685
0000000825,0000824000,083845,074230,090974,091941,081612,080737
0000000826,0000825000,084100,074165,089209,090189,082234,081113
0000000827,0000826000,084324,074984,086763,087481,083077,081750
0000000828,0000827000,084496,076602,083879,084056,084103,082570
0000000829,0000828000,084599,078856,080864,080221,085244,083494
0000000830,0000829000,084626,081482,078027,076324,086409,084439
0000000831,0000830000,084575,084256,075611,072700,087511,085334
0000000832,0000831000,084449,086932,073836,069669,088443,086122
0000000833,0000832000,084263,089224,072893,067492,089117,086763
0000000834,0000833000,084029,090927,072879,066358,089451,087231
0000000835,0000834000,083771,091857,073797,066368,089378,087532
0000000836,0000835000,083509,091902,075592,067524,088862,087677
0000000837,0000836000,083270,091053,078067,069730,087908,087677
0000000838,0000837000,083073,089415,080970,072793,086569,087550
0000000839,0000838000,082940,087169,083976,076442,084940,087304
0000000840,0000839000,082881,084558,086793,080341,083160,086964
0000000841,0000840000,082899,081800,089199,084158,081378,086538
0000000842,0000841000,082994,079153,090946,087554,079763,086040
0000000843,0000842000,083155,076914,091849,090238,078466,085485
0000000844,0000843000,083370,075259,091828,091976,077625,084886
0000000845,0000844000,083618,074374,090894,092616,077360,084246
0000000846,0000845000,083880,074371,089091,092101,077734,083585
0000000847,0000846000,084129,075232,086639,090468,078756,082943
0000000848,0000847000,084345,076845,083796,087861,080368,082359
0000000849,0000848000,084505,079045,080852,084505,082445,081894
0000000850,0000849000,084596,081598,078102,080710,084804,081597
0000000851,0000850000,084612,084265,075780,076802,087239,081515
0000000852,0000851000,084551,086817,074106,073127,089524,081679
0000000853,0000852000,084420,088969,073256,070002,091439,082112
0000000854,0000853000,084229,090520,073325,067696,092791,082811
0000000855,0000854000,083997,091325,074275,066412,093417,083759
0000000856,0000855000,083743,091293,076031,066259,093216,084916
0000000857,0000856000,083490,090432,078411,067261,092164,086194
0000000858,0000857000,083262,088864,081141,069330,090332,087485
0000000859,0000858000,083079,086773,083940,072287,087863,088667
0000000860,0000859000,082958,084339,086554,075868,084975,089622
0000000861,0000860000,082908,081805,088748,079753,081934,090241
0000000862,0000861000,082933,079421,090296,083608,079018,090439
0000000863,0000862000,083031,077421,091053,087092,076506,090168
0000000864,0000863000,083191,076004,090950,089910,074651,089407
0000000865,0000864000,083400,075309,089994,091814,073658,088182
0000000866,0000865000,083639,075401,088303,092640,073658,086567
0000000867,0000866000,083888,076234,086065,092312,074689,084686
0000000868,0000867000,084122,077714,083521,090852,076687,082705
0000000869,0000868000,084323,079680,080913,088390,079481,080815
0000000870,0000869000,084471,081929,078506,085140,082823,079204
0000000871,0000870000,084554,084246,076519,081393,086405,078035
0000000872,0000871000,084565,086416,075129,077476,089895,077447
0000000873,0000872000,084505,088209,074489,073731,092957,077528
0000000874,0000873000,084379,089430,074660,070480,095290,078310
0000000875,0000874000,084200,089994,075592,068003,096649,079762
0000000876,0000875000,083983,089853,077168,066517,096868,081790
0000000877,0000876000,083746,089040,079230,066152,095898,084227
0000000878,0000877000,083512,087670,081537,066946,093803,086850
0000000879,0000878000,083300,085897,083861,068829,090763,089414
0000000880,0000879000,083130,083879,086001,071639,087053,091666
0000000881,0000880000,083017,081822,087739,075125,083018,093378
0000000882,0000881000,082969,079947,088902,078982,079035,094366
0000000883,0000882000,082990,078427,089390,082874,075484,094506
0000000884,0000883000,083076,077420,089167,086463,072716,093745
0000000885,0000884000,083220,077022,088264,089442,071011,092116
0000000886,0000885000,083409,077235,086818,091552,070557,089740
0000000887,0000886000,083625,078001,085000,092610,071423,086815
0000000888,0000887000,083852,079235,082989,092519,073549,083610
0000000889,0000888000,084067,080798,080988,091286,076745,080427
0000000890,0000889000,084254,082520,079197,089016,080720,077577
0000000891,0000890000,084394,084243,077780,085911,085103,075341
0000000892,0000891000,084478,085786,076868,082244,089480,073955
0000000893,0000892000,084497,086978,076564,078333,093432,073577
0000000894,0000893000,084453,087709,076868,074519,096575,074274
0000000895,0000894000,084349,087932,077712,071129,098596,076016
0000000896,0000895000,084196,087648,078990,068455,099284,078668
0000000897,0000896000,084006,086916,080545,066729,098559,081997
0000000898,0000897000,083796,085844,082203,066103,096475,085698
0000000899,0000898000,083583,084543,083806,066634,093217,089422
0000000900,0000899000,083387,083144,085205,068277,089091,092809
0000000901,0000900000,083225,081805,086251,070887,084484,095523
0000000902,0000901000,083109,080668,086846,074237,079832,097290
0000000903,0000902000,083050,079841,086950,078031,075581,097920
0000000904,0000903000,076167,078692,085849,079418,072544,097716
0000000905,0000904000,066820,080720,087097,079418,070474,096144
0000000906,0000905000,071732,079456,084401,079418,069176,092916
0000000907,0000906000,084434,077239,080308,079418,069779,089294
0000000908,0000907000,083763,079384,080251,079418,072005,085396
0000000909,0000908000,079320,085312,093566,079418,074508,084967
0000000910,0000909000,081492,081117,099454,079418,078415,084967
0000000911,0000910000,094187,084411,087381,079418,084178,084967
0000000912,0000911000,093948,075672,070801,079418,084406,084967
0000000913,0000912000,094714,068874,083348,079418,084406,084967
0000000914,0000913000,092964,074119,090670,079418,084406,084967
0000000915,0000914000,087285,080095,069015,079418,084406,084967
0000000916,0000915000,099998,093142,067662,079418,084406,084967
0000000917,0000916000,092569,081585,072359,079418,084406,084967
0000000918,0000917000,084036,080640,079453,079418,084406,084967
0000000919,0000918000,086200,096802,075244,079418,084406,084967
0000000920,0000919000,081371,095625,061223,079418,084406,084967
0000000921,0000920000,083983,093924,077922,079418,084406,084967
0000000922,0000921000,074650,087383,088581,079418,084406,084967
0000000923,0000922000,070155,091521,081310,079418,084406,084967
0000000924,0000923000,079001,099998,078824,079418,084406,084967
0000000925,0000924000,073449,084868,082756,079418,084406,084967
0000000926,0000925000,072141,079368,099998,079418,084406,084967
0000000927,0000926000,072651,083170,097026,079418,084406,084967
0000000928,0000927000,076717,083464,082655,079418,084406,084967
0000000929,0000928000,086340,079660,090606,079418,084406,084967
0000000930,0000929000,080465,066158,097694,079418,084406,084967
0000000931,0000930000,081874,070834,095719,079418,084406,084967
0000000932,0000931000,090697,079876,083131,079418,084406,084967
0000000933,0000932000,093248,073252,076796,079418,084406,084967
0000000934,0000933000,095583,070275,088931,079418,084406,084967
0000000935,0000934000,090428,072346,084505,079418,084406,084967
0000000936,0000935000,092944,083078,070648,079418,084406,084967
0000000937,0000936000,098090,086985,068652,079418,084406,084967
0000000938,0000937000,091141,078779,074261,079418,084406,084967
0000000939,0000938000,087962,085191,079550,079418,084406,084967
0000000940,0000939000,085808,094665,069043,079418,084406,084967
0000000941,0000940000,085189,095744,065030,079418,084406,084967
0000000942,0000941000,082926,091646,078729,079418,084406,084967
0000000943,0000942000,073661,087977,083745,079418,084406,084967
0000000944,0000943000,074316,096446,079949,079418,084406,084967
0000000945,0000944000,076715,096972,077202,079418,084406,084967
0000000946,0000945000,073553,085854,086539,079418,084406,084967
0000000947,0000946000,072063,082544,098004,079418,084406,084967
0000000948,0000947000,071281,084167,091297,079418,084406,084967
0000000949,0000948000,077882,085193,086046,079418,084406,084967
0000000950,0000949000,081808,076848,092826,079418,084406,084967
0000000951,0000950000,079388,068664,098255,079418,084406,084967
0000000952,0000951000,083422,074247,094113,079418,084406,084967
0000000953,0000952000,088607,076813,082636,079418,084406,084967
0000000954,0000953000,092579,072209,083309,079418,084406,084967
0000000955,0000954000,092984,069158,089383,079418,084406,084967
0000000956,0000955000,091482,073435,081907,079418,084406,084967
0000000957,0000956000,095751,082659,072496,079418,084406,084967
0000000958,0000957000,096099,081726,071314,079418,084406,084967
0000000959,0000958000,092076,078965,076566,079418,084406,084967
0000000960,0000959000,089560,086083,075627,079418,084406,084967
0000000961,0000960000,087642,092949,066818,079418,084406,084967
0000000962,0000961000,087091,094062,068885,079418,084406,084967
0000000963,0000962000,081681,090198,078006,079418,084406,084967
0000000964,0000963000,076315,091236,079990,079418,084406,084967
0000000965,0000964000,076690,097438,076735,079418,084406,084967
0000000966,0000965000,075440,094664,077925,079418,084406,084967
0000000967,0000966000,072854,087401,089049,079418,084406,084967
0000000968,0000967000,071595,085481,093184,079418,084406,084967
0000000969,0000968000,072821,086879,088040,079418,084406,084967
0000000970,0000969000,076933,084674,088788,079418,084406,084967
0000000971,0000970000,077582,075960,095073,079418,084406,084967
0000000972,0000971000,078711,072702,097368,079418,084406,084967
0000000973,0000972000,083414,075627,091304,079418,084406,084967
0000000974,0000973000,087576,074759,085703,079418,084406,084967
0000000975,0000974000,090196,071030,088748,079418,084406,084967
0000000976,0000975000,090862,069686,088549,079418,084406,084967
0000000977,0000976000,093645,074948,079868,079418,084406,084967
0000000978,0000977000,096005,079043,075230,079418,084406,084967
0000000979,0000978000,094278,077577,076490,079418,084406,084967
0000000980,0000979000,092882,079831,076887,079418,084406,084967
0000000981,0000980000,091954,086942,070575,079418,084406,084967
0000000982,0000981000,090562,090482,067305,079418,084406,084967
0000000983,0000982000,087067,090132,072866,079418,084406,084967
0000000984,0000983000,081376,090341,076922,079418,084406,084967
0000000985,0000984000,079706,094696,074882,079418,084406,084967
0000000986,0000985000,079102,096727,073861,079418,084406,084967
0000000987,0000986000,075186,092720,080525,079418,084406,084967
0000000988,0000987000,071733,089323,088746,079418,084406,084967
0000000989,0000988000,071951,089391,087568,079418,084406,084967
0000000990,0000989000,074333,088583,086144,079418,084406,084967
0000000991,0000990000,075032,082930,091768,079418,084406,084967
0000000992,0000991000,074474,077690,096442,079418,084406,084967
0000000993,0000992000,077819,077648,094109,079418,084406,084967
0000000994,0000993000,083073,076409,089636,079418,084406,084967
0000000995,0000994000,086015,072051,090844,079418,084406,084967
0000000996,0000995000,086871,070069,092762,079418,084406,084967
0000000997,0000996000,089530,072400,086842,079418,084406,084967
0000000998,0000997000,094814,075569,078995,079418,084406,084967
0000000999,0000998000,095813,074478,079008,079418,084406,084967
0000001000,0000999000,093220,074523,081087,079418,084406,084967
0000001001,0001000000,092988,080597,076042,079418,084406,084967
0000001002,0001001000,094195,086809,067936,079418,084406,084967
0000001003,0001002000,093080,086996,069141,079418,084406,084967
0000001004,0001003000,087513,086704,075194,079418,084406,084967
0000001005,0001004000,082585,091383,074851,079418,084406,084967
0000001006,0001005000,082308,096452,070750,079418,084406,084967
0000001007,0001006000,081113,094958,073009,079418,084406,084967
0000001008,0001007000,075959,091406,081753,079418,084406,084967
0000001009,0001008000,071735,091935,085785,079418,084406,084967
0000001010,0001009000,072575,093110,083196,079418,084406,084967
0000001011,0001010000,074840,089172,085378,079418,084406,084967
0000001012,0001011000,073621,082386,093162,079418,084406,084967
0000001013,0001012000,072537,080491,096034,079418,084406,084967
0000001014,0001013000,076361,081454,091638,079418,084406,084967
0000001015,0001014000,081870,077288,089806,079418,084406,084967
0000001016,0001015000,084152,070937,094207,079418,084406,084967
0000001017,0001016000,084366,070277,094595,079418,084406,084967
0000001018,0001017000,087968,074225,086832,079418,084406,084967
0000001019,0001018000,093822,074791,080802,079418,084406,084967
0000001020,0001019000,095321,071445,082286,079418,084406,084967
0000001021,0001020000,093236,072949,083031,079418,084406,084967
0000001022,0001021000,093177,080161,075953,079418,084406,084967
0000001023,0001022000,095299,084685,069042,079418,084406,084967
0000001024,0001023000,094485,083814,071055,079418,084406,084967
0000001025,0001024000,089127,084883,075120,079418,084406,084967
0000001026,0001025000,084976,091410,072772,079418,084406,084967
0000001027,0001026000,084336,095866,069108,079418,084406,084967
0000001028,0001027000,082572,093604,072875,079418,084406,084967
0000001029,0001028000,077624,091294,080382,079418,084406,084967
0000001030,0001029000,073297,093691,082196,079418,084406,084967
0000001031,0001030000,073236,095140,080757,079418,084406,084967
0000001032,0001031000,074328,090167,084816,079418,084406,084967
0000001033,0001032000,073004,084070,092001,079418,084406,084967
0000001034,0001033000,071998,083283,093970,079418,084406,084967
0000001035,0001034000,074806,083493,090919,079418,084406,084967
0000001036,0001035000,079392,078541,091187,079418,084406,084967
0000001037,0001036000,081736,072318,095250,079418,084406,084967
0000001038,0001037000,082897,071551,094670,079418,084406,084967
0000001039,0001038000,086531,074340,088336,079418,084406,084967
0000001040,0001039000,091255,073669,084312,079418,084406,084967
0000001041,0001040000,093600,070499,085019,079418,084406,084967
0000001042,0001041000,093630,072203,083437,079418,084406,084967
0000001043,0001042000,093960,078189,077019,079418,084406,084967
0000001044,0001043000,095186,081496,072500,079418,084406,084967
0000001045,0001044000,094773,081488,072981,079418,084406,084967
0000001046,0001045000,091494,084053,073591,079418,084406,084967
0000001047,0001046000,088268,089690,071273,079418,084406,084967
0000001048,0001047000,086221,093200,069773,079418,084406,084967
0000001049,0001048000,083367,092859,072934,079418,084406,084967
0000001050,0001049000,079829,092434,076992,079418,084406,084967
0000001051,0001050000,076636,094331,078183,079418,084406,084967
0000001052,0001051000,074396,095097,079721,079418,084406,084967
0000001053,0001052000,072858,091413,084956,079418,084406,084967
0000001054,0001053000,072791,087673,088665,079418,084406,084967
0000001055,0001054000,073119,086289,089851,079418,084406,084967
0000001056,0001055000,073801,084228,091120,079418,084406,084967
0000001057,0001056000,075750,079703,093746,079418,084406,084967
0000001058,0001057000,078618,075866,094763,079418,084406,084967
0000001059,0001058000,082063,074145,092924,079418,084406,084967
0000001060,0001059000,085484,073340,090433,079418,084406,084967
0000001061,0001060000,087695,072207,089258,079418,084406,084967
0000001062,0001061000,090417,071387,087377,079418,084406,084967
0000001063,0001062000,093767,072577,082887,079418,084406,084967
0000001064,0001063000,095207,075052,078900,079418,084406,084967
0000001065,0001064000,094347,077239,077654,079418,084406,084967
0000001066,0001065000,093927,079967,075277,079418,084406,084967
0000001067,0001066000,093791,084138,071273,079418,084406,084967
0000001068,0001067000,092204,086686,070308,079418,084406,084967
0000001069,0001068000,088281,088505,072385,079418,084406,084967
0000001070,0001069000,084145,091817,073260,079418,084406,084967
0000001071,0001070000,081984,094762,072435,079418,084406,084967
0000001072,0001071000,080582,094589,074035,079418,084406,084967
0000001073,0001072000,076668,092995,079538,079418,084406,084967
0000001074,0001073000,072388,092381,084421,079418,084406,084967
0000001075,0001074000,072306,092276,084616,079418,084406,084967
0000001076,0001075000,074168,089499,085527,079418,084406,084967
0000001077,0001076000,073764,084534,090891,079418,084406,084967
0000001078,0001077000,072854,081021,095322,079418,084406,084967
0000001079,0001078000,075267,080222,093715,079418,084406,084967
0000001080,0001079000,080464,077629,091096,079418,084406,084967
0000001081,0001080000,083930,072908,092372,079418,084406,084967
0000001082,0001081000,084747,070929,093513,079418,084406,084967
0000001083,0001082000,087009,072703,089477,079418,084406,084967
0000001084,0001083000,092074,073585,083543,079418,084406,084967
0000001085,0001084000,095348,072316,081520,079418,084406,084967
0000001086,0001085000,094322,073250,081639,079418,084406,084967
0000001087,0001086000,093197,078244,077753,079418,084406,084967
0000001088,0001087000,094618,082875,071706,079418,084406,084967
0000001089,0001088000,094872,083938,070391,079418,084406,084967
0000001090,0001089000,091075,084833,073273,079418,084406,084967
0000001091,0001090000,086316,089626,073264,079418,084406,084967
0000001092,0001091000,084255,094585,070346,079418,084406,084967
0000001093,0001092000,083100,094585,071512,079418,084406,084967
0000001094,0001093000,079584,092153,077475,079418,084406,084967
0000001095,0001094000,074689,092859,081634,079418,084406,084967
0000001096,0001095000,072667,094787,081755,079418,084406,084967
0000001097,0001096000,073660,092239,083293,079418,084406,084967
0000001098,0001097000,073836,086633,088715,079418,084406,084967
0000001099,0001098000,072386,083560,093265,079418,084406,084967
0000001100,0001099000,073098,083067,093017,079418,084406,084967
0000001101,0001100000,077188,080424,091595,079418,084406,084967
