0000000001,0000000000,061920,037447,080573,085972,089314,074128
0000000002,0000001000,036432,061794,080686,082957,092030,074427
0000000003,0000002000,007934,080332,081684,079657,094027,075731
0000000004,0000003000,-20559,090987,083467,076404,095094,077917
0000000005,0000004000,-46327,092753,085868,073497,095147,080771
0000000006,0000005000,-67110,085746,088646,071237,094167,084010
0000000007,0000006000,-80572,070442,091522,069842,092255,087317
0000000008,0000007000,-85321,048139,094227,069448,089595,090372
0000000009,0000008000,-81173,021295,096496,070088,086451,092875
0000000010,0000009000,-68562,-07311,098097,071704,083132,094579
0000000011,0000010000,-48385,-35292,098877,074144,079954,095317
0000000012,0000011000,-22744,-59797,098764,077157,077240,095018
0000000013,0000012000,005584,-78158,097767,080455,075246,093713
0000000014,0000013000,034065,-88801,095983,083713,074173,091528
0000000015,0000014000,060026,-90754,093582,086616,074124,088674
0000000016,0000015000,080666,-83624,090805,088876,075104,085435
0000000017,0000016000,094033,-68215,087928,090272,077015,082128
0000000018,0000017000,098983,-46116,085222,090668,079674,079073
0000000019,0000018000,094807,-19250,082954,090024,082821,076570
0000000020,0000019000,082009,009553,081353,088409,086139,074866
0000000021,0000020000,061979,037384,080573,085973,089313,074128
0000000022,0000021000,036427,061806,080686,082956,092032,074427
0000000023,0000022000,007910,080353,081683,079657,094026,075732
0000000024,0000023000,-20532,090966,083467,076402,095096,077917
0000000025,0000024000,-46349,092763,085868,073498,095146,080771
0000000026,0000025000,-67121,085761,088646,071236,094169,084010
0000000027,0000026000,-80538,070415,091521,069843,092255,087317
0000000028,0000027000,-85323,048139,094227,069446,089596,090372
0000000029,0000028000,-81221,021347,096497,070088,086451,092875
0000000030,0000029000,-68536,-07340,098097,071705,083131,094579
0000000031,0000030000,-48347,-35323,098877,074141,079957,095317
0000000032,0000031000,-22789,-59759,098764,077156,077240,095019
0000000033,0000032000,005561,-78138,097767,080455,075246,093714
0000000034,0000033000,034109,-88849,095983,083713,074173,091528
0000000035,0000034000,060023,-90756,093582,086614,074126,088675
0000000036,0000035000,080631,-83585,090805,088876,075104,085435
0000000037,0000036000,094056,-68245,087928,090272,077014,082129
0000000038,0000037000,098992,-46124,085223,090667,079674,079074
0000000039,0000038000,094788,-19231,082954,090024,082821,076570
0000000040,0000039000,082028,009538,081353,088409,086139,074867
0000000041,0000040000,061990,037373,080573,085973,089313,074129
0000000042,0000041000,036398,061832,080686,082955,092033,074427
0000000043,0000042000,007928,080342,081683,079658,094025,075732
0000000044,0000043000,-20502,090937,083466,076401,095097,077917
0000000045,0000044000,-46382,092800,085868,073498,095146,080771
0000000046,0000045000,-67134,085775,088645,071237,094168,084010
0000000047,0000046000,-80498,070379,091521,069843,092255,087317
0000000048,0000047000,-85330,048149,094227,069446,089597,090372
0000000049,0000048000,-81261,021386,096497,070088,086452,092875
0000000050,0000049000,-68516,-07359,098097,071705,083131,094578
0000000051,0000050000,-48336,-35340,098877,074140,079958,095317
0000000052,0000051000,-22821,-59727,098765,077156,077241,095018
0000000053,0000052000,005563,-78144,097768,080454,075247,093714
0000000054,0000053000,034122,-88869,095984,083712,074174,091528
0000000055,0000054000,060001,-90739,093583,086613,074126,088675
0000000056,0000055000,080631,-83588,090805,088875,075104,085436
0000000057,0000056000,094082,-68273,087929,090271,077015,082129
0000000058,0000057000,098973,-46111,085223,090666,079675,079074
0000000059,0000058000,094781,-19223,082954,090024,082820,076571
0000000060,0000059000,082066,009502,081353,088408,086139,074868
0000000061,0000060000,061990,037374,080573,085972,089313,074130
0000000062,0000061000,036375,061859,080686,082955,092032,074428
0000000063,0000062000,007954,080321,081682,079659,094024,075732
0000000064,0000063000,-20479,090921,083466,076401,095096,077917
0000000065,0000064000,-46408,092833,085867,073498,095146,080771
0000000066,0000065000,-67132,085781,088645,071238,094167,084010
0000000067,0000066000,-80477,070362,091521,069843,092256,087316
0000000068,0000067000,-85350,048173,094227,069446,089598,090371
0000000069,0000068000,-81274,021405,096496,070088,086452,092874
0000000070,0000069000,-68504,-07373,098097,071705,083132,094578
0000000071,0000070000,-48354,-35326,098878,074140,079959,095316
0000000072,0000071000,-22845,-59709,098765,077155,077242,095018
0000000073,0000072000,005578,-78166,097768,080454,075248,093713
0000000074,0000073000,034114,-88873,095985,083710,074176,091529
0000000075,0000074000,059972,-90720,093584,086612,074127,088675
0000000076,0000075000,080646,-83611,090806,088874,075105,085436
0000000077,0000076000,094099,-68300,087930,090269,077015,082130
0000000078,0000077000,098953,-46097,085224,090664,079675,079076
0000000079,0000078000,094787,-19232,082954,090023,082819,076572
0000000080,0000079000,082101,009467,081353,088407,086138,074869
0000000081,0000080000,061989,037379,080572,085972,089312,074131
0000000082,0000081000,036374,061869,080685,082956,092030,074429
0000000083,0000082000,007985,080301,081681,079660,094022,075733
0000000084,0000083000,-20473,090925,083464,076402,095095,077917
0000000085,0000084000,-46418,092858,085866,073499,095145,080770
0000000086,0000085000,-67114,085778,088643,071240,094166,084009
0000000087,0000086000,-80474,070369,091520,069844,092256,087315
0000000088,0000087000,-85376,048207,094226,069447,089598,090369
0000000089,0000088000,-81275,021410,096496,070089,086453,092872
0000000090,0000089000,-68502,-07376,098097,071705,083133,094576
0000000091,0000090000,-48390,-35298,098878,074139,079961,095314
0000000092,0000091000,-22863,-59699,098766,077155,077243,095017
0000000093,0000092000,005585,-78187,097770,080452,075250,093713
0000000094,0000093000,034092,-88868,095987,083708,074178,091528
0000000095,0000094000,059950,-90714,093586,086611,074128,088676
0000000096,0000095000,080662,-83643,090807,088872,075106,085438
0000000097,0000096000,094104,-68319,087931,090267,077016,082132
0000000098,0000097000,098944,-46097,085225,090663,079675,079078
0000000099,0000098000,094811,-19258,082954,090022,082818,076575
0000000100,0000099000,082127,009441,081353,088406,086137,074871
0000000101,0000100000,061991,037384,080572,085971,089310,074133
0000000102,0000101000,036397,061860,080684,082957,092028,074430
0000000103,0000102000,008017,080285,081679,079661,094020,075734
0000000104,0000103000,-20473,090944,083463,076404,095093,077918
0000000105,0000104000,-46414,092876,085864,073502,095143,080770
0000000106,0000105000,-67093,085776,088641,071242,094165,084008
0000000107,0000106000,-80485,070395,091518,069846,092256,087313
0000000108,0000107000,-85401,048245,094225,069449,089598,090367
0000000109,0000108000,-81276,021417,096495,070091,086454,092870
0000000110,0000109000,-68519,-07362,098098,071706,083136,094573
0000000111,0000110000,-48430,-35266,098879,074139,079964,095312
0000000112,0000111000,-22880,-59697,098767,077154,077246,095015
0000000113,0000112000,005575,-78199,097772,080450,075253,093712
0000000114,0000113000,034061,-88861,095989,083706,074181,091528
0000000115,0000114000,059938,-90726,093588,086608,074130,088677
0000000116,0000115000,080673,-83678,090810,088868,075107,085439
0000000117,0000116000,094100,-68336,087933,090263,077017,082134
0000000118,0000117000,098949,-46115,085226,090660,079674,079081
0000000119,0000118000,094845,-19299,082955,090020,082817,076578
0000000120,0000119000,082149,009420,081352,088405,086135,074875
0000000121,0000120000,062006,037380,080571,085972,089307,074136
0000000122,0000121000,036437,061840,080682,082958,092024,074432
0000000123,0000122000,008049,080277,081677,079663,094017,075735
0000000124,0000123000,-20468,090968,083460,076406,095090,077918
0000000125,0000124000,-46397,092890,085860,073505,095140,080769
0000000126,0000125000,-67077,085788,088638,071245,094163,084006
0000000127,0000126000,-80502,070435,091516,069849,092255,087310
0000000128,0000127000,-85420,048282,094223,069452,089599,090364
0000000129,0000128000,-81286,021435,096494,070093,086456,092866
0000000130,0000129000,-68554,-07331,098098,071707,083139,094570
0000000131,0000130000,-48472,-35236,098881,074139,079967,095309
0000000132,0000131000,-22901,-59697,098769,077153,077250,095012
0000000133,0000132000,005545,-78200,097775,080447,075257,093710
0000000134,0000133000,034025,-88859,095993,083702,074184,091528
0000000135,0000134000,059931,-90753,093591,086604,074133,088678
0000000136,0000135000,080675,-83714,090813,088864,075109,085441
0000000137,0000136000,094094,-68358,087936,090259,077018,082138
0000000138,0000137000,098969,-46153,085228,090657,079673,079085
0000000139,0000138000,094885,-19348,082956,090017,082815,076582
0000000140,0000139000,082175,009397,081352,088404,086132,074879
0000000141,0000140000,062039,037363,080569,085972,089303,074140
0000000142,0000141000,036488,061815,080679,082960,092020,074435
0000000143,0000142000,008081,080279,081673,079665,094012,075737
0000000144,0000143000,-20450,090990,083456,076410,095086,077918
0000000145,0000144000,-46370,092905,085856,073510,095137,080768
0000000146,0000145000,-67069,085817,088635,071250,094161,084003
0000000147,0000146000,-80522,070487,091513,069854,092254,087306
0000000148,0000147000,-85436,048321,094221,069457,089599,090359
0000000149,0000148000,-81310,021468,096494,070096,086458,092861
0000000150,0000149000,-68605,-07285,098099,071708,083142,094564
0000000151,0000150000,-48518,-35206,098882,074139,079972,095304
0000000152,0000151000,-22935,-59693,098772,077151,077255,095009
0000000153,0000152000,005499,-78194,097779,080444,075263,093708
0000000154,0000153000,033986,-88865,095997,083698,074189,091528
0000000155,0000154000,059921,-90791,093596,086598,074137,088679
0000000156,0000155000,080669,-83754,090818,088858,075112,085444
0000000157,0000156000,094094,-68394,087940,090254,077019,082142
0000000158,0000157000,099000,-46208,085231,090652,079672,079090
0000000159,0000158000,094926,-19401,082957,090014,082813,076588
0000000160,0000159000,082212,009365,081352,088402,086128,074885
0000000161,0000160000,062092,037331,080567,085972,089298,074145
0000000162,0000161000,036547,061789,080676,082962,092014,074439
0000000163,0000162000,008119,080285,081669,079669,094006,075739
0000000164,0000163000,-20416,091010,083450,076416,095080,077919
0000000165,0000164000,-46338,092927,085851,073516,095132,080766
0000000166,0000165000,-67067,085864,088630,071256,094158,084000
0000000167,0000166000,-80540,070548,091508,069860,092253,087301
0000000168,0000167000,-85455,048370,094218,069462,089600,090353
0000000169,0000168000,-81351,021519,096492,070099,086461,092854
0000000170,0000169000,-68667,-07229,098099,071710,083147,094558
0000000171,0000170000,-48571,-35175,098884,074139,079978,095298
0000000172,0000171000,-22987,-59681,098776,077148,077262,095004
0000000173,0000172000,005438,-78186,097784,080439,075270,093705
0000000174,0000173000,033945,-88883,096003,083692,074196,091527
0000000175,0000174000,059903,-90834,093602,086592,074142,088681
0000000176,0000175000,080656,-83799,090824,088851,075116,085448
0000000177,0000176000,094102,-68449,087944,090247,077020,082148
0000000178,0000177000,099039,-46280,085234,090646,079671,079097
0000000179,0000178000,094971,-19462,082959,090010,082809,076596
0000000180,0000179000,082264,009320,081351,088400,086123,074892
0000000181,0000180000,062164,037286,080564,085972,089291,074151
0000000182,0000181000,036615,061764,080671,082964,092006,074444
0000000183,0000182000,008169,080293,081663,079674,093999,075742
0000000184,0000183000,-20367,091028,083444,076422,095073,077919
0000000185,0000184000,-46303,092960,085844,073524,095127,080765
0000000186,0000185000,-67066,085926,088624,071264,094155,083996
0000000187,0000186000,-80555,070617,091503,069868,092252,087295
0000000188,0000187000,-85483,048433,094214,069468,089601,090345
0000000189,0000188000,-81407,021591,096491,070104,086465,092846
0000000190,0000189000,-68737,-07164,098100,071712,083153,094550
0000000191,0000190000,-48638,-35138,098887,074139,079985,095291
0000000192,0000191000,-23060,-59658,098781,077145,077271,094999
0000000193,0000192000,005367,-78178,097791,080434,075278,093702
0000000194,0000193000,033899,-88909,096010,083685,074203,091526
0000000195,0000194000,059875,-90883,093610,086583,074149,088683
0000000196,0000195000,080641,-83854,090831,088842,075120,085453
0000000197,0000196000,094119,-68524,087950,090239,077022,082155
0000000198,0000197000,099084,-46365,085238,090639,079670,079105
0000000199,0000198000,095025,-19533,082960,090004,082806,076605
0000000200,0000199000,082335,009258,081350,088397,086116,074901
0000000201,0000200000,062252,037231,080561,085973,089283,074159
0000000202,0000201000,036693,061739,080666,082967,091997,074451
0000000203,0000202000,008236,080298,081656,079680,093989,075746
0000000204,0000203000,-20305,091049,083435,076430,095064,077920
0000000205,0000204000,-46267,093006,085836,073533,095120,080762
0000000206,0000205000,-67063,086001,088616,071274,094150,083991
0000000207,0000206000,-80570,070697,091497,069877,092250,087288
0000000208,0000207000,-85521,048515,094210,069476,089603,090336
0000000209,0000208000,-81477,021680,096489,070109,086469,092836
0000000210,0000209000,-68819,-07091,098101,071715,083160,094540
0000000211,0000210000,-48721,-35091,098891,074138,079994,095282
0000000212,0000211000,-23152,-59626,098787,077142,077281,094992
0000000213,0000212000,005284,-78174,097798,080428,075289,093698
0000000214,0000213000,033842,-88943,096019,083676,074213,091526
0000000215,0000214000,059835,-90937,093619,086572,074157,088685
0000000216,0000215000,080625,-83924,090839,088831,075125,085459
0000000217,0000216000,094143,-68618,087957,090228,077023,082163
0000000218,0000217000,099133,-46464,085243,090630,079669,079116
0000000219,0000218000,095090,-19619,082962,089998,082801,076616
0000000220,0000219000,082426,009177,081349,088394,086108,074912
0000000221,0000220000,062354,037167,080557,085973,089273,074169
0000000222,0000221000,036786,061712,080659,082971,091986,074458
0000000223,0000222000,008322,080300,081647,079687,093978,075750
0000000224,0000223000,-20231,091074,083425,076440,095054,077921
0000000225,0000224000,-46226,093067,085826,073544,095111,080759
0000000226,0000225000,-67055,086088,088606,071286,094144,083984
0000000227,0000226000,-80586,070791,091489,069889,092248,087278
0000000228,0000227000,-85573,048619,094204,069486,089604,090325
0000000229,0000228000,-81560,021786,096487,070116,086475,092824
0000000230,0000229000,-68913,-07006,098102,071719,083168,094528
0000000231,0000230000,-48826,-35029,098895,074138,080005,095272
0000000232,0000231000,-23263,-59587,098795,077137,077293,094984
0000000233,0000232000,005190,-78173,097808,080420,075301,093693
0000000234,0000233000,033771,-88981,096030,083665,074224,091525
0000000235,0000234000,059785,-90998,093631,086560,074166,088689
0000000236,0000235000,080611,-84012,090849,088818,075131,085465
0000000237,0000236000,094170,-68730,087966,090216,077026,082173
0000000238,0000237000,099188,-46579,085249,090620,079667,079128
0000000239,0000238000,095172,-19725,082965,089991,082795,076629
0000000240,0000239000,082535,009080,081348,088391,086099,074925
0000000241,0000240000,062472,037095,080552,085973,089261,074180
0000000242,0000241000,036897,061678,080652,082976,091972,074467
0000000243,0000242000,008428,080298,081637,079695,093964,075755
0000000244,0000243000,-20146,091107,083414,076451,095041,077922
0000000245,0000244000,-46179,093141,085814,073557,095101,080756
0000000246,0000245000,-67041,086187,088595,071300,094138,083977
0000000247,0000246000,-80607,070904,091480,069902,092245,087268
0000000248,0000247000,-85636,048746,094198,069497,089606,090312
0000000249,0000248000,-81654,021908,096484,070124,086481,092810
0000000250,0000249000,-69025,-06907,098103,071722,083178,094514
0000000251,0000250000,-48953,-34954,098900,074137,080018,095260
0000000252,0000251000,-23393,-59542,098803,077132,077308,094975
0000000253,0000252000,005080,-78174,097819,080411,075316,093688
0000000254,0000253000,033684,-89023,096043,083653,074238,091524
0000000255,0000254000,059726,-91070,093644,086546,074177,088692
0000000256,0000255000,080597,-84118,090861,088803,075138,085474
0000000257,0000256000,094200,-68861,087976,090202,077028,082185
0000000258,0000257000,099250,-46711,085256,090608,079665,079142
0000000259,0000258000,095270,-19852,082968,089982,082788,076645
0000000260,0000259000,082663,008965,081347,088386,086088,074940
0000000261,0000260000,062608,037013,080547,085974,089247,074194
0000000262,0000261000,037030,061637,080643,082981,091957,074477
0000000263,0000262000,008552,080294,081625,079705,093948,075761
0000000264,0000263000,-20050,091148,083400,076465,095027,077923
0000000265,0000264000,-46123,093226,085799,073573,095090,080752
0000000266,0000265000,-67023,086300,088582,071316,094130,083968
0000000267,0000266000,-80633,071039,091469,069917,092243,087255
0000000268,0000267000,-85709,048894,094191,069509,089609,090296
0000000269,0000268000,-81761,022048,096481,070133,086488,092793
0000000270,0000269000,-69156,-06791,098104,071727,083190,094498
0000000271,0000270000,-49103,-34863,098906,074136,080033,095245
0000000272,0000271000,-23541,-59491,098813,077127,077324,094964
0000000273,0000272000,004952,-78176,097832,080400,075332,093682
0000000274,0000273000,033581,-89068,096058,083639,074253,091523
0000000275,0000274000,059659,-91155,093659,086529,074189,088697
0000000276,0000275000,080581,-84243,090876,088786,075146,085483
0000000277,0000276000,094232,-69009,087987,090186,077031,082198
0000000278,0000277000,099323,-46864,085264,090594,079662,079158
0000000279,0000278000,095386,-20003,082971,089973,082780,076662
0000000280,0000279000,082809,008833,081345,088382,086076,074957
0000000281,0000280000,062764,036919,080541,085975,089231,074209
0000000282,0000281000,037187,061585,080632,082988,091939,074488
0000000283,0000282000,008696,080289,081611,079716,093931,075768
0000000284,0000283000,-19941,091197,083384,076480,095011,077924
0000000285,0000284000,-46055,093321,085783,073591,095077,080747
0000000286,0000285000,-67001,086430,088567,071335,094122,083958
0000000287,0000286000,-80666,071195,091456,069934,092240,087241
0000000288,0000287000,-85793,049064,094182,069524,089612,090279
0000000289,0000288000,-81882,022207,096477,070144,086497,092774
0000000290,0000289000,-69308,-06654,098106,071732,083203,094480
0000000291,0000290000,-49275,-34757,098913,074135,080050,095229
0000000292,0000291000,-23708,-59435,098824,077120,077343,094952
0000000293,0000292000,004804,-78176,097847,080388,075352,093675
0000000294,0000293000,033460,-89117,096075,083622,074270,091522
0000000295,0000294000,059583,-91253,093676,086510,074203,088702
0000000296,0000295000,080562,-84386,090892,088766,075155,085494
0000000297,0000296000,094265,-69177,088001,090167,077034,082214
0000000298,0000297000,099407,-47040,085273,090579,079659,079177
0000000299,0000298000,095518,-20176,082975,089962,082771,076682
0000000300,0000299000,082974,008684,081344,088376,086062,074977
0000000301,0000300000,062943,036811,080534,085976,089213,074226
0000000302,0000301000,037368,061524,080620,082995,091919,074501
0000000303,0000302000,008858,080284,081595,079729,093910,075775
0000000304,0000303000,-19816,091253,083366,076497,094993,077925
0000000305,0000304000,-45975,093428,085764,073611,095062,080742
0000000306,0000305000,-66975,086577,088549,071356,094112,083947
0000000307,0000306000,-80703,071376,091442,069954,092236,087224
0000000308,0000307000,-85885,049256,094172,069541,089615,090259
0000000309,0000308000,-82019,022388,096472,070155,086506,092753
0000000310,0000309000,-69483,-06496,098107,071737,083219,094459
0000000311,0000310000,-49470,-34637,098920,074134,080069,095211
0000000312,0000311000,-23898,-59371,098837,077112,077365,094938
0000000313,0000312000,004633,-78173,097863,080374,075373,093667
0000000314,0000313000,033322,-89172,096094,083604,074290,091521
0000000315,0000314000,059498,-91366,093696,086489,074218,088707
0000000316,0000315000,080539,-84547,090910,088744,075165,085506
0000000317,0000316000,094301,-69366,088016,090146,077038,082231
0000000318,0000317000,099503,-47242,085284,090561,079655,079198
0000000319,0000318000,095668,-20373,082980,089949,082761,076705
0000000320,0000319000,083159,008516,081342,088371,086045,074999
0000000321,0000320000,063146,036687,080526,085977,089192,074245
0000000322,0000321000,037573,061453,080607,083003,091896,074515
0000000323,0000322000,009041,080278,081577,079744,093887,075783
0000000324,0000323000,-19673,091315,083345,076517,094972,077926
0000000325,0000324000,-45882,093546,085743,073634,095045,080736
0000000326,0000325000,-66947,086743,088530,071379,094102,083934
0000000327,0000326000,-80744,071579,091426,069976,092233,087206
0000000328,0000327000,-85987,049471,094161,069559,089619,090237
0000000329,0000328000,-82173,022593,096467,070168,086517,092729
0000000330,0000329000,-69681,-06316,098109,071743,083236,094436
0000000331,0000330000,-49688,-34501,098929,074133,080091,095191
0000000332,0000331000,-24113,-59298,098851,077103,077389,094923
0000000333,0000332000,004438,-78167,097882,080359,075397,093658
0000000334,0000333000,033166,-89233,096116,083583,074312,091520
0000000335,0000334000,059402,-91492,093718,086465,074236,088714
0000000336,0000335000,080509,-84725,090931,088719,075176,085519
0000000337,0000336000,094340,-69578,088033,090123,077041,082251
0000000338,0000337000,099611,-47470,085296,090542,079651,079222
0000000339,0000338000,095833,-20593,082986,089936,082749,076730
0000000340,0000339000,083365,008328,081340,088364,086027,075023
0000000341,0000340000,063376,036545,080517,085979,089170,074266
0000000342,0000341000,037803,061372,080592,083013,091871,074531
0000000343,0000342000,009246,080272,081558,079760,093862,075792
0000000344,0000343000,-19510,091382,083323,076539,094949,077927
0000000345,0000344000,-45776,093676,085720,073659,095027,080729
0000000346,0000345000,-66914,086930,088508,071405,094090,083919
0000000347,0000346000,-80788,071806,091407,070001,092229,087185
0000000348,0000347000,-86098,049711,094148,069579,089623,090212
0000000349,0000348000,-82346,022823,096462,070182,086530,092702
0000000350,0000349000,-69901,-06114,098111,071750,083255,094410
0000000351,0000350000,-49930,-34350,098938,074131,080115,095169
0000000352,0000351000,-24353,-59215,098866,077093,077415,094906
0000000353,0000352000,004220,-78158,097903,080342,075424,093649
0000000354,0000353000,032993,-89301,096140,083560,074336,091519
0000000355,0000354000,059292,-91632,093743,086438,074255,088721
0000000356,0000355000,080474,-84922,090954,088692,075188,085535
0000000357,0000356000,094383,-69814,088053,090097,077045,082272
0000000358,0000357000,099729,-47725,085309,090520,079647,079248
0000000359,0000358000,096016,-20838,082992,089921,082736,076758
0000000360,0000359000,083594,008116,081338,088357,086007,075050
0000000361,0000360000,063632,036384,080508,085981,089144,074290
0000000362,0000361000,038059,061280,080575,083023,091843,074549
0000000363,0000362000,009474,080264,081536,079778,093834,075802
0000000364,0000363000,-19327,091453,083297,076563,094923,077928
0000000365,0000364000,-45658,093820,085693,073687,095007,080721
0000000366,0000365000,-66877,087138,088483,071434,094077,083903
0000000367,0000366000,-80834,072057,091387,070027,092225,087162
0000000368,0000367000,-86220,049977,094133,069602,089628,090184
0000000369,0000368000,-82537,023081,096455,070198,086543,092673
0000000370,0000369000,-70144,-05888,098113,071757,083276,094382
0000000371,0000370000,-50198,-34181,098948,074129,080142,095144
0000000372,0000371000,-24621,-59119,098884,077082,077445,094888
0000000373,0000372000,003976,-78146,097926,080322,075454,093639
0000000374,0000373000,032800,-89375,096167,083535,074362,091517
0000000375,0000374000,059168,-91785,093771,086409,074276,088730
0000000376,0000375000,080431,-85138,090980,088661,075202,085552
0000000377,0000376000,094430,-70076,088074,090069,077050,082296
0000000378,0000377000,099859,-48007,085325,090497,079641,079277
0000000379,0000378000,096215,-21109,082999,089904,082722,076789
0000000380,0000379000,083847,007881,081337,088350,085985,075080
0000000381,0000380000,063915,036204,080497,085983,089116,074315
0000000382,0000381000,038341,061178,080557,083035,091812,074568
0000000383,0000382000,009728,080252,081511,079799,093803,075813
0000000384,0000383000,-19122,091529,083269,076590,094896,077929
0000000385,0000384000,-45525,093977,085665,073717,094985,080712
0000000386,0000385000,-66834,087366,088456,071466,094064,083886
0000000387,0000386000,-80881,072332,091364,070057,092221,087137
0000000388,0000387000,-86352,050271,094117,069626,089634,090154
0000000389,0000388000,-82746,023367,096447,070215,086559,092641
0000000390,0000389000,-70410,-05639,098114,071765,083299,094351
0000000391,0000390000,-50493,-33994,098958,074127,080171,095117
0000000392,0000391000,-24917,-59011,098903,077070,077477,094868
0000000393,0000392000,003708,-78130,097952,080301,075486,093628
0000000394,0000393000,032585,-89454,096196,083507,074391,091517
0000000395,0000394000,059029,-91949,093801,086377,074299,088739
0000000396,0000395000,080382,-85373,091008,088628,075216,085570
0000000397,0000396000,094478,-70364,088098,090038,077054,082323
0000000398,0000397000,099998,-48316,085342,090472,079635,079308
0000000399,0000398000,096431,-21408,083007,089887,082706,076822
0000000400,0000399000,084124,007620,081335,088342,085961,075112
0000000401,0000400000,064226,036004,080486,085986,089086,074343
0000000402,0000401000,013748,085684,083002,086666,091488,074302
0000000403,0000402000,003054,064374,079904,082230,093776,075832
0000000404,0000403000,003299,099998,084110,079641,095398,078463
0000000405,0000404000,-16176,090517,085319,075234,094105,079845
0000000406,0000405000,-19675,055114,085210,068772,094277,084097
0000000407,0000406000,-05140,081058,092183,062220,091923,086813
0000000408,0000407000,000743,025034,091494,057468,088762,089228
0000000409,0000408000,-02744,030176,097014,052128,085943,091933
0000000410,0000409000,012813,-06380,097874,048139,081907,092865
0000000411,0000410000,008247,-26366,099585,048191,078918,093787
0000000412,0000411000,000868,-46595,099998,048096,075569,092903
0000000413,0000412000,010185,-88102,096693,051164,074091,092217
0000000414,0000413000,004272,-66943,098151,056173,072824,089982
0000000415,0000414000,005884,-97472,093012,061759,072943,087441
0000000416,0000415000,013904,-65101,092837,068764,074600,085001
0000000417,0000416000,016936,-54681,089570,075577,076049,081348
0000000418,0000417000,015540,-37843,086502,082140,079623,079291
0000000419,0000418000,019655,001588,085568,086903,082578,076663
0000000420,0000419000,019509,000174,080935,091070,086173,075272
0000000421,0000420000,006706,049529,082294,092496,089710,074895
0000000422,0000421000,008835,052580,080213,091868,092363,075072
0000000423,0000422000,003745,077018,081673,090418,094704,076635
0000000424,0000423000,-04178,085951,083182,085818,095378,078318
0000000425,0000424000,-00442,079059,084582,080703,095851,081460
0000000426,0000425000,-00909,086349,088579,074789,094318,084026
0000000427,0000426000,-01966,048097,088971,068346,092276,087101
0000000428,0000427000,-02264,051414,094098,062357,089672,090120
0000000429,0000428000,001709,015620,095321,057697,085843,091872
0000000430,0000429000,-01319,-11211,097041,054830,082687,093732
0000000431,0000430000,000177,-26703,099130,052938,079073,094071
0000000432,0000431000,006450,-60576,098103,054215,076424,093915
0000000433,0000432000,005120,-64141,098608,056927,074268,092578
0000000434,0000433000,011039,-87678,095690,060973,073233,090578
0000000435,0000434000,013997,-71303,095317,067057,073482,088149
0000000436,0000435000,014934,-70906,092039,073388,074262,084817
0000000437,0000436000,016430,-60168,088957,080008,076782,082201
0000000438,0000437000,016448,-27493,087604,085940,079414,079157
0000000439,0000438000,015404,-19689,083607,091199,082915,077014
0000000440,0000439000,011600,016958,082896,094469,086577,075632
0000000441,0000440000,011825,031772,080882,095891,089802,074876
0000000442,0000441000,006660,060279,081369,095799,092907,075448
0000000443,0000442000,003778,074069,081787,093059,094754,076477
0000000444,0000443000,003643,076419,082618,089136,096067,078763
0000000445,0000444000,-00907,088693,085834,083708,095869,081235
0000000446,0000445000,-01251,067637,086899,077516,094797,084289
0000000447,0000446000,-02012,063285,090592,071289,092777,087435
0000000448,0000447000,-02190,037879,092684,065415,089652,089999
0000000449,0000448000,-02510,016772,095242,060881,086504,092523
0000000450,0000449000,-00001,-05595,097338,057545,082708,093831
0000000451,0000450000,003098,-37801,097658,056443,079429,094581
0000000452,0000451000,003846,-47501,098992,057064,076509,094230
0000000453,0000452000,009302,-72880,097353,059676,074362,092950
0000000454,0000453000,011245,-74741,096639,064174,073371,091015
0000000455,0000454000,012935,-76726,094476,069566,073208,088176
0000000456,0000455000,015366,-70374,091914,076054,074529,085358
0000000457,0000456000,015626,-52232,089700,082409,076483,082116
0000000458,0000457000,015792,-40949,086296,088322,079497,079377
0000000459,0000458000,014124,-08318,084900,093130,082970,077115
0000000460,0000459000,013640,008383,082312,096385,086471,075463
0000000461,0000460000,010260,035232,081555,097880,090069,074974
0000000462,0000461000,007660,057465,081447,097125,092853,075139
0000000463,0000462000,005557,068505,081624,094805,095111,076511
0000000464,0000463000,001733,081324,083468,090530,096163,078494
0000000465,0000464000,000514,075434,084787,085050,096208,081207
0000000466,0000465000,-01729,075239,087857,079007,095147,084307
0000000467,0000466000,-02304,056089,089958,072683,092910,087306
0000000468,0000467000,-02300,038196,092669,067031,090129,090317
0000000469,0000468000,-01526,018781,095281,062326,086537,092518
0000000470,0000469000,000581,-11091,096525,059341,082977,094188
0000000471,0000470000,002386,-29330,098154,058028,079485,094848
0000000472,0000471000,006059,-54208,097928,058754,076481,094519
0000000473,0000472000,008133,-64868,097765,061513,074378,093358
0000000474,0000473000,011124,-75291,096218,065711,073109,091184
0000000475,0000474000,013623,-76092,094232,071353,073179,088579
0000000476,0000475000,014449,-65356,092223,077538,074181,085402
0000000477,0000476000,015876,-57327,089115,083868,076357,082297
0000000478,0000477000,015419,-33643,087055,089625,079319,079393
0000000479,0000478000,014756,-14526,084433,094257,082744,076950
0000000480,0000479000,012709,011350,082883,097450,086514,075419
0000000481,0000480000,010618,034184,081794,098636,089938,074611
0000000482,0000481000,007991,052396,081328,098010,093030,074963
0000000483,0000482000,004553,070688,082259,095361,095201,076158
0000000484,0000483000,002703,073730,083096,091120,096415,078251
0000000485,0000484000,-00026,078001,085356,085685,096515,081020
0000000486,0000485000,-01428,069295,087489,079494,095370,084085
0000000487,0000486000,-02077,056257,090083,073383,093323,087367
0000000488,0000487000,-02115,038748,092687,067685,090283,090251
0000000489,0000488000,-00963,014294,094673,063182,086822,092744
0000000490,0000489000,000437,-05971,096770,060180,083083,094402
0000000491,0000490000,003284,-32573,097452,059027,079498,095127
0000000492,0000491000,005573,-49518,097964,059873,076480,094926
0000000493,0000492000,008538,-64513,097372,062534,074146,093632
0000000494,0000493000,011274,-73144,096019,066942,072961,091592
0000000495,0000494000,013111,-71755,094310,072418,072813,088773
0000000496,0000495000,014972,-67502,091775,078607,073903,085631
0000000497,0000496000,015364,-51746,089565,084830,076035,082374
0000000498,0000497000,015512,-36076,086824,090433,078988,079314
0000000499,0000498000,014381,-12710,084778,094988,082586,076872
0000000500,0000499000,012645,010679,083110,097924,086292,075086
0000000501,0000500000,010458,031535,081906,099094,089959,074342
0000000502,0000501000,007515,053025,081839,098225,093053,074543
0000000503,0000502000,005053,064804,082151,095525,095375,075774
0000000504,0000503000,002179,074327,083598,091231,096688,077905
0000000505,0000504000,000282,073434,085273,085703,096782,080669
0000000506,0000505000,-01228,067480,087591,079636,095776,083933
0000000507,0000506000,-02059,055369,090131,073485,093604,087204
0000000508,0000507000,-01658,035711,092360,067970,090634,090324
0000000509,0000508000,-00904,016388,094725,063542,087038,092877
0000000510,0000509000,001028,-08393,096229,060680,083212,094650
0000000511,0000510000,003191,-29120,097371,059689,079564,095512
0000000512,0000511000,005976,-48577,097572,060590,076339,095276
0000000513,0000512000,008703,-62629,097056,063425,073995,094092
0000000514,0000513000,011086,-68973,095939,067787,072624,091932
0000000515,0000514000,013424,-71174,093948,073328,072469,089109
0000000516,0000515000,014601,-63102,091922,079451,073500,085842
0000000517,0000516000,015402,-51873,089391,085547,075612,082438
0000000518,0000517000,015170,-33603,087071,091079,078664,079305
0000000519,0000518000,014147,-12587,084966,095414,082250,076639
0000000520,0000519000,012466,009130,083273,098239,086145,074816
0000000521,0000520000,010031,031943,082380,099186,089868,073914
0000000522,0000521000,007587,048921,081958,098204,093117,074087
0000000523,0000522000,004692,063710,082602,095380,095571,075311
0000000524,0000523000,002322,070267,083718,090972,096945,077431
0000000525,0000524000,000286,070934,085484,085486,097176,080331
0000000526,0000525000,-01172,065132,087703,079385,096141,083631
0000000527,0000526000,-01665,052010,089973,073361,094030,087097
0000000528,0000527000,-01583,035977,092391,067944,090979,090329
0000000529,0000528000,-00415,014188,094340,063676,087310,093033
0000000530,0000529000,001217,-06854,096043,061000,083403,094965
0000000531,0000530000,003560,-28201,096981,060139,079573,095879
0000000532,0000531000,006201,-46555,097211,061244,076273,095765
0000000533,0000532000,008777,-59100,096804,064143,073745,094543
0000000534,0000533000,011335,-67055,095539,068605,072299,092389
0000000535,0000534000,013193,-66630,093898,074148,072050,089479
0000000536,0000535000,014632,-61440,091715,080210,073024,086083
0000000537,0000536000,015133,-48922,089471,086235,075170,082573
0000000538,0000537000,014876,-32080,087203,091577,078215,079234
0000000539,0000538000,013896,-12579,085149,095774,081933,076459
0000000540,0000539000,012049,009554,083670,098368,085907,074457
0000000541,0000540000,009869,029336,082624,099133,089783,073463
0000000542,0000541000,007205,047563,082441,097977,093183,073572
0000000543,0000542000,004648,059893,082878,094996,095751,074750
0000000544,0000543000,002232,067033,084029,090534,097282,076939
0000000545,0000544000,000282,067749,085729,084988,097559,079878
0000000546,0000545000,-00916,061188,087734,078961,096608,083332
0000000547,0000546000,-01533,050273,090035,073018,094480,086928
0000000548,0000547000,-01158,033305,092159,067753,091388,090330
0000000549,0000548000,-00137,014153,094163,063689,087650,093216
0000000550,0000549000,001633,-06800,095664,061196,083594,095269
0000000551,0000550000,003907,-26769,096575,060568,079656,096338
0000000552,0000551000,006419,-43535,096855,061830,076171,096266
0000000553,0000552000,009063,-56585,096338,064890,073519,095089
0000000554,0000553000,011314,-62582,095281,069425,071939,092900
0000000555,0000554000,013242,-63499,093600,074976,071587,089900
0000000556,0000555000,014431,-57574,091635,081005,072530,086400
0000000557,0000556000,014884,-46107,089473,086885,074641,082705
0000000558,0000557000,014587,-30445,087318,092078,077755,079220
0000000559,0000558000,013443,-11200,085474,096045,081539,076246
0000000560,0000559000,011746,008467,083957,098416,085647,074096
0000000561,0000560000,009439,028291,083104,098950,089675,072978
0000000562,0000561000,006963,044439,082850,097580,093219,072991
0000000563,0000562000,004433,056481,083312,094461,095964,074163
0000000564,0000563000,002139,063155,084402,089882,097604,076358
0000000565,0000564000,000385,063180,085954,084333,098003,079398
0000000566,0000565000,-00815,057881,087923,078350,097100,082967
0000000567,0000566000,-01172,046540,089969,072533,094983,086729
0000000568,0000567000,-00835,031478,092050,067459,091861,090323
0000000569,0000568000,000304,012984,093864,063608,088020,093376
0000000570,0000569000,002076,-06499,095265,061380,083857,095619
0000000571,0000570000,004276,-24824,096143,060979,079747,096804
0000000572,0000571000,006796,-41095,096329,062467,076111,096832
0000000573,0000572000,009225,-52314,095917,065686,073295,095684
0000000574,0000573000,011462,-58639,094841,070312,071569,093464
0000000575,0000574000,013164,-58810,093333,075887,071122,090395
0000000576,0000575000,014248,-53373,091478,081836,071984,086748
0000000577,0000576000,014608,-42795,089449,087588,074095,082904
0000000578,0000577000,014149,-27713,087506,092563,077234,079217
0000000579,0000578000,013039,-10449,085734,096285,081110,076056
0000000580,0000579000,011241,008516,084404,098385,085346,073732
0000000581,0000580000,009044,026250,083574,098646,089522,072463
0000000582,0000581000,006603,041431,083385,097052,093249,072393
0000000583,0000582000,004188,052527,083825,093744,096147,073514
0000000584,0000583000,002079,058189,084812,089074,097945,075743
0000000585,0000584000,000402,058577,086309,083503,098453,078856
0000000586,0000585000,-00570,052996,088067,077594,097622,082558
0000000587,0000586000,-00865,042919,090000,071936,095531,086496
0000000588,0000587000,-00383,028602,091880,067076,092368,090274
0000000589,0000588000,000804,011639,093544,063504,088455,093538
0000000590,0000589000,002562,-06062,094834,061558,084155,095954
0000000591,0000590000,004779,-23274,095584,061447,079895,097297
0000000592,0000591000,007145,-37577,095786,063180,076085,097426
0000000593,0000592000,009510,-48141,095341,066581,073094,096319
0000000594,0000593000,011551,-53457,094376,071315,071222,094089
0000000595,0000594000,013108,-53547,092975,076890,070645,090932
0000000596,0000595000,014041,-48454,091265,082761,071437,087164
0000000597,0000596000,014223,-38380,089446,088333,073514,083140
0000000598,0000597000,013712,-24943,087646,093065,076682,079259
0000000599,0000598000,012479,-08726,086088,096493,080639,075895
0000000600,0000599000,010712,008201,084865,098272,084994,073375
0000000601,0000600000,008538,024359,084152,098233,089335,071957
0000000602,0000601000,006187,038026,084008,096366,093230,071768
0000000603,0000602000,003931,047719,084409,092869,096309,072845
0000000604,0000603000,001948,052887,085353,088088,098262,075083
0000000605,0000604000,000498,052636,086686,082512,098900,078270
0000000606,0000605000,-00345,047697,088306,076702,098158,082105
0000000607,0000606000,-00461,038215,090028,071230,096095,086210
0000000608,0000607000,000134,025191,091713,066643,092920,090195
0000000609,0000608000,001373,010015,093200,063384,088928,093661
0000000610,0000609000,003175,-06097,094311,061782,084512,096278
0000000611,0000610000,005307,-21175,094984,061997,080096,097785
0000000612,0000611000,007607,-34049,095105,064008,076109,098029
0000000613,0000612000,009796,-43036,094696,067617,072944,096985
0000000614,0000613000,011669,-47591,093805,072452,070903,094744
0000000615,0000614000,013041,-47415,092533,078029,070197,091524
0000000616,0000615000,013763,-42396,091019,083783,070891,087627
0000000617,0000616000,013813,-33444,089385,089144,072926,083435
0000000618,0000617000,013144,-21121,087826,093583,076107,079353
0000000619,0000618000,011863,-06826,086448,096661,080127,075775
0000000620,0000619000,010069,008221,085409,098077,084600,073058
0000000621,0000620000,007946,022351,084819,097682,089087,071463
0000000622,0000621000,005722,034072,084718,095521,093160,071153
0000000623,0000622000,003603,042477,085125,091807,096415,072162
0000000624,0000623000,001841,046433,085967,086919,098536,074397
0000000625,0000624000,000575,046002,087173,081354,099318,077648
0000000626,0000625000,-00050,041227,088588,075670,098674,081599
0000000627,0000626000,000007,032640,090092,070436,096669,085876
0000000628,0000627000,000729,021120,091551,066165,093489,090056
0000000629,0000628000,002065,007698,092801,063284,089444,093738
0000000630,0000629000,003855,-06114,093743,062077,084921,096560
0000000631,0000630000,005953,-19190,094266,062664,080360,098243
0000000632,0000631000,008116,-29910,094331,064992,076206,098622
0000000633,0000632000,010134,-37315,093930,068820,072860,097652
0000000634,0000633000,011801,-40840,093123,073764,070651,095425
0000000635,0000634000,012936,-40109,092011,079317,069796,092150
0000000636,0000635000,013459,-35472,090688,084924,070381,088142
0000000637,0000636000,013299,-27320,089310,090024,072352,083789
0000000638,0000637000,012500,-16631,087989,094111,075521,079509
0000000639,0000638000,011128,-04266,086856,096783,079587,075722
0000000640,0000639000,009321,008474,086025,097771,084151,072796
0000000641,0000640000,007269,020171,085576,096978,088777,071020
0000000642,0000641000,005165,029831,085559,094483,093011,070569
0000000643,0000642000,003251,036317,085948,090538,096442,071493
0000000644,0000643000,001703,039168,086713,085546,098737,073707
0000000645,0000644000,000689,038176,087749,080013,099669,076997
0000000646,0000645000,000297,033640,088947,074499,099147,081054
0000000647,0000646000,000553,026042,090201,069552,097216,085481
0000000648,0000647000,001442,016063,091379,065667,094062,089852
0000000649,0000648000,002853,004893,092377,063227,089987,093742
0000000650,0000649000,004667,-06560,093088,062476,085383,096771
0000000651,0000650000,006686,-17010,093454,063490,080701,098642
0000000652,0000651000,008707,-25365,093430,066166,076391,099167
0000000653,0000652000,010522,-30850,093031,070234,072875,098294
0000000654,0000653000,011934,-32985,092322,075276,070494,096101
0000000655,0000654000,012819,-31734,091370,080782,069483,092797
0000000656,0000655000,013077,-27219,090289,086195,069939,088700
0000000657,0000656000,012705,-20142,089180,090972,071821,084205
0000000658,0000657000,011735,-11113,088154,094640,074952,079746
0000000659,0000658000,010269,-01023,087303,096831,079027,075756
0000000660,0000659000,008457,009003,086715,097329,083656,072626
0000000661,0000660000,006474,018019,086452,096082,088388,070660
0000000662,0000661000,004539,025035,086521,093218,092764,070055
0000000663,0000662000,002840,029435,086920,089029,096359,070873
0000000664,0000663000,001564,030771,087588,083941,098822,073037
0000000665,0000664000,000831,029122,088444,078475,099916,076343
0000000666,0000665000,000708,024775,089398,073181,099530,080471
0000000667,0000666000,001207,018146,090354,068592,097702,085025
0000000668,0000667000,002265,010051,091222,065166,094606,089564
0000000669,0000668000,003783,001251,091908,063245,090540,093647
0000000670,0000669000,005600,-07323,092358,063022,085896,096877
0000000671,0000670000,007535,-14805,092523,064518,081125,098936
0000000672,0000671000,009384,-20373,092389,067581,076692,099622
0000000673,0000672000,010951,-23508,091988,071897,073024,098866
0000000674,0000673000,012082,-24058,091370,077025,070479,096737
0000000675,0000674000,012656,-21966,090610,082444,069305,093438
0000000676,0000675000,012627,-17644,089788,087604,069614,089288
0000000677,0000676000,011999,-11606,088997,091985,071379,084686
0000000678,0000677000,010840,-04467,088307,095149,074430,080076
0000000679,0000678000,009272,003004,087786,096778,078473,075907
0000000680,0000679000,007450,010009,087491,096709,083117,072584
0000000681,0000680000,005568,015790,087441,094950,087912,070431
0000000682,0000681000,003818,019826,087635,091682,092392,069661
0000000683,0000682000,002386,021656,088045,087239,096122,070350
0000000684,0000683000,001419,021207,088616,082077,098742,072434
0000000685,0000684000,001012,018691,089275,076722,099998,075713
0000000686,0000685000,001206,014406,089949,071717,099768,079872
0000000687,0000686000,001972,008897,090573,067568,098074,084509
0000000688,0000687000,003235,002786,091073,064693,095080,089175
0000000689,0000688000,004859,-03240,091406,063381,091075,093420
0000000690,0000689000,006680,-08575,091542,063765,086447,096830
0000000691,0000690000,008507,-12608,091467,065803,081645,099071
0000000692,0000691000,010148,-14899,091199,069285,077133,099927
0000000693,0000692000,011433,-15321,090778,073855,073350,099311
0000000694,0000693000,012225,-13859,090259,079044,070662,097282
0000000695,0000694000,012449,-10778,089703,084322,069327,094034
0000000696,0000695000,012082,-06511,089179,089153,069473,089883
0000000697,0000696000,011165,-01584,088745,093044,071086,085227
0000000698,0000697000,009796,003445,088443,095605,074009,080517
0000000699,0000698000,008113,007999,088307,096574,077958,076211
0000000700,0000699000,006296,011507,088349,095856,082550,072725
0000000701,0000700000,004531,013635,088559,093525,087341,070398
0000000702,0000701000,003008,014142,088905,089821,091864,069458
0000000703,0000702000,001885,012987,089343,085127,095683,069995
0000000704,0000703000,001278,010397,089815,079923,098431,071958
0000000705,0000704000,001251,006731,090257,074742,099842,075157
0000000706,0000705000,001803,002453,090622,070112,099782,079284
0000000707,0000706000,002878,-01924,090862,066507,098259,083938
0000000708,0000707000,004363,-05806,090948,064292,095423,088671
0000000709,0000708000,006103,-08748,090871,063692,091549,093022
0000000710,0000709000,007915,-10392,090641,064769,087016,096571
0000000711,0000710000,009608,-10475,090285,067408,082262,098974
0000000712,0000711000,011003,-09018,089848,071339,077747,099998
0000000713,0000712000,011953,-06214,089392,076155,073909,099545
0000000714,0000713000,012359,-02405,088971,081361,071116,097660
0000000715,0000714000,012177,001953,088640,086425,069634,094525
0000000716,0000715000,011427,006277,088445,090826,069605,090445
0000000717,0000716000,010185,010032,088414,094116,071027,085814
0000000718,0000717000,008580,012762,088554,095955,073760,081082
0000000719,0000718000,006783,014028,088857,096156,077534,076707
0000000720,0000719000,004981,013632,089292,094700,081982,073112
0000000721,0000720000,003367,011583,089804,091739,086672,070643
0000000722,0000721000,002113,008061,090335,087579,091149,069539
0000000723,0000722000,001350,003454,090819,082649,094983,069902
0000000724,0000723000,001159,-01686,091190,077458,097807,071697
0000000725,0000724000,001563,-06756,091402,072538,099351,074747
0000000726,0000725000,002523,-11180,091422,068396,099470,078756
0000000727,0000726000,003940,-14350,091235,065458,098158,083335
0000000728,0000727000,005667,-15818,090852,064028,095548,088038
0000000729,0000728000,007523,-15338,090309,064255,091898,092411
0000000730,0000729000,009308,-12837,089661,066113,087566,096030
0000000731,0000730000,010833,-08503,088978,069408,082974,098549
0000000732,0000731000,011934,-02781,088343,073799,078565,099729
0000000733,0000732000,012497,003707,087832,078832,074762,099458
0000000734,0000733000,012458,010279,087507,083988,071929,097768
0000000735,0000734000,011818,016182,087415,088736,070334,094824
0000000736,0000735000,010638,020694,087580,092585,070125,090915
0000000737,0000736000,009038,023259,087997,095136,071316,086420
0000000738,0000737000,007186,023467,088632,096121,073783,081779
0000000739,0000738000,005276,021140,089429,095438,077279,077441
0000000740,0000739000,003515,016414,090305,093159,081459,073823
0000000741,0000740000,002090,009717,091164,089521,085916,071271
0000000742,0000741000,001153,001699,091911,084902,090219,070026
0000000743,0000742000,000806,-06817,092458,079781,093958,070200
0000000744,0000743000,001088,-14897,092736,074686,096776,071772
0000000745,0000744000,001976,-21664,092703,070144,098407,074585
0000000746,0000745000,003386,-26344,092349,066626,098702,078363
0000000747,0000746000,005174,-28298,091694,064503,097642,082734
0000000748,0000747000,007153,-27173,090793,063998,095340,087274
0000000749,0000748000,009111,-22954,089733,065167,092030,091541
0000000750,0000749000,010840,-15941,088620,067886,088041,095124
0000000751,0000750000,012153,-06762,087573,071871,083763,097685
0000000752,0000751000,012910,003651,086708,076710,079607,098985
0000000753,0000752000,013030,014243,086123,081899,075972,098908
0000000754,0000753000,012491,023940,085889,086904,073200,097468
0000000755,0000754000,011344,031652,086047,091203,071551,094812
0000000756,0000755000,009696,036493,086597,094347,071173,091203
0000000757,0000756000,007718,037842,087498,096003,072093,086995
0000000758,0000757000,005616,035379,088671,095992,074207,082603
0000000759,0000758000,003614,029195,090005,094313,077296,078452
0000000760,0000759000,001930,019817,091362,091141,081051,074940
0000000761,0000760000,000741,008130,092601,086808,085102,072399
0000000762,0000761000,000177,-04754,093591,081764,089059,071060
0000000763,0000762000,000299,-17520,094219,076533,092547,071042
0000000764,0000763000,001105,-28855,094409,071656,095238,072335
0000000765,0000764000,002521,-37563,094126,067642,096882,074806
0000000766,0000765000,004410,-42622,093379,064915,097333,078207
0000000767,0000766000,006579,-43352,092226,063768,096561,082201
0000000768,0000767000,008799,-39513,090774,064329,094659,086395
0000000769,0000768000,010833,-31361,089164,066542,091828,090380
0000000770,0000769000,012461,-19594,087557,070175,088356,093775
0000000771,0000770000,013510,-05333,086121,074849,084585,096263
0000000772,0000771000,013869,010027,085005,080077,080880,097620
0000000773,0000772000,013492,024990,084332,085317,077590,097730
0000000774,0000773000,012411,038024,084181,090026,075022,096596
0000000775,0000774000,010722,047750,084589,093708,073411,094339
0000000776,0000775000,008590,053029,085535,095972,072898,091189
0000000777,0000776000,006234,053160,086939,096569,073515,087461
0000000778,0000777000,003906,047959,088671,095428,075181,083524
0000000779,0000778000,001854,037806,090560,092665,077716,079762
0000000780,0000779000,000298,023667,092415,088570,080855,076534
0000000781,0000780000,-00597,006872,094046,083572,084287,074138
0000000782,0000781000,-00737,-10977,095289,078189,087681,072788
0000000783,0000782000,-00099,-28126,096010,072981,090718,072593
0000000784,0000783000,001265,-42840,096121,068489,093117,073556
0000000785,0000784000,003228,-53591,095593,065188,094661,075569
0000000786,0000785000,005599,-59121,094454,063434,095221,078423
0000000787,0000786000,008129,-58642,092800,063426,094762,081829
0000000788,0000787000,010552,-52090,090792,065172,093352,085447
0000000789,0000788000,012605,-40007,088632,068494,091154,088924
0000000790,0000789000,014070,-23527,086534,073041,088400,091928
0000000791,0000790000,014797,-04256,084712,078339,085366,094186
0000000792,0000791000,014707,015988,083346,083838,082346,095501
0000000793,0000792000,013801,035261,082578,088966,079623,095769
0000000794,0000793000,012154,051627,082503,093188,077445,094985
0000000795,0000794000,009922,063361,083149,096056,076004,093244
0000000796,0000795000,007325,069114,084475,097253,075418,090732
0000000797,0000796000,004633,068077,086367,096640,075719,087707
0000000798,0000797000,002138,060208,088638,094271,076850,084474
0000000799,0000798000,000105,046255,091060,090393,078674,081350
0000000800,0000799000,-01252,027568,093385,085413,080992,078629
0000000801,0000800000,-01795,005960,095387,079853,083566,076559
0000000802,0000801000,-01466,-16561,096869,074288,086147,075314
0000000803,0000802000,-00288,-37833,097681,069297,088494,074988
0000000804,0000803000,001635,-55727,097722,065402,090397,075586
0000000805,0000804000,004125,-68390,096966,063021,091692,077029
0000000806,0000805000,006931,-74347,095466,062422,092280,079154
0000000807,0000806000,009759,-72750,093350,063684,092134,081739
0000000808,0000807000,012302,-63652,090834,066682,091297,084520
0000000809,0000808000,014290,-47973,088175,071103,089881,087224
0000000810,0000809000,015517,-27243,085640,076480,088050,089596
0000000811,0000810000,015863,-03489,083475,082254,085995,091426
0000000812,0000811000,015289,021072,081891,087826,083917,092563
0000000813,0000812000,013843,044153,081042,092618,082009,092927
0000000814,0000813000,011654,063432,081032,096125,080438,092515
0000000815,0000814000,008926,076883,081890,097966,079333,091393
0000000816,0000815000,005938,082985,083549,097930,078771,089695
0000000817,0000816000,003005,080879,085862,096003,078772,087607
0000000818,0000817000,000445,070656,088596,092382,079303,085344
0000000819,0000818000,-01468,053424,091462,087448,080280,083130
0000000820,0000819000,-02544,030928,094175,081721,081581,081171
0000000821,0000820000,-02681,005297,096480,075796,083062,079637
0000000822,0000821000,-01862,-21042,098151,070286,084576,078649
0000000823,0000822000,-00155,-45632,099026,065764,085985,078269
0000000824,0000823000,002282,-66062,099006,062708,087168,078499
0000000825,0000824000,005219,-80160,098060,061454,088037,079284
0000000826,0000825000,008353,-86310,096262,062154,088543,080518
0000000827,0000826000,011353,-83716,093782,064750,088672,082059
0000000828,0000827000,013891,-72539,090869,068972,088451,083742
0000000829,0000828000,015699,-53991,087836,074375,087934,085402
0000000830,0000829000,016604,-30030,084980,080389,087200,086885
0000000831,0000830000,016522,-02892,082567,086390,086340,088067
0000000832,0000831000,015459,024857,080833,091760,085442,088864
0000000833,0000832000,013507,050607,079944,095939,084589,089233
0000000834,0000833000,010847,071892,079996,098482,083847,089175
0000000835,0000834000,007740,086405,081017,099106,083257,088738
0000000836,0000835000,004503,092493,082926,097725,082843,087994
0000000837,0000836000,001486,089468,085531,094472,082602,087042
0000000838,0000837000,-00991,077513,088577,089687,082517,085992
0000000839,0000838000,-02662,057920,091736,083877,082562,084944
0000000840,0000839000,-03374,032911,094677,077655,082704,083995
0000000841,0000840000,-03070,004739,097163,071663,082906,083217
0000000842,0000841000,-01764,-24094,098939,066518,083144,082653
0000000843,0000842000,000407,-50517,099823,062758,083397,082326
0000000844,0000843000,003255,-72248,099733,060786,083651,082226
0000000845,0000844000,006492,-86974,098658,060827,083918,082316
0000000846,0000845000,009772,-92840,096669,062894,084208,082551
0000000847,0000846000,012760,-89382,093975,066777,084535,082884
0000000848,0000847000,015127,-76879,090863,072068,084914,083262
0000000849,0000848000,016630,-56657,087636,078208,085342,083649
0000000850,0000849000,017120,-30944,084649,084547,085803,084016
0000000851,0000850000,016597,-02236,082143,090434,086279,084342
0000000852,0000851000,015070,027031,080363,095265,086732,084631
0000000853,0000852000,012692,053779,079499,098529,087115,084884
0000000854,0000853000,009709,075476,079625,099877,087384,085123
0000000855,0000854000,006397,090038,080752,099149,087478,085371
0000000856,0000855000,003124,095591,082777,096407,087346,085648
0000000857,0000856000,000229,091759,085501,091938,086960,085953
0000000858,0000857000,-01978,078878,088634,086212,086308,086273
0000000859,0000858000,-03280,058388,091855,079838,085423,086578
0000000860,0000859000,-03546,032601,094825,073483,084360,086832
0000000861,0000860000,-02783,003811,097303,067804,083200,086997
0000000862,0000861000,-01059,-25358,099054,063382,082045,087020
0000000863,0000862000,001482,-51784,099870,060685,081005,086871
0000000864,0000863000,004565,-72987,099699,060007,080188,086520
0000000865,0000864000,007880,-87070,098552,061432,079706,085949
0000000866,0000865000,011082,-92142,096520,064821,079649,085171
0000000867,0000866000,013827,-87876,093819,069815,080062,084231
0000000868,0000867000,015827,-74963,090740,075886,080955,083204
0000000869,0000868000,016887,-54621,087592,082389,082273,082189
0000000870,0000869000,016916,-29124,084691,088644,083915,081291
0000000871,0000870000,015928,-00959,082303,094009,085745,080610
0000000872,0000871000,014017,027408,080638,097930,087598,080242
0000000873,0000872000,011363,053024,079878,099991,089297,080255
0000000874,0000873000,008240,073256,080099,099967,090672,080691
0000000875,0000874000,004977,086318,081263,097850,091561,081555
0000000876,0000875000,001918,090796,083252,093857,091836,082811
0000000877,0000876000,-00614,086234,085868,088416,091426,084369
0000000878,0000877000,-02360,073352,088838,082104,090331,086091
0000000879,0000878000,-03151,053613,091836,075590,088623,087810
0000000880,0000879000,-02928,029087,094584,069553,086438,089360
0000000881,0000880000,-01721,002034,096838,064613,083971,090573
0000000882,0000881000,000347,-24915,098374,061285,081447,091306
0000000883,0000882000,003069,-48920,099036,059918,079104,091457
0000000884,0000883000,006170,-67726,098769,060665,077175,090972
0000000885,0000884000,009309,-79488,097617,063454,075874,089848
0000000886,0000885000,012157,-83025,095695,067989,075363,088151
0000000887,0000886000,014421,-78167,093215,073785,075733,086015
0000000888,0000887000,015862,-65673,090446,080223,076986,083631
0000000889,0000888000,016355,-46914,087659,086622,079035,081227
0000000890,0000889000,015872,-23742,085121,092316,081704,079041
0000000891,0000890000,014462,001434,083079,096720,084753,077298
0000000892,0000891000,012269,026198,081722,099374,087904,076187
0000000893,0000892000,009526,048145,081175,099998,090854,075847
0000000894,0000893000,006518,064897,081494,098521,093311,076349
0000000895,0000894000,003566,074889,082631,095097,095019,077687
0000000896,0000895000,000996,077391,084434,090094,095779,079772
0000000897,0000896000,-00932,072286,086715,084052,095480,082434
0000000898,0000897000,-02033,060279,089238,077615,094117,085428
0000000899,0000898000,-02205,042833,091738,071462,091794,088468
0000000900,0000899000,-01451,021719,093981,066235,088711,091258
0000000901,0000900000,000145,-01053,095760,062473,085150,093515
0000000902,0000901000,007430,017370,098532,060975,084636,094953
0000000903,0000902000,006359,008025,096370,061430,084636,095915
0000000904,0000903000,011532,025460,099371,063616,084636,095213
0000000905,0000904000,009280,013226,095176,068329,084636,093811
0000000906,0000905000,018048,014913,093963,073236,084636,091496
0000000907,0000906000,009010,011348,093099,079065,084636,087788
0000000908,0000907000,005355,-01129,088539,080055,084636,084723
0000000909,0000908000,012021,004276,089565,080055,084636,084723
0000000910,0000909000,019998,012019,090421,080055,084636,084723
0000000911,0000910000,023538,015296,090820,080055,084636,084723
0000000912,0000911000,019879,011349,090487,080055,084636,084723
0000000913,0000912000,013010,004176,089826,080055,084636,084723
0000000914,0000913000,009401,000259,089490,080055,084636,084723
0000000915,0000914000,011950,002504,089776,080055,084636,084723
0000000916,0000915000,017741,007999,090392,080055,084636,084723
0000000917,0000916000,021239,011207,090783,080055,084636,084723
0000000918,0000917000,019512,009195,090652,080055,084636,084723
0000000919,0000918000,014604,004003,090200,080055,084636,084723
0000000920,0000919000,011211,000327,089894,080055,084636,084723
0000000921,0000920000,012209,001047,090023,080055,084636,084723
0000000922,0000921000,016263,004829,090454,080055,084636,084723
0000000923,0000922000,019431,007736,090795,080055,084636,084723
0000000924,0000923000,018960,007015,090772,080055,084636,084723
0000000925,0000924000,015629,003449,090463,080055,084636,084723
0000000926,0000925000,012705,000303,090195,080055,084636,084723
0000000927,0000926000,012770,000158,090224,080055,084636,084723
0000000928,0000927000,015471,002662,090515,080055,084636,084723
0000000929,0000928000,018128,005133,090798,080055,084636,084723
0000000930,0000929000,018365,005196,090837,080055,084636,084723
0000000931,0000930000,016209,002880,090635,080055,084636,084723
0000000932,0000931000,013833,000357,090409,080055,084636,084723
0000000933,0000932000,013398,-00212,090376,080055,084636,084723
0000000934,0000933000,015112,001382,090557,080055,084636,084723
0000000935,0000934000,017239,003401,090778,080055,084636,084723
0000000936,0000935000,017838,003905,090845,080055,084636,084723
0000000937,0000936000,016528,002512,090720,080055,084636,084723
0000000938,0000937000,014677,000589,090539,080055,084636,084723
0000000939,0000938000,014005,-00145,090475,080055,084636,084723
0000000940,0000939000,015009,000809,090577,080055,084636,084723
0000000941,0000940000,016637,002396,090741,080055,084636,084723
0000000942,0000941000,017379,003106,090815,080055,084636,084723
0000000943,0000942000,016665,002369,090743,080055,084636,084723
0000000944,0000943000,015285,000975,090603,080055,084636,084723
0000000945,0000944000,014549,000234,090527,080055,084636,084723
0000000946,0000945000,015063,000748,090576,080055,084636,084723
0000000947,0000946000,016254,001946,090691,080055,084636,084723
0000000948,0000947000,016996,002701,090762,080055,084636,084723
0000000949,0000948000,016677,002401,090725,080055,084636,084723
0000000950,0000949000,015693,001440,090622,080055,084636,084723
0000000951,0000950000,014997,000772,090547,080055,084636,084723
0000000952,0000951000,015192,000999,090562,080055,084636,084723
0000000953,0000952000,016023,001864,090639,080055,084636,084723
0000000954,0000953000,016690,002569,090700,080055,084636,084723
0000000955,0000954000,016617,002535,090687,080055,084636,084723
0000000956,0000955000,015947,001906,090614,080055,084636,084723
0000000957,0000956000,015342,001344,090548,080055,084636,084723
0000000958,0000957000,015343,001389,090542,080055,084636,084723
0000000959,0000958000,015895,001985,090592,080055,084636,084723
0000000960,0000959000,016452,002588,090642,080055,084636,084723
0000000961,0000960000,016519,002700,090643,080055,084636,084723
0000000962,0000961000,016086,002311,090595,080055,084636,084723
0000000963,0000962000,015592,001861,090540,080055,084636,084723
0000000964,0000963000,015488,001800,090525,080055,084636,084723
0000000965,0000964000,015830,002185,090554,080055,084636,084723
0000000966,0000965000,016271,002667,090594,080055,084636,084723
0000000967,0000966000,016407,002842,090603,080055,084636,084723
0000000968,0000967000,016147,002620,090573,080055,084636,084723
0000000969,0000968000,015763,002272,090531,080055,084636,084723
0000000970,0000969000,015611,002155,090512,080055,084636,084723
0000000971,0000970000,015806,002382,090528,080055,084636,084723
0000000972,0000971000,016138,002746,090559,080055,084636,084723
0000000973,0000972000,016297,002934,090572,080055,084636,084723
0000000974,0000973000,016157,002820,090555,080055,084636,084723
0000000975,0000974000,015871,002559,090525,080055,084636,084723
0000000976,0000975000,015709,002421,090506,080055,084636,084723
0000000977,0000976000,015804,002536,090514,080055,084636,084723
0000000978,0000977000,016044,002795,090536,080055,084636,084723
0000000979,0000978000,016199,002967,090551,080055,084636,084723
0000000980,0000979000,016138,002921,090543,080055,084636,084723
0000000981,0000980000,015935,002731,090522,080055,084636,084723
0000000982,0000981000,015784,002592,090506,080055,084636,084723
0000000983,0000982000,015814,002633,090509,080055,084636,084723
0000000984,0000983000,015980,002807,090525,080055,084636,084723
0000000985,0000984000,016117,002951,090539,080055,084636,084723
0000000986,0000985000,016105,002944,090537,080055,084636,084723
0000000987,0000986000,015967,002810,090524,080055,084636,084723
0000000988,0000987000,015838,002684,090511,080055,084636,084723
0000000989,0000988000,015831,002678,090511,080055,084636,084723
0000000990,0000989000,015939,002787,090522,080055,084636,084723
0000000991,0000990000,016053,002900,090534,080055,084636,084723
0000000992,0000991000,016069,002915,090536,080055,084636,084723
0000000993,0000992000,015981,002824,090528,080055,084636,084723
0000000994,0000993000,015877,002716,090518,080055,084636,084723
0000000995,0000994000,015850,002686,090516,080055,084636,084723
0000000996,0000995000,015916,002748,090523,080055,084636,084723
0000000997,0000996000,016006,002833,090533,080055,084636,084723
0000000998,0000997000,016036,002857,090537,080055,084636,084723
0000000999,0000998000,015984,002799,090533,080055,084636,084723
0000001000,0000999000,015904,002713,090526,080055,084636,084723
0000001001,0001000000,015869,002672,090523,080055,084636,084723
0000001002,0001001000,015906,002702,090528,080055,084636,084723
0000001003,0001002000,015974,002763,090535,080055,084636,084723
0000001004,0001003000,016008,002791,090539,080055,084636,084723
0000001005,0001004000,015981,002757,090538,080055,084636,084723
0000001006,0001005000,015922,002691,090532,080055,084636,084723
0000001007,0001006000,015887,002650,090530,080055,084636,084723
0000001008,0001007000,015905,002661,090532,080055,084636,084723
0000001009,0001008000,015954,002703,090538,080055,084636,084723
0000001010,0001009000,015987,002730,090542,080055,084636,084723
0000001011,0001010000,015976,002713,090541,080055,084636,084723
0000001012,0001011000,015935,002666,090538,080055,084636,084723
0000001013,0001012000,015903,002629,090535,080055,084636,084723
0000001014,0001013000,015908,002629,090536,080055,084636,084723
0000001015,0001014000,015942,002657,090540,080055,084636,084723
0000001016,0001015000,015971,002682,090544,080055,084636,084723
0000001017,0001016000,015970,002676,090544,080055,084636,084723
0000001018,0001017000,015943,002645,090542,080055,084636,084723
0000001019,0001018000,015916,002614,090539,080055,084636,084723
0000001020,0001019000,015914,002609,090540,080055,084636,084723
0000001021,0001020000,015937,002628,090542,080055,084636,084723
0000001022,0001021000,015961,002649,090545,080055,084636,084723
0000001023,0001022000,015965,002651,090545,080055,084636,084723
0000001024,0001023000,015948,002631,090544,080055,084636,084723
0000001025,0001024000,015927,002608,090542,080055,084636,084723
0000001026,0001025000,015921,002600,090541,080055,084636,084723
0000001027,0001026000,015935,002612,090543,080055,084636,084723
0000001028,0001027000,015954,002630,090545,080055,084636,084723
0000001029,0001028000,015961,002636,090546,080055,084636,084723
0000001030,0001029000,015951,002625,090545,080055,084636,084723
0000001031,0001030000,015935,002608,090543,080055,084636,084723
0000001032,0001031000,015928,002601,090542,080055,084636,084723
0000001033,0001032000,015936,002608,090543,080055,084636,084723
0000001034,0001033000,015950,002622,090544,080055,084636,084723
0000001035,0001034000,015958,002630,090545,080055,084636,084723
0000001036,0001035000,015953,002625,090545,080055,084636,084723
0000001037,0001036000,015941,002614,090543,080055,084636,084723
0000001038,0001037000,015934,002607,090542,080055,084636,084723
0000001039,0001038000,015937,002611,090543,080055,084636,084723
0000001040,0001039000,015947,002622,090544,080055,084636,084723
0000001041,0001040000,015955,002630,090544,080055,084636,084723
0000001042,0001041000,015953,002629,090544,080055,084636,084723
0000001043,0001042000,015945,002622,090543,080055,084636,084723
0000001044,0001043000,015938,002616,090542,080055,084636,084723
0000001045,0001044000,015939,002618,090542,080055,084636,084723
0000001046,0001045000,015946,002626,090543,080055,084636,084723
0000001047,0001046000,015952,002633,090543,080055,084636,084723
0000001048,0001047000,015952,002634,090543,080055,084636,084723
0000001049,0001048000,015947,002630,090542,080055,084636,084723
0000001050,0001049000,015942,002625,090542,080055,084636,084723
0000001051,0001050000,015941,002626,090542,080055,084636,084723
0000001052,0001051000,015945,002631,090542,080055,084636,084723
0000001053,0001052000,015950,002637,090542,080055,084636,084723
0000001054,0001053000,015952,002639,090542,080055,084636,084723
0000001055,0001054000,015948,002637,090542,080055,084636,084723
0000001056,0001055000,015944,002633,090541,080055,084636,084723
0000001057,0001056000,015942,002633,090541,080055,084636,084723
0000001058,0001057000,015945,002636,090541,080055,084636,084723
0000001059,0001058000,015949,002641,090542,080055,084636,084723
0000001060,0001059000,015950,002643,090542,080055,084636,084723
0000001061,0001060000,015949,002642,090541,080055,084636,084723
0000001062,0001061000,015945,002639,090541,080055,084636,084723
0000001063,0001062000,015944,002638,090541,080055,084636,084723
0000001064,0001063000,015945,002640,090541,080055,084636,084723
0000001065,0001064000,015948,002643,090541,080055,084636,084723
0000001066,0001065000,015949,002645,090541,080055,084636,084723
0000001067,0001066000,015948,002645,090541,080055,084636,084723
0000001068,0001067000,015946,002643,090541,080055,084636,084723
0000001069,0001068000,015944,002642,090541,080055,084636,084723
0000001070,0001069000,015945,002642,090541,080055,084636,084723
0000001071,0001070000,015947,002645,090541,080055,084636,084723
0000001072,0001071000,015948,002646,090541,080055,084636,084723
0000001073,0001072000,015948,002646,090541,080055,084636,084723
0000001074,0001073000,015946,002645,090541,080055,084636,084723
0000001075,0001074000,015945,002643,090541,080055,084636,084723
0000001076,0001075000,015945,002643,090541,080055,084636,084723
0000001077,0001076000,015946,002645,090541,080055,084636,084723
0000001078,0001077000,015947,002646,090541,080055,084636,084723
0000001079,0001078000,015948,002646,090541,080055,084636,084723
0000001080,0001079000,015946,002645,090541,080055,084636,084723
0000001081,0001080000,015945,002644,090541,080055,084636,084723
0000001082,0001081000,015945,002643,090541,080055,084636,084723
0000001083,0001082000,015946,002644,090541,080055,084636,084723
0000001084,0001083000,015947,002645,090541,080055,084636,084723
0000001085,0001084000,015947,002645,090541,080055,084636,084723
0000001086,0001085000,015946,002644,090541,080055,084636,084723
0000001087,0001086000,015945,002643,090541,080055,084636,084723
0000001088,0001087000,015945,002643,090541,080055,084636,084723
0000001089,0001088000,015946,002643,090541,080055,084636,084723
0000001090,0001089000,015946,002644,090541,080055,084636,084723
0000001091,0001090000,015947,002644,090541,080055,084636,084723
0000001092,0001091000,015946,002644,090541,080055,084636,084723
0000001093,0001092000,015946,002643,090541,080055,084636,084723
0000001094,0001093000,015945,002642,090541,080055,084636,084723
0000001095,0001094000,015945,002642,090541,080055,084636,084723
0000001096,0001095000,015946,002643,090541,080055,084636,084723
0000001097,0001096000,015946,002643,090541,080055,084636,084723
0000001098,0001097000,015946,002643,090541,080055,084636,084723
0000001099,0001098000,015946,002642,090541,080055,084636,084723
0000001100,0001099000,015945,002641,090541,080055,084636,084723
0000001101,0001100000,015945,002641,090541,080055,084636,084723
