0000000001,0000000000,090643,087083,076830,085015,089268,074200
0000000002,0000001000,088095,089516,076944,081999,091984,074499
0000000003,0000002000,085243,091372,077942,078700,093978,075804
0000000004,0000003000,082398,092433,079725,075445,095048,077990
0000000005,0000004000,079814,092616,082127,072541,095098,080844
0000000006,0000005000,077741,091909,084905,070280,094119,084084
0000000007,0000006000,076396,090379,087780,068886,092206,087390
0000000008,0000007000,075923,088148,090486,068491,089547,090445
0000000009,0000008000,076332,085469,092755,069132,086402,092948
0000000010,0000009000,077598,082603,094355,070750,083081,094651
0000000011,0000010000,079619,079803,095134,073188,079906,095389
0000000012,0000011000,082179,077356,095020,076202,077191,095090
0000000013,0000012000,085009,075524,094023,079500,075198,093785
0000000014,0000013000,087861,074455,092239,082759,074124,091599
0000000015,0000014000,090460,074258,089838,085661,074077,088745
0000000016,0000015000,092518,074978,087060,087920,075057,085505
0000000017,0000016000,093854,076518,084184,089317,076967,082199
0000000018,0000017000,094352,078725,081479,089712,079627,079144
0000000019,0000018000,093934,081412,079209,089067,082775,076641
0000000020,0000019000,092652,084295,077609,087451,086093,074938
0000000021,0000020000,090648,087077,076830,085016,089266,074200
0000000022,0000021000,088094,089518,076944,081998,091986,074499
0000000023,0000022000,085242,091373,077941,078700,093978,075804
0000000024,0000023000,082398,092433,079725,075444,095048,077990
0000000025,0000024000,079815,092614,082127,072540,095098,080844
0000000026,0000025000,077739,091912,084904,070279,094120,084084
0000000027,0000026000,076399,090377,087780,068886,092206,087390
0000000028,0000027000,075921,088148,090486,068490,089547,090445
0000000029,0000028000,076330,085471,092755,069132,086402,092948
0000000030,0000029000,077600,082601,094355,070750,083082,094651
0000000031,0000030000,079619,079802,095134,073186,079907,095389
0000000032,0000031000,082175,077360,095021,076201,077191,095090
0000000033,0000032000,085011,075522,094023,079500,075198,093785
0000000034,0000033000,087865,074451,092239,082758,074125,091599
0000000035,0000034000,090455,074262,089838,085660,074077,088745
0000000036,0000035000,092517,074979,087060,087920,075057,085505
0000000037,0000036000,093860,076512,084184,089316,076967,082199
0000000038,0000037000,094350,078727,081479,089710,079628,079144
0000000039,0000038000,093930,081416,079210,089068,082774,076641
0000000040,0000039000,092656,084290,077609,087451,086093,074938
0000000041,0000040000,090650,087075,076830,085015,089267,074201
0000000042,0000041000,088088,089524,076944,081997,091986,074499
0000000043,0000042000,085244,091371,077941,078701,093977,075804
0000000044,0000043000,082403,092428,079725,075443,095049,077990
0000000045,0000044000,079811,092618,082127,072540,095099,080844
0000000046,0000045000,077737,091915,084904,070280,094119,084083
0000000047,0000046000,076404,090371,087780,068886,092206,087390
0000000048,0000047000,075919,088150,090486,068489,089548,090445
0000000049,0000048000,076326,085475,092755,069132,086403,092948
0000000050,0000049000,077603,082598,094355,070750,083081,094651
0000000051,0000050000,079621,079801,095135,073185,079909,095389
0000000052,0000051000,082171,077364,095021,076201,077192,095090
0000000053,0000052000,085011,075521,094024,079500,075198,093785
0000000054,0000053000,087867,074449,092240,082757,074126,091599
0000000055,0000054000,090452,074264,089839,085658,074078,088745
0000000056,0000055000,092517,074979,087060,087920,075057,085506
0000000057,0000056000,093863,076509,084184,089315,076968,082200
0000000058,0000057000,094349,078728,081479,089709,079628,079145
0000000059,0000058000,093929,081417,079210,089067,082773,076642
0000000060,0000059000,092659,084287,077609,087451,086092,074939
0000000061,0000060000,090650,087076,076830,085014,089267,074201
0000000062,0000061000,088087,089525,076943,081998,091985,074500
0000000063,0000062000,085247,091369,077940,078701,093976,075805
0000000064,0000063000,082403,092429,079724,075443,095049,077990
0000000065,0000064000,079809,092621,082126,072540,095098,080844
0000000066,0000065000,077739,091913,084903,070281,094118,084083
0000000067,0000066000,076405,090371,087780,068886,092207,087389
0000000068,0000067000,075916,088154,090486,068490,089549,090444
0000000069,0000068000,076326,085475,092754,069133,086403,092947
0000000070,0000069000,077605,082596,094355,070750,083083,094650
0000000071,0000070000,079617,079804,095135,073184,079910,095388
0000000072,0000071000,082169,077365,095022,076201,077192,095089
0000000073,0000072000,085014,075517,094024,079499,075199,093784
0000000074,0000073000,087865,074449,092241,082755,074128,091599
0000000075,0000074000,090449,074267,089840,085657,074079,088746
0000000076,0000075000,092519,074975,087061,087918,075057,085507
0000000077,0000076000,093864,076507,084185,089313,076969,082201
0000000078,0000077000,094346,078730,081480,089708,079628,079146
0000000079,0000078000,093931,081415,079210,089067,082772,076643
0000000080,0000079000,092663,084283,077609,087450,086092,074940
0000000081,0000080000,090648,087078,076829,085014,089266,074203
0000000082,0000081000,088088,089525,076942,081999,091983,074501
0000000083,0000082000,085251,091366,077939,078702,093975,075805
0000000084,0000083000,082403,092430,079723,075444,095048,077990
0000000085,0000084000,079808,092624,082124,072542,095097,080844
0000000086,0000085000,077742,091912,084902,070283,094117,084082
0000000087,0000086000,076405,090372,087779,068887,092207,087388
0000000088,0000087000,075913,088158,090485,068491,089549,090442
0000000089,0000088000,076327,085475,092754,069134,086403,092945
0000000090,0000089000,077604,082596,094355,070750,083084,094648
0000000091,0000090000,079613,079807,095136,073184,079912,095386
0000000092,0000091000,082168,077365,095023,076200,077194,095088
0000000093,0000092000,085014,075516,094026,079497,075201,093784
0000000094,0000093000,087862,074451,092243,082753,074130,091599
0000000095,0000094000,090448,074266,089841,085656,074080,088746
0000000096,0000095000,092521,074972,087063,087916,075058,085508
0000000097,0000096000,093863,076506,084187,089311,076969,082202
0000000098,0000097000,094346,078730,081481,089707,079628,079148
0000000099,0000098000,093934,081411,079210,089065,082771,076646
0000000100,0000099000,092664,084282,077609,087449,086091,074943
0000000101,0000100000,090648,087078,076829,085014,089264,074204
0000000102,0000101000,088092,089523,076941,082000,091980,074502
0000000103,0000102000,085253,091365,077937,078703,093973,075806
0000000104,0000103000,082402,092433,079721,075446,095046,077991
0000000105,0000104000,079810,092624,082122,072545,095095,080843
0000000106,0000105000,077744,091912,084900,070285,094117,084081
0000000107,0000106000,076402,090376,087777,068889,092207,087386
0000000108,0000107000,075911,088161,090483,068493,089549,090440
0000000109,0000108000,076327,085475,092753,069135,086404,092943
0000000110,0000109000,077601,082599,094356,070750,083087,094646
0000000111,0000110000,079609,079810,095136,073184,079914,095384
0000000112,0000111000,082167,077364,095024,076199,077197,095086
0000000113,0000112000,085012,075515,094028,079495,075205,093783
0000000114,0000113000,087858,074452,092245,082751,074132,091599
0000000115,0000114000,090448,074264,089843,085653,074082,088747
0000000116,0000115000,092522,074968,087065,087913,075060,085510
0000000117,0000116000,093861,076506,084189,089307,076970,082205
0000000118,0000117000,094347,078727,081482,089704,079627,079151
0000000119,0000118000,093938,081407,079211,089063,082770,076649
0000000120,0000119000,092665,084281,077609,087448,086089,074946
0000000121,0000120000,090650,087077,076827,085014,089261,074207
0000000122,0000121000,088096,089520,076939,082001,091977,074505
0000000123,0000122000,085256,091365,077935,078705,093970,075808
0000000124,0000123000,082403,092435,079718,075449,095043,077991
0000000125,0000124000,079812,092625,082119,072548,095092,080842
0000000126,0000125000,077744,091914,084897,070288,094115,084079
0000000127,0000126000,076400,090381,087775,068892,092206,087383
0000000128,0000127000,075911,088163,090481,068496,089549,090437
0000000129,0000128000,076326,085477,092753,069137,086406,092939
0000000130,0000129000,077597,082603,094356,070751,083089,094642
0000000131,0000130000,079606,079812,095138,073184,079918,095381
0000000132,0000131000,082166,077364,095026,076198,077201,095084
0000000133,0000132000,085008,075516,094031,079492,075209,093781
0000000134,0000133000,087855,074452,092248,082748,074136,091599
0000000135,0000134000,090448,074260,089847,085649,074085,088748
0000000136,0000135000,092521,074966,087069,087908,075062,085512
0000000137,0000136000,093861,076504,084191,089303,076971,082208
0000000138,0000137000,094350,078722,081484,089701,079626,079155
0000000139,0000138000,093941,081402,079212,089060,082769,076653
0000000140,0000139000,092667,084279,077609,087446,086086,074950
0000000141,0000140000,090655,087075,076826,085015,089256,074211
0000000142,0000141000,088101,089518,076937,082002,091973,074508
0000000143,0000142000,085258,091366,077932,078707,093965,075810
0000000144,0000143000,082405,092437,079714,075453,095038,077991
0000000145,0000144000,079816,092625,082115,072553,095089,080841
0000000146,0000145000,077744,091918,084894,070293,094113,084077
0000000147,0000146000,076399,090386,087771,068897,092205,087380
0000000148,0000147000,075910,088166,090479,068500,089550,090432
0000000149,0000148000,076322,085481,092752,069140,086409,092934
0000000150,0000149000,077591,082608,094356,070753,083093,094637
0000000151,0000150000,079603,079814,095139,073184,079922,095376
0000000152,0000151000,082162,077365,095029,076196,077206,095080
0000000153,0000152000,085003,075518,094035,079489,075214,093779
0000000154,0000153000,087852,074450,092253,082743,074141,091598
0000000155,0000154000,090447,074256,089852,085643,074089,088749
0000000156,0000155000,092519,074963,087073,087902,075065,085515
0000000157,0000156000,093861,076499,084195,089298,076972,082212
0000000158,0000157000,094354,078716,081486,089696,079626,079161
0000000159,0000158000,093944,081398,079213,089057,082766,076659
0000000160,0000159000,092671,084276,077608,087445,086082,074956
0000000161,0000160000,090661,087070,076824,085015,089251,074217
0000000162,0000161000,088106,089516,076933,082004,091967,074512
0000000163,0000162000,085261,091367,077927,078711,093959,075812
0000000164,0000163000,082410,092438,079709,075458,095032,077992
0000000165,0000164000,079818,092628,082110,072559,095084,080840
0000000166,0000165000,077744,091923,084889,070299,094110,084073
0000000167,0000166000,076398,090391,087767,068904,092204,087375
0000000168,0000167000,075908,088171,090476,068505,089551,090426
0000000169,0000168000,076317,085487,092751,069143,086412,092927
0000000170,0000169000,077586,082613,094357,070755,083097,094630
0000000171,0000170000,079598,079816,095142,073184,079928,095370
0000000172,0000171000,082155,077367,095033,076193,077213,095076
0000000173,0000172000,084997,075519,094040,079485,075221,093776
0000000174,0000173000,087849,074447,092259,082737,074147,091598
0000000175,0000174000,090445,074252,089858,085636,074095,088751
0000000176,0000175000,092518,074959,087079,087895,075069,085519
0000000177,0000176000,093863,076493,084200,089291,076973,082218
0000000178,0000177000,094358,078709,081490,089690,079625,079168
0000000179,0000178000,093948,081393,079215,089053,082763,076667
0000000180,0000179000,092677,084271,077607,087443,086076,074963
0000000181,0000180000,090669,087065,076821,085015,089244,074223
0000000182,0000181000,088112,089515,076929,082006,091959,074517
0000000183,0000182000,085267,091368,077921,078716,093951,075815
0000000184,0000183000,082415,092439,079702,075465,095025,077992
0000000185,0000184000,079821,092632,082103,072566,095079,080838
0000000186,0000185000,077744,091930,084882,070307,094106,084069
0000000187,0000186000,076397,090397,087762,068911,092202,087369
0000000188,0000187000,075905,088177,090473,068512,089552,090418
0000000189,0000188000,076311,085495,092749,069148,086416,092919
0000000190,0000189000,077580,082619,094357,070757,083103,094622
0000000191,0000190000,079591,079820,095145,073184,079936,095363
0000000192,0000191000,082147,077370,095038,076190,077222,095070
0000000193,0000192000,084990,075519,094047,079480,075230,093773
0000000194,0000193000,087845,074444,092266,082730,074155,091597
0000000195,0000194000,090441,074249,089866,085628,074101,088753
0000000196,0000195000,092516,074953,087086,087886,075073,085523
0000000197,0000196000,093866,076485,084205,089283,076974,082225
0000000198,0000197000,094361,078701,081494,089683,079624,079176
0000000199,0000198000,093953,081386,079216,089048,082759,076676
0000000200,0000199000,092685,084264,077607,087440,086070,074972
0000000201,0000200000,090677,087060,076818,085015,089236,074231
0000000202,0000201000,088119,089513,076923,082009,091950,074523
0000000203,0000202000,085274,091368,077914,078722,093942,075819
0000000204,0000203000,082422,092441,079694,075473,095017,077993
0000000205,0000204000,079824,092638,082095,072575,095072,080835
0000000206,0000205000,077745,091937,084874,070317,094101,084064
0000000207,0000206000,076396,090404,087755,068921,092201,087361
0000000208,0000207000,075900,088187,090469,068520,089554,090409
0000000209,0000208000,076304,085504,092747,069154,086420,092909
0000000210,0000209000,077572,082625,094358,070760,083110,094612
0000000211,0000210000,079582,079825,095148,073183,079945,095354
0000000212,0000211000,082138,077374,095044,076187,077232,095064
0000000213,0000212000,084983,075518,094054,079473,075240,093769
0000000214,0000213000,087839,074441,092275,082721,074165,091596
0000000215,0000214000,090436,074244,089875,085617,074109,088756
0000000216,0000215000,092516,074945,087094,087876,075078,085529
0000000217,0000216000,093868,076475,084213,089273,076976,082233
0000000218,0000217000,094365,078692,081499,089674,079622,079186
0000000219,0000218000,093960,081377,079218,089041,082754,076687
0000000220,0000219000,092695,084255,077606,087437,086062,074983
0000000221,0000220000,090687,087055,076814,085015,089226,074241
0000000222,0000221000,088128,089510,076917,082013,091939,074530
0000000223,0000222000,085284,091367,077905,078729,093930,075823
0000000224,0000223000,082428,092444,079684,075482,095006,077994
0000000225,0000224000,079827,092644,082084,072587,095063,080833
0000000226,0000225000,077746,091945,084865,070329,094096,084058
0000000227,0000226000,076394,090414,087748,068932,092199,087352
0000000228,0000227000,075894,088198,090463,068529,089555,090398
0000000229,0000228000,076297,085514,092745,069161,086425,092897
0000000230,0000229000,077563,082633,094359,070763,083119,094600
0000000231,0000230000,079571,079832,095153,073183,079956,095344
0000000232,0000231000,082127,077378,095051,076183,077244,095056
0000000233,0000232000,084974,075518,094064,079465,075252,093765
0000000234,0000233000,087831,074438,092286,082710,074176,091596
0000000235,0000234000,090431,074238,089886,085605,074118,088759
0000000236,0000235000,092515,074936,087105,087863,075084,085536
0000000237,0000236000,093871,076464,084221,089260,076979,082243
0000000238,0000237000,094370,078681,081505,089664,079620,079198
0000000239,0000238000,093969,081366,079221,089034,082748,076700
0000000240,0000239000,092706,084245,077604,087433,086053,074996
0000000241,0000240000,090698,087048,076810,085016,089214,074252
0000000242,0000241000,088140,089506,076909,082018,091925,074539
0000000243,0000242000,085294,091366,077895,078737,093917,075828
0000000244,0000243000,082436,092448,079672,075494,094994,077995
0000000245,0000244000,079832,092651,082072,072600,095053,080829
0000000246,0000245000,077748,091954,084854,070343,094089,084050
0000000247,0000246000,076392,090425,087738,068945,092196,087341
0000000248,0000247000,075888,088211,090457,068540,089557,090385
0000000249,0000248000,076288,085526,092742,069168,086431,092882
0000000250,0000249000,077552,082643,094361,070767,083129,094586
0000000251,0000250000,079558,079840,095158,073182,079969,095332
0000000252,0000251000,082115,077382,095060,076178,077258,095046
0000000253,0000252000,084963,075518,094075,079456,075267,093759
0000000254,0000253000,087822,074434,092299,082698,074189,091595
0000000255,0000254000,090426,074230,089899,085591,074129,088763
0000000256,0000255000,092514,074925,087117,087848,075091,085544
0000000257,0000256000,093873,076452,084231,089246,076981,082255
0000000258,0000257000,094377,078668,081511,089652,079618,079213
0000000259,0000258000,093979,081353,079224,089026,082741,076715
0000000260,0000259000,092718,084234,077603,087429,086042,075011
0000000261,0000260000,090711,087040,076804,085017,089200,074265
0000000262,0000261000,088154,089502,076900,082024,091910,074549
0000000263,0000262000,085307,091366,077883,078747,093901,075834
0000000264,0000263000,082445,092452,079658,075507,094980,077996
0000000265,0000264000,079838,092659,082058,072616,095042,080825
0000000266,0000265000,077750,091965,084841,070359,094082,084041
0000000267,0000266000,076388,090439,087728,068960,092194,087328
0000000268,0000267000,075881,088225,090449,068553,089560,090369
0000000269,0000268000,076277,085539,092739,069178,086439,092866
0000000270,0000269000,077538,082656,094362,070771,083141,094570
0000000271,0000270000,079543,079850,095163,073181,079984,095317
0000000272,0000271000,082100,077386,095070,076172,077275,095036
0000000273,0000272000,084950,075518,094088,079446,075284,093753
0000000274,0000273000,087811,074430,092314,082684,074205,091594
0000000275,0000274000,090420,074221,089914,085574,074141,088767
0000000276,0000275000,092512,074912,087131,087830,075099,085553
0000000277,0000276000,093876,076437,084243,089230,076984,082269
0000000278,0000277000,094384,078652,081519,089638,079615,079229
0000000279,0000278000,093991,081337,079227,089016,082733,076733
0000000280,0000279000,092732,084222,077602,087424,086029,075028
0000000281,0000280000,090727,087031,076798,085017,089184,074280
0000000282,0000281000,088170,089496,076889,082030,091892,074560
0000000283,0000282000,085320,091366,077869,078759,093883,075840
0000000284,0000283000,082456,092457,079642,075522,094963,077997
0000000285,0000284000,079846,092669,082042,072633,095029,080820
0000000286,0000285000,077752,091978,084826,070378,094073,084031
0000000287,0000286000,076385,090455,087715,068978,092191,087314
0000000288,0000287000,075873,088242,090441,068568,089563,090352
0000000289,0000288000,076265,085555,092735,069188,086447,092847
0000000290,0000289000,077522,082670,094364,070776,083154,094552
0000000291,0000290000,079526,079860,095170,073180,080001,095301
0000000292,0000291000,082084,077391,095081,076165,077294,095024
0000000293,0000292000,084935,075518,094103,079433,075303,093746
0000000294,0000293000,087799,074425,092331,082667,074222,091593
0000000295,0000294000,090413,074211,089932,085555,074155,088772
0000000296,0000295000,092510,074898,087147,087811,075108,085564
0000000297,0000296000,093879,076421,084256,089211,076987,082284
0000000298,0000297000,094393,078634,081529,089622,079612,079248
0000000299,0000298000,094004,081320,079231,089005,082724,076753
0000000300,0000299000,092748,084207,077600,087419,086015,075048
0000000301,0000300000,090745,087020,076791,085019,089166,074297
0000000302,0000301000,088188,089490,076877,082037,091872,074573
0000000303,0000302000,085336,091366,077853,078771,093863,075848
0000000304,0000303000,082469,092463,079624,075540,094945,077998
0000000305,0000304000,079854,092679,082023,072654,095014,080815
0000000306,0000305000,077754,091993,084808,070398,094064,084020
0000000307,0000306000,076381,090474,087701,068997,092188,087298
0000000308,0000307000,075864,088261,090431,068584,089566,090332
0000000309,0000308000,076251,085573,092731,069199,086457,092826
0000000310,0000309000,077505,082686,094365,070782,083169,094531
0000000311,0000310000,079507,079871,095178,073179,080020,095283
0000000312,0000311000,082065,077398,095094,076157,077316,095010
0000000313,0000312000,084917,075519,094120,079420,075325,093738
0000000314,0000313000,087786,074420,092350,082649,074242,091592
0000000315,0000314000,090404,074200,089952,085534,074171,088778
0000000316,0000315000,092507,074883,087166,087788,075118,085576
0000000317,0000316000,093883,076402,084271,089190,076991,082301
0000000318,0000317000,094403,078614,081539,089605,079609,079269
0000000319,0000318000,094019,081301,079236,088993,082714,076776
0000000320,0000319000,092767,084190,077598,087413,085999,075070
0000000321,0000320000,090766,087007,076783,085020,089146,074317
0000000322,0000321000,088209,089483,076864,082046,091849,074587
0000000323,0000322000,085354,091366,077836,078786,093840,075856
0000000324,0000323000,082484,092469,079604,075559,094924,077999
0000000325,0000324000,079863,092691,082002,072676,094997,080809
0000000326,0000325000,077757,092010,084789,070422,094053,084007
0000000327,0000326000,076377,090494,087684,069019,092184,087279
0000000328,0000327000,075854,088282,090419,068603,089570,090310
0000000329,0000328000,076236,085594,092726,069212,086468,092802
0000000330,0000329000,077485,082704,094367,070788,083186,094508
0000000331,0000330000,079485,079885,095186,073178,080042,095263
0000000332,0000331000,082043,077405,095108,076148,077340,094995
0000000333,0000332000,084898,075520,094139,079404,075349,093730
0000000334,0000333000,087771,074413,092372,082628,074264,091590
0000000335,0000334000,090394,074187,089974,085510,074188,088784
0000000336,0000335000,092504,074865,087186,087764,075129,085590
0000000337,0000336000,093887,076380,084289,089167,076994,082321
0000000338,0000337000,094414,078591,081551,089586,079605,079292
0000000339,0000338000,094035,081279,079242,088979,082702,076801
0000000340,0000339000,092788,084171,077597,087407,085981,075094
0000000341,0000340000,090789,086992,076774,085021,089123,074338
0000000342,0000341000,088231,089475,076849,082055,091824,074603
0000000343,0000342000,085375,091365,077816,078803,093815,075865
0000000344,0000343000,082500,092475,079581,075581,094901,078000
0000000345,0000344000,079874,092704,081979,072701,094979,080802
0000000346,0000345000,077760,092029,084767,070448,094042,083993
0000000347,0000346000,076373,090516,087666,069044,092180,087258
0000000348,0000347000,075843,088306,090406,068623,089574,090285
0000000349,0000348000,076218,085617,092720,069227,086480,092775
0000000350,0000349000,077463,082724,094369,070795,083205,094482
0000000351,0000350000,079461,079900,095195,073176,080066,095241
0000000352,0000351000,082019,077414,095123,076138,077366,094978
0000000353,0000352000,084876,075520,094159,079387,075375,093720
0000000354,0000353000,087754,074406,092396,082605,074288,091589
0000000355,0000354000,090383,074173,089999,085483,074207,088792
0000000356,0000355000,092500,074846,087210,087736,075141,085605
0000000357,0000356000,093891,076356,084308,089141,076998,082343
0000000358,0000357000,094426,078565,081565,089564,079600,079318
0000000359,0000358000,094053,081255,079248,088964,082689,076829
0000000360,0000359000,092811,084150,077595,087400,085961,075121
0000000361,0000360000,090815,086976,076765,085023,089098,074361
0000000362,0000361000,088257,089466,076833,082066,091796,074621
0000000363,0000362000,085398,091364,077794,078821,093787,075875
0000000364,0000363000,082518,092482,079555,075605,094876,078001
0000000365,0000364000,079885,092718,081952,072729,094959,080794
0000000366,0000365000,077763,092050,084742,070477,094029,083977
0000000367,0000366000,076369,090541,087646,069071,092176,087236
0000000368,0000367000,075831,088333,090392,068646,089579,090257
0000000369,0000368000,076199,085643,092713,069242,086494,092746
0000000370,0000369000,077439,082746,094370,070802,083227,094454
0000000371,0000370000,079434,079917,095205,073174,080092,095216
0000000372,0000371000,081992,077424,095141,076127,077396,094960
0000000373,0000372000,084852,075521,094183,079368,075405,093710
0000000374,0000373000,087734,074399,092423,082580,074314,091588
0000000375,0000374000,090371,074158,090026,085454,074228,088800
0000000376,0000375000,092496,074824,087235,087706,075154,085622
0000000377,0000376000,093896,076330,084330,089113,077003,082367
0000000378,0000377000,094438,078537,081580,089541,079595,079347
0000000379,0000378000,094073,081228,079255,088948,082675,076860
0000000380,0000379000,092836,084126,077593,087393,085938,075151
0000000381,0000380000,090843,086958,076754,085025,089070,074387
0000000382,0000381000,088285,089456,076815,082077,091765,074640
0000000383,0000382000,085424,091363,077769,078841,093756,075885
0000000384,0000383000,082539,092490,079527,075632,094848,078002
0000000385,0000384000,079898,092734,081923,072760,094937,080785
0000000386,0000385000,077768,092073,084715,070509,094015,083959
0000000387,0000386000,076364,090568,087623,069100,092172,087210
0000000388,0000387000,075817,088362,090376,068670,089585,090227
0000000389,0000388000,076178,085672,092705,069259,086509,092714
0000000390,0000389000,077413,082771,094372,070809,083250,094423
0000000391,0000390000,079405,079936,095216,073171,080122,095189
0000000392,0000391000,081962,077434,095159,076115,077428,094940
0000000393,0000392000,084825,075523,094208,079347,075437,093699
0000000394,0000393000,087713,074391,092452,082552,074343,091587
0000000395,0000394000,090357,074142,090057,085422,074251,088809
0000000396,0000395000,092492,074800,087264,087673,075169,085641
0000000397,0000396000,093901,076301,084354,089082,077007,082393
0000000398,0000397000,094452,078507,081597,089515,079588,079379
0000000399,0000398000,094095,081198,079263,088930,082659,076893
0000000400,0000399000,092864,084100,077591,087385,085914,075183
0000000401,0000400000,090874,086939,076743,085028,089039,074415
0000000402,0000401000,085637,091207,078559,081397,092104,075037
0000000403,0000402000,085287,090155,076543,078661,093742,075918
0000000404,0000403000,084930,093425,080456,074531,095444,078631
0000000405,0000404000,084812,092204,081391,073921,094542,080404
0000000406,0000405000,084952,089500,082116,071638,093785,083730
0000000407,0000406000,085163,091923,088921,074365,091287,086301
0000000408,0000407000,085278,085987,087890,077642,088296,088879
0000000409,0000408000,085243,087114,094015,081262,085104,091207
0000000410,0000409000,085149,081925,093337,086864,080910,091981
0000000411,0000410000,085037,079837,094986,090099,078331,093310
0000000412,0000411000,085023,078107,095684,094718,074634,092070
0000000413,0000412000,085080,075778,094171,096799,073388,091611
0000000414,0000413000,085133,077178,094932,099773,071933,089190
0000000415,0000414000,085180,073655,089334,099998,072268,086849
0000000416,0000415000,085175,077817,090062,099420,073829,084306
0000000417,0000416000,085144,076419,084360,098138,075721,081093
0000000418,0000417000,085123,080153,083378,093434,079463,079205
0000000419,0000418000,085125,082971,081318,090356,082363,076518
0000000420,0000419000,085139,083604,077461,084648,086675,075856
0000000421,0000420000,085152,088154,078454,080122,089721,074997
0000000422,0000421000,085169,088149,076050,075738,092843,075654
0000000423,0000422000,085147,091869,078788,071891,094981,077033
0000000424,0000423000,085140,091151,078699,069700,095678,078746
0000000425,0000424000,085128,092067,081680,067919,095971,081721
0000000426,0000425000,085115,091022,083879,069007,094263,084123
0000000427,0000426000,085121,088703,085794,069820,092360,087344
0000000428,0000427000,085117,088801,090671,073360,089099,089700
0000000429,0000428000,085117,084136,090764,077186,085599,091779
0000000430,0000429000,085111,083371,094430,081139,082074,093269
0000000431,0000430000,085115,079739,094440,086382,078364,093493
0000000432,0000431000,085109,077755,094787,089832,075864,093480
0000000433,0000432000,085115,077051,094958,093720,073466,091887
0000000434,0000433000,085126,075154,092513,095649,072737,090175
0000000435,0000434000,085125,076334,091660,096835,072783,087527
0000000436,0000435000,085139,075447,087470,096255,074028,084649
0000000437,0000436000,085141,078407,086311,094224,076565,082038
0000000438,0000437000,085144,079340,082620,091566,079352,079142
0000000439,0000438000,085148,082079,080592,086794,083290,077445
0000000440,0000439000,085150,085092,079269,082874,086671,075789
0000000441,0000440000,085150,086054,076737,077701,090407,075553
0000000442,0000441000,085147,089779,078078,073417,093233,075866
0000000443,0000442000,085147,089974,077330,069986,095273,077111
0000000444,0000443000,085136,091798,079754,067122,096478,079304
0000000445,0000444000,085134,091265,081175,066278,096084,081597
0000000446,0000445000,085128,090630,083696,066141,095128,084786
0000000447,0000446000,085119,089572,086762,068193,092569,087402
0000000448,0000447000,085119,086901,088695,070712,089692,090215
0000000449,0000448000,085112,085809,092252,074793,086041,092235
0000000450,0000449000,085112,081948,092724,079239,082289,093580
0000000451,0000450000,085112,080539,094848,083484,078939,094246
0000000452,0000451000,085115,078030,094631,088187,075805,093667
0000000453,0000452000,085117,076451,093961,091241,073934,092646
0000000454,0000453000,085122,076244,093230,093986,072688,090433
0000000455,0000454000,085130,075322,090335,094972,072940,087989
0000000456,0000455000,085132,076830,088677,094696,074170,085064
0000000457,0000456000,085142,077401,085252,093065,076416,082096
0000000458,0000457000,085144,080006,083326,089960,079663,079581
0000000459,0000458000,085148,081929,080611,086314,083081,077270
0000000460,0000459000,085151,084318,078782,081465,087014,076055
0000000461,0000460000,085149,087083,078102,077158,090406,075370
0000000462,0000461000,085148,088318,076997,072599,093473,075840
0000000463,0000462000,085144,090755,078527,068967,095597,077101
0000000464,0000463000,085141,090807,079131,066549,096609,079062
0000000465,0000464000,085132,091307,081503,064998,096651,081797
0000000466,0000465000,085128,090521,083803,065394,095238,084567
0000000467,0000466000,085123,088975,086257,066717,093116,087691
0000000468,0000467000,085116,087533,089266,069688,089889,090264
0000000469,0000468000,085115,084738,091012,073344,086339,092511
0000000470,0000469000,085111,082944,093458,077775,082569,093964
0000000471,0000470000,085112,079951,093883,082407,078937,094470
0000000472,0000471000,085114,078432,094614,086507,076037,094235
0000000473,0000472000,085118,076830,093946,090388,073729,092849
0000000474,0000473000,085122,075821,092427,092709,072750,090937
0000000475,0000474000,085128,076227,090916,094175,072716,088207
0000000476,0000475000,085135,076283,087937,094019,074004,085296
0000000477,0000476000,085138,078122,085897,092455,076307,082294
0000000478,0000477000,085145,079604,082947,089784,079372,079482
0000000479,0000478000,085148,082080,080931,085874,083111,077354
0000000480,0000479000,085149,084351,079103,081633,086811,075752
0000000481,0000480000,085151,086505,077869,076863,090528,075247
0000000482,0000481000,085147,088814,077902,072657,093517,075519
0000000483,0000482000,085145,089787,078002,068879,095758,076803
0000000484,0000483000,085140,091091,079807,066169,096926,078871
0000000485,0000484000,085135,090787,081306,064866,096831,081476
0000000486,0000485000,085128,090299,083829,064675,095690,084569
0000000487,0000486000,085123,089045,086432,066228,093314,087536
0000000488,0000487000,085118,087030,088719,068767,090263,090425
0000000489,0000488000,085114,085162,091284,072508,086536,092660
0000000490,0000489000,085113,082452,092681,076811,082701,094215
0000000491,0000490000,085112,080534,094064,081344,079065,094885
0000000492,0000491000,085114,078316,094061,085756,075893,094519
0000000493,0000492000,085118,077045,093713,089353,073702,093345
0000000494,0000493000,085122,076280,092439,092225,072436,091197
0000000495,0000494000,085128,076024,090354,093576,072501,088568
0000000496,0000495000,085133,076949,088367,093745,073667,085472
0000000497,0000496000,085139,077865,085509,092428,075967,082357
0000000498,0000497000,085143,079973,083333,089774,079140,079506
0000000499,0000498000,085148,081928,080963,086241,082792,077108
0000000500,0000499000,085149,084270,079315,081840,086753,075572
0000000501,0000500000,085149,086545,078296,077371,090401,074819
0000000502,0000501000,085149,088301,077870,072914,093618,075161
0000000503,0000502000,085144,089921,078631,069189,095907,076375
0000000504,0000503000,085141,090440,079608,066348,097146,078457
0000000505,0000504000,085135,090776,081698,064723,097196,081211
0000000506,0000505000,085129,089962,083788,064587,095967,084276
0000000507,0000506000,085124,088776,086295,065675,093733,087507
0000000508,0000507000,085119,087114,088789,068254,090514,090402
0000000509,0000508000,085115,084825,090789,071724,086813,092860
0000000510,0000509000,085113,082781,092689,075984,082849,094497
0000000511,0000510000,085113,080406,093496,080528,079074,095231
0000000512,0000511000,085114,078695,093942,084877,075862,094997
0000000513,0000512000,085117,077205,093338,088752,073446,093719
0000000514,0000513000,085122,076496,092134,091576,072200,091660
0000000515,0000514000,085127,076472,090374,093333,072088,088853
0000000516,0000515000,085133,076926,088034,093592,073282,085714
0000000517,0000516000,085138,078339,085808,092536,075558,082446
0000000518,0000517000,085143,079871,083236,090160,078735,079418
0000000519,0000518000,085147,082071,081288,086657,082530,076945
0000000520,0000519000,085149,084201,079566,082530,086496,075182
0000000521,0000520000,085149,086326,078532,077949,090363,074430
0000000522,0000521000,085148,088223,078347,073588,093625,074627
0000000523,0000522000,085146,089447,078730,069677,096088,075875
0000000524,0000523000,085141,090341,080057,066707,097423,077984
0000000525,0000524000,085136,090272,081685,064913,097520,080783
0000000526,0000525000,085130,089788,083971,064438,096399,084026
0000000527,0000526000,085125,088543,086245,065440,094088,087322
0000000528,0000527000,085120,086867,088560,067650,090911,090456
0000000529,0000528000,085116,084916,090710,071059,087071,093006
0000000530,0000529000,085114,082647,092193,075154,083035,094818
0000000531,0000530000,085113,080709,093304,079647,079128,095661
0000000532,0000531000,085114,078795,093461,084089,075748,095459
0000000533,0000532000,085117,077560,093053,087989,073257,094254
0000000534,0000533000,085121,076822,091843,091096,071827,092094
0000000535,0000534000,085126,076727,090110,092972,071696,089269
0000000536,0000535000,085131,077352,088062,093580,072793,085957
0000000537,0000536000,085137,078431,085671,092734,075083,082560
0000000538,0000537000,085142,080171,083523,090596,078303,079369
0000000539,0000538000,085146,082022,081423,087350,082148,076695
0000000540,0000539000,085148,084194,079918,083262,086274,074832
0000000541,0000540000,085149,086195,078934,078839,090219,073906
0000000542,0000541000,085148,087893,078662,074365,093681,074081
0000000543,0000542000,085146,089238,079197,070401,096247,075272
0000000544,0000543000,085142,089861,080246,067227,097718,077431
0000000545,0000544000,085137,090004,082012,065188,097918,080323
0000000546,0000545000,085131,089373,083991,064486,096822,083665
0000000547,0000546000,085126,088301,086253,065141,094562,087168
0000000548,0000547000,085121,086694,088435,067178,091301,090433
0000000549,0000548000,085117,084763,090373,070295,087423,093202
0000000550,0000549000,085114,082790,091936,074297,083241,095149
0000000551,0000550000,085113,080755,092788,078713,079202,096127
0000000552,0000551000,085114,079139,093115,083158,075681,096014
0000000553,0000552000,085117,077852,092588,087220,073015,094807
0000000554,0000553000,085120,077214,091508,090457,071492,092652
0000000555,0000554000,085125,077144,089890,092646,071223,089700
0000000556,0000555000,085130,077663,087876,093490,072293,086287
0000000557,0000556000,085136,078810,085761,092980,074549,082702
0000000558,0000557000,085141,080286,083591,091111,077809,079327
0000000559,0000558000,085145,082183,081766,088084,081747,076475
0000000560,0000559000,085148,084111,080246,084204,085967,074419
0000000561,0000560000,085149,086026,079382,079801,090091,073389
0000000562,0000561000,085148,087644,079158,075369,093681,073444
0000000563,0000562000,085146,088812,079576,071251,096428,074632
0000000564,0000563000,085142,089504,080692,067904,098022,076809
0000000565,0000564000,085138,089500,082220,065604,098331,079790
0000000566,0000565000,085132,089020,084177,064579,097313,083283
0000000567,0000566000,085127,087935,086216,064951,095048,086939
0000000568,0000567000,085122,086457,088280,066643,091783,090427
0000000569,0000568000,085118,084684,090100,069550,087798,093368
0000000570,0000569000,085115,082773,091477,073332,083514,095516
0000000571,0000570000,085114,080984,092371,077676,079316,096627
0000000572,0000571000,085114,079380,092546,082130,075631,096606
0000000573,0000572000,085116,078289,092138,086280,072814,095447
0000000574,0000573000,085120,077647,091076,089751,071127,093244
0000000575,0000574000,085124,077605,089575,092175,070768,090226
0000000576,0000575000,085129,078134,087737,093374,071744,086653
0000000577,0000576000,085134,079133,085718,093179,073991,082904
0000000578,0000577000,085139,080587,083799,091646,077274,079318
0000000579,0000578000,085144,082263,082028,088902,081287,076257
0000000580,0000579000,085147,084112,080710,085210,085639,074024
0000000581,0000580000,085148,085827,079887,080945,089899,072824
0000000582,0000581000,085148,087319,079697,076483,093676,072796
0000000583,0000582000,085146,088415,080129,072291,096573,073929
0000000584,0000583000,085143,088968,081111,068723,098330,076141
0000000585,0000584000,085139,089028,082597,066147,098758,079204
0000000586,0000585000,085134,088506,084324,064793,097815,082836
0000000587,0000586000,085129,087546,086250,064788,095591,086687
0000000588,0000587000,085124,086159,088108,066155,092289,090368
0000000589,0000588000,085119,084535,089755,068735,088246,093539
0000000590,0000589000,085116,082815,091033,072311,083829,095871
0000000591,0000590000,085115,081137,091782,076511,079488,097152
0000000592,0000591000,085114,079753,091978,080953,075631,097238
0000000593,0000592000,085116,078715,091530,085206,072637,096123
0000000594,0000593000,085119,078190,090594,088864,070804,093910
0000000595,0000594000,085123,078158,089195,091600,070304,090795
0000000596,0000595000,085128,078648,087512,093127,071204,087094
0000000597,0000596000,085133,079596,085720,093330,073404,083149
0000000598,0000597000,085138,080880,083941,092161,076709,079356
0000000599,0000598000,085142,082453,082400,089746,080790,076077
0000000600,0000599000,085145,084073,081189,086314,085253,073634
0000000601,0000600000,085147,085642,080500,082187,089673,072272
0000000602,0000601000,085148,086961,080340,077776,093610,072116
0000000603,0000602000,085146,087914,080747,073479,096692,073205
0000000604,0000603000,085144,088413,081679,069724,098605,075422
0000000605,0000604000,085140,088405,082983,066844,099172,078570
0000000606,0000605000,085135,087955,084582,065124,098325,082342
0000000607,0000606000,085130,087038,086271,064726,096144,086374
0000000608,0000607000,085125,085811,087940,065683,092843,090278
0000000609,0000608000,085121,084352,089386,067920,088730,093666
0000000610,0000609000,085118,082808,090491,071203,084212,096218
0000000611,0000610000,085116,081354,091150,075237,079719,097670
0000000612,0000611000,085115,080116,091256,079621,075695,097886
0000000613,0000612000,085116,079253,090865,083947,072525,096835
0000000614,0000613000,085118,078791,089982,087809,070521,094611
0000000615,0000614000,085122,078815,088741,090835,069885,091429
0000000616,0000615000,085126,079272,087247,092754,070673,087586
0000000617,0000616000,085131,080117,085660,093366,072823,083463
0000000618,0000617000,085136,081290,084129,092628,076121,079449
0000000619,0000618000,085140,082648,082771,090596,080254,075944
0000000620,0000619000,085144,084088,081773,087471,084820,073286
0000000621,0000620000,085146,085426,081185,083554,089378,071734
0000000622,0000621000,085147,086563,081096,079210,093487,071451
0000000623,0000622000,085146,087356,081493,074864,096740,072461
0000000624,0000623000,085144,087741,082324,070909,098830,074681
0000000625,0000624000,085141,087716,083496,067731,099543,077892
0000000626,0000625000,085137,087263,084870,065619,098810,081795
0000000627,0000626000,085132,086463,086351,064778,096699,086009
0000000628,0000627000,085127,085370,087754,065291,093409,090124
0000000629,0000628000,085123,084112,088977,067102,089261,093747
0000000630,0000629000,085119,082793,089891,070052,084649,096515
0000000631,0000630000,085117,081558,090393,073844,080029,098163
0000000632,0000631000,085116,080551,090450,078130,075840,098520
0000000633,0000632000,085116,079836,090052,082496,072495,097551
0000000634,0000633000,085118,079510,089276,086535,070321,095342
0000000635,0000634000,085121,079569,088181,089870,069527,092100
0000000636,0000635000,085125,080005,086911,092183,070195,088141
0000000637,0000636000,085129,080758,085577,093262,072262,083840
0000000638,0000637000,085134,081764,084296,092995,075533,079618
0000000639,0000638000,085138,082927,083210,091415,079689,075883
0000000640,0000639000,085142,084108,082409,088668,084332,073000
0000000641,0000640000,085145,085217,081990,085015,089012,071253
0000000642,0000641000,085146,086113,081971,080808,093271,070815
0000000643,0000642000,085146,086718,082365,076438,096700,071737
0000000644,0000643000,085145,086983,083103,072322,098960,073928
0000000645,0000644000,085142,086893,084096,068839,099835,077188
0000000646,0000645000,085138,086473,085257,066320,099235,081200
0000000647,0000646000,085134,085760,086452,065001,097217,085578
0000000648,0000647000,085129,084847,087581,065007,093975,089901
0000000649,0000648000,085125,083803,088526,066340,089817,093746
0000000650,0000649000,085121,082744,089204,068869,085149,096741
0000000651,0000650000,085118,081784,089538,072361,080421,098588
0000000652,0000651000,085117,081015,089499,076477,076092,099108
0000000653,0000652000,085116,080517,089117,080835,072583,098241
0000000654,0000653000,085117,080323,088423,085024,070236,096069
0000000655,0000654000,085120,080453,087517,088651,069278,092799
0000000656,0000655000,085123,080862,086489,091380,069802,088742
0000000657,0000656000,085127,081516,085441,092951,071762,084290
0000000658,0000657000,085132,082349,084472,093219,074968,079872
0000000659,0000658000,085136,083263,083676,092155,079111,075919
0000000660,0000659000,085140,084178,083141,089862,083793,072813
0000000661,0000660000,085143,084990,082900,086558,088558,070861
0000000662,0000661000,085145,085620,082990,082553,092944,070258
0000000663,0000662000,085146,085998,083382,078227,096525,071062
0000000664,0000663000,085145,086108,084019,073981,098956,073203
0000000665,0000664000,085143,085948,084829,070216,099998,076475
0000000666,0000665000,085140,085537,085724,067280,099552,080566
0000000667,0000666000,085136,084940,086616,065450,097659,085080
0000000668,0000667000,085132,084207,087408,064898,094501,089584
0000000669,0000668000,085127,083419,088038,065676,090382,093640
0000000670,0000669000,085123,082658,088433,067711,085700,096850
0000000671,0000670000,085120,082009,088557,070808,080911,098905
0000000672,0000671000,085118,081534,088411,074678,076476,099597
0000000673,0000672000,085117,081276,088016,078956,072828,098859
0000000674,0000673000,085117,081262,087429,083243,070319,096757
0000000675,0000674000,085119,081467,086717,087140,069190,093493
0000000676,0000675000,085121,081866,085969,090282,069552,089379
0000000677,0000676000,085125,082412,085249,092377,071369,084811
0000000678,0000677000,085129,083044,084634,093227,074466,080231
0000000679,0000678000,085134,083692,084190,092756,078544,076082
0000000680,0000679000,085138,084285,083951,091004,083209,072769
0000000681,0000680000,085141,084767,083944,088140,088007,070614
0000000682,0000681000,085144,085075,084158,084432,092473,069829
0000000683,0000682000,085145,085192,084563,080227,096176,070494
0000000684,0000683000,085145,085114,085096,075918,098758,072545
0000000685,0000684000,085144,084856,085699,071904,099970,075789
0000000686,0000685000,085142,084458,086303,068561,099697,079911
0000000687,0000686000,085138,083969,086836,066199,097965,084515
0000000688,0000687000,085134,083447,087254,065039,094943,089158
0000000689,0000688000,085130,082942,087508,065189,090922,093388
0000000690,0000689000,085126,082523,087574,066633,086294,096795
0000000691,0000690000,085122,082233,087450,069238,081506,099047
0000000692,0000691000,085119,082096,087162,072756,077023,099924
0000000693,0000692000,085118,082130,086750,076863,073278,099339
0000000694,0000693000,085117,082318,086263,081173,070631,097347
0000000695,0000694000,085118,082632,085774,085289,069336,094140
0000000696,0000695000,085120,083027,085331,088827,069516,090025
0000000697,0000696000,085123,083460,084987,091458,071153,085400
0000000698,0000697000,085126,083873,084782,092939,074084,080711
0000000699,0000698000,085131,084215,084737,093130,078026,076413
0000000700,0000699000,085135,084451,084855,092017,082595,072923
0000000701,0000700000,085139,084545,085115,089703,087349,070579
0000000702,0000701000,085142,084490,085490,086405,091826,069609
0000000703,0000702000,085144,084296,085918,082430,095596,070107
0000000704,0000703000,085145,083992,086348,078145,098296,072027
0000000705,0000704000,085145,083614,086726,073949,099668,075182
0000000706,0000705000,085143,083213,087000,070229,099584,079268
0000000707,0000706000,085141,082844,087137,067332,098054,083892
0000000708,0000707000,085137,082546,087118,065525,095231,088605
0000000709,0000708000,085133,082366,086943,064975,091389,092951
0000000710,0000709000,085129,082330,086627,065733,086905,096510
0000000711,0000710000,085125,082446,086212,067726,082212,098937
0000000712,0000711000,085122,082702,085752,070769,077765,099998
0000000713,0000712000,085119,083069,085300,074581,073992,099591
0000000714,0000713000,085118,083504,084923,078809,071252,097757
0000000715,0000714000,085117,083949,084666,083062,069808,094673
0000000716,0000715000,085118,084355,084569,086947,069793,090637
0000000717,0000716000,085120,084667,084646,090106,071204,086040
0000000718,0000717000,085123,084840,084904,092245,073900,081327
0000000719,0000718000,085127,084847,085317,093168,077615,076955
0000000720,0000719000,085131,084676,085840,092791,081984,073346
0000000721,0000720000,085136,084339,086419,091152,086584,070847
0000000722,0000721000,085139,083866,086980,088401,090970,069698
0000000723,0000722000,085142,083316,087453,084792,094722,070007
0000000724,0000723000,085144,082746,087778,080658,097481,071742
0000000725,0000724000,085145,082220,087913,076379,098988,074733
0000000726,0000725000,085145,081807,087827,072350,099102,078691
0000000727,0000726000,085143,081557,087519,068943,097820,083231
0000000728,0000727000,085140,081508,087013,066472,095272,087913
0000000729,0000728000,085137,081682,086351,065164,091713,092282
0000000730,0000729000,085133,082073,085603,065137,087493,095918
0000000731,0000730000,085128,082643,084852,066391,083022,098473
0000000732,0000731000,085124,083338,084186,068812,078732,099703
0000000733,0000732000,085121,084087,083682,072176,075033,099496
0000000734,0000733000,085119,084804,083406,076176,072275,097875
0000000735,0000734000,085117,085411,083402,080444,070718,094999
0000000736,0000735000,085117,085839,083677,084588,070505,091149
0000000737,0000736000,085118,086028,084222,088227,071646,086701
0000000738,0000737000,085121,085944,084993,091025,074023,082086
0000000739,0000738000,085124,085582,085915,092727,077394,077753
0000000740,0000739000,085128,084967,086896,093180,081426,074119
0000000741,0000740000,085132,084152,087829,092343,085725,071529
0000000742,0000741000,085136,083221,088610,090295,089878,070226
0000000743,0000742000,085140,082271,089145,087222,093489,070328
0000000744,0000743000,085143,081397,089372,083404,096217,071821
0000000745,0000744000,085145,080698,089251,079190,097807,074554
0000000746,0000745000,085146,080256,088776,074966,098117,078261
0000000747,0000746000,085145,080128,087985,071121,097126,082577
0000000748,0000747000,085143,080345,086943,068007,094945,087081
0000000749,0000748000,085140,080901,085748,065908,091796,091337
0000000750,0000749000,085136,081751,084525,065014,087994,094935
0000000751,0000750000,085132,082814,083403,065403,083913,097536
0000000752,0000751000,085128,083988,082503,067038,079944,098898
0000000753,0000752000,085124,085152,081928,069772,076464,098900
0000000754,0000753000,085120,086187,081750,073357,073798,097551
0000000755,0000754000,085118,086981,082002,077467,072194,094987
0000000756,0000755000,085116,087444,082675,081726,071794,091463
0000000757,0000756000,085116,087509,083720,085745,072623,087324
0000000758,0000757000,085118,087155,085043,089155,074585,082978
0000000759,0000758000,085120,086402,086514,091647,077474,078847
0000000760,0000759000,085124,085315,087985,092996,080998,075326
0000000761,0000760000,085128,083997,089303,093083,084809,072745
0000000762,0000761000,085133,082577,090325,091901,088542,071340
0000000763,0000762000,085137,081196,090940,089557,091845,071234
0000000764,0000763000,085141,079994,091074,086263,094409,072425
0000000765,0000764000,085144,079099,090694,082315,096002,074790
0000000766,0000765000,085146,078617,089818,078072,096483,078091
0000000767,0000766000,085147,078611,088517,073923,095822,082000
0000000768,0000767000,085146,079102,086913,070245,094104,086133
0000000769,0000768000,085144,080054,085159,067374,091514,090086
0000000770,0000769000,085140,081379,083439,065566,088318,093483
0000000771,0000770000,085136,082951,081927,064982,084832,096007
0000000772,0000771000,085132,084619,080778,065672,081393,097431
0000000773,0000772000,085127,086219,080119,067574,078321,097636
0000000774,0000773000,085123,087587,080029,070519,075900,096616
0000000775,0000774000,085119,088585,080536,074242,074350,094480
0000000776,0000775000,085116,089091,081611,078407,073800,091448
0000000777,0000776000,085115,089035,083167,082635,074286,087823
0000000778,0000777000,085115,088408,085053,086540,075737,083965
0000000779,0000778000,085117,087261,087082,089768,077988,080250
0000000780,0000779000,085120,085701,089051,092031,080805,077031
0000000781,0000780000,085124,083878,090755,093128,083905,074605
0000000782,0000781000,085128,081970,092026,092963,086990,073187
0000000783,0000782000,085133,080156,092731,091552,089773,072892
0000000784,0000783000,085138,078620,092781,089019,092000,073730
0000000785,0000784000,085142,077525,092151,085589,093474,075606
0000000786,0000785000,085145,076995,090880,081571,094074,078323
0000000787,0000786000,085147,077108,089079,077328,093765,081605
0000000788,0000787000,085148,077868,086918,073247,092604,085124
0000000789,0000788000,085147,079206,084620,069697,090730,088536
0000000790,0000789000,085144,080990,082417,066996,088345,091518
0000000791,0000790000,085141,083050,080528,065382,085691,093797
0000000792,0000791000,085136,085192,079138,064996,083024,095177
0000000793,0000792000,085131,087209,078391,065871,080590,095550
0000000794,0000793000,085126,088902,078380,067932,078609,094901
0000000795,0000794000,085121,090093,079125,070996,077251,093312
0000000796,0000795000,085117,090645,080579,074792,076622,090957
0000000797,0000796000,085115,090475,082617,078976,076755,088078
0000000798,0000797000,085114,089589,085033,083169,077608,084966
0000000799,0000798000,085114,088075,087581,086992,079068,081926
0000000800,0000799000,085116,086079,090004,090102,080971,079245
0000000801,0000800000,085119,083799,092064,092227,083120,077163
0000000802,0000801000,085124,081444,093561,093181,085305,075858
0000000803,0000802000,085129,079238,094348,092879,087327,075425
0000000804,0000803000,085134,077400,094325,091349,089008,075880
0000000805,0000804000,085139,076124,093470,088722,090207,077156
0000000806,0000805000,085144,075555,091847,085231,090839,079106
0000000807,0000806000,085147,075776,089596,081188,090875,081523
0000000808,0000807000,085149,076780,086946,076959,090343,084159
0000000809,0000808000,085149,078455,084175,072927,089327,086756
0000000810,0000809000,085148,080638,081558,069451,087952,089071
0000000811,0000810000,085145,083116,079347,066837,086365,090899
0000000812,0000811000,085141,085657,077757,065313,084722,092090
0000000813,0000812000,085136,088028,076940,065013,083173,092561
0000000814,0000813000,085130,089990,076994,065962,081849,092298
0000000815,0000814000,085125,091338,077946,068081,080852,091355
0000000816,0000815000,085120,091917,079721,071184,080247,089850
0000000817,0000816000,085116,091647,082156,074997,080055,087952
0000000818,0000817000,085113,090543,085005,079176,080259,085856
0000000819,0000818000,085112,088727,087963,083341,080806,083770
0000000820,0000819000,085113,086388,090741,087122,081615,081888
0000000821,0000820000,085116,083744,093074,090188,082591,080370
0000000822,0000821000,085120,081048,094740,092270,083636,079336
0000000823,0000822000,085124,078546,095577,093187,084656,078853
0000000824,0000823000,085130,076484,095491,092859,085570,078930
0000000825,0000824000,085136,075085,094455,091312,086318,079526
0000000826,0000825000,085141,074505,092555,088678,086863,080553
0000000827,0000826000,085145,074819,089975,085189,087193,081886
0000000828,0000827000,085149,076007,086967,081157,087316,083381
0000000829,0000828000,085150,077938,083863,076947,087253,084892
0000000830,0000829000,085150,080394,080972,072938,087037,086279
0000000831,0000830000,085148,083162,078548,069475,086712,087430
0000000832,0000831000,085145,085979,076830,066866,086310,088261
0000000833,0000832000,085140,088567,075989,065334,085869,088728
0000000834,0000833000,085135,090696,076109,065014,085415,088823
0000000835,0000834000,085129,092125,077207,065936,084958,088580
0000000836,0000835000,085123,092690,079208,068023,084508,088056
0000000837,0000836000,085118,092335,081892,071095,084063,087326
0000000838,0000837000,085114,091088,085000,074877,083624,086482
0000000839,0000838000,085112,089077,088200,079032,083200,085600
0000000840,0000839000,085112,086539,091152,083181,082806,084765
0000000841,0000840000,085113,083702,093625,086967,082456,084034
0000000842,0000841000,085116,080807,095367,090057,082179,083448
0000000843,0000842000,085120,078176,096198,092182,082004,083030
0000000844,0000843000,085125,076029,096037,093161,081958,082781
0000000845,0000844000,085131,074596,094891,092902,082083,082676
0000000846,0000845000,085137,074056,092834,091430,082404,082685
0000000847,0000846000,085142,074449,090088,088864,082935,082785
0000000848,0000847000,085147,075740,086943,085434,083670,082945
0000000849,0000848000,085150,077783,083712,081445,084570,083151
0000000850,0000849000,085151,080360,080745,077258,085575,083389
0000000851,0000850000,085150,083219,078275,073239,086609,083653
0000000852,0000851000,085148,086124,076549,069735,087583,083952
0000000853,0000852000,085144,088754,075749,067058,088400,084285
0000000854,0000853000,085139,090872,075945,065430,088976,084666
0000000855,0000854000,085133,092274,077130,065002,089215,085107
0000000856,0000855000,085127,092772,079201,065808,089057,085609
0000000857,0000856000,085122,092349,081950,067785,088472,086151
0000000858,0000857000,085117,091039,085075,070763,087471,086696
0000000859,0000858000,085114,088997,088265,074474,086120,087192
0000000860,0000859000,085112,086443,091183,078587,084521,087586
0000000861,0000860000,085112,083614,093595,082736,082810,087825
0000000862,0000861000,085114,080758,095272,086566,081139,087852
0000000863,0000862000,085117,078188,096016,089736,079671,087635
0000000864,0000863000,085121,076150,095776,091980,078550,087152
0000000865,0000864000,085127,074816,094579,093099,077921,086397
0000000866,0000865000,085132,074371,092530,092994,077886,085399
0000000867,0000866000,085138,074832,089836,091673,078489,084225
0000000868,0000867000,085143,076127,086800,089242,079717,082975
0000000869,0000868000,085147,078126,083728,085920,081482,081764
0000000870,0000869000,085149,080612,080912,082003,083639,080719
0000000871,0000870000,085150,083349,078619,077837,086000,079954
0000000872,0000871000,085149,086081,077050,073786,088347,079570
0000000873,0000872000,085147,088533,076375,070201,090460,079637
0000000874,0000873000,085143,090450,076659,067395,092125,080190
0000000875,0000874000,085138,091660,077857,065605,093155,081226
0000000876,0000875000,085132,092039,079845,064992,093411,082689
0000000877,0000876000,085127,091554,082415,065609,092825,084470
0000000878,0000877000,085122,090282,085301,067410,091416,086409
0000000879,0000878000,085117,088372,088184,070237,089290,088321
0000000880,0000879000,085114,086016,090813,073838,086626,090019
0000000881,0000880000,085113,083429,092939,077896,083665,091323
0000000882,0000881000,085113,080881,094358,082052,080681,092083
0000000883,0000882000,085115,078623,094924,085949,077954,092195
0000000884,0000883000,085118,076877,094597,089246,075758,091608
0000000885,0000884000,085122,075819,093424,091663,074327,090332
0000000886,0000885000,085128,075538,091529,092988,073834,088447
0000000887,0000886000,085133,076046,089136,093104,074364,086106
0000000888,0000887000,085138,077257,086489,091999,075902,083519
0000000889,0000888000,085142,079051,083850,089763,078328,080933
0000000890,0000889000,085146,081235,081475,086596,081427,078603
0000000891,0000890000,085148,083588,079591,082776,084920,076766
0000000892,0000891000,085149,085892,078370,078642,088481,075619
0000000893,0000892000,085148,087902,077926,074550,091769,075304
0000000894,0000893000,085145,089411,078312,070857,094462,075888
0000000895,0000894000,085142,090280,079446,067880,096282,077354
0000000896,0000895000,085137,090454,081191,065873,097024,079603
0000000897,0000896000,085132,089923,083361,065015,096581,082444
0000000898,0000897000,085127,088773,085720,065381,094972,085618
0000000899,0000898000,085123,087147,088030,066944,092322,088823
0000000900,0000899000,085119,085193,090077,069566,088869,091747
0000000901,0000900000,085116,083114,091673,073018,084932,094095
0000000902,0000901000,085110,091355,094815,076016,084588,095624
0000000903,0000902000,079950,096539,092016,079099,084588,096247
0000000904,0000903000,070746,084621,091711,079099,084588,097033
0000000905,0000904000,076803,079241,096355,079099,084588,093724
0000000906,0000905000,082753,077487,085140,079099,084588,091330
0000000907,0000906000,085268,081412,088750,079099,084588,089147
0000000908,0000907000,075275,070403,085066,079099,084588,084795
0000000909,0000908000,091882,077158,099455,079099,084588,084795
0000000910,0000909000,092655,069402,092930,079099,084588,084795
0000000911,0000910000,090536,069527,082483,079099,084588,084795
0000000912,0000911000,099998,084483,089589,079099,084588,084795
0000000913,0000912000,088145,071425,077864,079099,084588,084795
0000000914,0000913000,098273,078943,083048,079099,084588,084795
0000000915,0000914000,098385,084770,076971,079099,084588,084795
0000000916,0000915000,088136,084140,068588,079099,084588,084795
0000000917,0000916000,094315,094229,082520,079099,084588,084795
0000000918,0000917000,083779,085062,075481,079099,084588,084795
0000000919,0000918000,085294,093083,075960,079099,084588,084795
0000000920,0000919000,084276,099998,078669,079099,084588,084795
0000000921,0000920000,073314,090032,077906,079099,084588,084795
0000000922,0000921000,080210,093936,092544,079099,084588,084795
0000000923,0000922000,074074,089018,087121,079099,084588,084795
0000000924,0000923000,072965,090849,086800,079099,084588,084795
0000000925,0000924000,077110,090745,096119,079099,084588,084795
0000000926,0000925000,072438,076192,094548,079099,084588,084795
0000000927,0000926000,081560,080461,099998,079099,084588,084795
0000000928,0000927000,080762,079479,094304,079099,084588,084795
0000000929,0000928000,080844,074777,093044,079099,084588,084795
0000000930,0000929000,089913,074183,099569,079099,084588,084795
0000000931,0000930000,088261,067736,090034,079099,084588,084795
0000000932,0000931000,094300,075801,087772,079099,084588,084795
0000000933,0000932000,094773,077024,085492,079099,084588,084795
0000000934,0000933000,092894,072270,082845,079099,084588,084795
0000000935,0000934000,099087,079305,083988,079099,084588,084795
0000000936,0000935000,094133,081720,073327,079099,084588,084795
0000000937,0000936000,093502,087390,073832,079099,084588,084795
0000000938,0000937000,092322,087837,078543,079099,084588,084795
0000000939,0000938000,086550,086105,075625,079099,084588,084795
0000000940,0000939000,087468,096203,076811,079099,084588,084795
0000000941,0000940000,081078,096089,074888,079099,084588,084795
0000000942,0000941000,078614,092754,081332,079099,084588,084795
0000000943,0000942000,078677,092280,088179,079099,084588,084795
0000000944,0000943000,073305,091027,084847,079099,084588,084795
0000000945,0000944000,075026,094347,089010,079099,084588,084795
0000000946,0000945000,074064,087035,093194,079099,084588,084795
0000000947,0000946000,074891,080035,096723,079099,084588,084795
0000000948,0000947000,078887,082066,097964,079099,084588,084795
0000000949,0000948000,077849,079388,093208,079099,084588,084795
0000000950,0000949000,083002,076453,096971,079099,084588,084795
0000000951,0000950000,086811,071114,097861,079099,084588,084795
0000000952,0000951000,088315,070746,092266,079099,084588,084795
0000000953,0000952000,092752,076448,089075,079099,084588,084795
0000000954,0000953000,093009,073464,085379,079099,084588,084795
0000000955,0000954000,096076,072646,086122,079099,084588,084795
0000000956,0000955000,097051,077048,082480,079099,084588,084795
0000000957,0000956000,094371,082117,075019,079099,084588,084795
0000000958,0000957000,095282,086384,075734,079099,084588,084795
0000000959,0000958000,092528,084122,076535,079099,084588,084795
0000000960,0000959000,089735,087662,076364,079099,084588,084795
0000000961,0000960000,086688,095167,074961,079099,084588,084795
0000000962,0000961000,082003,095257,074714,079099,084588,084795
0000000963,0000962000,081669,093275,081507,079099,084588,084795
0000000964,0000963000,078176,091660,084444,079099,084588,084795
0000000965,0000964000,074404,094114,084656,079099,084588,084795
0000000966,0000965000,074207,094457,088030,079099,084588,084795
0000000967,0000966000,073914,086763,091902,079099,084588,084795
0000000968,0000967000,075925,083016,096606,079099,084588,084795
0000000969,0000968000,075966,083014,096074,079099,084588,084795
0000000970,0000969000,077014,081202,094758,079099,084588,084795
0000000971,0000970000,082241,076462,097662,079099,084588,084795
0000000972,0000971000,085171,070882,097184,079099,084588,084795
0000000973,0000972000,087699,072870,094218,079099,084588,084795
0000000974,0000973000,089996,075363,090137,079099,084588,084795
0000000975,0000974000,092918,072551,087580,079099,084588,084795
0000000976,0000975000,096828,071981,087118,079099,084588,084795
0000000977,0000976000,095993,075566,082296,079099,084588,084795
0000000978,0000977000,094853,081624,077769,079099,084588,084795
0000000979,0000978000,095447,083688,076520,079099,084588,084795
0000000980,0000979000,094373,082842,076074,079099,084588,084795
0000000981,0000980000,091795,087706,075969,079099,084588,084795
0000000982,0000981000,086800,093353,074212,079099,084588,084795
0000000983,0000982000,083907,094675,075341,079099,084588,084795
0000000984,0000983000,083174,092909,079532,079099,084588,084795
0000000985,0000984000,079369,092454,081773,079099,084588,084795
0000000986,0000985000,075459,095550,084047,079099,084588,084795
0000000987,0000986000,073568,094174,087007,079099,084588,084795
0000000988,0000987000,074595,088417,090775,079099,084588,084795
0000000989,0000988000,075787,085303,094362,079099,084588,084795
0000000990,0000989000,074392,084358,095161,079099,084588,084795
0000000991,0000990000,075939,082407,096353,079099,084588,084795
0000000992,0000991000,080464,077073,097452,079099,084588,084795
0000000993,0000992000,084112,072839,096858,079099,084588,084795
0000000994,0000993000,086251,073706,095278,079099,084588,084795
0000000995,0000994000,087803,074107,092293,079099,084588,084795
0000000996,0000995000,092131,072296,090005,079099,084588,084795
0000000997,0000996000,096107,071659,087315,079099,084588,084795
0000000998,0000997000,095938,074752,083234,079099,084588,084795
0000000999,0000998000,094977,079474,080562,079099,084588,084795
0000001000,0000999000,095405,081047,077992,079099,084588,084795
0000001001,0001000000,095945,082430,075902,079099,084588,084795
0000001002,0001001000,093330,086807,074933,079099,084588,084795
0000001003,0001002000,088332,091019,074720,079099,084588,084795
0000001004,0001003000,085731,093167,075910,079099,084588,084795
0000001005,0001004000,084317,093078,077226,079099,084588,084795
0000001006,0001005000,081220,093751,079235,079099,084588,084795
0000001007,0001006000,076875,095317,082810,079099,084588,084795
0000001008,0001007000,073968,093911,086358,079099,084588,084795
0000001009,0001008000,074773,090720,089138,079099,084588,084795
0000001010,0001009000,075399,087987,091353,079099,084588,084795
0000001011,0001010000,074055,085806,094338,079099,084588,084795
0000001012,0001011000,074769,082776,097341,079099,084588,084795
0000001013,0001012000,078311,078781,097302,079099,084588,084795
0000001014,0001013000,082426,075955,096126,079099,084588,084795
0000001015,0001014000,084669,074292,095837,079099,084588,084795
0000001016,0001015000,086409,072792,095049,079099,084588,084795
0000001017,0001016000,090297,072141,092330,079099,084588,084795
0000001018,0001017000,094295,072391,087819,079099,084588,084795
0000001019,0001018000,095845,074065,084516,079099,084588,084795
0000001020,0001019000,095338,076293,083177,079099,084588,084795
0000001021,0001020000,095426,078597,080298,079099,084588,084795
0000001022,0001021000,096378,082082,076218,079099,084588,084795
0000001023,0001022000,094707,085752,074131,079099,084588,084795
0000001024,0001023000,090882,088084,075411,079099,084588,084795
0000001025,0001024000,087678,090683,076420,079099,084588,084795
0000001026,0001025000,085378,093444,075564,079099,084588,084795
0000001027,0001026000,082883,095000,076717,079099,084588,084795
0000001028,0001027000,079200,094408,081044,079099,084588,084795
0000001029,0001028000,075638,093380,085357,079099,084588,084795
0000001030,0001029000,074508,092918,087308,079099,084588,084795
0000001031,0001030000,074722,091105,088631,079099,084588,084795
0000001032,0001031000,074460,087316,092760,079099,084588,084795
0000001033,0001032000,074342,083228,097099,079099,084588,084795
0000001034,0001033000,076125,080945,097333,079099,084588,084795
0000001035,0001034000,079750,079294,095635,079099,084588,084795
0000001036,0001035000,082989,075512,096018,079099,084588,084795
0000001037,0001036000,085491,071990,097025,079099,084588,084795
0000001038,0001037000,088112,071999,094553,079099,084588,084795
0000001039,0001038000,091488,073548,089397,079099,084588,084795
0000001040,0001039000,094827,073588,086210,079099,084588,084795
0000001041,0001040000,096032,073311,085217,079099,084588,084795
0000001042,0001041000,095702,076115,082672,079099,084588,084795
0000001043,0001042000,095774,081119,077767,079099,084588,084795
0000001044,0001043000,095572,084352,074551,079099,084588,084795
0000001045,0001044000,093739,085341,075497,079099,084588,084795
0000001046,0001045000,090179,087933,076477,079099,084588,084795
0000001047,0001046000,086685,092763,075028,079099,084588,084795
0000001048,0001047000,084150,095446,075037,079099,084588,084795
0000001049,0001048000,081871,093913,078737,079099,084588,084795
0000001050,0001049000,078430,092830,083285,079099,084588,084795
0000001051,0001050000,074983,094204,085424,079099,084588,084795
0000001052,0001051000,073884,093773,086829,079099,084588,084795
0000001053,0001052000,074712,089396,090491,079099,084588,084795
0000001054,0001053000,074803,084675,095069,079099,084588,084795
0000001055,0001054000,074649,082970,096905,079099,084588,084795
0000001056,0001055000,076676,081870,096068,079099,084588,084795
0000001057,0001056000,080705,077691,096110,079099,084588,084795
0000001058,0001057000,084268,072932,097383,079099,084588,084795
0000001059,0001058000,086314,072041,096212,079099,084588,084795
0000001060,0001059000,088503,073807,092200,079099,084588,084795
0000001061,0001060000,092487,073478,088643,079099,084588,084795
0000001062,0001061000,095874,071895,086744,079099,084588,084795
0000001063,0001062000,096275,073899,084391,079099,084588,084795
0000001064,0001063000,095196,078835,080556,079099,084588,084795
0000001065,0001064000,095517,082206,076785,079099,084588,084795
0000001066,0001065000,095812,083373,075419,079099,084588,084795
0000001067,0001066000,093154,085717,075657,079099,084588,084795
0000001068,0001067000,088782,090431,075331,079099,084588,084795
0000001069,0001068000,085665,094067,074857,079099,084588,084795
0000001070,0001069000,083945,094063,076505,079099,084588,084795
0000001071,0001070000,081460,093141,079995,079099,084588,084795
0000001072,0001071000,077114,094255,083176,079099,084588,084795
0000001073,0001072000,074011,094849,085686,079099,084588,084795
0000001074,0001073000,074289,091908,088384,079099,084588,084795
0000001075,0001074000,075295,087618,091603,079099,084588,084795
0000001076,0001075000,074460,085107,095017,079099,084588,084795
0000001077,0001076000,074402,083303,096838,079099,084588,084795
0000001078,0001077000,077662,080155,096735,079099,084588,084795
0000001079,0001078000,082074,076003,096506,079099,084588,084795
0000001080,0001079000,084669,073239,096619,079099,084588,084795
0000001081,0001080000,086284,072954,095337,079099,084588,084795
0000001082,0001081000,089349,073124,092073,079099,084588,084795
0000001083,0001082000,093778,072368,088398,079099,084588,084795
0000001084,0001083000,096272,072771,085528,079099,084588,084795
0000001085,0001084000,095581,075497,083468,079099,084588,084795
0000001086,0001085000,095063,079003,080500,079099,084588,084795
0000001087,0001086000,096182,081766,076610,079099,084588,084795
0000001088,0001087000,095565,084480,074509,079099,084588,084795
0000001089,0001088000,092017,087182,075351,079099,084588,084795
0000001090,0001089000,088012,090560,075983,079099,084588,084795
0000001091,0001090000,085607,093570,075373,079099,084588,084795
0000001092,0001091000,083644,094547,076369,079099,084588,084795
0000001093,0001092000,080478,094008,080078,079099,084588,084795
0000001094,0001093000,076325,093980,084244,079099,084588,084795
0000001095,0001094000,074077,093729,086763,079099,084588,084795
0000001096,0001095000,074654,091653,088233,079099,084588,084795
0000001097,0001096000,075004,087941,091612,079099,084588,084795
0000001098,0001097000,074109,084429,096018,079099,084588,084795
0000001099,0001098000,074966,081976,097602,079099,084588,084795
0000001100,0001099000,078477,079972,096130,079099,084588,084795
0000001101,0001100000,082364,076307,095869,079099,084588,084795
