0000000001,0000000000,094479,086690,078873,030791,034739,084390
0000000002,0000001000,092345,089408,078289,040544,025461,083917
0000000003,0000002000,089704,091738,078600,051382,018464,080074
0000000004,0000003000,086848,093417,079777,062263,014420,073238
0000000005,0000004000,084055,094279,081710,072103,013747,064069
0000000006,0000005000,081567,094270,084207,079954,016497,053469
0000000007,0000006000,079646,093384,087013,085037,022395,042488
0000000008,0000007000,078502,091675,089866,086863,030868,032191
0000000009,0000008000,078215,089339,092488,085236,041111,023574
0000000010,0000009000,078815,086615,094614,080340,052084,017497
0000000011,0000010000,080261,083746,096036,072644,062720,014557
0000000012,0000011000,082415,081007,096621,062886,072004,015030
0000000013,0000012000,085036,078699,096309,052038,079011,018872
0000000014,0000013000,087889,077022,095132,041171,083041,025709
0000000015,0000014000,090701,076142,093200,031328,083715,034877
0000000016,0000015000,093181,076158,090703,023469,080975,045476
0000000017,0000016000,095089,077059,087895,018392,075070,056458
0000000018,0000017000,096251,078748,085044,016572,066593,066756
0000000019,0000018000,096535,081086,082422,018189,056359,075372
0000000020,0000019000,095923,083825,080295,023088,045384,081448
0000000021,0000020000,094486,086684,078873,030790,034740,084390
0000000022,0000021000,092339,089415,078289,040540,025465,083916
0000000023,0000022000,089702,091740,078600,051391,018457,080073
0000000024,0000023000,086856,093410,079777,062262,014421,073237
0000000025,0000024000,084053,094281,081710,072102,013749,064069
0000000026,0000025000,081559,094277,084207,079956,016495,053469
0000000027,0000026000,079652,093378,087013,085044,022388,042488
0000000028,0000027000,078504,091673,089865,086858,030872,032190
0000000029,0000028000,078209,089345,092488,085238,041109,023574
0000000030,0000029000,078814,086615,094614,080345,052079,017497
0000000031,0000030000,080268,083739,096036,072646,062719,014556
0000000032,0000031000,082411,081012,096621,062885,072006,015029
0000000033,0000032000,085033,078701,096309,052042,079006,018872
0000000034,0000033000,087893,077018,095132,041175,083038,025708
0000000035,0000034000,090702,076141,093200,031327,083718,034876
0000000036,0000035000,093177,076163,090703,023473,080973,045475
0000000037,0000036000,095092,077055,087896,018395,075069,056456
0000000038,0000037000,096252,078747,085044,016573,066593,066754
0000000039,0000038000,096533,081089,082421,018189,056361,075370
0000000040,0000039000,095924,083824,080295,023091,045382,081447
0000000041,0000040000,094487,086682,078873,030790,034742,084389
0000000042,0000041000,092337,089417,078289,040541,025465,083915
0000000043,0000042000,089703,091740,078600,051391,018457,080073
0000000044,0000043000,086858,093408,079777,062262,014421,073237
0000000045,0000044000,084051,094283,081710,072101,013750,064069
0000000046,0000045000,081560,094277,084206,079957,016493,053470
0000000047,0000046000,079654,093376,087013,085043,022389,042489
0000000048,0000047000,078502,091675,089866,086858,030872,032191
0000000049,0000048000,078208,089347,092488,085240,041106,023575
0000000050,0000049000,078817,086612,094614,080346,052076,017498
0000000051,0000050000,080266,083740,096037,072645,062719,014557
0000000052,0000051000,082407,081015,096621,062889,072001,015030
0000000053,0000052000,085037,078697,096309,052046,079003,018872
0000000054,0000053000,087894,077016,095133,041176,083037,025707
0000000055,0000054000,090697,076145,093200,031330,083716,034875
0000000056,0000055000,093179,076161,090703,023479,080968,045473
0000000057,0000056000,095095,077052,087896,018396,075070,056454
0000000058,0000057000,096249,078750,085044,016575,066594,066751
0000000059,0000058000,096531,081090,082421,018194,056359,075367
0000000060,0000059000,095929,083819,080295,023093,045383,081445
0000000061,0000060000,094486,086684,078873,030788,034746,084386
0000000062,0000061000,092334,089420,078288,040543,025465,083913
0000000063,0000062000,089706,091737,078599,051392,018457,080071
0000000064,0000063000,086860,093407,079776,062258,014426,073237
0000000065,0000064000,084047,094287,081709,072099,013751,064069
0000000066,0000065000,081561,094276,084206,079957,016492,053471
0000000067,0000066000,079656,093374,087013,085040,022390,042491
0000000068,0000067000,078499,091679,089865,086855,030872,032194
0000000069,0000068000,078207,089348,092488,085241,041102,023578
0000000070,0000069000,078820,086609,094614,080346,052073,017501
0000000071,0000070000,080264,083742,096037,072644,062716,014559
0000000072,0000071000,082405,081017,096621,062892,071996,015032
0000000073,0000072000,085038,078695,096310,052049,078998,018873
0000000074,0000073000,087893,077016,095134,041179,083035,025707
0000000075,0000074000,090695,076147,093201,031336,083712,034873
0000000076,0000075000,093180,076159,090704,023485,080965,045471
0000000077,0000076000,095096,077050,087897,018400,075070,056451
0000000078,0000077000,096247,078751,085045,016579,066594,066747
0000000079,0000078000,096533,081089,082421,018199,056359,075362
0000000080,0000079000,095931,083817,080295,023094,045387,081440
0000000081,0000080000,094485,086685,078873,030789,034751,084382
0000000082,0000081000,092335,089420,078287,040543,025469,083909
0000000083,0000082000,089709,091735,078599,051389,018463,080069
0000000084,0000083000,086858,093409,079776,062254,014431,073236
0000000085,0000084000,084046,094289,081708,072096,013754,064070
0000000086,0000085000,081564,094275,084205,079952,016494,053474
0000000087,0000086000,079655,093375,087012,085033,022392,042495
0000000088,0000087000,078496,091682,089865,086852,030870,032199
0000000089,0000088000,078208,089347,092487,085239,041098,023584
0000000090,0000089000,078819,086609,094614,080343,052070,017507
0000000091,0000090000,080260,083745,096037,072645,062710,014564
0000000092,0000091000,082405,081016,096622,062896,071988,015036
0000000093,0000092000,085039,078693,096311,052053,078992,018875
0000000094,0000093000,087890,077018,095135,041184,083029,025707
0000000095,0000094000,090694,076147,093202,031344,083705,034871
0000000096,0000095000,093183,076155,090705,023492,080962,045467
0000000097,0000096000,095095,077050,087898,018406,075070,056445
0000000098,0000097000,096246,078752,085045,016587,066594,066740
0000000099,0000098000,096536,081085,082422,018204,056362,075355
0000000100,0000099000,095932,083816,080295,023095,045393,081432
0000000101,0000100000,094484,086687,078872,030789,034757,084375
0000000102,0000101000,092338,089418,078286,040542,025475,083904
0000000103,0000102000,089712,091733,078598,051383,018471,080066
0000000104,0000103000,086857,093412,079774,062247,014439,073235
0000000105,0000104000,084047,094290,081706,072089,013758,064072
0000000106,0000105000,081566,094274,084203,079943,016499,053478
0000000107,0000106000,079654,093378,087011,085025,022394,042502
0000000108,0000107000,078495,091684,089864,086846,030867,032207
0000000109,0000108000,078209,089347,092487,085234,041094,023593
0000000110,0000109000,078817,086611,094615,080340,052065,017516
0000000111,0000110000,080257,083748,096038,072647,062701,014572
0000000112,0000111000,082405,081015,096623,062900,071978,015042
0000000113,0000112000,085038,078693,096313,052058,078983,018879
0000000114,0000113000,087887,077019,095137,041193,083019,025708
0000000115,0000114000,090694,076145,093204,031355,083697,034869
0000000116,0000115000,093183,076152,090707,023502,080957,045462
0000000117,0000116000,095094,077050,087899,018416,075068,056436
0000000118,0000117000,096247,078750,085046,016597,066594,066729
0000000119,0000118000,096539,081082,082422,018210,056367,075343
0000000120,0000119000,095933,083815,080295,023098,045402,081421
0000000121,0000120000,094486,086686,078871,030790,034766,084364
0000000122,0000121000,092342,089416,078285,040538,025487,083896
0000000123,0000122000,089713,091734,078596,051375,018484,080061
0000000124,0000123000,086857,093414,079772,062238,014449,073234
0000000125,0000124000,084050,094289,081704,072078,013767,064075
0000000126,0000125000,081566,094275,084201,079930,016506,053485
0000000127,0000126000,079651,093382,087009,085013,022396,042511
0000000128,0000127000,078494,091686,089862,086837,030865,032219
0000000129,0000128000,078208,089348,092487,085226,041089,023607
0000000130,0000129000,078813,086615,094615,080336,052056,017529
0000000131,0000130000,080255,083749,096039,072648,062688,014584
0000000132,0000131000,082404,081014,096625,062905,071964,015051
0000000133,0000132000,085034,078694,096315,052066,078970,018884
0000000134,0000133000,087884,077020,095139,041206,083005,025709
0000000135,0000134000,090695,076142,093206,031370,083686,034866
0000000136,0000135000,093183,076150,090709,023516,080951,045454
0000000137,0000136000,095093,077049,087901,018431,075064,056425
0000000138,0000137000,096250,078746,085047,016610,066595,066715
0000000139,0000138000,096542,081078,082423,018218,056374,075328
0000000140,0000139000,095934,083814,080295,023103,045412,081405
0000000141,0000140000,094489,086684,078870,030791,034779,084351
0000000142,0000141000,092346,089414,078283,040533,025503,083885
0000000143,0000142000,089714,091735,078593,051365,018501,080055
0000000144,0000143000,086859,093415,079769,062225,014463,073232
0000000145,0000144000,084053,094290,081701,072062,013779,064079
0000000146,0000145000,081566,094279,084199,079912,016514,053493
0000000147,0000146000,079650,093386,087007,084997,022399,042524
0000000148,0000147000,078494,091688,089861,086823,030862,032236
0000000149,0000148000,078206,089351,092486,085215,041082,023624
0000000150,0000149000,078809,086619,094615,080331,052043,017546
0000000151,0000150000,080253,083750,096040,072649,062671,014600
0000000152,0000151000,082401,081015,096627,062910,071946,015064
0000000153,0000152000,085030,078695,096318,052078,078951,018892
0000000154,0000153000,087882,077018,095142,041223,082987,025711
0000000155,0000154000,090694,076138,093210,031388,083672,034861
0000000156,0000155000,093181,076149,090713,023536,080942,045443
0000000157,0000156000,095094,077045,087904,018451,075060,056410
0000000158,0000157000,096253,078741,085049,016626,066598,066697
0000000159,0000158000,096544,081075,082424,018230,056383,075307
0000000160,0000159000,095937,083812,080294,023110,045426,081385
0000000161,0000160000,094494,086681,078868,030791,034797,084333
0000000162,0000161000,092350,089412,078281,040525,025524,083871
0000000163,0000162000,089716,091736,078590,051353,018522,080046
0000000164,0000163000,086863,093416,079765,062208,014482,073230
0000000165,0000164000,084055,094291,081697,072040,013796,064084
0000000166,0000165000,081565,094283,084195,079890,016525,053505
0000000167,0000166000,079649,093390,087004,084977,022402,042541
0000000168,0000167000,078493,091691,089859,086805,030859,032257
0000000169,0000168000,078201,089356,092485,085201,041072,023647
0000000170,0000169000,078805,086623,094616,080325,052026,017569
0000000171,0000170000,080249,083752,096042,072650,062650,014620
0000000172,0000171000,082396,081017,096630,062918,071923,015079
0000000173,0000172000,085026,078696,096322,052093,078926,018901
0000000174,0000173000,087880,077016,095147,041243,082965,025713
0000000175,0000174000,090692,076135,093215,031411,083654,034855
0000000176,0000175000,093180,076146,090717,023561,080930,045430
0000000177,0000176000,095095,077041,087907,018475,075054,056391
0000000178,0000177000,096256,078735,085052,016646,066601,066673
0000000179,0000178000,096547,081072,082425,018244,056394,075281
0000000180,0000179000,095941,083808,080293,023118,045443,081360
0000000181,0000180000,094500,086677,078866,030790,034820,084310
0000000182,0000181000,092354,089412,078277,040516,025551,083854
0000000183,0000182000,089720,091737,078585,051337,018548,080036
0000000184,0000183000,086867,093416,079760,062185,014507,073228
0000000185,0000184000,084056,094295,081692,072014,013816,064090
0000000186,0000185000,081565,094288,084190,079863,016538,053519
0000000187,0000186000,079649,093394,087000,084951,022407,042563
0000000188,0000187000,078490,091696,089856,086782,030856,032283
0000000189,0000188000,078197,089362,092484,085185,041060,023676
0000000190,0000189000,078800,086626,094616,080317,052006,017597
0000000191,0000190000,080244,083754,096044,072650,062625,014645
0000000192,0000191000,082390,081019,096634,062928,071894,015098
0000000193,0000192000,085021,078696,096326,052112,078896,018912
0000000194,0000193000,087878,077013,095152,041268,082937,025715
0000000195,0000194000,090690,076133,093220,031440,083632,034848
0000000196,0000195000,093179,076142,090722,023593,080914,045414
0000000197,0000196000,095097,077034,087911,018505,075048,056367
0000000198,0000197000,096259,078729,085055,016671,066606,066644
0000000199,0000198000,096551,081067,082426,018263,056408,075249
0000000200,0000199000,095947,083803,080292,023127,045465,081328
0000000201,0000200000,094506,086673,078864,030789,034850,084282
0000000202,0000201000,092359,089411,078273,040505,025584,083832
0000000203,0000202000,089726,091737,078580,051317,018581,080023
0000000204,0000203000,086872,093418,079754,062157,014537,073226
0000000205,0000204000,084058,094299,081686,071981,013841,064098
0000000206,0000205000,081565,094294,084184,079829,016554,053537
0000000207,0000206000,079648,093400,086995,084918,022413,042589
0000000208,0000207000,078487,091703,089853,086754,030852,032315
0000000209,0000208000,078191,089368,092483,085165,041044,023711
0000000210,0000209000,078795,086631,094617,080308,051981,017632
0000000211,0000210000,080238,083758,096047,072651,062593,014676
0000000212,0000211000,082383,081022,096639,062940,071858,015122
0000000213,0000212000,085016,078695,096332,052135,078859,018926
0000000214,0000213000,087873,077010,095159,041298,082904,025718
0000000215,0000214000,090686,076129,093227,031476,083605,034839
0000000216,0000215000,093179,076136,090728,023631,080896,045394
0000000217,0000216000,095099,077027,087917,018541,075042,056338
0000000218,0000217000,096262,078723,085058,016701,066611,066608
0000000219,0000218000,096556,081060,082427,018285,056424,075211
0000000220,0000219000,095955,083796,080292,023138,045492,081290
0000000221,0000220000,094513,086669,078861,030787,034884,084249
0000000222,0000221000,092366,089409,078268,040492,025622,083807
0000000223,0000222000,089733,091736,078573,051293,018620,080008
0000000224,0000223000,086877,093420,079746,062124,014574,073222
0000000225,0000224000,084061,094304,081678,071942,013870,064108
0000000226,0000225000,081566,094300,084177,079788,016573,053559
0000000227,0000226000,079647,093407,086989,084879,022421,042621
0000000228,0000227000,078482,091712,089849,086721,030846,032354
0000000229,0000228000,078185,089376,092481,085142,041026,023753
0000000230,0000229000,078788,086637,094618,080295,051952,017673
0000000231,0000230000,080229,083763,096051,072652,062556,014712
0000000232,0000231000,082375,081025,096644,062955,071815,015150
0000000233,0000232000,085009,078695,096340,052161,078816,018943
0000000234,0000233000,087867,077008,095167,041334,082865,025721
0000000235,0000234000,090682,076125,093236,031519,083573,034829
0000000236,0000235000,093178,076128,090736,023675,080874,045371
0000000237,0000236000,095101,077018,087923,018583,075034,056304
0000000238,0000237000,096266,078715,085063,016737,066617,066566
0000000239,0000238000,096563,081052,082429,018311,056444,075165
0000000240,0000239000,095963,083789,080291,023151,045524,081245
0000000241,0000240000,094522,086664,078857,030786,034926,084209
0000000242,0000241000,092374,089406,078262,040476,025668,083776
0000000243,0000242000,089741,091736,078565,051264,018667,079990
0000000244,0000243000,086882,093423,079737,062084,014617,073219
0000000245,0000244000,084064,094310,081669,071896,013905,064119
0000000246,0000245000,081568,094306,084169,079740,016596,053584
0000000247,0000246000,079645,093416,086983,084833,022430,042658
0000000248,0000247000,078477,091721,089844,086682,030839,032399
0000000249,0000248000,078179,089385,092479,085114,041004,023802
0000000250,0000249000,078779,086644,094619,080281,051917,017722
0000000251,0000250000,080219,083769,096054,072654,062512,014755
0000000252,0000251000,082365,081027,096650,062972,071765,015182
0000000253,0000252000,085001,078694,096348,052192,078766,018962
0000000254,0000253000,087860,077005,095177,041377,082819,025725
0000000255,0000254000,090678,076119,093245,031569,083536,034816
0000000256,0000255000,093178,076120,090745,023728,080850,045343
0000000257,0000256000,095103,077009,087931,018632,075025,056263
0000000258,0000257000,096271,078705,085068,016779,066624,066517
0000000259,0000258000,096571,081042,082431,018341,056467,075112
0000000260,0000259000,095973,083781,080290,023166,045561,081193
0000000261,0000260000,094532,086658,078853,030784,034973,084163
0000000262,0000261000,092385,089402,078255,040458,025722,083741
0000000263,0000262000,089751,091736,078556,051230,018722,079969
0000000264,0000263000,086889,093427,079727,062038,014667,073215
0000000265,0000264000,084069,094316,081658,071843,013945,064133
0000000266,0000265000,081569,094315,084159,079683,016623,053614
0000000267,0000266000,079642,093426,086975,084779,022440,042701
0000000268,0000267000,078471,091732,089839,086637,030831,032452
0000000269,0000268000,078171,089395,092477,085082,040979,023860
0000000270,0000269000,078769,086654,094620,080265,051877,017778
0000000271,0000270000,080208,083776,096059,072656,062460,014804
0000000272,0000271000,082355,081031,096658,062993,071707,015220
0000000273,0000272000,084991,078694,096358,052229,078708,018984
0000000274,0000273000,087852,077002,095188,041426,082766,025729
0000000275,0000274000,090674,076112,093257,031627,083492,034801
0000000276,0000275000,093177,076110,090756,023788,080822,045311
0000000277,0000276000,095105,076998,087939,018689,075015,056217
0000000278,0000277000,096276,078693,085074,016827,066633,066460
0000000279,0000278000,096580,081030,082434,018375,056494,075050
0000000280,0000279000,095983,083771,080288,023182,045605,081133
0000000281,0000280000,094543,086651,078848,030782,035028,084111
0000000282,0000281000,092397,089398,078247,040436,025784,083701
0000000283,0000282000,089761,091736,078546,051191,018784,079946
0000000284,0000283000,086897,093431,079715,061986,014724,073211
0000000285,0000284000,084074,094323,081646,071781,013990,064149
0000000286,0000285000,081571,094325,084148,079619,016653,053648
0000000287,0000286000,079639,093439,086965,084719,022451,042751
0000000288,0000287000,078466,091745,089832,086586,030821,032513
0000000289,0000288000,078162,089406,092474,085046,040950,023925
0000000290,0000289000,078757,086664,094622,080248,051831,017842
0000000291,0000290000,080195,083784,096064,072659,062401,014860
0000000292,0000291000,082342,081034,096666,063016,071641,015263
0000000293,0000292000,084979,078694,096369,052270,078641,019009
0000000294,0000293000,087843,076998,095201,041483,082705,025733
0000000295,0000294000,090668,076104,093270,031693,083444,034784
0000000296,0000295000,093175,076100,090768,023856,080790,045274
0000000297,0000296000,095108,076986,087949,018754,075003,056163
0000000298,0000297000,096283,078679,085081,016881,066643,066396
0000000299,0000298000,096590,081017,082437,018414,056526,074981
0000000300,0000299000,095995,083761,080287,023201,045654,081065
0000000301,0000300000,094557,086643,078842,030779,035091,084051
0000000302,0000301000,092411,089393,078238,040411,025854,083656
0000000303,0000302000,089773,091736,078534,051146,018855,079919
0000000304,0000303000,086907,093435,079701,061926,014788,073207
0000000305,0000304000,084081,094331,081632,071711,014042,064167
0000000306,0000305000,081572,094336,084135,079546,016687,053688
0000000307,0000306000,079636,093452,086954,084650,022463,042808
0000000308,0000307000,078459,091759,089825,086529,030810,032582
0000000309,0000308000,078151,089420,092471,085005,040917,024000
0000000310,0000309000,078743,086676,094623,080228,051779,017914
0000000311,0000310000,080181,083793,096070,072663,062334,014923
0000000312,0000311000,082328,081039,096676,063043,071567,015311
0000000313,0000312000,084966,078695,096382,052318,078566,019037
0000000314,0000313000,087833,076994,095216,041547,082636,025737
0000000315,0000314000,090662,076095,093285,031767,083389,034765
0000000316,0000315000,093173,076088,090782,023933,080755,045233
0000000317,0000316000,095111,076971,087961,018827,074991,056103
0000000318,0000317000,096291,078664,085089,016943,066655,066323
0000000319,0000318000,096601,081002,082440,018457,056561,074902
0000000320,0000319000,096009,083748,080286,023222,045709,080989
0000000321,0000320000,094573,086633,078836,030775,035162,083984
0000000322,0000321000,092426,089388,078228,040382,025933,083605
0000000323,0000322000,089786,091736,078520,051096,018935,079890
0000000324,0000323000,086918,093439,079685,061858,014860,073202
0000000325,0000324000,084088,094339,081616,071632,014100,064188
0000000326,0000325000,081574,094349,084120,079464,016724,053732
0000000327,0000326000,079633,093468,086942,084574,022476,042871
0000000328,0000327000,078451,091775,089816,086464,030798,032659
0000000329,0000328000,078139,089436,092467,084959,040879,024083
0000000330,0000329000,078728,086690,094624,080206,051720,017995
0000000331,0000330000,080164,083803,096076,072667,062259,014994
0000000332,0000331000,082311,081045,096687,063073,071483,015364
0000000333,0000332000,084951,078696,096396,052371,078482,019067
0000000334,0000333000,087822,076989,095232,041619,082560,025742
0000000335,0000334000,090654,076086,093302,031850,083328,034743
0000000336,0000335000,093170,076075,090798,024020,080715,045186
0000000337,0000336000,095114,076955,087974,018908,074977,056036
0000000338,0000337000,096299,078646,085098,017010,066669,066241
0000000339,0000338000,096613,080986,082444,018505,056601,074814
0000000340,0000339000,096025,083734,080284,023245,045772,080903
0000000341,0000340000,094591,086622,078830,030770,035241,083910
0000000342,0000341000,092444,089382,078217,040350,026022,083549
0000000343,0000342000,089802,091735,078505,051040,019023,079858
0000000344,0000343000,086931,093444,079668,061783,014940,073198
0000000345,0000344000,084096,094349,081598,071545,014164,064211
0000000346,0000345000,081577,094364,084103,079373,016765,053781
0000000347,0000346000,079630,093485,086928,084488,022490,042943
0000000348,0000347000,078443,091793,089806,086393,030783,032745
0000000349,0000348000,078126,089454,092463,084909,040837,024175
0000000350,0000349000,078712,086705,094625,080182,051654,018084
0000000351,0000350000,080146,083814,096083,072672,062176,015072
0000000352,0000351000,082293,081052,096699,063106,071391,015423
0000000353,0000352000,084935,078696,096412,052431,078389,019101
0000000354,0000353000,087809,076984,095250,041698,082476,025747
0000000355,0000354000,090646,076076,093321,031942,083261,034718
0000000356,0000355000,093167,076060,090815,024115,080672,045133
0000000357,0000356000,095117,076937,087989,018998,074962,055961
0000000358,0000357000,096308,078627,085108,017085,066684,066151
0000000359,0000358000,096627,080967,082449,018558,056645,074717
0000000360,0000359000,096043,083717,080283,023270,045841,080809
0000000361,0000360000,094610,086610,078823,030765,035329,083828
0000000362,0000361000,092463,089375,078204,040315,026119,083487
0000000363,0000362000,089820,091734,078489,050977,019121,079823
0000000364,0000363000,086945,093449,079649,061699,015029,073193
0000000365,0000364000,084105,094360,081578,071448,014235,064238
0000000366,0000365000,081580,094379,084084,079273,016811,053837
0000000367,0000366000,079627,093503,086912,084394,022505,043021
0000000368,0000367000,078434,091814,089795,086314,030767,032840
0000000369,0000368000,078111,089474,092457,084854,040790,024277
0000000370,0000369000,078694,086722,094627,080156,051581,018183
0000000371,0000370000,080125,083827,096090,072678,062084,015158
0000000372,0000371000,082272,081060,096712,063144,071288,015488
0000000373,0000372000,084916,078697,096429,052497,078286,019138
0000000374,0000373000,087794,076978,095271,041786,082383,025751
0000000375,0000374000,090636,076064,093342,032044,083188,034690
0000000376,0000375000,093164,076043,090835,024221,080625,045075
0000000377,0000376000,095121,076917,088005,019096,074946,055878
0000000378,0000377000,096317,078606,085120,017167,066702,066051
0000000379,0000378000,096642,080946,082455,018615,056695,074610
0000000380,0000379000,096062,083699,080282,023297,045917,080706
0000000381,0000380000,094632,086596,078815,030758,035425,083738
0000000382,0000381000,092485,089367,078191,040275,026226,083420
0000000383,0000382000,089839,091733,078470,050908,019228,079785
0000000384,0000383000,086960,093455,079627,061606,015126,073188
0000000385,0000384000,084115,094372,081556,071341,014311,064267
0000000386,0000385000,081583,094396,084063,079163,016860,053898
0000000387,0000386000,079624,093524,086895,084291,022521,043108
0000000388,0000387000,078423,091837,089783,086229,030748,032944
0000000389,0000388000,078096,089496,092451,084794,040738,024389
0000000390,0000389000,078674,086741,094628,080128,051501,018291
0000000391,0000390000,080103,083842,096098,072685,061983,015252
0000000392,0000391000,082249,081068,096726,063186,071176,015558
0000000393,0000392000,084896,078699,096449,052569,078174,019177
0000000394,0000393000,087777,076973,095293,041882,082282,025756
0000000395,0000394000,090625,076052,093366,032155,083107,034659
0000000396,0000395000,093160,076025,090857,024336,080574,045012
0000000397,0000396000,095124,076895,088024,019203,074930,055788
0000000398,0000397000,096327,078582,085134,017256,066722,065942
0000000399,0000398000,096658,080923,082462,018677,056749,074494
0000000400,0000399000,096083,083679,080281,023326,046001,080593
0000000401,0000400000,094655,086580,078807,030750,035531,083640
0000000402,0000401000,088522,091924,080747,046606,026125,083117
0000000403,0000402000,090013,089560,076286,058488,017156,077556
0000000404,0000403000,088983,093482,079655,068242,014954,072919
0000000405,0000404000,086715,093554,080744,070587,013886,063783
0000000406,0000405000,086737,092687,082340,071870,018153,055176
0000000407,0000406000,084996,094237,087572,065194,024976,045611
0000000408,0000407000,084558,088239,086103,056543,035238,037621
0000000409,0000408000,081520,089321,092153,043216,046542,030488
0000000410,0000409000,085049,085158,092869,028893,057884,025024
0000000411,0000410000,082491,084075,096195,014871,071109,024700
0000000412,0000411000,083465,081475,096951,001616,078536,023108
0000000413,0000412000,085952,078376,095812,-08682,087501,028570
0000000414,0000413000,083826,078757,096757,-15926,090023,033503
0000000415,0000414000,087891,076109,093184,-18560,089801,041308
0000000416,0000415000,088101,079592,094215,-15518,086206,050654
0000000417,0000416000,089471,077913,088964,-09203,078236,059277
0000000418,0000417000,089877,080322,087035,002915,068476,067992
0000000419,0000418000,091143,082629,084455,015640,056018,074079
0000000420,0000419000,091335,083849,080827,032237,044507,079471
0000000421,0000420000,090412,088634,081375,047775,031796,080313
0000000422,0000421000,092268,088607,077988,062910,022397,079791
0000000423,0000422000,088415,092000,079255,075146,015443,076250
0000000424,0000423000,089266,091674,078368,082983,010626,068966
0000000425,0000424000,087930,093391,081001,087440,011924,062095
0000000426,0000425000,085747,093273,083136,085901,014813,051991
0000000427,0000426000,085957,091400,084791,081165,022519,043195
0000000428,0000427000,083814,091249,089046,070979,032370,034557
0000000429,0000428000,083805,086994,089527,058351,043966,027547
0000000430,0000429000,082787,086748,094059,043855,056249,022930
0000000431,0000430000,084205,083269,094914,028786,067506,020527
0000000432,0000431000,083422,081302,096233,015649,078114,022064
0000000433,0000432000,084513,079732,096665,004096,084196,024670
0000000434,0000433000,086349,077499,095101,-03229,088843,031752
0000000435,0000434000,085872,078317,095057,-06585,088182,039192
0000000436,0000435000,088999,077292,091719,-05000,084153,048233
0000000437,0000436000,089040,079532,090560,001547,077215,058005
0000000438,0000437000,090122,079759,086556,011382,066515,065925
0000000439,0000438000,091028,082245,084288,025238,055152,073313
0000000440,0000439000,091132,084981,082325,039816,042381,077626
0000000441,0000440000,091374,086455,079611,055852,030948,079910
0000000442,0000441000,090423,090008,079825,070117,020625,078638
0000000443,0000442000,090572,090352,078081,082102,013509,075040
0000000444,0000443000,088205,092534,079643,090567,009830,068913
0000000445,0000444000,088147,092604,080498,094223,009315,060207
0000000446,0000445000,086688,092732,082792,093857,013881,051686
0000000447,0000446000,084951,092040,085491,088149,020543,041619
0000000448,0000447000,084968,089800,087460,078946,030913,033262
0000000449,0000448000,083305,088765,091054,066063,042654,026139
0000000450,0000449000,083624,085382,092359,051510,054838,021126
0000000451,0000450000,083385,084105,095298,036706,066853,019227
0000000452,0000451000,084107,081331,095779,022534,076639,019776
0000000453,0000452000,084505,079502,096016,011298,084285,023816
0000000454,0000453000,085593,078653,095872,002938,087705,029604
0000000455,0000454000,087164,077423,093846,-00649,088133,038195
0000000456,0000455000,087561,078462,092735,000250,083999,047268
0000000457,0000456000,089725,078496,089521,005805,076585,056747
0000000458,0000457000,089919,080543,087433,015661,066782,065832
0000000459,0000458000,090791,082038,084311,028251,054446,072585
0000000460,0000459000,091417,084427,082134,043314,042302,077857
0000000461,0000460000,090978,087069,080638,058355,030159,079745
0000000462,0000461000,090968,088616,078868,072922,020101,079031
0000000463,0000462000,089857,091144,079331,084853,012595,075239
0000000464,0000463000,089265,091570,079074,093333,008623,068899
0000000465,0000464000,087615,092744,080926,097727,008650,060718
0000000466,0000465000,086895,092447,082688,097127,012176,051013
0000000467,0000466000,085588,091549,085039,092315,019869,041705
0000000468,0000467000,084318,090388,087917,082945,029644,032401
0000000469,0000468000,084213,088002,090037,070629,041759,025257
0000000470,0000469000,083214,086356,092977,056133,054329,020200
0000000471,0000470000,083708,083516,094250,041082,066201,017765
0000000472,0000471000,083906,081875,095836,027076,076709,018729
0000000473,0000472000,084618,079815,095882,015000,084052,022237
0000000474,0000473000,085622,078503,095312,006657,088310,028756
0000000475,0000474000,086685,078271,094375,002179,088288,036945
0000000476,0000475000,088113,077899,092011,002608,084656,046687
0000000477,0000476000,088864,079177,090178,007572,077229,056428
0000000478,0000477000,090319,080117,087111,016644,067003,065494
0000000479,0000478000,090616,082259,084803,029151,055139,073190
0000000480,0000479000,091138,084297,082394,043473,042173,078108
0000000481,0000480000,091314,086538,080547,058773,030261,080696
0000000482,0000481000,090616,088881,079631,073012,019663,079848
0000000483,0000482000,090262,090219,078913,085294,012011,076171
0000000484,0000483000,089036,091891,079815,094145,007867,069784
0000000485,0000484000,088112,092117,080621,098799,007542,061241
0000000486,0000485000,086767,092322,082779,098998,011360,051628
0000000487,0000486000,085767,091511,085036,094341,018564,041474
0000000488,0000487000,084742,090051,087439,085731,028960,032345
0000000489,0000488000,083872,088460,090232,073555,040900,024488
0000000490,0000489000,083799,086012,092232,059366,053842,019227
0000000491,0000490000,083406,084143,094361,044369,066174,016737
0000000492,0000491000,084039,081782,095210,030020,076674,017268
0000000493,0000492000,084581,080222,095773,017859,084692,021129
0000000494,0000493000,085467,078912,095240,008736,088875,027432
0000000495,0000494000,086700,078227,093973,003921,089327,036144
0000000496,0000495000,087743,078488,092404,003512,085575,045967
0000000497,0000496000,089033,078888,089835,007854,078282,056214
0000000498,0000497000,089828,080489,087605,016388,067986,065733
0000000499,0000498000,090770,082013,084862,028255,055711,073606
0000000500,0000499000,091002,084210,082731,042483,042834,079233
0000000501,0000500000,091126,086399,080923,057418,030211,081714
0000000502,0000501000,090900,088358,079694,071937,019555,081304
0000000503,0000502000,090048,090223,079488,084352,011449,077515
0000000504,0000503000,089374,091234,079652,093700,007010,071010
0000000505,0000504000,088102,092118,081023,098987,006594,062347
0000000506,0000505000,087046,091896,082603,099682,010142,052216
0000000507,0000506000,085873,091362,084936,095859,017573,041873
0000000508,0000507000,084885,090116,087376,087635,027834,032048
0000000509,0000508000,084166,088274,089752,076082,040251,023998
0000000510,0000509000,083648,086421,092174,062087,053340,018188
0000000511,0000510000,083732,084110,093751,047179,066064,015452
0000000512,0000511000,083828,082272,095087,032739,077065,015937
0000000513,0000512000,084599,080426,095356,020097,085235,019559
0000000514,0000513000,085410,079281,095043,010597,089966,026237
0000000515,0000514000,086443,078634,093953,004948,090441,035007
0000000516,0000515000,087703,078536,092188,003921,086955,045336
0000000517,0000516000,088709,079300,090160,007431,079589,055964
0000000518,0000517000,089811,080322,087568,015279,069175,065984
0000000519,0000518000,090477,082134,085314,026659,056729,074394
0000000520,0000519000,091012,083989,082987,040413,043385,080305
0000000521,0000520000,091055,086128,081257,055344,030560,083307
0000000522,0000521000,090818,088122,080143,069834,019291,082874
0000000523,0000522000,090283,089705,079637,082679,010948,079265
0000000524,0000523000,089314,091052,080069,092508,006108,072579
0000000525,0000524000,088408,091583,080981,098480,005411,063605
0000000526,0000525000,087157,091746,082761,099998,008938,053176
0000000527,0000526000,086096,091098,084759,096858,016231,042218
0000000528,0000527000,085091,090004,087148,089462,026760,032007
0000000529,0000528000,084283,088408,089557,078376,039313,023309
0000000530,0000529000,083858,086429,091653,064835,052859,017152
0000000531,0000530000,083665,084526,093513,050025,065938,014016
0000000532,0000531000,083967,082465,094560,035446,077382,014292
0000000533,0000532000,084430,080914,095103,022484,086051,017956
0000000534,0000533000,085326,079648,094739,012313,091009,024641
0000000535,0000534000,086315,078982,093779,006004,091898,033844
0000000536,0000535000,087413,078923,092228,004043,088443,044473
0000000537,0000536000,088598,079395,090127,006747,081148,055688
0000000538,0000537000,089515,080551,087924,013769,070588,066255
0000000539,0000538000,090378,081979,085509,024483,057853,075186
0000000540,0000539000,090827,083912,083449,037850,044195,081650
0000000541,0000540000,091018,085826,081660,052525,030838,084942
0000000542,0000541000,090820,087713,080526,067186,019206,084830
0000000543,0000542000,090295,089365,080082,080327,010312,081168
0000000544,0000543000,089538,090513,080259,090801,005152,074425
0000000545,0000544000,088484,091270,081269,097539,004150,065122
0000000546,0000545000,087456,091312,082711,099931,007483,054215
0000000547,0000546000,086286,090913,084721,097747,014830,042791
0000000548,0000547000,085312,089862,086908,091141,025404,031891
0000000549,0000548000,084511,088402,089189,080820,038316,022685
0000000550,0000549000,083955,086665,091299,067701,052180,015947
0000000551,0000550000,083805,084718,092961,053133,065760,012447
0000000552,0000551000,083912,082944,094192,038456,077686,012466
0000000553,0000552000,084430,081298,094613,025097,086807,016056
0000000554,0000553000,085149,080159,094456,014333,092224,022926
0000000555,0000554000,086140,079424,093574,007140,093351,032361
0000000556,0000555000,087213,079273,092130,004275,090153,043530
0000000557,0000556000,088294,079721,090269,005946,082819,055254
0000000558,0000557000,089343,080610,088088,012065,072165,066475
0000000559,0000558000,090110,082041,085937,022000,059161,076029
0000000560,0000559000,090705,083688,083832,034807,045070,083018
0000000561,0000560000,090906,085550,082192,049261,031284,086789
0000000562,0000561000,090803,087297,081023,063935,019088,086882
0000000563,0000562000,090373,088849,080496,077488,009746,083348
0000000564,0000563000,089638,090053,080675,088573,004105,076430
0000000565,0000564000,088732,090717,081440,096195,002804,066835
0000000566,0000565000,087642,090955,082844,099592,005935,055451
0000000567,0000566000,086593,090564,084594,098440,013212,043412
0000000568,0000567000,085553,089719,086692,092858,023956,031902
0000000569,0000568000,084734,088409,088813,083342,037085,021988
0000000570,0000569000,084163,086805,090794,070859,051395,014717
0000000571,0000570000,083876,085075,092473,056565,065432,010725
0000000572,0000571000,083977,083330,093594,041870,077899,010467
0000000573,0000572000,084340,081870,094165,028149,087537,013979
0000000574,0000573000,085039,080672,094024,016706,093388,020948
0000000575,0000574000,085919,079968,093324,008636,094904,030730
0000000576,0000575000,086959,079741,092033,004678,091879,042344
0000000577,0000576000,088033,080030,090318,005256,084644,054718
0000000578,0000577000,089029,080831,088372,010281,073854,066581
0000000579,0000578000,089899,082014,086286,019307,060595,076827
0000000580,0000579000,090474,083560,084378,031444,046108,084440
0000000581,0000580000,090801,085189,082742,045523,031805,088669
0000000582,0000581000,090760,086845,081617,060212,019102,089104
0000000583,0000582000,090416,088302,081041,074085,009190,085643
0000000584,0000583000,089793,089432,081095,085863,003102,078641
0000000585,0000584000,088921,090177,081772,094403,001408,068709
0000000586,0000585000,087936,090420,082929,098917,004305,056844
0000000587,0000586000,086863,090214,084563,098956,011506,044186
0000000588,0000587000,085872,089484,086425,094509,022326,031958
0000000589,0000588000,084999,088387,088401,086011,035735,021371
0000000590,0000589000,084374,086975,090263,074256,050405,013429
0000000591,0000590000,084039,085394,091838,060402,064965,008946
0000000592,0000591000,084004,083850,092984,045749,077961,008340
0000000593,0000592000,084320,082432,093545,031709,088142,011731
0000000594,0000593000,084885,081331,093564,019597,094498,018803
0000000595,0000594000,085712,080576,092969,010555,096393,028874
0000000596,0000595000,086677,080292,091881,005451,093649,041003
0000000597,0000596000,087712,080455,090380,004756,086496,053982
0000000598,0000597000,088721,081059,088603,008566,075658,066574
0000000599,0000598000,089584,082089,086738,016498,062146,077532
0000000600,0000599000,090254,083377,084929,027804,047281,085813
0000000601,0000600000,090620,084854,083421,041394,032498,090586
0000000602,0000601000,090701,086321,082288,055964,019228,091364
0000000603,0000602000,090450,087673,081686,070142,008781,088071
0000000604,0000603000,089918,088755,081643,082574,002165,080968
0000000605,0000604000,089157,089491,082134,092108,000066,070753
0000000606,0000605000,088212,089844,083133,097824,002666,058396
0000000607,0000606000,087210,089728,084512,099187,009738,045102
0000000608,0000607000,086203,089217,086188,096058,020607,032158
0000000609,0000608000,085327,088310,087944,088727,034213,020819
0000000610,0000609000,084639,087122,089659,077907,049262,012207
0000000611,0000610000,084218,085764,091140,064619,064283,007143
0000000612,0000611000,084102,084378,092228,050148,077832,006166
0000000613,0000612000,084282,083114,092862,035852,088563,009380
0000000614,0000613000,084769,082045,092956,023087,095440,016504
0000000615,0000614000,085477,081316,092550,013051,097780,026862
0000000616,0000615000,086378,080937,091656,006688,095336,039455
0000000617,0000616000,087364,080963,090394,004613,088359,053075
0000000618,0000617000,088349,081391,088858,007015,077499,066379
0000000619,0000618000,089246,082175,087189,013681,063812,078099
0000000620,0000619000,089950,083248,085584,023964,048608,087077
0000000621,0000620000,090420,084473,084161,036885,033368,092432
0000000622,0000621000,090586,085767,083091,051212,019571,093630
0000000623,0000622000,090462,086961,082446,065585,008557,090524
0000000624,0000623000,090043,087972,082294,078657,001424,083399
0000000625,0000624000,089378,088718,082619,089189,-01145,072918
0000000626,0000625000,088532,089123,083383,096202,001118,060109
0000000627,0000626000,087568,089172,084536,099020,007994,046193
0000000628,0000627000,086600,088841,085931,097376,018832,032524
0000000629,0000628000,085696,088188,087472,091423,032585,020436
0000000630,0000629000,084962,087245,088986,081724,047925,011097
0000000631,0000630000,084457,086137,090333,069213,063381,005436
0000000632,0000631000,084228,084973,091377,055070,077430,004014
0000000633,0000632000,084298,083849,092027,040641,088715,007006
0000000634,0000633000,084647,082888,092248,027276,096126,014126
0000000635,0000634000,085257,082150,092003,016234,098937,024710
0000000636,0000635000,086053,081710,091358,008551,096870,037742
0000000637,0000636000,086979,081585,090354,004951,090119,051951
0000000638,0000637000,087938,081806,089089,005783,079338,065974
0000000639,0000638000,088839,082342,087687,010965,065549,078443
0000000640,0000639000,089603,083129,086283,020008,050095,088146
0000000641,0000640000,090146,084106,085021,032048,034468,094124
0000000642,0000641000,090434,085150,084004,045942,020185,095783
0000000643,0000642000,090429,086177,083349,060381,008644,092938
0000000644,0000643000,090146,087085,083079,074002,000971,085841
0000000645,0000644000,089604,087812,083216,085536,-02084,075178
0000000646,0000645000,088856,088291,083744,093895,-00227,061963
0000000647,0000646000,087975,088480,084601,098297,006377,047476
0000000648,0000647000,087033,088380,085713,098318,017088,033118
0000000649,0000648000,086133,087979,086966,093956,030878,020283
0000000650,0000649000,085346,087337,088252,085627,046421,010222
0000000651,0000650000,084758,086516,089426,074117,062205,003921
0000000652,0000651000,084416,085602,090389,060523,076699,002019
0000000653,0000652000,084348,084679,091061,046119,088487,004711
0000000654,0000653000,084563,083826,091380,032262,096426,011758
0000000655,0000654000,085033,083125,091339,020245,099737,022489
0000000656,0000655000,085723,082610,090945,011194,098101,035873
0000000657,0000656000,086560,082341,090246,005960,091676,050616
0000000658,0000657000,087475,082335,089296,005035,081072,065295
0000000659,0000658000,088376,082585,088197,008511,067315,078491
0000000660,0000659000,089178,083067,087057,016055,051731,088907
0000000661,0000660000,089812,083728,085974,026955,035833,095529
0000000662,0000661000,090211,084503,085064,040178,021162,097697
0000000663,0000662000,090351,085307,084396,054481,009151,095178
0000000664,0000663000,090213,086089,084021,068526,000968,088206
0000000665,0000664000,089816,086775,083960,080998,-02601,077446
0000000666,0000665000,089195,087309,084216,090735,-01202,063932
0000000667,0000666000,088404,087658,084756,096820,005028,048963
0000000668,0000667000,087523,087785,085522,098686,015488,033991
0000000669,0000668000,086627,087685,086454,096152,029171,020466
0000000670,0000669000,085808,087370,087447,089460,044757,009703
0000000671,0000670000,085134,086885,088413,079244,060733,002763
0000000672,0000671000,084672,086268,089263,066463,075542,000330
0000000673,0000672000,084460,085581,089927,052319,087753,002657
0000000674,0000673000,084515,084887,090353,038133,096176,009528
0000000675,0000674000,084834,084230,090512,025229,099998,020290
0000000676,0000675000,085383,083668,090407,014810,098854,033906
0000000677,0000676000,086117,083244,090041,007848,092855,049062
0000000678,0000677000,086963,082997,089458,004997,082580,064298
0000000679,0000678000,087845,082936,088717,006522,069020,078132
0000000680,0000679000,088680,083067,087884,012281,053493,089220
0000000681,0000680000,089391,083375,087042,021728,037500,096476
0000000682,0000681000,089915,083819,086264,033975,022597,099186
0000000683,0000682000,090202,084368,085616,047878,010232,097072
0000000684,0000683000,090233,084975,085139,062137,001597,090333
0000000685,0000684000,090000,085593,084874,075428,-02476,079617
0000000686,0000685000,089528,086173,084834,086511,-01597,065949
0000000687,0000686000,088860,086672,085012,094355,004146,050651
0000000688,0000687000,088056,087050,085394,098226,014191,035203
0000000689,0000688000,087193,087270,085938,097764,027570,021100
0000000690,0000689000,086347,087331,086592,093016,042983,009713
0000000691,0000690000,085600,087222,087293,084426,058930,002157
0000000692,0000691000,085015,086956,087989,072802,073868,-00828
0000000693,0000692000,084648,086558,088619,059225,086349,001053
0000000694,0000693000,084530,086055,089135,044961,095169,007626
0000000695,0000694000,084669,085484,089508,031333,099483,018260
0000000696,0000695000,085057,084886,089706,019608,098883,031926
0000000697,0000696000,085653,084317,089719,010876,093434,047309
0000000698,0000697000,086407,083812,089550,005949,083667,062921
0000000699,0000698000,087247,083414,089222,005283,070538,077248
0000000700,0000699000,088096,083158,088761,008938,055322,088895
0000000701,0000700000,088878,083059,088209,016570,039496,096735
0000000702,0000701000,089521,083128,087614,027465,024597,099998
0000000703,0000702000,089969,083363,087013,040610,012064,098367
0000000704,0000703000,090180,083753,086455,054788,003100,092000
0000000705,0000704000,090138,084266,085980,068682,-01440,081510
0000000706,0000705000,089843,084868,085622,081005,-01125,067908
0000000707,0000706000,089325,085514,085404,090614,003999,052510
0000000708,0000707000,088630,086147,085346,096619,013428,036809
0000000709,0000708000,087822,086720,085449,098465,026237,022323
0000000710,0000709000,086975,087187,085698,095983,041175,010461
0000000711,0000710000,086163,087506,086081,089409,056788,002373
0000000712,0000711000,085463,087644,086569,079354,071565,-01161
0000000713,0000712000,084934,087586,087128,066750,084084,000201
0000000714,0000713000,084626,087327,087719,052761,093143,006325
0000000715,0000714000,084566,086878,088299,038680,097885,016616
0000000716,0000715000,084760,086277,088823,025810,097865,030078
0000000717,0000716000,085191,085565,089248,015341,093101,045408
0000000718,0000717000,085819,084800,089546,008242,084073,061121
0000000719,0000718000,086588,084044,089689,005165,071673,075689
0000000720,0000719000,087427,083362,089661,006390,057117,087703
0000000721,0000720000,088261,082814,089463,011798,041822,096004
0000000722,0000721000,089017,082452,089100,020889,027270,099795
0000000723,0000722000,089625,082322,088592,032823,014856,098718
0000000724,0000723000,090033,082440,087974,046501,005764,092885
0000000725,0000724000,090200,082807,087296,060664,000854,082865
0000000726,0000725000,090113,083400,086605,074005,000581,069630
0000000727,0000726000,089778,084175,085959,085291,004948,054468
0000000728,0000727000,089226,085069,085414,093483,013507,038850
0000000729,0000728000,088507,086009,085014,097830,025406,024293
0000000730,0000729000,087685,086916,084800,097936,039468,012205
0000000731,0000730000,086833,087703,084799,093799,054322,003747
0000000732,0000731000,086027,088295,085025,085801,068534,-00279
0000000733,0000732000,085340,088632,085467,074675,080743,000502
0000000734,0000733000,084832,088669,086100,061443,089790,006001
0000000735,0000734000,084552,088392,086878,047318,094827,015675
0000000736,0000735000,084525,087819,087734,033599,095392,028582
0000000737,0000736000,084755,086989,088603,021551,091457,043464
0000000738,0000737000,085222,085966,089410,012281,083440,058869
0000000739,0000738000,085882,084840,090079,006636,072152,073300
0000000740,0000739000,086678,083709,090546,005127,058713,085367
0000000741,0000740000,087539,082673,090762,007886,044439,093917
0000000742,0000741000,088389,081838,090690,014656,030708,098145
0000000743,0000742000,089153,081288,090324,024819,018826,097671
0000000744,0000743000,089760,081082,089686,037448,009915,092558
0000000745,0000744000,090156,081252,088820,051390,004809,083314
0000000746,0000745000,090303,081796,087796,065365,003968,070848
0000000747,0000746000,090186,082674,086700,078090,007435,056383
0000000748,0000747000,089816,083817,085629,088397,014833,041332
0000000749,0000748000,089225,085129,084679,095347,025398,027161
0000000750,0000749000,088465,086490,083944,098313,038071,015234
0000000751,0000750000,087604,087774,083502,097033,051608,006679
0000000752,0000751000,086718,088859,083406,091627,064706,002290
0000000753,0000752000,085883,089636,083678,082587,076121,002459
0000000754,0000753000,085177,090022,084311,070731,084784,007141
0000000755,0000754000,084664,089970,085258,057139,089893,015862
0000000756,0000755000,084392,089470,086442,043051,090992,027759
0000000757,0000756000,084387,088553,087765,029758,088021,041659
0000000758,0000757000,084652,087294,089108,018478,081326,056193
0000000759,0000758000,085163,085804,090345,010235,071611,069947
0000000760,0000759000,085875,084217,091355,005771,059860,081601
0000000761,0000760000,086725,082681,092038,005483,047233,090060
0000000762,0000761000,087638,081343,092314,009389,034944,094550
0000000763,0000762000,088536,080334,092146,017137,024153,094683
0000000764,0000763000,089337,079755,091535,028030,015866,090482
0000000765,0000764000,089967,079677,090519,041083,010841,082380
0000000766,0000765000,090368,080123,089180,055108,009517,071191
0000000767,0000766000,090501,081065,087635,068825,011963,058028
0000000768,0000767000,090350,082428,086023,080980,017877,044193
0000000769,0000768000,089931,084089,084494,090470,026614,031035
0000000770,0000769000,089280,085895,083202,096445,037276,019816
0000000771,0000770000,088453,087676,082274,098375,048807,011574
0000000772,0000771000,087524,089268,081803,096093,060099,007054
0000000773,0000772000,086573,090516,081852,089805,070088,006638
0000000774,0000773000,085684,091291,082430,080072,077855,010317
0000000775,0000774000,084939,091511,083500,067769,082698,017698
0000000776,0000775000,084408,091135,084979,054008,084204,028031
0000000777,0000776000,084142,090179,086740,040042,082300,040274
0000000778,0000777000,084169,088726,088618,027144,077250,053208
0000000779,0000778000,084486,086909,090431,016482,069625,065568
0000000780,0000779000,085064,084896,092007,009011,060224,076178
0000000781,0000780000,085854,082877,093187,005391,049987,084061
0000000782,0000781000,086785,081040,093857,005938,039898,088524
0000000783,0000782000,087778,079557,093941,010601,030899,089199
0000000784,0000783000,088745,078578,093413,018968,023814,086080
0000000785,0000784000,089598,078209,092304,030294,019269,079519
0000000786,0000785000,090258,078504,090700,043561,017637,070198
0000000787,0000786000,090659,079455,088741,057565,018991,059071
0000000788,0000787000,090764,080981,086610,071033,023105,047257
0000000789,0000788000,090560,082937,084518,082746,029489,035912
0000000790,0000789000,090068,085137,082667,091659,037455,026110
0000000791,0000790000,089330,087376,081236,096985,046197,018741
0000000792,0000791000,088411,089448,080361,098258,054876,014441
0000000793,0000792000,087392,091158,080135,095368,062682,013549
0000000794,0000793000,086359,092338,080598,088568,068913,016080
0000000795,0000794000,085407,092863,081726,078456,073032,021725
0000000796,0000795000,084623,092662,083433,065937,074720,029879
0000000797,0000796000,084086,091731,085572,052138,073913,039688
0000000798,0000797000,083846,090154,087933,038312,070800,050156
0000000799,0000798000,083927,088085,090286,025708,065779,060257
0000000800,0000799000,084321,085721,092400,015450,059416,069041
0000000801,0000800000,084991,083288,094075,008441,052367,075724
0000000802,0000801000,085880,081003,095152,005295,045309,079744
0000000803,0000802000,086909,079078,095530,006286,038899,080801
0000000804,0000803000,087991,077703,095148,011328,033704,078873
0000000805,0000804000,089030,077023,094019,019984,030149,074231
0000000806,0000805000,089928,077121,092234,031487,028487,067396
0000000807,0000806000,090599,078011,089947,044807,028766,059103
0000000808,0000807000,090975,079615,087381,058739,030835,050210
0000000809,0000808000,091023,081766,084796,072024,034385,041589
0000000810,0000809000,090740,084258,082442,083479,038994,034039
0000000811,0000810000,090153,086857,080537,092097,044167,028224
0000000812,0000811000,089313,089326,079261,097126,049401,024616
0000000813,0000812000,088293,091443,078732,098125,054216,023463
0000000814,0000813000,087180,092999,079019,095008,058197,024786
0000000815,0000814000,086073,093832,080125,088039,061042,028355
0000000816,0000815000,085074,093842,081959,077828,062584,033734
0000000817,0000816000,084278,093012,084359,065282,062799,040322
0000000818,0000817000,083766,091413,087090,051532,061801,047422
0000000819,0000818000,083585,089213,089871,037820,059804,054334
0000000820,0000819000,083746,086633,092435,025366,057079,060432
0000000821,0000820000,084235,083909,094547,015263,053943,065196
0000000822,0000821000,085007,081291,096011,008394,050713,068254
0000000823,0000822000,085997,079014,096689,005356,047678,069421
0000000824,0000823000,087118,077298,096506,006415,045084,068689
0000000825,0000824000,088274,076322,095447,011486,043093,066245
0000000826,0000825000,089357,076199,093598,020133,041775,062436
0000000827,0000826000,090264,076950,091130,031594,041118,057720
0000000828,0000827000,090908,078513,088277,044845,041046,052609
0000000829,0000828000,091222,080723,085344,058689,041439,047621
0000000830,0000829000,091190,083341,082616,071890,042185,043180
0000000831,0000830000,090815,086143,080325,083294,043160,039649
0000000832,0000831000,090127,088872,078692,091905,044235,037285
0000000833,0000832000,089191,091264,077874,096973,045328,036200
0000000834,0000833000,088084,093113,077947,098059,046385,036373
0000000835,0000834000,086906,094218,078931,095061,047383,037666
0000000836,0000835000,085761,094450,080764,088232,048370,039821
0000000837,0000836000,084759,093792,083254,078163,049401,042529
0000000838,0000837000,083996,092302,086165,065748,050515,045484
0000000839,0000838000,083547,090131,089200,052103,051736,048368
0000000840,0000839000,083449,087520,092042,038453,053023,050964
0000000841,0000840000,083697,084701,094471,025989,054293,053094
0000000842,0000841000,084283,081908,096247,015798,055477,054625
0000000843,0000842000,085142,079444,097196,008767,056452,055527
0000000844,0000843000,086209,077507,097230,005503,057062,055859
0000000845,0000844000,087384,076294,096339,006298,057174,055720
0000000846,0000845000,088563,075954,094571,011089,056626,055265
0000000847,0000846000,089639,076503,092105,019471,055309,054653
0000000848,0000847000,090504,077893,089197,030709,053210,053982
0000000849,0000848000,091082,079971,086126,043796,050407,053340
0000000850,0000849000,091312,082524,083223,057556,047092,052742
0000000851,0000850000,091199,085306,080707,070785,043540,052164
0000000852,0000851000,090734,088092,078824,082333,040043,051600
0000000853,0000852000,089969,090582,077765,091190,036925,050980
0000000854,0000853000,088973,092563,077617,096597,034555,050218
0000000855,0000854000,087828,093853,078406,098078,033236,049236
0000000856,0000855000,086644,094291,080069,095499,033246,047983
0000000857,0000856000,085520,093863,082450,089069,034750,046463
0000000858,0000857000,084572,092605,085295,079341,037741,044779
0000000859,0000858000,083881,090662,088328,067182,042052,043085
0000000860,0000859000,083517,088237,091230,053682,047339,041579
0000000861,0000860000,083495,085549,093775,040031,053140,040487
0000000862,0000861000,083822,082831,095727,027413,058951,039971
0000000863,0000862000,084470,080375,096868,016931,064231,040200
0000000864,0000863000,085372,078402,097118,009484,068408,041311
0000000865,0000864000,086455,077068,096456,005719,071000,043350
0000000866,0000865000,087615,076542,094932,005971,071621,046266
0000000867,0000866000,088755,076852,092689,010228,070036,049901
0000000868,0000867000,089765,077943,089975,018137,066270,053949
0000000869,0000868000,090549,079705,087061,029000,060579,058012
0000000870,0000869000,091042,081954,084218,041845,053435,061677
0000000871,0000870000,091200,084481,081707,055539,045476,064525
0000000872,0000871000,091017,087051,079750,068885,037419,066210
0000000873,0000872000,090508,089414,078547,080725,030023,066463
0000000874,0000873000,089723,091337,078203,090035,024041,065107
0000000875,0000874000,088734,092660,078735,096016,020143,062109
0000000876,0000875000,087628,093257,080089,098144,018827,057614
0000000877,0000876000,086504,093076,082129,096220,020376,051947
0000000878,0000877000,085464,092165,084649,090396,024770,045598
0000000879,0000878000,084606,090630,087375,081180,031680,039191
0000000880,0000879000,084000,088619,090074,069388,040505,033373
0000000881,0000880000,083706,086313,092491,056063,050458,028741
0000000882,0000881000,083739,083954,094400,042374,060624,025822
0000000883,0000882000,084095,081761,095618,029508,070033,025001
0000000884,0000883000,084739,079941,096047,018580,077751,026500
0000000885,0000884000,085606,078664,095657,010526,082952,030327
0000000886,0000885000,086625,078030,094495,006046,085012,036260
0000000887,0000886000,087699,078082,092704,005539,083603,043828
0000000888,0000887000,088739,078786,090458,009062,078749,052342
0000000889,0000888000,089646,080072,087978,016319,070833,060985
0000000890,0000889000,090344,081801,085500,026669,060543,068904
0000000891,0000890000,090768,083802,083258,039200,048827,075293
0000000892,0000891000,090885,085891,081453,052809,036770,079464
0000000893,0000892000,090694,087854,080250,066313,025517,080925
0000000894,0000893000,090212,089502,079770,078545,016183,079400
0000000895,0000894000,089491,090691,080018,088452,009743,074886
0000000896,0000895000,088593,091344,080946,095181,006914,067699
0000000897,0000896000,087599,091407,082454,098140,008074,058440
0000000898,0000897000,086594,090905,084380,097064,013213,047951
0000000899,0000898000,085667,089913,086531,092032,021904,037243
0000000900,0000899000,084902,088515,088710,083485,033370,027366
0000000901,0000900000,084362,086858,090719,072173,046560,019302
0000000902,0000901000,083057,090988,092997,060397,053667,013336
0000000903,0000902000,080894,094515,090707,047754,047307,010304
0000000904,0000903000,073054,086539,094294,050057,044552,014720
0000000905,0000904000,077014,081977,099316,056281,046943,015224
0000000906,0000905000,085261,081631,088957,056253,049779,023796
0000000907,0000906000,088748,082851,092222,049609,046327,038002
0000000908,0000907000,083116,075210,091825,051467,045762,050499
0000000909,0000908000,091342,076267,099934,057273,049502,053443
0000000910,0000909000,092918,071866,094241,050201,045844,041397
0000000911,0000910000,093742,073733,084744,055885,054941,048440
0000000912,0000911000,099998,082613,086999,050827,047998,048619
0000000913,0000912000,094629,075656,082526,050308,045514,048516
0000000914,0000913000,099517,079935,084748,055518,054353,050240
0000000915,0000914000,098592,085845,078496,047296,050348,042674
0000000916,0000915000,091939,087966,071960,051522,052185,051488
0000000917,0000916000,094170,093138,079930,051039,047917,052271
0000000918,0000917000,088508,088600,078046,048461,047260,047115
0000000919,0000918000,087949,094610,078444,052409,055039,051263
0000000920,0000919000,084990,099998,080156,046739,047502,049135
0000000921,0000920000,077290,094212,081517,050992,046816,053941
0000000922,0000921000,080220,094325,090529,053038,048415,052184
0000000923,0000922000,077441,091467,088415,048997,047201,046608
0000000924,0000923000,076491,092392,089529,052854,050233,053602
0000000925,0000924000,077949,090666,097096,050505,043658,052047
0000000926,0000925000,075995,080817,097934,053254,045752,050139
0000000927,0000926000,082104,081781,099402,055281,050706,048778
0000000928,0000927000,083321,080824,095176,050841,046148,046742
0000000929,0000928000,084563,076701,095525,054647,047018,052866
0000000930,0000929000,090522,074594,099998,053429,046368,048789
0000000931,0000930000,091337,071715,093378,052861,049835,044755
0000000932,0000931000,095710,077299,088780,054480,052414,047973
0000000933,0000932000,096824,078030,086128,050836,046257,048043
0000000934,0000933000,096428,074871,084902,053313,049089,050137
0000000935,0000934000,099847,079753,084345,051945,052075,046367
0000000936,0000935000,096993,084276,076560,049522,051608,045488
0000000937,0000936000,095676,089089,075743,051807,050741,051718
0000000938,0000937000,094032,089264,078810,049540,047192,049931
0000000939,0000938000,089981,089015,077460,050571,051458,048850
0000000940,0000939000,088847,096342,077494,049981,052428,049160
0000000941,0000940000,083777,097652,077493,048446,047276,050779
0000000942,0000941000,081028,095180,083256,051526,047636,054137
0000000943,0000942000,080166,094097,088337,050191,048103,049776
0000000944,0000943000,076757,093642,086804,050729,049712,049194
0000000945,0000944000,076959,094673,089975,051947,047572,052647
0000000946,0000945000,076276,088598,094898,051088,043676,052115
0000000947,0000946000,077224,082983,098518,053499,047821,050913
0000000948,0000947000,080342,083625,098565,052671,049075,047484
0000000949,0000948000,081119,081606,095370,052912,046763,049140
0000000950,0000949000,085118,077646,098025,054563,045770,051948
0000000951,0000950000,088542,072927,098968,052858,046729,047942
0000000952,0000951000,090712,073266,094374,053551,051294,046396
0000000953,0000952000,094323,077488,090272,053224,049721,047152
0000000954,0000953000,095820,075707,087372,052747,046698,048944
0000000955,0000954000,098275,074672,087239,053203,049681,049162
0000000956,0000955000,098866,078475,083568,050814,051868,045594
0000000957,0000956000,097018,083869,077459,051134,052012,047273
0000000958,0000957000,096945,087430,077102,051394,048940,050333
0000000959,0000958000,094935,086577,078013,050103,048516,049677
0000000960,0000959000,092260,089843,077649,050204,052578,048822
0000000961,0000960000,088868,096030,076255,049097,051244,048636
0000000962,0000961000,084775,096855,076976,050207,047815,051793
0000000963,0000962000,083338,094958,082598,050813,047419,052730
0000000964,0000963000,080380,093996,085589,049414,049205,049826
0000000965,0000964000,077243,095980,086241,050646,050136,050309
0000000966,0000965000,076475,095405,089305,051528,046128,051897
0000000967,0000966000,076393,088919,093685,052195,044810,052412
0000000968,0000967000,077695,085094,097633,052345,048055,050638
0000000969,0000968000,078135,084781,097345,051805,048647,048285
0000000970,0000969000,079745,082972,096586,053790,046676,050135
0000000971,0000970000,084202,078055,098789,054277,045026,050681
0000000972,0000971000,087401,073325,098686,053191,047626,048388
0000000973,0000972000,089784,074631,095673,052994,050823,047128
0000000974,0000973000,092094,076635,091718,053178,048572,047340
0000000975,0000974000,095267,074624,089381,054087,047154,048947
0000000976,0000975000,098639,073978,088172,052765,049519,047981
0000000977,0000976000,098389,077487,083885,050773,051983,046397
0000000978,0000977000,097297,082939,079644,051529,051415,047802
0000000979,0000978000,097393,085054,078096,051750,048583,049102
0000000980,0000979000,096550,085182,077626,050819,049724,049341
0000000981,0000980000,093938,089476,077092,049398,052278,048733
0000000982,0000981000,089445,094691,075869,049131,050952,049130
0000000983,0000982000,086438,096145,077174,050829,048322,051358
0000000984,0000983000,085023,094746,080793,050534,047770,051419
0000000985,0000984000,081676,094684,083157,049287,049869,050531
0000000986,0000985000,077939,096978,085347,049866,049641,050945
0000000987,0000986000,076098,095590,088476,051500,046212,051627
0000000988,0000987000,076856,090506,092331,052653,045814,051803
0000000989,0000988000,077694,087298,095519,051498,047794,050649
0000000990,0000989000,076873,086185,096642,051444,048230,049905
0000000991,0000990000,078329,083956,097790,053678,046451,050288
0000000992,0000991000,082504,078969,098782,054365,045456,049683
0000000993,0000992000,086243,075123,098324,053433,047800,048832
0000000994,0000993000,088384,075368,096659,052495,049499,048088
0000000995,0000994000,090196,075686,093992,053356,048278,047917
0000000996,0000995000,094204,074190,091560,054562,047671,048093
0000000997,0000996000,097962,073714,088607,052989,049376,047304
0000000998,0000997000,098266,076587,084874,051065,051314,047537
0000000999,0000998000,097343,080782,082168,051404,050672,048077
0000001000,0000999000,097600,082738,079672,052276,049313,047989
0000001001,0001000000,097949,084513,077436,051351,050460,048404
0000001002,0001001000,095505,088492,076283,049265,051395,049146
0000001003,0001002000,090966,092496,076323,049247,050662,049909
0000001004,0001003000,088071,094642,077460,050690,049253,050229
0000001005,0001004000,086406,094977,078715,050600,048803,050236
0000001006,0001005000,083480,095719,080678,049453,049562,051088
0000001007,0001006000,079325,096820,084116,049297,048901,051718
0000001008,0001007000,076532,095548,087788,051090,047190,051482
0000001009,0001008000,076918,092601,090553,052497,046939,050718
0000001010,0001009000,077466,089920,092758,051429,047385,050904
0000001011,0001010000,076510,087610,095755,051196,047313,051491
0000001012,0001011000,077129,084506,098579,053003,046506,050484
0000001013,0001012000,080480,080730,098745,054233,046677,048838
0000001014,0001013000,084460,077894,097652,053670,047450,048990
0000001015,0001014000,086840,076048,097276,052626,047782,049391
0000001016,0001015000,088746,074626,096526,053251,048097,048571
0000001017,0001016000,092388,074011,093757,054296,048607,047128
0000001018,0001017000,096314,074311,089392,053567,049243,046949
0000001019,0001018000,098001,075766,086202,051861,049859,048341
0000001020,0001019000,097635,077880,084649,051335,050039,048492
0000001021,0001020000,097691,080427,081810,052216,050483,047170
0000001022,0001021000,098401,083914,077797,051775,050974,047297
0000001023,0001022000,096943,087312,075809,050007,050332,049440
0000001024,0001023000,093331,089703,076915,049421,050067,050525
0000001025,0001024000,089989,092373,077787,050125,050487,049305
0000001026,0001025000,087614,095221,077120,050462,050214,049163
0000001027,0001026000,085136,096674,078258,049994,048874,051176
0000001028,0001027000,081581,096093,082425,049382,048039,052392
0000001029,0001028000,078116,095163,086676,050192,048404,051369
0000001030,0001029000,076803,094666,088659,051622,048318,050013
0000001031,0001030000,076919,092884,090186,051817,047036,050977
0000001032,0001031000,076718,089155,094156,051424,046197,052400
0000001033,0001032000,076674,085162,098267,052097,046726,051030
0000001034,0001033000,078432,082827,098711,053407,047907,048615
0000001035,0001034000,081881,080983,097243,053881,047190,048898
0000001036,0001035000,085114,077375,097536,053317,046247,050276
0000001037,0001036000,087640,074063,098311,053143,047577,049273
0000001038,0001037000,090311,073877,095909,053468,049494,046923
0000001039,0001038000,093696,075187,091099,053879,049278,046748
0000001040,0001039000,096898,075263,087918,053142,048361,048473
0000001041,0001040000,098136,075242,086669,051795,049325,048735
0000001042,0001041000,097947,078016,084045,051573,051306,047090
0000001043,0001042000,098006,082700,079390,051878,051338,046696
0000001044,0001043000,097799,085835,076368,051233,049756,048898
0000001045,0001044000,095940,087129,076986,050025,049496,050452
0000001046,0001045000,092475,089824,077761,049498,051154,049221
0000001047,0001046000,089058,094373,076570,050002,051318,048622
0000001048,0001047000,086520,096872,076689,050430,048908,050598
0000001049,0001048000,084102,095712,080211,050080,047544,052258
0000001050,0001049000,080722,094799,084518,049490,048984,051489
0000001051,0001050000,077431,095888,086754,050261,049436,050197
0000001052,0001051000,076286,095342,088381,051815,047251,050853
0000001053,0001052000,076876,091230,091957,052117,045661,052168
0000001054,0001053000,077001,086754,096281,051510,046795,051579
0000001055,0001054000,077011,084860,098155,052109,048277,049565
0000001056,0001055000,078987,083466,097621,053619,047290,049001
0000001057,0001056000,082810,079507,097703,054119,045726,050063
0000001058,0001057000,086308,075065,098685,053346,046845,049758
0000001059,0001058000,088500,074022,097524,052757,049312,047818
0000001060,0001059000,090825,075381,093812,053526,049394,047020
0000001061,0001060000,094592,075125,090350,054148,047824,047950
0000001062,0001061000,097847,073928,088246,052937,048588,048375
0000001063,0001062000,098424,075822,085803,051271,051021,047662
0000001064,0001063000,097578,080372,082111,051391,051442,047060
0000001065,0001064000,097766,083718,078534,052174,049895,047861
0000001066,0001065000,097860,085185,077021,051166,049512,049253
0000001067,0001066000,095376,087614,077038,049462,050868,049563
0000001068,0001067000,091244,092018,076774,049356,051503,049091
0000001069,0001068000,088065,095497,076498,050367,049849,049686
0000001070,0001069000,086175,095795,078053,050731,048144,051049
0000001071,0001070000,083650,095110,081303,049663,048727,051545
0000001072,0001071000,079566,095984,084489,049220,049580,051097
0000001073,0001072000,076519,096361,087160,050806,048103,051033
0000001074,0001073000,076520,093685,089850,052450,046385,051069
0000001075,0001074000,077394,089678,092950,051822,046613,051488
0000001076,0001075000,076796,087003,096255,051102,047642,051188
0000001077,0001076000,076844,084991,098201,052574,047330,049998
0000001078,0001077000,079841,081914,098287,054218,046541,049181
0000001079,0001078000,084050,078013,097997,053925,046519,049465
0000001080,0001079000,086814,075262,097954,052810,047811,049299
0000001081,0001080000,088596,074718,096738,052879,048877,048173
0000001082,0001081000,091577,074792,093667,054055,048557,047293
0000001083,0001082000,095763,074242,090029,054044,048397,047493
0000001084,0001083000,098278,074677,087097,052232,049652,048032
0000001085,0001084000,097905,077219,084915,051023,050687,048210
0000001086,0001085000,097420,080613,082016,051966,050626,047334
0000001087,0001086000,098265,083493,078289,052213,050247,047454
0000001088,0001087000,097684,086149,076206,050473,050286,049163
0000001089,0001088000,094353,088915,076772,049238,050494,050187
0000001090,0001089000,090444,092243,077355,049789,050785,049347
0000001091,0001090000,087907,095205,076927,050594,050013,049313
0000001092,0001091000,085907,096211,077928,050400,048645,050882
0000001093,0001092000,082784,095771,081493,049393,048460,052062
0000001094,0001093000,078765,095713,085563,049554,048885,051484
0000001095,0001094000,076495,095487,088066,051308,048200,050412
0000001096,0001095000,076839,093462,089734,052305,046900,050711
0000001097,0001096000,077182,089796,093065,051456,046411,052062
0000001098,0001097000,076500,086264,097277,051416,046963,051533
0000001099,0001098000,077294,083887,098859,053002,047699,049228
0000001100,0001099000,080606,081776,097674,054142,047127,048648
0000001101,0001100000,084424,078188,097425,053627,046266,050022
