0000000001,0000000000,078208,020642,081139,024493,035161,083795
0000000002,0000001000,056860,047828,080555,034248,025878,083325
0000000003,0000002000,030491,071094,080866,045084,018880,079485
0000000004,0000003000,001917,087897,082042,055957,014841,072652
0000000005,0000004000,-26071,096562,083976,065806,014157,063486
0000000006,0000005000,-50960,096469,086473,073658,016905,052887
0000000007,0000006000,-70114,087558,089280,078748,022797,041904
0000000008,0000007000,-81544,070467,092131,080572,031272,031606
0000000009,0000008000,-84427,047124,094754,078947,041514,022988
0000000010,0000009000,-78475,019911,096880,074053,052488,016909
0000000011,0000010000,-63975,-08811,098302,066366,063119,013965
0000000012,0000011000,-42442,-36187,098887,056607,072407,014435
0000000013,0000012000,-16215,-59301,098575,045757,079418,018274
0000000014,0000013000,012306,-76044,097398,034894,083448,025108
0000000015,0000014000,040442,-84861,095465,025044,084131,034275
0000000016,0000015000,065219,-84671,092969,017185,081391,044873
0000000017,0000016000,084280,-75660,090162,012108,075487,055854
0000000018,0000017000,095933,-58789,087309,010286,067009,066153
0000000019,0000018000,098806,-35433,084687,011895,056784,074771
0000000020,0000019000,092640,-08007,082560,016792,045807,080851
0000000021,0000020000,078248,020610,081138,024492,035162,083795
0000000022,0000021000,056812,047877,080554,034243,025883,083324
0000000023,0000022000,030439,071138,080866,045091,018874,079484
0000000024,0000023000,001960,087855,082042,055964,014835,072651
0000000025,0000024000,-26042,096530,083975,065803,014160,063485
0000000026,0000025000,-50973,096491,086472,073659,016904,052886
0000000027,0000026000,-70112,087556,089279,078749,022795,041905
0000000028,0000027000,-81561,070483,092132,080571,031273,031606
0000000029,0000028000,-84462,047151,094754,078952,041509,022988
0000000030,0000029000,-78446,019882,096880,074059,052482,016908
0000000031,0000030000,-63934,-08851,098302,066363,063122,013964
0000000032,0000031000,-42472,-36158,098887,056607,072407,014435
0000000033,0000032000,-16249,-59268,098576,045762,079414,018274
0000000034,0000033000,012323,-76070,097398,034896,083446,025107
0000000035,0000034000,040444,-84866,095466,025048,084129,034273
0000000036,0000035000,065212,-84666,092969,017188,081389,044872
0000000037,0000036000,084313,-75689,090161,012107,075489,055853
0000000038,0000037000,095925,-58783,087309,010286,067011,066152
0000000039,0000038000,098762,-35394,084687,011898,056781,074769
0000000040,0000039000,092658,-08025,082560,016796,045805,080849
0000000041,0000040000,078283,020574,081138,024493,035163,083794
0000000042,0000041000,056801,047893,080554,034242,025885,083323
0000000043,0000042000,030433,071147,080865,045090,018875,079484
0000000044,0000043000,001973,087844,082042,055964,014834,072651
0000000045,0000044000,-26064,096550,083975,065804,014160,063485
0000000046,0000045000,-50978,096497,086472,073660,016903,052886
0000000047,0000046000,-70072,087521,089279,078750,022794,041905
0000000048,0000047000,-81567,070489,092131,080568,031274,031607
0000000049,0000048000,-84501,047191,094754,078952,041508,022989
0000000050,0000049000,-78441,019873,096880,074063,052478,016909
0000000051,0000050000,-63921,-08866,098303,066365,063119,013965
0000000052,0000051000,-42489,-36145,098887,056608,072406,014435
0000000053,0000052000,-16241,-59275,098576,045765,079410,018274
0000000054,0000053000,012332,-76083,097399,034898,083445,025107
0000000055,0000054000,040414,-84842,095466,025050,084127,034272
0000000056,0000055000,065204,-84662,092969,017194,081385,044870
0000000057,0000056000,084346,-75726,090162,012111,075488,055851
0000000058,0000057000,095926,-58785,087310,010287,067013,066149
0000000059,0000058000,098744,-35376,084687,011901,056782,074766
0000000060,0000059000,092674,-08040,082560,016798,045805,080846
0000000061,0000060000,078287,020568,081138,024493,035166,083791
0000000062,0000061000,056789,047908,080554,034243,025886,083321
0000000063,0000062000,030455,071131,080865,045091,018876,079483
0000000064,0000063000,001992,087830,082041,055960,014838,072651
0000000065,0000064000,-26088,096579,083975,065802,014162,063485
0000000066,0000065000,-50985,096509,086471,073660,016902,052888
0000000067,0000066000,-70050,087503,089278,078748,022794,041908
0000000068,0000067000,-81576,070500,092131,080566,031274,031610
0000000069,0000068000,-84514,047208,094754,078951,041506,022992
0000000070,0000069000,-78430,019863,096880,074062,052475,016912
0000000071,0000070000,-63936,-08856,098303,066365,063116,013968
0000000072,0000071000,-42516,-36124,098888,056611,072401,014437
0000000073,0000072000,-16228,-59293,098576,045769,079405,018275
0000000074,0000073000,012341,-76099,097399,034901,083442,025107
0000000075,0000074000,040389,-84825,095467,025054,084125,034271
0000000076,0000075000,065202,-84666,092970,017200,081382,044867
0000000077,0000076000,084361,-75749,090162,012116,075486,055847
0000000078,0000077000,095918,-58782,087310,010291,067014,066144
0000000079,0000078000,098748,-35381,084687,011905,056783,074761
0000000080,0000079000,092702,-08066,082560,016799,045808,080842
0000000081,0000080000,078286,020571,081138,024492,035171,083787
0000000082,0000081000,056780,047922,080553,034242,025890,083317
0000000083,0000082000,030480,071115,080864,045089,018880,079480
0000000084,0000083000,002005,087825,082041,055955,014844,072650
0000000085,0000084000,-26099,096601,083974,065797,014166,063486
0000000086,0000085000,-50977,096512,086470,073655,016903,052890
0000000087,0000086000,-70044,087503,089278,078742,022795,041912
0000000088,0000087000,-81598,070526,092131,080562,031273,031615
0000000089,0000088000,-84521,047218,094754,078950,041502,022998
0000000090,0000089000,-78421,019853,096880,074060,052471,016918
0000000091,0000090000,-63957,-08840,098303,066364,063112,013973
0000000092,0000091000,-42539,-36107,098888,056615,072393,014441
0000000093,0000092000,-16225,-59307,098577,045774,079398,018277
0000000094,0000093000,012333,-76104,097401,034906,083437,025107
0000000095,0000094000,040372,-84820,095468,025062,084119,034269
0000000096,0000095000,065212,-84687,092971,017208,081378,044864
0000000097,0000096000,084369,-75768,090163,012122,075486,055841
0000000098,0000097000,095906,-58779,087311,010297,067014,066137
0000000099,0000098000,098761,-35396,084687,011911,056785,074754
0000000100,0000099000,092730,-08093,082560,016802,045814,080834
0000000101,0000100000,078290,020572,081137,024492,035178,083780
0000000102,0000101000,056788,047925,080552,034241,025897,083312
0000000103,0000102000,030506,071102,080863,045085,018888,079477
0000000104,0000103000,002010,087833,082039,055948,014852,072649
0000000105,0000104000,-26103,096620,083972,065790,014171,063488
0000000106,0000105000,-50961,096511,086469,073647,016907,052895
0000000107,0000106000,-70044,087515,089277,078733,022798,041919
0000000108,0000107000,-81622,070558,092130,080555,031271,031623
0000000109,0000108000,-84528,047230,094753,078946,041497,023007
0000000110,0000109000,-78426,019856,096880,074058,052464,016927
0000000111,0000110000,-63986,-08820,098304,066365,063103,013981
0000000112,0000111000,-42557,-36099,098889,056619,072383,014447
0000000113,0000112000,-16229,-59319,098579,045780,079388,018281
0000000114,0000113000,012311,-76102,097403,034914,083428,025108
0000000115,0000114000,040356,-84822,095470,025073,084111,034266
0000000116,0000115000,065224,-84715,092973,017220,081372,044858
0000000117,0000116000,084374,-75788,090165,012132,075484,055833
0000000118,0000117000,095904,-58786,087312,010306,067016,066127
0000000119,0000118000,098783,-35421,084688,011918,056789,074742
0000000120,0000119000,092754,-08116,082560,016805,045822,080823
0000000121,0000120000,078299,020571,081136,024492,035188,083770
0000000122,0000121000,056812,047916,080551,034238,025908,083304
0000000123,0000122000,030535,071091,080861,045077,018900,079472
0000000124,0000123000,002015,087849,082037,055938,014863,072648
0000000125,0000124000,-26099,096639,083970,065779,014179,063491
0000000126,0000125000,-50947,096518,086467,073635,016913,052901
0000000127,0000126000,-70052,087538,089275,078721,022801,041928
0000000128,0000127000,-81642,070591,092129,080545,031269,031635
0000000129,0000128000,-84537,047244,094753,078939,041491,023020
0000000130,0000129000,-78447,019872,096881,074053,052456,016940
0000000131,0000130000,-64022,-08794,098305,066365,063091,013992
0000000132,0000131000,-42576,-36096,098891,056624,072368,014456
0000000133,0000132000,-16242,-59329,098581,045789,079374,018286
0000000134,0000133000,012284,-76101,097405,034926,083415,025109
0000000135,0000134000,040343,-84835,095473,025088,084099,034263
0000000136,0000135000,065231,-84747,092975,017235,081365,044850
0000000137,0000136000,084375,-75809,090167,012146,075482,055822
0000000138,0000137000,095912,-58808,087313,010319,067017,066113
0000000139,0000138000,098814,-35457,084688,011927,056795,074727
0000000140,0000139000,092780,-08139,082560,016809,045833,080807
0000000141,0000140000,078318,020564,081135,024492,035202,083756
0000000142,0000141000,056847,047901,080548,034233,025923,083293
0000000143,0000142000,030566,071085,080858,045067,018917,079466
0000000144,0000143000,002026,087868,082034,055925,014878,072646
0000000145,0000144000,-26085,096657,083967,065763,014191,063495
0000000146,0000145000,-50936,096535,086464,073618,016921,052910
0000000147,0000146000,-70066,087575,089273,078704,022804,041941
0000000148,0000147000,-81661,070627,092127,080532,031267,031651
0000000149,0000148000,-84552,047266,094752,078929,041483,023038
0000000150,0000149000,-78480,019901,096881,074048,052444,016958
0000000151,0000150000,-64063,-08766,098307,066366,063075,014008
0000000152,0000151000,-42603,-36092,098893,056631,072350,014469
0000000153,0000152000,-16270,-59332,098584,045800,079356,018294
0000000154,0000153000,012253,-76104,097409,034942,083398,025110
0000000155,0000154000,040333,-84859,095476,025107,084084,034258
0000000156,0000155000,065234,-84783,092978,017254,081356,044840
0000000157,0000156000,084375,-75837,090170,012165,075478,055806
0000000158,0000157000,095930,-58843,087315,010336,067019,066094
0000000159,0000158000,098850,-35501,084689,011939,056803,074707
0000000160,0000159000,092810,-08166,082559,016815,045847,080787
0000000161,0000160000,078352,020547,081134,024492,035220,083738
0000000162,0000161000,056892,047883,080546,034227,025944,083279
0000000163,0000162000,030600,071085,080855,045054,018938,079457
0000000164,0000163000,002045,087888,082030,055907,014898,072644
0000000165,0000164000,-26063,096676,083963,065743,014207,063500
0000000166,0000165000,-50928,096563,086460,073595,016932,052922
0000000167,0000166000,-70083,087622,089270,078683,022808,041958
0000000168,0000167000,-81682,070669,092125,080514,031263,031672
0000000169,0000168000,-84577,047299,094751,078915,041473,023061
0000000170,0000169000,-78524,019940,096882,074041,052428,016981
0000000171,0000170000,-64109,-08737,098308,066367,063053,014028
0000000172,0000171000,-42638,-36086,098896,056639,072326,014484
0000000173,0000172000,-16310,-59332,098588,045814,079332,018303
0000000174,0000173000,012217,-76112,097413,034962,083375,025112
0000000175,0000174000,040320,-84891,095480,025131,084066,034253
0000000176,0000175000,065231,-84823,092983,017279,081344,044827
0000000177,0000176000,084378,-75875,090173,012189,075473,055787
0000000178,0000177000,095956,-58892,087317,010357,067022,066070
0000000179,0000178000,098891,-35552,084690,011954,056815,074681
0000000180,0000179000,092849,-08200,082559,016822,045866,080761
0000000181,0000180000,078400,020520,081131,024492,035243,083715
0000000182,0000181000,056947,047861,080542,034218,025970,083262
0000000183,0000182000,030639,071088,080851,045037,018965,079447
0000000184,0000183000,002074,087909,082025,055885,014922,072642
0000000185,0000184000,-26037,096701,083957,065716,014227,063506
0000000186,0000185000,-50923,096605,086456,073567,016946,052936
0000000187,0000186000,-70100,087678,089266,078656,022814,041979
0000000188,0000187000,-81705,070719,092122,080492,031259,031699
0000000189,0000188000,-84614,047346,094750,078899,041461,023090
0000000190,0000189000,-78580,019989,096883,074033,052408,017009
0000000191,0000190000,-64163,-08706,098311,066368,063027,014053
0000000192,0000191000,-42687,-36075,098900,056649,072297,014504
0000000193,0000192000,-16362,-59329,098593,045832,079302,018315
0000000194,0000193000,012177,-76127,097419,034988,083347,025114
0000000195,0000194000,040303,-84931,095486,025160,084044,034246
0000000196,0000195000,065224,-84870,092988,017310,081329,044811
0000000197,0000196000,084387,-75926,090177,012218,075468,055763
0000000198,0000197000,095991,-58955,087320,010382,067025,066041
0000000199,0000198000,098937,-35611,084691,011972,056829,074649
0000000200,0000199000,092899,-08242,082558,016832,045888,080730
0000000201,0000200000,078463,020483,081129,024491,035271,083687
0000000202,0000201000,057011,047838,080538,034207,026002,083240
0000000203,0000202000,030688,071094,080845,045017,018999,079434
0000000204,0000203000,002115,087931,082019,055858,014952,072639
0000000205,0000204000,-26006,096733,083951,065684,014251,063514
0000000206,0000205000,-50920,096659,086450,073533,016963,052954
0000000207,0000206000,-70118,087744,089261,078624,022820,042006
0000000208,0000207000,-81733,070780,092119,080464,031254,031731
0000000209,0000208000,-84663,047407,094749,078879,041446,023125
0000000210,0000209000,-78646,020047,096883,074023,052383,017043
0000000211,0000210000,-64227,-08669,098313,066370,062995,014084
0000000212,0000211000,-42751,-36057,098905,056661,072261,014527
0000000213,0000212000,-16426,-59325,098599,045854,079266,018329
0000000214,0000213000,012132,-76149,097425,035018,083314,025117
0000000215,0000214000,040279,-84976,095493,025196,084017,034237
0000000216,0000215000,065214,-84924,092994,017347,081311,044791
0000000217,0000216000,084401,-75991,090183,012254,075460,055734
0000000218,0000217000,096032,-59032,087324,010413,067030,066006
0000000219,0000218000,098990,-35679,084693,011993,056846,074610
0000000220,0000219000,092963,-08297,082557,016843,045914,080692
0000000221,0000220000,078540,020437,081126,024491,035305,083654
0000000222,0000221000,057085,047813,080533,034193,026042,083215
0000000223,0000222000,030748,071099,080839,044992,019038,079419
0000000224,0000223000,002167,087954,082011,055825,014988,072636
0000000225,0000224000,-25972,096775,083944,065644,014281,063524
0000000226,0000225000,-50916,096725,086443,073491,016982,052975
0000000227,0000226000,-70135,087820,089255,078585,022827,042037
0000000228,0000227000,-81769,070855,092115,080431,031249,031770
0000000229,0000228000,-84724,047484,094747,078855,041428,023167
0000000230,0000229000,-78723,020114,096884,074011,052354,017085
0000000231,0000230000,-64304,-08625,098317,066371,062957,014120
0000000232,0000231000,-42830,-36033,098910,056675,072219,014555
0000000233,0000232000,-16500,-59322,098606,045881,079223,018345
0000000234,0000233000,012079,-76177,097433,035055,083274,025120
0000000235,0000234000,040247,-85028,095501,025239,083985,034226
0000000236,0000235000,065203,-84989,093002,017392,081290,044768
0000000237,0000236000,084419,-76073,090189,012297,075452,055700
0000000238,0000237000,096078,-59121,087328,010449,067037,065964
0000000239,0000238000,099052,-35759,084695,012019,056866,074564
0000000240,0000239000,093042,-08365,082556,016856,045946,080647
0000000241,0000240000,078632,020382,081122,024489,035346,083614
0000000242,0000241000,057171,047786,080528,034177,026088,083184
0000000243,0000242000,030823,071103,080831,044964,019085,079401
0000000244,0000243000,002231,087980,082003,055785,015031,072633
0000000245,0000244000,-25934,096827,083934,065598,014316,063535
0000000246,0000245000,-50911,096803,086435,073443,017005,053001
0000000247,0000246000,-70154,087908,089248,078540,022835,042074
0000000248,0000247000,-81813,070946,092110,080392,031242,031815
0000000249,0000248000,-84797,047576,094745,078827,041406,023217
0000000250,0000249000,-78810,020192,096885,073997,052319,017133
0000000251,0000250000,-64397,-08571,098320,066373,062913,014163
0000000252,0000251000,-42926,-36002,098917,056692,072169,014588
0000000253,0000252000,-16586,-59320,098614,045913,079172,018364
0000000254,0000253000,012016,-76211,097443,035098,083228,025124
0000000255,0000254000,040206,-85087,095511,025288,083948,034214
0000000256,0000255000,065189,-85067,093011,017444,081266,044740
0000000257,0000256000,084443,-76170,090196,012347,075443,055660
0000000258,0000257000,096130,-59225,087333,010490,067044,065914
0000000259,0000258000,099125,-35853,084697,012049,056889,074511
0000000260,0000259000,093136,-08448,082555,016871,045983,080595
0000000261,0000260000,078738,020317,081118,024487,035394,083568
0000000262,0000261000,057272,047755,080521,034158,026142,083149
0000000263,0000262000,030912,071105,080822,044930,019139,079380
0000000264,0000263000,002305,088010,081992,055739,015081,072629
0000000265,0000264000,-25890,096889,083924,065544,014356,063549
0000000266,0000265000,-50902,096892,086425,073387,017031,053031
0000000267,0000266000,-70175,088010,089240,078487,022845,042118
0000000268,0000267000,-81866,071054,092105,080347,031234,031868
0000000269,0000268000,-84881,047684,094743,078795,041381,023274
0000000270,0000269000,-78911,020281,096886,073981,052279,017189
0000000271,0000270000,-64506,-08507,098325,066375,062862,014212
0000000272,0000271000,-43039,-35964,098924,056712,072111,014625
0000000273,0000272000,-16685,-59319,098624,045949,079114,018386
0000000274,0000273000,011941,-76248,097454,035147,083174,025128
0000000275,0000274000,040157,-85153,095523,025346,083905,034199
0000000276,0000275000,065175,-85158,093022,017504,081237,044708
0000000277,0000276000,084469,-76283,090205,012404,075432,055613
0000000278,0000277000,096188,-59344,087339,010538,067053,065858
0000000279,0000278000,099210,-35964,084699,012083,056916,074450
0000000280,0000279000,093246,-08546,082554,016888,046026,080535
0000000281,0000280000,078859,020244,081113,024484,035449,083516
0000000282,0000281000,057388,047718,080513,034137,026204,083109
0000000283,0000282000,031018,071104,080811,044891,019202,079357
0000000284,0000283000,002390,088045,081980,055686,015138,072625
0000000285,0000284000,-25840,096962,083912,065483,014402,063564
0000000286,0000285000,-50889,096994,086413,073323,017061,053065
0000000287,0000286000,-70198,088127,089231,078426,022856,042168
0000000288,0000287000,-81928,071181,092098,080296,031225,031929
0000000289,0000288000,-84976,047807,094740,078758,041352,023339
0000000290,0000289000,-79026,020384,096888,073964,052232,017253
0000000291,0000290000,-64634,-08431,098330,066378,062803,014269
0000000292,0000291000,-43168,-35920,098933,056736,072045,014668
0000000293,0000292000,-16798,-59318,098635,045991,079047,018411
0000000294,0000293000,011853,-76289,097467,035203,083114,025132
0000000295,0000294000,040099,-85227,095536,025412,083856,034182
0000000296,0000295000,065159,-85264,093034,017573,081205,044671
0000000297,0000296000,084498,-76413,090215,012468,075421,055560
0000000298,0000297000,096253,-59478,087346,010592,067063,065793
0000000299,0000298000,099308,-36092,084702,012122,056947,074380
0000000300,0000299000,093373,-08659,082552,016907,046075,080467
0000000301,0000300000,078996,020160,081108,024481,035512,083456
0000000302,0000301000,057522,047675,080504,034112,026274,083064
0000000303,0000302000,031141,071102,080799,044847,019272,079330
0000000304,0000303000,002487,088085,081966,055626,015202,072621
0000000305,0000304000,-25781,097044,083898,065413,014454,063583
0000000306,0000305000,-50871,097107,086400,073250,017095,053104
0000000307,0000306000,-70224,088261,089220,078357,022868,042224
0000000308,0000307000,-81999,071326,092091,080238,031214,031998
0000000309,0000308000,-85082,047946,094737,078718,041319,023413
0000000310,0000309000,-79157,020502,096889,073944,052180,017325
0000000311,0000310000,-64780,-08342,098336,066381,062736,014332
0000000312,0000311000,-43315,-35869,098942,056762,071971,014716
0000000313,0000312000,-16926,-59317,098648,046039,078972,018439
0000000314,0000313000,011751,-76334,097482,035267,083045,025137
0000000315,0000314000,040033,-85311,095551,025486,083801,034162
0000000316,0000315000,065141,-85385,093048,017650,081170,044629
0000000317,0000316000,084528,-76559,090227,012541,075408,055500
0000000318,0000317000,096325,-59631,087354,010653,067075,065720
0000000319,0000318000,099419,-36239,084706,012165,056983,074301
0000000320,0000319000,093515,-08788,082551,016928,046131,080390
0000000321,0000320000,079151,020065,081102,024477,035583,083389
0000000322,0000321000,057676,047623,080493,034083,026353,083013
0000000323,0000322000,031281,071097,080786,044796,019352,079301
0000000324,0000323000,002597,088131,081951,055559,015274,072616
0000000325,0000324000,-25712,097135,083882,065334,014511,063603
0000000326,0000325000,-50849,097234,086385,073168,017132,053148
0000000327,0000326000,-70253,088413,089208,078280,022881,042288
0000000328,0000327000,-82077,071491,092082,080174,031201,032075
0000000329,0000328000,-85200,048104,094733,078672,041281,023497
0000000330,0000329000,-79304,020636,096890,073922,052121,017406
0000000331,0000330000,-64946,-08239,098342,066385,062661,014402
0000000332,0000331000,-43480,-35811,098953,056793,071887,014769
0000000333,0000332000,-17072,-59314,098662,046092,078888,018470
0000000334,0000333000,011634,-76382,097498,035339,082969,025141
0000000335,0000334000,039956,-85404,095568,025569,083740,034140
0000000336,0000335000,065118,-85520,093063,017737,081130,044582
0000000337,0000336000,084559,-76722,090240,012622,075395,055432
0000000338,0000337000,096404,-59803,087364,010721,067089,065638
0000000339,0000338000,099544,-36406,084710,012213,057022,074213
0000000340,0000339000,093673,-08933,082550,016951,046193,080305
0000000341,0000340000,079325,019957,081095,024473,035662,083315
0000000342,0000341000,057849,047562,080482,034052,026441,082957
0000000343,0000342000,031438,071090,080771,044740,019440,079269
0000000344,0000343000,002721,088180,081933,055483,015355,072611
0000000345,0000344000,-25633,097236,083864,065246,014575,063627
0000000346,0000345000,-50823,097375,086369,073077,017174,053198
0000000347,0000346000,-70285,088584,089194,078195,022895,042359
0000000348,0000347000,-82163,071675,092072,080102,031187,032161
0000000349,0000348000,-85331,048280,094728,078622,041239,023589
0000000350,0000349000,-79470,020788,096892,073898,052055,017496
0000000351,0000350000,-65132,-08122,098349,066390,062578,014481
0000000352,0000351000,-43664,-35745,098965,056826,071794,014828
0000000353,0000352000,-17237,-59307,098678,046151,078794,018503
0000000354,0000353000,011501,-76432,097517,035418,082885,025146
0000000355,0000354000,039870,-85507,095587,025661,083673,034115
0000000356,0000355000,065091,-85670,093081,017833,081087,044530
0000000357,0000356000,084592,-76903,090255,012712,075380,055358
0000000358,0000357000,096492,-59995,087374,010796,067105,065548
0000000359,0000358000,099682,-36593,084715,012266,057067,074116
0000000360,0000359000,093849,-09096,082548,016976,046263,080211
0000000361,0000360000,079519,019835,081088,024467,035750,083233
0000000362,0000361000,058044,047491,080470,034016,026539,082895
0000000363,0000362000,031615,071080,080754,044677,019538,079234
0000000364,0000363000,002861,088234,081914,055399,015443,072607
0000000365,0000364000,-25542,097345,083843,065150,014646,063653
0000000366,0000365000,-50791,097531,086350,072977,017219,053253
0000000367,0000366000,-70319,088774,089178,078101,022911,042438
0000000368,0000367000,-82256,071880,092061,080024,031170,032256
0000000369,0000368000,-85474,048477,094723,078567,041192,023691
0000000370,0000369000,-79653,020960,096893,073872,051983,017595
0000000371,0000370000,-65338,-07990,098356,066396,062486,014567
0000000372,0000371000,-43869,-35670,098978,056864,071692,014893
0000000373,0000372000,-17422,-59298,098696,046217,078692,018540
0000000374,0000373000,011351,-76486,097537,035506,082792,025151
0000000375,0000374000,039773,-85621,095608,025763,083600,034087
0000000376,0000375000,065058,-85835,093101,017938,081040,044472
0000000377,0000376000,084625,-77102,090271,012810,075364,055275
0000000378,0000377000,096587,-60209,087386,010878,067122,065448
0000000379,0000378000,099834,-36802,084721,012323,057116,074010
0000000380,0000379000,094041,-09278,082547,017002,046339,080108
0000000381,0000380000,079733,019697,081080,024460,035846,083143
0000000382,0000381000,058261,047410,080456,033976,026646,082828
0000000383,0000382000,031811,071067,080736,044608,019646,079196
0000000384,0000383000,003017,088290,081893,055307,015540,072602
0000000385,0000384000,-25438,097463,083821,065043,014723,063683
0000000386,0000385000,-50753,097701,086329,072867,017268,053314
0000000387,0000386000,-70353,088984,089161,077998,022927,042525
0000000388,0000387000,-82355,072105,092048,079938,031151,032360
0000000389,0000388000,-85630,048695,094717,078507,041140,023803
0000000390,0000389000,-79855,021151,096894,073844,051903,017703
0000000391,0000390000,-65564,-07843,098364,066404,062385,014660
0000000392,0000391000,-44095,-35584,098992,056906,071580,014963
0000000393,0000392000,-17628,-59283,098715,046290,078580,018580
0000000394,0000393000,011184,-76542,097559,035603,082691,025155
0000000395,0000394000,039662,-85743,095631,025874,083519,034056
0000000396,0000395000,065018,-86014,093123,018053,080989,044408
0000000397,0000396000,084658,-77320,090290,012917,075348,055184
0000000398,0000397000,096690,-60445,087399,010968,067142,065339
0000000399,0000398000,099998,-37033,084727,012386,057170,073893
0000000400,0000399000,094251,-09480,082547,017031,046423,079995
0000000401,0000400000,079970,019542,081072,024453,035952,083045
0000000402,0000401000,040981,083275,084044,041749,027335,083318
0000000403,0000402000,032886,070576,080678,055475,018543,077940
0000000404,0000403000,012762,093626,082432,067779,016027,073002
0000000405,0000404000,005097,098443,083936,070693,012990,061913
0000000406,0000405000,008588,069396,083491,069964,017932,053985
0000000407,0000406000,-28221,089347,089170,061704,023611,043276
0000000408,0000407000,-31606,037090,088490,050216,031655,033030
0000000409,0000408000,-46402,040496,093804,036970,042728,025646
0000000410,0000409000,-32197,004864,095122,018960,051897,017963
0000000411,0000410000,-18190,-24431,096567,003051,064735,017233
0000000412,0000411000,-25553,-24680,099909,-13716,073055,016509
0000000413,0000412000,-10595,-67276,097613,-24904,080538,020454
0000000414,0000413000,-09847,-48984,099998,-31519,084430,026700
0000000415,0000414000,019228,-74717,096495,-34668,084025,034267
0000000416,0000415000,030006,-64177,095122,-30809,083032,046143
0000000417,0000416000,028932,-48590,093079,-23952,075743,055380
0000000418,0000417000,034276,-51045,088451,-09893,068128,066243
0000000419,0000418000,027263,-08939,087789,006719,056888,073600
0000000420,0000419000,043508,-10993,082739,024682,045520,079175
0000000421,0000420000,034739,027770,082349,043306,035936,083227
0000000422,0000421000,026441,043492,080575,058826,025411,081694
0000000423,0000422000,015961,056798,079803,073615,019457,079246
0000000424,0000423000,003310,084480,081992,082726,014009,071445
0000000425,0000424000,010519,071530,081633,087071,013650,063040
0000000426,0000425000,-03382,090582,085847,085444,016912,053377
0000000427,0000426000,-07800,070422,087351,077871,022151,042126
0000000428,0000427000,-19272,061952,090914,067406,031725,033236
0000000429,0000428000,-22594,047392,094246,052121,040723,023579
0000000430,0000429000,-12602,011448,095408,035816,052632,018507
0000000431,0000430000,-17736,002798,098857,018132,063415,015567
0000000432,0000431000,-11606,-36541,098232,002144,072742,015728
0000000433,0000432000,-15563,-44938,099380,-09867,080566,019944
0000000434,0000433000,-05858,-64158,098091,-18658,083626,025318
0000000435,0000434000,007666,-76971,095955,-21342,085343,035017
0000000436,0000435000,011391,-66222,094712,-19989,082177,044788
0000000437,0000436000,021819,-72468,090646,-12459,076425,055664
0000000438,0000437000,019781,-43984,089242,-00017,067914,065755
0000000439,0000438000,030943,-32487,085626,015407,056677,073294
0000000440,0000439000,036257,-05224,083624,033575,046231,080011
0000000441,0000440000,035584,024476,082409,050672,034709,082333
0000000442,0000441000,034456,039716,080609,067494,025710,082522
0000000443,0000442000,021999,072544,081801,081063,018178,078664
0000000444,0000443000,021739,075259,081469,090395,013567,071781
0000000445,0000444000,012590,089377,083714,094931,013333,063508
0000000446,0000445000,004538,086376,085596,092927,015536,052734
0000000447,0000446000,-05747,073673,087738,086690,022202,042757
0000000448,0000447000,-19114,065914,091221,075203,030368,032210
0000000449,0000448000,-18778,034338,092707,060600,040866,023797
0000000450,0000449000,-23838,018819,095829,043799,052376,018046
0000000451,0000450000,-20927,-12734,096903,026019,063018,014678
0000000452,0000451000,-20836,-34377,097998,010436,073264,015548
0000000453,0000452000,-17756,-49769,098494,-02893,079987,018505
0000000454,0000453000,-04998,-70102,097148,-11441,084559,025284
0000000455,0000454000,002465,-67539,096607,-15482,085382,034092
0000000456,0000455000,015875,-73444,093821,-14261,082563,044315
0000000457,0000456000,020880,-59447,091924,-07213,076971,055520
0000000458,0000457000,027994,-44944,089233,004017,067713,065110
0000000459,0000458000,036007,-27626,086321,019480,057530,074023
0000000460,0000459000,037222,001622,084636,036360,045917,079906
0000000461,0000460000,039642,018199,082166,053887,034951,083108
0000000462,0000461000,031260,047187,081767,070341,025402,083051
0000000463,0000462000,026054,061605,081133,083744,017538,079084
0000000464,0000463000,018789,074632,081783,093599,013482,072868
0000000465,0000464000,009619,083445,083399,097773,012243,063599
0000000466,0000465000,002363,077236,084857,096945,015184,053454
0000000467,0000466000,-10481,075269,087939,090689,021154,042543
0000000468,0000467000,-15603,055519,090067,079743,029685,032039
0000000469,0000468000,-20811,039360,092978,065474,040554,023620
0000000470,0000469000,-21633,016384,095257,048434,051710,017092
0000000471,0000470000,-19995,-09671,096788,031295,063285,014264
0000000472,0000471000,-19691,-26974,098286,015016,072999,014277
0000000473,0000472000,-11848,-50490,097996,001668,080542,017811
0000000474,0000473000,-05384,-59391,097835,-07629,085174,024520
0000000475,0000474000,005296,-68634,096195,-12400,085960,033302
0000000476,0000475000,013755,-68047,094197,-11443,083655,044181
0000000477,0000476000,020003,-58410,092001,-05512,077389,054964
0000000478,0000477000,028382,-48439,088979,005500,068693,065487
0000000479,0000478000,032019,-25131,086809,020048,057935,074273
0000000480,0000479000,036735,-06643,084169,036705,046222,080521
0000000481,0000480000,035083,018761,082644,054223,035112,084029
0000000482,0000481000,031210,041107,081621,070420,024831,083638
0000000483,0000482000,026574,057765,081217,084383,017278,080263
0000000484,0000483000,018563,074287,082154,094158,012523,073491
0000000485,0000484000,012431,077637,083125,099110,011474,064416
0000000486,0000485000,001975,080591,085389,098794,014216,053909
0000000487,0000486000,-06296,071726,087628,093019,020057,042549
0000000488,0000487000,-13433,058021,090196,082805,029101,032133
0000000489,0000488000,-18775,040988,092886,068547,039747,022985
0000000490,0000489000,-19753,015909,094837,052084,051600,016609
0000000491,0000490000,-21433,-04297,096856,034810,063165,013260
0000000492,0000491000,-18130,-28652,097614,018451,073258,013225
0000000493,0000492000,-13607,-45887,097970,004813,081254,016893
0000000494,0000493000,-06083,-59121,097421,-05269,085831,023386
0000000495,0000494000,003290,-67549,095961,-10384,087149,032721
0000000496,0000495000,010737,-65026,094302,-10377,084527,043467
0000000497,0000496000,019905,-60609,091736,-04985,078462,054791
0000000498,0000497000,026227,-45169,089417,005283,069597,065626
0000000499,0000498000,032486,-27724,086821,019171,058505,074645
0000000500,0000499000,035710,-06334,084602,035669,046764,081459
0000000501,0000500000,034959,017860,083041,052820,034969,084856
0000000502,0000501000,032883,037541,081802,069312,024643,084909
0000000503,0000502000,026834,057861,081765,083389,016601,081390
0000000504,0000503000,020960,069218,082120,093655,011635,074584
0000000505,0000504000,012463,077004,083430,099321,010514,065429
0000000506,0000505000,003297,077370,085299,099570,012926,054385
0000000507,0000506000,-04956,069421,087457,094717,019078,042947
0000000508,0000507000,-13007,058318,090103,084949,028031,031911
0000000509,0000508000,-17234,038619,092365,071315,039084,022545
0000000510,0000509000,-20668,018740,094695,055171,051230,015798
0000000511,0000510000,-20810,-04172,096331,037949,063044,012071
0000000512,0000511000,-18447,-25536,097341,021592,073713,012087
0000000513,0000512000,-13919,-42503,097735,007384,081841,015504
0000000514,0000513000,-06079,-57088,097103,-03135,086923,022306
0000000515,0000514000,001506,-62535,096051,-09065,088309,031728
0000000516,0000515000,010531,-64054,094150,-09843,085778,042788
0000000517,0000516000,018485,-57347,091991,-05215,079777,054590
0000000518,0000517000,025695,-44680,089579,004151,070595,065686
0000000519,0000518000,031758,-28275,087070,017559,059441,075322
0000000520,0000519000,034298,-06506,085043,033528,047174,082322
0000000521,0000520000,035086,014078,083227,050604,035064,086088
0000000522,0000521000,032190,035896,082268,067185,024317,086303
0000000523,0000522000,027711,053181,081930,081540,015820,082741
0000000524,0000523000,021360,065900,082352,092478,010689,075983
0000000525,0000524000,013080,073928,083571,098772,009176,066428
0000000526,0000525000,004876,073525,085205,099978,011626,055180
0000000527,0000526000,-04049,068722,087477,095919,017738,043251
0000000528,0000527000,-10900,056217,089772,086931,026865,031776
0000000529,0000528000,-16374,039753,092168,073984,038282,022044
0000000530,0000529000,-19652,019906,094327,058180,050678,014771
0000000531,0000530000,-20067,-02032,095927,041232,063057,010877
0000000532,0000531000,-18543,-21507,097065,024664,074053,010601
0000000533,0000532000,-13618,-39956,097310,010100,082663,014047
0000000534,0000533000,-07350,-52284,096959,-01056,088089,020961
0000000535,0000534000,000545,-59726,095835,-07842,089634,030555
0000000536,0000535000,008944,-60981,094141,-09459,087311,042070
0000000537,0000536000,016841,-55025,092108,-05870,081161,054192
0000000538,0000537000,024550,-44479,089708,002679,071903,065872
0000000539,0000538000,029941,-27653,087464,015321,060400,075933
0000000540,0000539000,033565,-08797,085329,030800,047725,083341
0000000541,0000540000,034221,012173,083687,047710,035209,087490
0000000542,0000541000,032272,032400,082656,064308,023903,087811
0000000543,0000542000,028365,049034,082259,079113,015074,084397
0000000544,0000543000,021977,062544,082690,090634,009502,077455
0000000545,0000544000,014675,069359,083664,097812,007772,067686
0000000546,0000545000,006122,070995,085319,099998,010112,056068
0000000547,0000546000,-02070,065950,087334,096902,016207,043627
0000000548,0000547000,-09254,055128,089557,088901,025594,031728
0000000549,0000548000,-15103,040070,091865,076666,037243,021409
0000000550,0000549000,-18415,020736,093863,061451,050119,013748
0000000551,0000550000,-19780,001165,095541,044720,062942,009474
0000000552,0000551000,-18138,-18649,096563,028059,074427,008978
0000000553,0000552000,-14198,-35506,096951,013119,083549,012415
0000000554,0000553000,-08283,-48005,096641,001229,089292,019371
0000000555,0000554000,-00740,-55818,095622,-06406,091172,029291
0000000556,0000555000,007118,-56966,094138,-09103,088924,041138
0000000557,0000556000,015408,-52936,092147,-06581,082773,053768
0000000558,0000557000,022663,-42582,089991,000949,073345,065994
0000000559,0000558000,028563,-27933,087789,012707,061482,076544
0000000560,0000559000,032363,-10112,085770,027627,048429,084479
0000000561,0000560000,033453,009727,084189,044203,035351,088941
0000000562,0000561000,032360,028251,083095,060884,023571,089536
0000000563,0000562000,028590,045063,082733,076062,014241,086169
0000000564,0000563000,023066,057435,082984,088275,008251,079115
0000000565,0000564000,015891,065023,083900,096420,006263,069114
0000000566,0000565000,007817,067006,085380,099667,008413,057045
0000000567,0000566000,-00103,062816,087218,097753,014575,044154
0000000568,0000567000,-07558,053813,089347,090813,024107,031669
0000000569,0000568000,-13308,039509,091454,079515,036100,020808
0000000570,0000569000,-17315,022461,093428,064974,049428,012657
0000000571,0000570000,-18881,003774,095005,048560,062737,007962
0000000572,0000571000,-17869,-14698,096047,031901,074802,007260
0000000573,0000572000,-14612,-30583,096500,016538,084393,010579
0000000574,0000573000,-09089,-43195,096240,003951,090591,017664
0000000575,0000574000,-02322,-50554,095417,-04674,092766,027837
0000000576,0000575000,005483,-52931,094029,-08536,090668,040079
0000000577,0000576000,013397,-49512,092247,-07223,084534,053251
0000000578,0000577000,020694,-40718,090241,-00897,074896,066015
0000000579,0000578000,026817,-27825,088165,009876,062739,077171
0000000580,0000579000,030795,-11229,086288,024035,049208,085602
0000000581,0000580000,032660,006527,084713,040218,035606,090486
0000000582,0000581000,031953,024264,083677,056887,023281,091355
0000000583,0000582000,028970,039872,083229,072419,013404,088058
0000000584,0000583000,023986,051962,083392,085381,006994,080945
0000000585,0000584000,017283,059790,084186,094523,004651,070651
0000000586,0000585000,009795,062077,085462,098998,006646,058188
0000000587,0000586000,001917,059448,087162,098374,012797,044771
0000000588,0000587000,-05328,051476,089075,092685,022489,031691
0000000589,0000588000,-11408,039166,091056,082496,034829,020256
0000000590,0000589000,-15748,023833,092903,068761,048586,011538
0000000591,0000590000,-17768,006669,094400,052830,062456,006433
0000000592,0000591000,-17522,-10117,095462,036219,075076,005431
0000000593,0000592000,-14789,-25379,095924,020506,085214,008648
0000000594,0000593000,-10107,-37176,095801,007191,091884,015819
0000000595,0000594000,-03815,-44865,095104,-02496,094386,026230
0000000596,0000595000,003531,-47813,093898,-07612,092502,038903
0000000597,0000596000,011132,-45410,092322,-07689,086368,052585
0000000598,0000597000,018482,-38444,090483,-02700,076587,065958
0000000599,0000598000,024614,-27043,088608,006881,064107,077718
0000000600,0000599000,029108,-12630,086831,020125,050114,086700
0000000601,0000600000,031453,003483,085355,035775,035983,092052
0000000602,0000601000,031443,019643,084333,052311,023065,093206
0000000603,0000602000,029226,034067,083824,068175,012648,090050
0000000604,0000603000,024840,045822,083905,081860,005744,082863
0000000605,0000604000,018897,053402,084519,092079,003040,072325
0000000606,0000605000,011802,056582,085627,097881,004832,059462
0000000607,0000606000,004302,054992,087104,098694,010931,045505
0000000608,0000607000,-02880,048659,088814,094451,020780,031839
0000000609,0000608000,-09167,038394,090619,085538,033415,019771
0000000610,0000609000,-13795,024932,092301,072817,047625,010489
0000000611,0000610000,-16477,009942,093732,057512,062034,004911
0000000612,0000611000,-16840,-05364,094751,041079,075230,003580
0000000613,0000612000,-14940,-19266,095268,025093,085945,006664
0000000614,0000613000,-11019,-30442,095253,011047,093097,013869
0000000615,0000614000,-05369,-38214,094710,000272,095992,024521
0000000616,0000615000,001367,-41609,093721,-06221,094331,037582
0000000617,0000616000,008706,-40626,092348,-07820,088257,051787
0000000618,0000617000,015853,-35223,090751,-04358,078360,065768
0000000619,0000618000,022156,-25963,089068,003828,065580,078141
0000000620,0000619000,027023,-13738,087451,015967,051164,087719
0000000621,0000620000,029920,000311,086086,030888,036491,093549
0000000622,0000621000,030709,014494,085082,047167,022999,095050
0000000623,0000622000,029225,027732,084547,063260,012011,092060
0000000624,0000623000,025714,038588,084504,077644,004594,084844
0000000625,0000624000,020482,046163,084956,088980,001500,074100
0000000626,0000625000,013996,049971,085849,096192,003031,060850
0000000627,0000626000,006932,049566,087081,098607,009055,046391
0000000628,0000627000,-00150,045139,088564,095985,018996,032124
0000000629,0000628000,-06483,036936,090134,088571,031900,019430
0000000630,0000629000,-11524,025947,091649,077077,046526,009562
0000000631,0000630000,-14766,013181,092960,062596,061446,003476
0000000632,0000631000,-15891,-00111,093936,046516,075223,001791
0000000633,0000632000,-14884,-12427,094495,030356,086501,004681
0000000634,0000633000,-11792,-22853,094584,015641,094171,011888
0000000635,0000634000,-06997,-30365,094229,003750,097481,022726
0000000636,0000635000,-00881,-34430,093455,-04205,096091,036140
0000000637,0000636000,005976,-34700,092343,-07469,090131,050844
0000000638,0000637000,012908,-31177,091007,-05734,080161,065400
0000000639,0000638000,019308,-24271,089556,000842,067148,078397
0000000640,0000639000,024489,-14483,088145,011633,052342,088567
0000000641,0000640000,028036,-03024,086902,025607,037173,094908
0000000642,0000641000,029581,009051,085958,041439,023128,096791
0000000643,0000642000,029018,020579,085386,057623,011570,094009
0000000644,0000643000,026442,030419,085230,072642,003639,086828
0000000645,0000644000,022062,037814,085503,085087,000114,075924
0000000646,0000645000,016347,042117,086149,093795,001349,062350
0000000647,0000646000,009767,043100,087119,097948,007235,047427
0000000648,0000647000,002973,040565,088317,097147,017207,032594
0000000649,0000648000,-03411,034847,089628,091471,030316,019299
0000000650,0000649000,-08789,026559,090928,081452,045287,008836
0000000651,0000650000,-12615,016416,092087,068048,060675,002236
0000000652,0000651000,-14589,005589,093002,052531,074984,000152
0000000653,0000652000,-14507,-04932,093580,036366,086811,002803
0000000654,0000653000,-12434,-14176,093790,021074,095002,009950
0000000655,0000654000,-08568,-21379,093624,008083,098748,020902
0000000656,0000655000,-03253,-25964,093099,-01391,097680,034607
0000000657,0000656000,002994,-27542,092280,-06461,091888,049738
0000000658,0000657000,009630,-26114,091238,-06650,081928,064826
0000000659,0000658000,015995,-21715,090075,-01934,068759,078407
0000000660,0000659000,021508,-14851,088898,007236,053646,089154
0000000661,0000660000,025651,-06262,087827,019995,038058,096017
0000000662,0000661000,028035,003231,086961,035130,023512,098308
0000000663,0000662000,028484,012671,086368,051216,011427,095796
0000000664,0000663000,026944,021240,086105,066743,002984,088714
0000000665,0000664000,023603,028158,086174,080259,-00987,077735
0000000666,0000665000,018757,032969,086559,090507,-00092,063924
0000000667,0000666000,012853,035271,087222,096524,005583,048616
0000000668,0000667000,006447,034846,088097,097749,015502,033295
0000000669,0000668000,000112,031874,089103,094064,028711,019448
0000000670,0000669000,-05526,026600,090138,085815,043929,008427
0000000671,0000670000,-09967,019591,091112,073785,059686,001312
0000000672,0000671000,-12791,011571,091929,059108,074447,-01197
0000000673,0000672000,-13759,003327,092517,043168,086772,001161
0000000674,0000673000,-12811,-04429,092841,027454,095455,008164
0000000675,0000674000,-10028,-11085,092875,013435,099652,019137
0000000676,0000675000,-05696,-16038,092630,002416,098948,033023
0000000677,0000676000,-00188,-19002,092134,-04576,093403,048476
0000000678,0000677000,005975,-19739,091439,-06886,083554,064000
0000000679,0000678000,012220,-18186,090607,-04299,070347,078085
0000000680,0000679000,017978,-14586,089717,002943,055057,089362
0000000681,0000680000,022697,-09305,088859,014157,039170,096726
0000000682,0000681000,025970,-02895,088102,028286,024231,099449
0000000683,0000682000,027491,004072,087515,044006,011695,097263
0000000684,0000683000,027147,010931,087141,059846,002782,090369
0000000685,0000684000,024982,017153,087001,074331,-01635,079432
0000000686,0000685000,021191,022300,087098,086113,-01127,065510
0000000687,0000686000,016139,025910,087415,094098,004259,049954
0000000688,0000687000,010269,027771,087923,097541,014007,034268
0000000689,0000688000,004137,027762,088567,096120,027173,019976
0000000690,0000689000,-01699,025933,089290,089971,042485,008472
0000000691,0000690000,-06701,022483,090029,079669,058455,000875
0000000692,0000691000,-10408,017780,090711,066183,073533,-02069
0000000693,0000692000,-12507,012288,091287,050773,086248,-00065
0000000694,0000693000,-12802,006408,091713,034877,095364,006694
0000000695,0000694000,-11290,000651,091961,019973,099998,017555
0000000696,0000695000,-08106,-04547,092017,007444,099696,031465
0000000697,0000696000,-03543,-08833,091885,-01547,094490,047078
0000000698,0000697000,001975,-11869,091584,-06164,084883,062876
0000000699,0000698000,007955,-13441,091137,-05980,071807,077329
0000000700,0000699000,013837,-13459,090592,-01012,056528,089031
0000000701,0000700000,019096,-11994,089995,008273,040531,096841
0000000702,0000701000,023250,-09150,089393,021008,025372,099998
0000000703,0000702000,025929,-05192,088836,036006,012521,098194
0000000704,0000703000,026902,-00472,088364,051873,003228,091602
0000000705,0000704000,026080,004713,088009,067136,-01606,080861
0000000706,0000705000,023553,009959,087790,080380,-01518,067016
0000000707,0000706000,019545,014863,087726,090379,003482,051411
0000000708,0000707000,014422,019079,087815,096206,012906,035558
0000000709,0000708000,008652,022312,088043,097325,025837,020999
0000000710,0000709000,002753,024301,088395,093632,041015,009147
0000000711,0000710000,-02734,024881,088841,085473,056969,001151
0000000712,0000711000,-07324,024050,089346,073607,072147,-02213
0000000713,0000712000,-10600,021816,089875,059134,085076,-00620
0000000714,0000713000,-12273,018320,090391,043397,094507,005773
0000000715,0000714000,-12196,013828,090855,027851,099527,016341
0000000716,0000715000,-10372,008640,091235,013937,099655,030056
0000000717,0000716000,-06976,003122,091507,002939,094887,045584
0000000718,0000717000,-02310,-02310,091648,-04128,085695,061415
0000000719,0000718000,003200,-07222,091648,-06611,072977,076013
0000000720,0000719000,009063,-11254,091505,-04286,057974,087961
0000000721,0000720000,014756,-14055,091228,002631,042147,096106
0000000722,0000721000,019764,-15332,090830,013500,027032,099662
0000000723,0000722000,023644,-14948,090339,027317,014090,098292
0000000724,0000723000,026041,-12857,089788,042807,004573,092136
0000000725,0000724000,026743,-09156,089216,058539,-00604,081797
0000000726,0000725000,025683,-04084,088666,073062,-00950,068288
0000000727,0000726000,022958,001987,088182,085034,003556,052924
0000000728,0000727000,018817,008612,087800,093354,012465,037202
0000000729,0000728000,013623,015291,087555,097258,024896,022650
0000000730,0000729000,007845,021438,087473,096391,039630,010675
0000000731,0000730000,001991,026529,087569,090836,055233,002431
0000000732,0000731000,-03417,030084,087843,081101,070192,-01297
0000000733,0000732000,-07894,031690,088284,068083,083061,-00158
0000000734,0000733000,-11038,031119,088866,052977,092602,005723
0000000735,0000734000,-12558,028344,089542,037173,097904,015765
0000000736,0000735000,-12314,023505,090262,022126,098462,028983
0000000737,0000736000,-10324,016910,090970,009223,094244,044083
0000000738,0000737000,-06769,009085,091603,-00351,085680,059589
0000000739,0000738000,-01962,000655,092105,-05721,073623,073996
0000000740,0000739000,003672,-07695,092427,-06399,059261,085913
0000000741,0000740000,009639,-15194,092531,-02325,043997,094196
0000000742,0000741000,015415,-21111,092392,006128,029309,098063
0000000743,0000742000,020480,-24849,092012,018189,016611,097163
0000000744,0000743000,024378,-25967,091412,032756,007122,091597
0000000745,0000744000,026749,-24231,090634,048493,001746,081924
0000000746,0000745000,027370,-19701,089741,063957,000983,069098
0000000747,0000746000,026181,-12687,088807,077723,004884,054380
0000000748,0000747000,023283,-03691,087912,088532,013040,039212
0000000749,0000748000,018933,006539,087139,095396,024628,025070
0000000750,0000749000,013509,017109,086564,097694,038497,013316
0000000751,0000750000,007485,027079,086248,095220,053291,005069
0000000752,0000751000,001388,035492,086235,088199,067577,001100
0000000753,0000752000,-04242,041480,086541,077267,079983,001764
0000000754,0000753000,-08895,044397,087151,063415,089326,006971
0000000755,0000754000,-12141,043857,088023,047906,094720,016195
0000000756,0000755000,-13675,039766,089086,032162,095668,028518
0000000757,0000756000,-13346,032377,090252,017625,092111,042720
0000000758,0000757000,-11178,022268,091414,005628,084434,057406
0000000759,0000758000,-07359,010276,092468,-02739,073423,071145
0000000760,0000759000,-02220,-02561,093309,-06720,060181,082615
0000000761,0000760000,003793,-15052,093851,-05958,046008,090733
0000000762,0000761000,010158,-26013,094028,-00521,032277,094751
0000000763,0000762000,016316,-34368,093811,009102,020299,094320
0000000764,0000763000,021710,-39227,093203,022045,011214,089512
0000000765,0000764000,025844,-39990,092245,037135,005875,080825
0000000766,0000765000,028324,-36456,091015,052995,004767,069131
0000000767,0000766000,028914,-28818,089620,068175,007956,055595
0000000768,0000767000,027545,-17651,088184,081285,015082,041554
0000000769,0000768000,024336,-03922,086843,091136,025399,028380
0000000770,0000769000,019563,011138,085728,096840,037865,017336
0000000771,0000770000,013639,026163,084950,097887,051248,009454
0000000772,0000771000,007075,039737,084593,094184,064255,005451
0000000773,0000772000,000442,050522,084709,086057,075644,005665
0000000774,0000773000,-05664,057411,085303,074233,084342,010031
0000000775,0000774000,-10681,059625,086334,059775,089539,018089
0000000776,0000775000,-14134,056773,087723,043996,090770,029020
0000000777,0000776000,-15687,048974,089346,028337,087970,041722
0000000778,0000777000,-15185,036869,091053,014225,081472,054934
0000000779,0000778000,-12665,021493,092683,002942,071973,067363
0000000780,0000779000,-08346,004245,094080,-04498,060446,077822
0000000781,0000780000,-02597,-13272,095102,-07432,048036,085340
0000000782,0000781000,004084,-29438,095645,-05598,035944,089251
0000000783,0000782000,011120,-42706,095645,000844,025319,089233
0000000784,0000783000,017888,-51707,095081,011327,017157,085344
0000000785,0000784000,023764,-55452,093988,024916,012206,078010
0000000786,0000785000,028197,-53421,092454,040383,010897,067988
0000000787,0000786000,030750,-45614,090614,056323,013295,056300
0000000788,0000787000,031174,-32672,088639,071281,019089,044116
0000000789,0000788000,029420,-15771,086722,083903,027641,032631
0000000790,0000789000,025642,003532,085047,093055,038058,022939
0000000791,0000790000,020167,023459,083776,097924,049297,015925
0000000792,0000791000,013466,042173,083037,098078,060270,012200
0000000793,0000792000,006114,057886,082911,093499,069937,012053
0000000794,0000793000,-01242,069030,083432,084584,077401,015433
0000000795,0000794000,-07934,074411,084568,072120,081988,021950
0000000796,0000795000,-13329,073302,086232,057224,083313,030915
0000000797,0000796000,-16900,065623,088275,041245,081325,041398
0000000798,0000797000,-18293,052028,090502,025639,076307,052341
0000000799,0000798000,-17377,033774,092696,011818,068834,062667
0000000800,0000799000,-14232,012571,094645,001022,059703,071400
0000000801,0000800000,-09136,-09595,096161,-05792,049839,077752
0000000802,0000801000,-02524,-30720,097099,-08022,040199,081187
0000000803,0000802000,005036,-48824,097362,-05468,031695,081454
0000000804,0000803000,012885,-62087,096900,001656,025108,078606
0000000805,0000804000,020319,-69124,095737,012728,021015,072996
0000000806,0000805000,026634,-69057,093966,026767,019744,065239
0000000807,0000806000,031216,-61673,091742,042505,021327,056152
0000000808,0000807000,033610,-47605,089283,058514,025503,046670
0000000809,0000808000,033590,-28230,086831,073342,031771,037726
0000000810,0000809000,031167,-05384,084624,085662,039443,030156
0000000811,0000810000,026556,018812,082869,094384,047728,024633
0000000812,0000811000,020155,042149,081732,098740,055816,021607
0000000813,0000812000,012514,062467,081329,098343,062946,021274
0000000814,0000813000,004292,077776,081717,093218,068474,023577
0000000815,0000814000,-03781,086475,082884,083804,071929,028199
0000000816,0000815000,-10945,087511,084738,070927,073064,034609
0000000817,0000816000,-16504,080590,087112,055741,071873,042108
0000000818,0000817000,-19904,066304,089774,039622,068590,049913
0000000819,0000818000,-20825,046079,092455,024031,063642,057253
0000000820,0000819000,-19202,021891,094899,010364,057594,063452
0000000821,0000820000,-15189,-04011,096877,-00172,051085,067972
0000000822,0000821000,-09130,-29280,098204,-06651,044759,070466
0000000823,0000822000,-01547,-51590,098751,-08504,039210,070798
0000000824,0000823000,006905,-68781,098449,-05559,034928,069040
0000000825,0000824000,015485,-79078,097300,001940,032255,065470
0000000826,0000825000,023390,-81273,095396,013344,031349,060536
0000000827,0000826000,029859,-74973,092907,027639,032177,054798
0000000828,0000827000,034246,-60724,090081,043537,034530,048874
0000000829,0000828000,036130,-39995,087208,059592,038061,043352
0000000830,0000829000,035375,-14855,084561,074368,042343,038726
0000000831,0000830000,032067,012382,082382,086562,046899,035380
0000000832,0000831000,026484,039215,080878,095104,051267,033549
0000000833,0000832000,019114,063180,080192,099246,055040,033293
0000000834,0000833000,010594,082037,080397,098620,057899,034521
0000000835,0000834000,001669,093809,081503,093266,059643,036993
0000000836,0000835000,-06837,097141,083427,083640,060224,040349
0000000837,0000836000,-14107,091635,085983,070589,059718,044173
0000000838,0000837000,-19435,077730,088923,055282,058309,048040
0000000839,0000838000,-22286,056840,091949,039106,056264,051549
0000000840,0000839000,-22436,031208,094750,023520,053869,054415
0000000841,0000840000,-19944,003160,097098,009890,051409,056426
0000000842,0000841000,-14959,-24887,098763,-00588,049165,057466
0000000843,0000842000,-07970,-50079,099580,-06995,047343,057560
0000000844,0000843000,000436,-70229,099474,-08775,046065,056832
0000000845,0000844000,009528,-83338,098435,-05756,045384,055484
0000000846,0000845000,018454,-87760,096534,001809,045231,053775
0000000847,0000846000,026401,-83148,093952,013266,045471,051980
0000000848,0000847000,032554,-69878,090959,027595,045941,050322
0000000849,0000848000,036350,-49328,087842,043501,046464,048975
0000000850,0000849000,037445,-23650,084927,059550,046901,048031
0000000851,0000850000,035824,004736,082455,074325,047150,047504
0000000852,0000851000,031598,033331,080659,086540,047145,047376
0000000853,0000852000,025130,059372,079727,095120,046882,047526
0000000854,0000853000,017047,080433,079723,099324,046440,047803
0000000855,0000854000,007993,094536,080682,098780,045941,048037
0000000856,0000855000,-01161,099998,082523,093516,045570,048055
0000000857,0000856000,-09586,096401,085064,083988,045531,047754
0000000858,0000857000,-16476,084065,088061,071027,045960,047111
0000000859,0000858000,-21131,064209,091199,055805,046959,046177
0000000860,0000859000,-23187,039146,094165,039696,048514,045078
0000000861,0000860000,-22495,010989,096711,024123,050526,044001
0000000862,0000861000,-19130,-17677,098607,010445,052864,043113
0000000863,0000862000,-13370,-43909,099637,-00141,055305,042625
0000000864,0000863000,-05775,-65412,099737,-06717,057561,042742
0000000865,0000864000,003004,-80222,098891,-08715,059334,043592
0000000866,0000865000,012179,-86607,097148,-05945,060319,045248
0000000867,0000866000,020877,-83997,094694,001359,060237,047668
0000000868,0000867000,028325,-72903,091774,012566,058962,050656
0000000869,0000868000,033763,-54294,088681,026676,056495,053928
0000000870,0000869000,036724,-30211,085721,042412,052971,057142
0000000871,0000870000,037012,-03006,083159,058379,048685,059915
0000000872,0000871000,034588,024968,081222,073182,044002,061903
0000000873,0000872000,029691,050917,080105,085525,039347,062803
0000000874,0000873000,022791,072354,079910,094345,035219,062377
0000000875,0000874000,014492,087381,080646,098878,032107,060504
0000000876,0000875000,005558,094502,082243,098726,030443,057220
0000000877,0000876000,-03209,093044,084548,093893,030558,052729
0000000878,0000877000,-11004,083288,087331,084788,032585,047419
0000000879,0000878000,-17084,066340,090306,072215,036445,041804
0000000880,0000879000,-20885,043963,093176,057309,041855,036455
0000000881,0000880000,-22144,018272,095698,041396,048345,031952
0000000882,0000881000,-20743,-08397,097636,025868,055339,028799
0000000883,0000882000,-16841,-33299,098793,012087,062188,027411
0000000884,0000883000,-10831,-54098,099076,001237,068181,028071
0000000885,0000884000,-03241,-69050,098474,-05746,072659,030871
0000000886,0000885000,005214,-76593,097048,-08257,075063,035679
0000000887,0000886000,013796,-76181,094939,-06075,074993,042146
0000000888,0000887000,021725,-68086,092368,000627,072325,049689
0000000889,0000888000,028251,-53139,089594,011260,067205,057575
0000000890,0000889000,032818,-32948,086875,024875,060041,065017
0000000891,0000890000,035015,-09436,084469,040260,051472,071248
0000000892,0000891000,034686,015140,082594,056057,042279,075586
0000000893,0000892000,031895,038375,081423,070891,033332,077517
0000000894,0000893000,026926,058026,081066,083476,025522,076719
0000000895,0000894000,020281,072286,081532,092736,019693,073114
0000000896,0000895000,012531,080039,082758,097874,016526,066921
0000000897,0000896000,004389,080627,084614,098442,016462,058641
0000000898,0000897000,-03434,074232,086909,094384,019646,049025
0000000899,0000898000,-10236,061673,089414,086048,025862,039004
0000000900,0000899000,-15389,044167,091894,074171,034588,029575
0000000901,0000900000,-18468,023475,094120,059809,045042,021685
0000000902,0000901000,-28283,002821,094967,045430,049141,016753
0000000903,0000902000,-06129,024079,099435,045430,049141,014358
0000000904,0000903000,-08580,013938,097175,045430,049141,012446
0000000905,0000904000,-07695,007067,097858,045430,049141,019089
0000000906,0000905000,007400,004312,096467,045430,049141,027191
0000000907,0000906000,009900,008246,095820,045430,049141,035063
0000000908,0000907000,010272,006909,092137,045430,049141,047786
0000000909,0000908000,010123,006640,091754,045430,049141,048878
0000000910,0000909000,015022,006164,091247,045430,049141,048878
0000000911,0000910000,020446,006339,090829,045430,049141,048878
0000000912,0000911000,019538,006593,090966,045430,049141,048878
0000000913,0000912000,014098,006788,091455,045430,049141,048878
0000000914,0000913000,011866,007539,091756,045430,049141,048878
0000000915,0000914000,014523,007181,091450,045430,049141,048878
0000000916,0000915000,019395,007142,091049,045430,049141,048878
0000000917,0000916000,020060,007012,091004,045430,049141,048878
0000000918,0000917000,016166,007042,091350,045430,049141,048878
0000000919,0000918000,013110,007565,091678,045430,049141,048878
0000000920,0000919000,013896,007369,091539,045430,049141,048878
0000000921,0000920000,017819,007306,091191,045430,049141,048878
0000000922,0000921000,019524,007002,091024,045430,049141,048878
0000000923,0000922000,017221,006863,091225,045430,049141,048878
0000000924,0000923000,014086,007134,091536,045430,049141,048878
0000000925,0000924000,013455,007021,091535,045430,049141,048878
0000000926,0000925000,016147,007000,091279,045430,049141,048878
0000000927,0000926000,018284,006696,091053,045430,049141,048878
0000000928,0000927000,017403,006493,091120,045430,049141,048878
0000000929,0000928000,014785,006572,091372,045430,049141,048878
0000000930,0000929000,013340,006470,091461,045430,049141,048878
0000000931,0000930000,014797,006469,091312,045430,049141,048878
0000000932,0000931000,016819,006227,091089,045430,049141,048878
0000000933,0000932000,016955,006042,091060,045430,049141,048878
0000000934,0000933000,015135,006029,091229,045430,049141,048878
0000000935,0000934000,013451,005933,091355,045430,049141,048878
0000000936,0000935000,013934,005930,091299,045430,049141,048878
0000000937,0000936000,015526,005744,091118,045430,049141,048878
0000000938,0000937000,016218,005601,091037,045430,049141,048878
0000000939,0000938000,015176,005562,091130,045430,049141,048878
0000000940,0000939000,013637,005493,091252,045430,049141,048878
0000000941,0000940000,013492,005496,091259,045430,049141,048878
0000000942,0000941000,014577,005358,091134,045430,049141,048878
0000000943,0000942000,015475,005247,091038,045430,049141,048878
0000000944,0000943000,015045,005203,091073,045430,049141,048878
0000000945,0000944000,013820,005167,091173,045430,049141,048878
0000000946,0000945000,013340,005189,091214,045430,049141,048878
0000000947,0000946000,013971,005101,091139,045430,049141,048878
0000000948,0000947000,014861,005020,091049,045430,049141,048878
0000000949,0000948000,014859,004973,091046,045430,049141,048878
0000000950,0000949000,013991,004956,091119,045430,049141,048878
0000000951,0000950000,013378,004996,091176,045430,049141,048878
0000000952,0000951000,013643,004957,091141,045430,049141,048878
0000000953,0000952000,014406,004908,091066,045430,049141,048878
0000000954,0000953000,014673,004864,091040,045430,049141,048878
0000000955,0000954000,014147,004853,091087,045430,049141,048878
0000000956,0000955000,013536,004897,091145,045430,049141,048878
0000000957,0000956000,013529,004894,091141,045430,049141,048878
0000000958,0000957000,014103,004877,091086,045430,049141,048878
0000000959,0000958000,014502,004845,091049,045430,049141,048878
0000000960,0000959000,014268,004835,091072,045430,049141,048878
0000000961,0000960000,013752,004872,091123,045430,049141,048878
0000000962,0000961000,013571,004888,091138,045430,049141,048878
0000000963,0000962000,013935,004894,091105,045430,049141,048878
0000000964,0000963000,014356,004877,091066,045430,049141,048878
0000000965,0000964000,014341,004870,091070,045430,049141,048878
0000000966,0000965000,013966,004897,091109,045430,049141,048878
0000000967,0000966000,013704,004918,091134,045430,049141,048878
0000000968,0000967000,013881,004936,091119,045430,049141,048878
0000000969,0000968000,014246,004930,091085,045430,049141,048878
0000000970,0000969000,014366,004926,091077,045430,049141,048878
0000000971,0000970000,014138,004945,091102,045430,049141,048878
0000000972,0000971000,013870,004966,091129,045430,049141,048878
0000000973,0000972000,013905,004986,091127,045430,049141,048878
0000000974,0000973000,014177,004987,091103,045430,049141,048878
0000000975,0000974000,014358,004985,091088,045430,049141,048878
0000000976,0000975000,014255,004997,091101,045430,049141,048878
0000000977,0000976000,014025,005014,091124,045430,049141,048878
0000000978,0000977000,013970,005033,091131,045430,049141,048878
0000000979,0000978000,014144,005037,091115,045430,049141,048878
0000000980,0000979000,014333,005035,091099,045430,049141,048878
0000000981,0000980000,014320,005042,091103,045430,049141,048878
0000000982,0000981000,014147,005054,091120,045430,049141,048878
0000000983,0000982000,014048,005070,091131,045430,049141,048878
0000000984,0000983000,014137,005075,091124,045430,049141,048878
0000000985,0000984000,014301,005074,091109,045430,049141,048878
0000000986,0000985000,014345,005075,091106,045430,049141,048878
0000000987,0000986000,014233,005082,091118,045430,049141,048878
0000000988,0000987000,014121,005094,091130,045430,049141,048878
0000000989,0000988000,014144,005100,091128,045430,049141,048878
0000000990,0000989000,014269,005098,091117,045430,049141,048878
0000000991,0000990000,014342,005096,091110,045430,049141,048878
0000000992,0000991000,014283,005098,091117,045430,049141,048878
0000000993,0000992000,014180,005107,091127,045430,049141,048878
0000000994,0000993000,014159,005111,091129,045430,049141,048878
0000000995,0000994000,014242,005111,091121,045430,049141,048878
0000000996,0000995000,014321,005108,091114,045430,049141,048878
0000000997,0000996000,014304,005106,091116,045430,049141,048878
0000000998,0000997000,014222,005111,091124,045430,049141,048878
0000000999,0000998000,014178,005114,091128,045430,049141,048878
0000001000,0000999000,014221,005114,091124,045430,049141,048878
0000001001,0001000000,014292,005111,091117,045430,049141,048878
0000001002,0001001000,014304,005108,091116,045430,049141,048878
0000001003,0001002000,014249,005109,091121,045430,049141,048878
0000001004,0001003000,014196,005111,091126,045430,049141,048878
0000001005,0001004000,014209,005112,091125,045430,049141,048878
0000001006,0001005000,014264,005109,091119,045430,049141,048878
0000001007,0001006000,014292,005105,091116,045430,049141,048878
0000001008,0001007000,014260,005105,091119,045430,049141,048878
0000001009,0001008000,014211,005106,091124,045430,049141,048878
0000001010,0001009000,014204,005106,091124,045430,049141,048878
0000001011,0001010000,014241,005104,091120,045430,049141,048878
0000001012,0001011000,014273,005101,091117,045430,049141,048878
0000001013,0001012000,014262,005099,091118,045430,049141,048878
0000001014,0001013000,014223,005100,091122,045430,049141,048878
0000001015,0001014000,014204,005100,091123,045430,049141,048878
0000001016,0001015000,014224,005099,091121,045430,049141,048878
0000001017,0001016000,014255,005096,091118,045430,049141,048878
0000001018,0001017000,014257,005094,091118,045430,049141,048878
0000001019,0001018000,014230,005094,091120,045430,049141,048878
0000001020,0001019000,014207,005095,091122,045430,049141,048878
0000001021,0001020000,014214,005094,091121,045430,049141,048878
0000001022,0001021000,014239,005092,091119,045430,049141,048878
0000001023,0001022000,014250,005090,091117,045430,049141,048878
0000001024,0001023000,014234,005090,091119,045430,049141,048878
0000001025,0001024000,014212,005090,091121,045430,049141,048878
0000001026,0001025000,014210,005090,091121,045430,049141,048878
0000001027,0001026000,014227,005089,091119,045430,049141,048878
0000001028,0001027000,014241,005088,091118,045430,049141,048878
0000001029,0001028000,014235,005087,091118,045430,049141,048878
0000001030,0001029000,014217,005088,091120,045430,049141,048878
0000001031,0001030000,014210,005088,091120,045430,049141,048878
0000001032,0001031000,014220,005087,091119,045430,049141,048878
0000001033,0001032000,014234,005086,091118,045430,049141,048878
0000001034,0001033000,014234,005086,091118,045430,049141,048878
0000001035,0001034000,014222,005086,091119,045430,049141,048878
0000001036,0001035000,014212,005087,091120,045430,049141,048878
0000001037,0001036000,014217,005087,091120,045430,049141,048878
0000001038,0001037000,014228,005086,091118,045430,049141,048878
0000001039,0001038000,014232,005085,091118,045430,049141,048878
0000001040,0001039000,014225,005086,091119,045430,049141,048878
0000001041,0001040000,014216,005086,091120,045430,049141,048878
0000001042,0001041000,014216,005086,091120,045430,049141,048878
0000001043,0001042000,014224,005086,091119,045430,049141,048878
0000001044,0001043000,014230,005086,091118,045430,049141,048878
0000001045,0001044000,014227,005086,091119,045430,049141,048878
0000001046,0001045000,014219,005086,091119,045430,049141,048878
0000001047,0001046000,014217,005087,091120,045430,049141,048878
0000001048,0001047000,014222,005087,091119,045430,049141,048878
0000001049,0001048000,014228,005086,091118,045430,049141,048878
0000001050,0001049000,014228,005086,091119,045430,049141,048878
0000001051,0001050000,014223,005087,091119,045430,049141,048878
0000001052,0001051000,014219,005087,091119,045430,049141,048878
0000001053,0001052000,014221,005087,091119,045430,049141,048878
0000001054,0001053000,014227,005087,091119,045430,049141,048878
0000001055,0001054000,014228,005087,091119,045430,049141,048878
0000001056,0001055000,014225,005087,091119,045430,049141,048878
0000001057,0001056000,014221,005087,091119,045430,049141,048878
0000001058,0001057000,014221,005088,091119,045430,049141,048878
0000001059,0001058000,014225,005088,091119,045430,049141,048878
0000001060,0001059000,014228,005088,091119,045430,049141,048878
0000001061,0001060000,014226,005088,091119,045430,049141,048878
0000001062,0001061000,014223,005088,091119,045430,049141,048878
0000001063,0001062000,014222,005088,091119,045430,049141,048878
0000001064,0001063000,014225,005088,091119,045430,049141,048878
0000001065,0001064000,014227,005088,091119,045430,049141,048878
0000001066,0001065000,014227,005088,091119,045430,049141,048878
0000001067,0001066000,014224,005088,091119,045430,049141,048878
0000001068,0001067000,014223,005088,091119,045430,049141,048878
0000001069,0001068000,014224,005088,091119,045430,049141,048878
0000001070,0001069000,014227,005088,091119,045430,049141,048878
0000001071,0001070000,014227,005088,091119,045430,049141,048878
0000001072,0001071000,014226,005088,091119,045430,049141,048878
0000001073,0001072000,014224,005088,091119,045430,049141,048878
0000001074,0001073000,014224,005089,091119,045430,049141,048878
0000001075,0001074000,014226,005088,091119,045430,049141,048878
0000001076,0001075000,014227,005088,091119,045430,049141,048878
0000001077,0001076000,014226,005088,091119,045430,049141,048878
0000001078,0001077000,014225,005089,091119,045430,049141,048878
0000001079,0001078000,014224,005089,091119,045430,049141,048878
0000001080,0001079000,014225,005089,091119,045430,049141,048878
0000001081,0001080000,014227,005088,091119,045430,049141,048878
0000001082,0001081000,014226,005088,091119,045430,049141,048878
0000001083,0001082000,014225,005089,091119,045430,049141,048878
0000001084,0001083000,014224,005089,091119,045430,049141,048878
0000001085,0001084000,014225,005089,091119,045430,049141,048878
0000001086,0001085000,014226,005088,091119,045430,049141,048878
0000001087,0001086000,014226,005088,091119,045430,049141,048878
0000001088,0001087000,014225,005088,091119,045430,049141,048878
0000001089,0001088000,014225,005088,091119,045430,049141,048878
0000001090,0001089000,014225,005088,091119,045430,049141,048878
0000001091,0001090000,014226,005088,091119,045430,049141,048878
0000001092,0001091000,014226,005088,091119,045430,049141,048878
0000001093,0001092000,014226,005088,091119,045430,049141,048878
0000001094,0001093000,014225,005088,091119,045430,049141,048878
0000001095,0001094000,014225,005088,091119,045430,049141,048878
0000001096,0001095000,014225,005088,091119,045430,049141,048878
0000001097,0001096000,014226,005088,091119,045430,049141,048878
0000001098,0001097000,014226,005088,091119,045430,049141,048878
0000001099,0001098000,014225,005088,091119,045430,049141,048878
0000001100,0001099000,014225,005088,091119,045430,049141,048878
0000001101,0001100000,014225,005088,091119,045430,049141,048878
