0000000001,0000000000,091168,086521,077175,035804,029135,085909
0000000002,0000001000,089034,089238,076591,045557,019857,085436
0000000003,0000002000,086393,091568,076902,056395,012860,081593
0000000004,0000003000,083536,093247,078079,067276,008815,074757
0000000005,0000004000,080744,094109,080012,077116,008143,065588
0000000006,0000005000,078256,094100,082509,084968,010893,054988
0000000007,0000006000,076335,093214,085315,090050,016791,044007
0000000008,0000007000,075190,091506,088168,091877,025263,033710
0000000009,0000008000,074905,089168,090790,090248,035507,025093
0000000010,0000009000,075503,086445,092916,085354,046478,019016
0000000011,0000010000,076950,083575,094338,077656,057117,016076
0000000012,0000011000,079104,080837,094923,067901,066398,016549
0000000013,0000012000,081725,078529,094611,057049,073408,020391
0000000014,0000013000,084578,076852,093434,046186,077435,027228
0000000015,0000014000,087390,075972,091502,036340,078112,036396
0000000016,0000015000,089871,075988,089005,028484,075370,046995
0000000017,0000016000,091777,076889,086197,023404,069467,057977
0000000018,0000017000,092941,078578,083346,021586,060987,068275
0000000019,0000018000,093223,080917,080724,023202,050755,076890
0000000020,0000019000,092613,083655,078598,028101,039779,082968
0000000021,0000020000,091174,086515,077175,035803,029136,085909
0000000022,0000021000,089028,089245,076591,045553,019860,085435
0000000023,0000022000,086390,091571,076903,056404,012852,081592
0000000024,0000023000,083545,093240,078079,067275,008817,074756
0000000025,0000024000,080742,094111,080012,077115,008144,065588
0000000026,0000025000,078248,094107,082509,084969,010891,054988
0000000027,0000026000,076341,093208,085316,090058,016784,044007
0000000028,0000027000,075193,091503,088168,091871,025268,033709
0000000029,0000028000,074898,089175,090790,090251,035504,025093
0000000030,0000029000,075503,086445,092916,085359,046474,019016
0000000031,0000030000,076957,083569,094338,077659,057114,016075
0000000032,0000031000,079100,080842,094923,067898,066401,016548
0000000033,0000032000,081722,078531,094611,057055,073402,020391
0000000034,0000033000,084582,076848,093434,046189,077433,027227
0000000035,0000034000,087391,075971,091502,036340,078114,036395
0000000036,0000035000,089866,075993,089005,028486,075368,046994
0000000037,0000036000,091780,076886,086198,023408,069464,057975
0000000038,0000037000,092942,078576,083346,021587,060988,068273
0000000039,0000038000,093221,080920,080723,023203,050756,076889
0000000040,0000039000,092613,083654,078597,028104,039777,082966
0000000041,0000040000,091176,086512,077175,035804,029137,085908
0000000042,0000041000,089026,089247,076591,045554,019861,085434
0000000043,0000042000,086391,091570,076902,056405,012852,081592
0000000044,0000043000,083547,093238,078079,067275,008817,074756
0000000045,0000044000,080740,094113,080012,077115,008145,065588
0000000046,0000045000,078249,094107,082508,084970,010889,054988
0000000047,0000046000,076343,093206,085315,090056,016784,044008
0000000048,0000047000,075191,091505,088168,091871,025267,033710
0000000049,0000048000,074897,089177,090790,090253,035501,025094
0000000050,0000049000,075506,086442,092916,085359,046472,019017
0000000051,0000050000,076955,083570,094339,077658,057114,016076
0000000052,0000051000,079096,080845,094923,067902,066397,016549
0000000053,0000052000,081726,078527,094611,057059,073398,020391
0000000054,0000053000,084583,076846,093435,046189,077433,027226
0000000055,0000054000,087386,075975,091503,036344,078111,036394
0000000056,0000055000,089868,075991,089005,028492,075364,046992
0000000057,0000056000,091784,076882,086198,023409,069465,057973
0000000058,0000057000,092938,078580,083346,021588,060989,068270
0000000059,0000058000,093220,080920,080724,023208,050754,076886
0000000060,0000059000,092618,083649,078597,028106,039779,082964
0000000061,0000060000,091175,086514,077175,035801,029142,085905
0000000062,0000061000,089023,089250,076590,045556,019861,085432
0000000063,0000062000,086395,091567,076902,056405,012853,081590
0000000064,0000063000,083549,093237,078078,067271,008821,074755
0000000065,0000064000,080736,094117,080011,077112,008147,065588
0000000066,0000065000,078250,094106,082508,084970,010887,054990
0000000067,0000066000,076346,093204,085315,090053,016785,044010
0000000068,0000067000,075188,091509,088167,091868,025267,033713
0000000069,0000068000,074896,089178,090790,090254,035498,025097
0000000070,0000069000,075509,086439,092916,085359,046469,019020
0000000071,0000070000,076953,083572,094339,077658,057112,016078
0000000072,0000071000,079094,080847,094924,067905,066392,016551
0000000073,0000072000,081727,078525,094612,057062,073394,020392
0000000074,0000073000,084582,076846,093436,046192,077430,027226
0000000075,0000074000,087384,075977,091503,036349,078108,036392
0000000076,0000075000,089869,075989,089006,028498,075361,046990
0000000077,0000076000,091785,076880,086199,023413,069465,057969
0000000078,0000077000,092936,078581,083347,021592,060990,068266
0000000079,0000078000,093222,080919,080723,023212,050755,076881
0000000080,0000079000,092620,083647,078597,028107,039782,082959
0000000081,0000080000,091174,086515,077175,035802,029146,085900
0000000082,0000081000,089024,089250,076590,045556,019864,085428
0000000083,0000082000,086398,091565,076901,056402,012858,081588
0000000084,0000083000,083547,093239,078078,067267,008826,074755
0000000085,0000084000,080736,094119,080010,077109,008149,065589
0000000086,0000085000,078253,094105,082507,084965,010890,054993
0000000087,0000086000,076344,093205,085314,090047,016788,044014
0000000088,0000087000,075185,091512,088167,091865,025265,033718
0000000089,0000088000,074897,089177,090790,090252,035494,025103
0000000090,0000089000,075508,086439,092916,085356,046466,019026
0000000091,0000090000,076949,083575,094339,077658,057106,016083
0000000092,0000091000,079094,080846,094924,067909,066383,016555
0000000093,0000092000,081728,078523,094613,057066,073388,020394
0000000094,0000093000,084579,076848,093437,046197,077425,027226
0000000095,0000094000,087383,075977,091504,036357,078101,036390
0000000096,0000095000,089872,075985,089007,028505,075357,046986
0000000097,0000096000,091784,076880,086200,023419,069465,057964
0000000098,0000097000,092935,078582,083347,021600,060989,068259
0000000099,0000098000,093225,080915,080724,023217,050757,076873
0000000100,0000099000,092621,083646,078597,028108,039789,082951
0000000101,0000100000,091173,086517,077174,035802,029153,085893
0000000102,0000101000,089027,089248,076589,045555,019871,085423
0000000103,0000102000,086401,091563,076900,056396,012867,081585
0000000104,0000103000,083546,093242,078076,067260,008834,074754
0000000105,0000104000,080736,094120,080008,077102,008154,065591
0000000106,0000105000,078255,094104,082505,084956,010894,054997
0000000107,0000106000,076343,093208,085313,090038,016790,044021
0000000108,0000107000,075184,091515,088166,091859,025263,033726
0000000109,0000108000,074898,089177,090789,090247,035489,025112
0000000110,0000109000,075506,086441,092917,085353,046460,019035
0000000111,0000110000,076946,083578,094340,077660,057097,016091
0000000112,0000111000,079094,080845,094925,067913,066373,016561
0000000113,0000112000,081727,078523,094615,057071,073379,020398
0000000114,0000113000,084576,076849,093439,046206,077415,027227
0000000115,0000114000,087383,075975,091506,036369,078092,036388
0000000116,0000115000,089872,075982,089009,028515,075353,046980
0000000117,0000116000,091783,076880,086202,023430,069463,057955
0000000118,0000117000,092936,078580,083348,021610,060989,068248
0000000119,0000118000,093229,080912,080724,023223,050762,076862
0000000120,0000119000,092622,083645,078597,028111,039797,082940
0000000121,0000120000,091175,086516,077173,035803,029162,085883
0000000122,0000121000,089031,089246,076587,045551,019882,085415
0000000123,0000122000,086402,091564,076898,056389,012880,081580
0000000124,0000123000,083546,093244,078074,067251,008844,074753
0000000125,0000124000,080739,094119,080006,077091,008162,065594
0000000126,0000125000,078255,094105,082504,084943,010901,055004
0000000127,0000126000,076340,093212,085311,090026,016792,044030
0000000128,0000127000,075183,091516,088165,091850,025260,033738
0000000129,0000128000,074897,089178,090789,090239,035484,025125
0000000130,0000129000,075502,086445,092917,085349,046451,019048
0000000131,0000130000,076944,083579,094341,077661,057083,016103
0000000132,0000131000,079093,080844,094927,067918,066360,016570
0000000133,0000132000,081723,078524,094617,057079,073365,020403
0000000134,0000133000,084573,076850,093441,046219,077401,027228
0000000135,0000134000,087384,075972,091509,036383,078081,036384
0000000136,0000135000,089872,075980,089012,028529,075346,046973
0000000137,0000136000,091782,076879,086203,023444,069460,057944
0000000138,0000137000,092939,078576,083349,021623,060991,068234
0000000139,0000138000,093231,080908,080725,023232,050769,076847
0000000140,0000139000,092623,083645,078597,028116,039808,082924
0000000141,0000140000,091178,086514,077172,035804,029175,085870
0000000142,0000141000,089035,089244,076585,045546,019899,085404
0000000143,0000142000,086403,091565,076896,056379,012896,081573
0000000144,0000143000,083548,093245,078071,067238,008859,074751
0000000145,0000144000,080742,094120,080003,077075,008175,065598
0000000146,0000145000,078255,094109,082501,084925,010910,055012
0000000147,0000146000,076339,093216,085309,090011,016794,044043
0000000148,0000147000,075183,091518,088163,091836,025258,033755
0000000149,0000148000,074895,089181,090788,090228,035477,025143
0000000150,0000149000,075498,086449,092917,085345,046438,019065
0000000151,0000150000,076942,083580,094342,077662,057067,016119
0000000152,0000151000,079090,080845,094929,067923,066342,016582
0000000153,0000152000,081719,078525,094620,057091,073346,020410
0000000154,0000153000,084572,076848,093444,046236,077383,027230
0000000155,0000154000,087383,075968,091512,036401,078067,036380
0000000156,0000155000,089870,075979,089015,028549,075337,046962
0000000157,0000156000,091783,076876,086206,023464,069455,057929
0000000158,0000157000,092942,078571,083351,021639,060993,068216
0000000159,0000158000,093233,080905,080726,023243,050779,076826
0000000160,0000159000,092626,083642,078596,028123,039821,082904
0000000161,0000160000,091183,086511,077170,035804,029193,085852
0000000162,0000161000,089039,089242,076583,045538,019920,085390
0000000163,0000162000,086405,091566,076892,056366,012917,081565
0000000164,0000163000,083552,093246,078067,067221,008878,074749
0000000165,0000164000,080744,094121,079999,077054,008191,065603
0000000166,0000165000,078254,094113,082497,084903,010921,055024
0000000167,0000166000,076338,093220,085306,089990,016798,044060
0000000168,0000167000,075182,091521,088161,091818,025255,033776
0000000169,0000168000,074890,089186,090788,090214,035468,025166
0000000170,0000169000,075494,086453,092918,085338,046422,019088
0000000171,0000170000,076938,083582,094344,077663,057046,016139
0000000172,0000171000,079085,080847,094933,067931,066319,016598
0000000173,0000172000,081715,078526,094624,057106,073322,020420
0000000174,0000173000,084569,076846,093449,046256,077360,027232
0000000175,0000174000,087381,075965,091517,036424,078050,036374
0000000176,0000175000,089869,075976,089019,028574,075325,046949
0000000177,0000176000,091784,076871,086209,023489,069450,057910
0000000178,0000177000,092945,078565,083354,021659,060997,068192
0000000179,0000178000,093236,080902,080727,023258,050790,076800
0000000180,0000179000,092630,083638,078595,028131,039839,082878
0000000181,0000180000,091189,086507,077168,035803,029216,085829
0000000182,0000181000,089043,089242,076580,045529,019947,085373
0000000183,0000182000,086409,091567,076888,056350,012944,081554
0000000184,0000183000,083556,093246,078062,067199,008902,074747
0000000185,0000184000,080746,094125,079994,077027,008212,065609
0000000186,0000185000,078254,094118,082492,084876,010934,055038
0000000187,0000186000,076338,093224,085302,089964,016803,044082
0000000188,0000187000,075179,091526,088158,091795,025252,033802
0000000189,0000188000,074886,089192,090787,090198,035456,025195
0000000190,0000189000,075489,086456,092918,085331,046401,019116
0000000191,0000190000,076934,083584,094346,077663,057020,016164
0000000192,0000191000,079079,080849,094936,067941,066290,016617
0000000193,0000192000,081710,078526,094629,057125,073292,020431
0000000194,0000193000,084567,076843,093454,046281,077333,027234
0000000195,0000194000,087379,075963,091523,036454,078028,036367
0000000196,0000195000,089868,075972,089024,028606,075310,046933
0000000197,0000196000,091786,076864,086214,023518,069444,057886
0000000198,0000197000,092948,078559,083357,021684,061001,068163
0000000199,0000198000,093240,080897,080728,023276,050803,076768
0000000200,0000199000,092637,083633,078595,028141,039860,082847
0000000201,0000200000,091195,086503,077166,035802,029245,085801
0000000202,0000201000,089048,089241,076575,045518,019979,085351
0000000203,0000202000,086415,091567,076882,056330,012976,081542
0000000204,0000203000,083561,093248,078056,067171,008933,074744
0000000205,0000204000,080747,094129,079988,076994,008237,065617
0000000206,0000205000,078254,094124,082486,084842,010950,055056
0000000207,0000206000,076337,093230,085297,089931,016809,044108
0000000208,0000207000,075176,091533,088155,091767,025247,033834
0000000209,0000208000,074880,089198,090785,090179,035440,025230
0000000210,0000209000,075484,086461,092919,085321,046377,019151
0000000211,0000210000,076927,083588,094349,077664,056989,016195
0000000212,0000211000,079072,080852,094941,067953,066254,016641
0000000213,0000212000,081705,078525,094634,057148,073255,020445
0000000214,0000213000,084562,076840,093461,046311,077300,027237
0000000215,0000214000,087375,075959,091530,036489,078001,036358
0000000216,0000215000,089868,075966,089030,028644,075291,046913
0000000217,0000216000,091788,076857,086219,023554,069437,057857
0000000218,0000217000,092951,078553,083360,021714,061007,068127
0000000219,0000218000,093245,080890,080729,023298,050820,076730
0000000220,0000219000,092644,083626,078594,028152,039887,082809
0000000221,0000220000,091202,086499,077163,035801,029280,085768
0000000222,0000221000,089055,089239,076570,045505,020018,085326
0000000223,0000222000,086422,091566,076875,056306,013016,081526
0000000224,0000223000,083566,093250,078048,067137,008969,074741
0000000225,0000224000,080750,094134,079980,076955,008266,065627
0000000226,0000225000,078255,094130,082479,084801,010969,055078
0000000227,0000226000,076336,093237,085292,089892,016817,044140
0000000228,0000227000,075171,091542,088151,091734,025242,033873
0000000229,0000228000,074874,089206,090783,090155,035421,025272
0000000230,0000229000,075477,086467,092920,085309,046347,019192
0000000231,0000230000,076918,083593,094353,077665,056952,016231
0000000232,0000231000,079064,080855,094946,067968,066211,016669
0000000233,0000232000,081698,078525,094642,057174,073212,020462
0000000234,0000233000,084556,076838,093470,046347,077261,027240
0000000235,0000234000,087371,075955,091538,036532,077969,036348
0000000236,0000235000,089867,075958,089038,028689,075270,046890
0000000237,0000236000,091790,076848,086225,023596,069430,057822
0000000238,0000237000,092955,078545,083365,021750,061013,068085
0000000239,0000238000,093252,080882,080731,023324,050839,076684
0000000240,0000239000,092652,083619,078593,028164,039919,082764
0000000241,0000240000,091211,086494,077159,035799,029321,085728
0000000242,0000241000,089063,089236,076564,045489,020064,085295
0000000243,0000242000,086430,091566,076868,056277,013063,081509
0000000244,0000243000,083571,093253,078040,067097,009013,074738
0000000245,0000244000,080753,094140,079971,076909,008300,065638
0000000246,0000245000,078257,094136,082471,084753,010992,055103
0000000247,0000246000,076334,093246,085285,089846,016826,044177
0000000248,0000247000,075166,091551,088147,091695,025235,033918
0000000249,0000248000,074868,089215,090781,090128,035399,025321
0000000250,0000249000,075468,086474,092921,085295,046313,019241
0000000251,0000250000,076908,083599,094357,077667,056907,016274
0000000252,0000251000,079054,080857,094953,067986,066161,016701
0000000253,0000252000,081690,078524,094650,057206,073161,020481
0000000254,0000253000,084549,076835,093479,046390,077215,027244
0000000255,0000254000,087367,075949,091548,036582,077931,036335
0000000256,0000255000,089867,075950,089047,028741,075245,046862
0000000257,0000256000,091792,076839,086233,023645,069421,057782
0000000258,0000257000,092960,078535,083370,021792,061020,068036
0000000259,0000258000,093260,080872,080733,023354,050863,076631
0000000260,0000259000,092662,083611,078592,028179,039957,082712
0000000261,0000260000,091221,086488,077155,035797,029369,085682
0000000262,0000261000,089074,089232,076557,045471,020117,085260
0000000263,0000262000,086440,091566,076859,056243,013117,081488
0000000264,0000263000,083578,093257,078029,067051,009062,074734
0000000265,0000264000,080758,094146,079960,076856,008340,065652
0000000266,0000265000,078258,094145,082461,084697,011018,055133
0000000267,0000266000,076331,093256,085277,089793,016835,044220
0000000268,0000267000,075160,091562,088141,091651,025227,033971
0000000269,0000268000,074860,089225,090779,090096,035374,025379
0000000270,0000269000,075458,086484,092922,085279,046273,019297
0000000271,0000270000,076897,083606,094361,077669,056855,016323
0000000272,0000271000,079044,080861,094960,068006,066103,016739
0000000273,0000272000,081680,078524,094660,057242,073103,020503
0000000274,0000273000,084541,076832,093490,046439,077161,027248
0000000275,0000274000,087363,075942,091559,036640,077888,036320
0000000276,0000275000,089866,075940,089058,028801,075218,046830
0000000277,0000276000,091794,076828,086242,023702,069410,057736
0000000278,0000277000,092965,078523,083376,021840,061029,067979
0000000279,0000278000,093269,080860,080736,023388,050890,076569
0000000280,0000279000,092672,083601,078591,028196,040000,082652
0000000281,0000280000,091232,086481,077150,035795,029424,085630
0000000282,0000281000,089086,089228,076549,045449,020179,085220
0000000283,0000282000,086450,091566,076848,056204,013180,081465
0000000284,0000283000,083586,093261,078017,066999,009119,074730
0000000285,0000284000,080764,094153,079948,076794,008386,065668
0000000286,0000285000,078260,094155,082450,084632,011048,055167
0000000287,0000286000,076328,093269,085267,089732,016846,044270
0000000288,0000287000,075155,091575,088134,091600,025217,034032
0000000289,0000288000,074851,089236,090776,090059,035345,025444
0000000290,0000289000,075446,086494,092924,085261,046227,019361
0000000291,0000290000,076884,083614,094366,077672,056796,016379
0000000292,0000291000,079031,080864,094969,068029,066037,016782
0000000293,0000292000,081668,078524,094671,057283,073037,020528
0000000294,0000293000,084532,076828,093503,046496,077100,027252
0000000295,0000294000,087357,075934,091572,036706,077839,036303
0000000296,0000295000,089864,075930,089070,028869,075186,046793
0000000297,0000296000,091797,076816,086252,023767,069399,057682
0000000298,0000297000,092972,078509,083383,021895,061039,067914
0000000299,0000298000,093279,080847,080739,023427,050921,076500
0000000300,0000299000,092684,083591,078589,028214,040049,082584
0000000301,0000300000,091246,086473,077145,035792,029486,085570
0000000302,0000301000,089100,089223,076540,045424,020250,085175
0000000303,0000302000,086462,091566,076836,056159,013251,081438
0000000304,0000303000,083596,093265,078003,066939,009183,074726
0000000305,0000304000,080770,094161,079934,076724,008438,065686
0000000306,0000305000,078261,094166,082437,084559,011082,055207
0000000307,0000306000,076325,093282,085256,089663,016858,044327
0000000308,0000307000,075148,091589,088127,091542,025206,034101
0000000309,0000308000,074840,089250,090773,090018,035312,025518
0000000310,0000309000,075432,086506,092925,085241,046174,019433
0000000311,0000310000,076870,083623,094372,077676,056729,016442
0000000312,0000311000,079017,080869,094978,068056,065962,016830
0000000313,0000312000,081655,078525,094684,057331,072961,020556
0000000314,0000313000,084522,076824,093518,046560,077032,027256
0000000315,0000314000,087351,075925,091587,036780,077785,036284
0000000316,0000315000,089862,075918,089084,028946,075150,046752
0000000317,0000316000,091800,076801,086263,023840,069386,057622
0000000318,0000317000,092980,078494,083391,021956,061051,067841
0000000319,0000318000,093290,080832,080742,023470,050957,076421
0000000320,0000319000,092698,083578,078588,028235,040105,082508
0000000321,0000320000,091262,086463,077139,035788,029557,085503
0000000322,0000321000,089115,089218,076530,045396,020329,085124
0000000323,0000322000,086476,091566,076823,056109,013330,081409
0000000324,0000323000,083607,093269,077988,066871,009255,074721
0000000325,0000324000,080777,094169,079918,076645,008495,065707
0000000326,0000325000,078263,094179,082422,084477,011120,055251
0000000327,0000326000,076322,093298,085244,089587,016871,044390
0000000328,0000327000,075140,091605,088118,091477,025193,034178
0000000329,0000328000,074828,089266,090769,089972,035275,025602
0000000330,0000329000,075417,086520,092926,085219,046115,019514
0000000331,0000330000,076853,083633,094378,077680,056655,016513
0000000332,0000331000,079000,080875,094989,068086,065879,016883
0000000333,0000332000,081640,078526,094698,057384,072877,020586
0000000334,0000333000,084511,076819,093534,046632,076956,027261
0000000335,0000334000,087343,075916,091604,036863,077724,036262
0000000336,0000335000,089859,075905,089100,029033,075111,046705
0000000337,0000336000,091803,076785,086276,023921,069372,057555
0000000338,0000337000,092988,078476,083400,022023,061064,067760
0000000339,0000338000,093302,080816,080747,023518,050997,076333
0000000340,0000339000,092714,083564,078587,028259,040167,082422
0000000341,0000340000,091280,086452,077132,035783,029636,085429
0000000342,0000341000,089133,089212,076519,045364,020417,085068
0000000343,0000342000,086491,091565,076808,056053,013419,081377
0000000344,0000343000,083620,093274,077970,066796,009336,074717
0000000345,0000344000,080785,094179,079900,076558,008560,065730
0000000346,0000345000,078266,094194,082405,084386,011161,055300
0000000347,0000346000,076319,093315,085230,089501,016885,044461
0000000348,0000347000,075132,091623,088109,091406,025179,034264
0000000349,0000348000,074815,089284,090765,089922,035233,025694
0000000350,0000349000,075401,086535,092928,085195,046050,019603
0000000351,0000350000,076835,083644,094385,077685,056571,016591
0000000352,0000351000,078982,080882,095001,068120,065786,016942
0000000353,0000352000,081624,078526,094714,057444,072784,020620
0000000354,0000353000,084498,076814,093553,046711,076871,027266
0000000355,0000354000,087335,075906,091623,036955,077657,036237
0000000356,0000355000,089856,075890,089117,029129,075068,046652
0000000357,0000356000,091806,076767,086291,024011,069357,057480
0000000358,0000357000,092997,078457,083411,022098,061080,067669
0000000359,0000358000,093316,080797,080752,023571,051041,076236
0000000360,0000359000,092732,083547,078585,028284,040236,082328
0000000361,0000360000,091299,086440,077125,035778,029724,085347
0000000362,0000361000,089152,089205,076506,045328,020515,085006
0000000363,0000362000,086509,091564,076791,055990,013516,081342
0000000364,0000363000,083634,093279,077951,066712,009424,074712
0000000365,0000364000,080794,094190,079880,076461,008630,065757
0000000366,0000365000,078269,094209,082386,084286,011206,055356
0000000367,0000366000,076316,093333,085215,089407,016901,044540
0000000368,0000367000,075123,091644,088097,091327,025162,034359
0000000369,0000368000,074801,089304,090759,089867,035186,025796
0000000370,0000369000,075383,086552,092929,085169,045977,019702
0000000371,0000370000,076814,083657,094392,077691,056479,016677
0000000372,0000371000,078961,080890,095014,068157,065684,017007
0000000373,0000372000,081605,078527,094732,057510,072682,020657
0000000374,0000373000,084483,076808,093573,046799,076779,027270
0000000375,0000374000,087325,075894,091644,037057,077583,036209
0000000376,0000375000,089853,075873,089137,029234,075020,046594
0000000377,0000376000,091810,076747,086307,024109,069342,057397
0000000378,0000377000,093006,078436,083422,022180,061098,067570
0000000379,0000378000,093331,080777,080757,023628,051090,076129
0000000380,0000379000,092751,083529,078584,028310,040313,082225
0000000381,0000380000,091321,086426,077117,035771,029821,085257
0000000382,0000381000,089174,089197,076493,045288,020622,084939
0000000383,0000382000,086528,091563,076772,055921,013624,081304
0000000384,0000383000,083649,093285,077930,066620,009521,074707
0000000385,0000384000,080804,094202,079858,076355,008707,065786
0000000386,0000385000,078272,094226,082366,084176,011255,055417
0000000387,0000386000,076313,093354,085197,089304,016917,044627
0000000388,0000387000,075112,091667,088085,091242,025144,034463
0000000389,0000388000,074785,089326,090753,089807,035134,025907
0000000390,0000389000,075363,086571,092930,085141,045897,019810
0000000391,0000390000,076792,083672,094400,077698,056379,016771
0000000392,0000391000,078938,080898,095028,068199,065572,017077
0000000393,0000392000,081585,078529,094751,057582,072570,020696
0000000394,0000393000,084466,076803,093595,046895,076678,027275
0000000395,0000394000,087314,075882,091668,037168,077503,036178
0000000396,0000395000,089849,075855,089159,029349,074969,046531
0000000397,0000396000,091813,076725,086326,024216,069325,057307
0000000398,0000397000,093016,078412,083436,022270,061117,067461
0000000399,0000398000,093347,080753,080764,023691,051144,076013
0000000400,0000399000,092772,083509,078583,028339,040397,082112
0000000401,0000400000,091344,086410,077109,035763,029926,085159
0000000402,0000401000,083555,091834,079129,050282,018901,083016
0000000403,0000402000,089308,089411,074608,061608,010857,078379
0000000404,0000403000,083128,093423,078069,070096,008543,073620
0000000405,0000404000,085694,090967,076628,072944,009464,066462
0000000406,0000405000,083286,092788,080910,072528,016305,060414
0000000407,0000406000,082186,091157,082978,066797,025930,053621
0000000408,0000407000,082851,089051,085419,058124,038990,048509
0000000409,0000408000,078921,088519,089588,046239,053217,044363
0000000410,0000409000,081848,083166,089202,033067,067534,042149
0000000411,0000410000,077174,084096,094832,019562,080557,041564
0000000412,0000411000,082058,078646,092483,007471,091134,043009
0000000413,0000412000,078146,081072,096716,-02099,097609,046208
0000000414,0000413000,083511,077079,093587,-08197,099998,051101
0000000415,0000414000,081001,078957,094453,-09988,097734,056831
0000000416,0000415000,084999,078073,090891,-08057,090752,063045
0000000417,0000416000,084951,079145,088667,-01242,080393,069555
0000000418,0000417000,086308,081300,086619,008075,066712,074299
0000000419,0000418000,089032,082292,082597,021317,052528,078640
0000000420,0000419000,086939,086451,082073,034962,037287,080260
0000000421,0000420000,090993,086407,077915,049783,024333,080601
0000000422,0000421000,086108,090674,078658,062830,013497,078408
0000000423,0000422000,089678,089661,075555,073642,006315,074494
0000000424,0000423000,084371,092722,078163,081339,003825,069245
0000000425,0000424000,086216,091196,077361,084456,005310,062305
0000000426,0000425000,082609,092530,080863,084155,011848,055780
0000000427,0000426000,082131,090530,082489,078819,021381,048683
0000000428,0000427000,081058,089200,085391,070676,034339,043105
0000000429,0000428000,078865,087681,088406,058998,048228,038570
0000000430,0000429000,080421,084146,089803,046213,062502,036124
0000000431,0000430000,077849,083695,093712,032681,075522,035488
0000000432,0000431000,081381,079860,092935,020421,085978,037024
0000000433,0000432000,079264,080730,095879,010249,092798,040639
0000000434,0000433000,083401,077556,093501,003347,095361,045782
0000000435,0000434000,082089,079118,094045,000398,093391,052155
0000000436,0000435000,085529,078098,090753,001491,086767,059006
0000000437,0000436000,085424,079666,089195,007086,076614,065813
0000000438,0000437000,087136,081118,086426,015950,063389,071292
0000000439,0000438000,088275,082675,083277,028285,049038,075791
0000000440,0000439000,087538,085641,081812,041740,034092,077803
0000000441,0000440000,089416,086455,078448,056210,021017,078122
0000000442,0000441000,086507,089848,078386,069225,010011,075929
0000000443,0000442000,088451,089660,076251,080337,002869,072014
0000000444,0000443000,084687,092128,078088,088125,000085,066327
0000000445,0000444000,085938,091235,077730,091832,001685,059428
0000000446,0000445000,082749,092105,080739,091581,007991,052471
0000000447,0000446000,082730,090294,082324,086625,017733,045240
0000000448,0000447000,081121,089308,085276,078423,030747,039432
0000000449,0000448000,080008,087434,087903,066790,044793,034755
0000000450,0000449000,080428,084794,090063,053849,059408,032258
0000000451,0000450000,078918,083577,092953,040118,072612,031575
0000000452,0000451000,081042,080677,093155,027536,083325,033280
0000000453,0000452000,079754,080496,095165,016969,090374,036991
0000000454,0000453000,082714,078122,093515,009590,093127,042337
0000000455,0000454000,082048,079143,093633,006138,091242,049015
0000000456,0000455000,084921,078283,090799,006786,084736,056197
0000000457,0000456000,085063,079877,089363,011840,074601,063255
0000000458,0000457000,086954,080975,086343,020375,061456,069233
0000000459,0000458000,087719,082796,083740,032166,046942,073975
0000000460,0000459000,087911,085081,081714,045387,032102,076424
0000000461,0000460000,088924,086508,078961,059481,018835,076931
0000000462,0000461000,087348,089230,078374,072403,007791,075001
0000000463,0000462000,088253,089624,076844,083524,000613,071141
0000000464,0000463000,085558,091656,078060,091395,-02312,065357
0000000465,0000464000,085996,091158,078032,095470,-00686,058439
0000000466,0000465000,083181,091715,080654,095432,005485,051058
0000000467,0000466000,082946,090186,082221,090985,015368,043588
0000000468,0000467000,081042,089324,085104,083056,028305,037322
0000000469,0000468000,080324,087335,087579,071825,042534,032299
0000000470,0000469000,080012,085185,090003,059063,057325,029408
0000000471,0000470000,079221,083605,092337,045409,070696,028516
0000000472,0000471000,080494,081228,093152,032714,081653,030149
0000000473,0000472000,079981,080463,094590,021808,088968,033840
0000000474,0000473000,082265,078706,093495,013978,091975,039417
0000000475,0000474000,082227,079218,093315,009884,090265,046445
0000000476,0000475000,084719,078582,090940,009905,083990,054053
0000000477,0000476000,085128,080024,089405,014222,073961,061594
0000000478,0000477000,086978,080959,086429,022186,060857,068186
0000000479,0000478000,087568,082792,084123,033370,046263,073381
0000000480,0000479000,088119,084708,081784,046292,031372,076315
0000000481,0000480000,088606,086461,079432,060133,017818,077129
0000000482,0000481000,087707,088663,078495,073138,006581,075429
0000000483,0000482000,087925,089469,077328,084467,-00847,071538
0000000484,0000483000,085950,091161,078057,092734,-04039,065628
0000000485,0000484000,085814,090956,078297,097365,-02589,058468
0000000486,0000485000,083485,091328,080572,097841,003428,050592
0000000487,0000486000,083030,090101,082142,094041,013338,042712
0000000488,0000487000,081207,089278,084922,086536,026256,035882
0000000489,0000488000,080647,087338,087313,075757,040743,030401
0000000490,0000489000,079998,085501,089783,063148,055768,027049
0000000491,0000490000,079595,083764,091846,049540,069454,025915
0000000492,0000491000,080285,081704,093009,036631,080778,027403
0000000493,0000492000,080224,080653,094095,025338,088449,031098
0000000494,0000493000,081928,079270,093406,016978,091764,036926
0000000495,0000494000,082266,079375,093049,012216,090283,044289
0000000496,0000495000,084361,078941,091028,011564,084228,052372
0000000497,0000496000,084975,080147,089389,015155,074229,060470
0000000498,0000497000,086716,080981,086615,022525,061097,067698
0000000499,0000498000,087313,082716,084432,033158,046359,073422
0000000500,0000499000,088079,084436,081977,045778,031256,076905
0000000501,0000500000,088386,086274,079896,059436,017349,078105
0000000502,0000501000,087939,088129,078743,072545,005834,076643
0000000503,0000502000,087830,089220,077765,084124,-01933,072774
0000000504,0000503000,086364,090640,078159,092852,-05437,066761
0000000505,0000504000,085867,090664,078585,098074,-04199,059277
0000000506,0000505000,083915,090951,080518,099188,001678,050892
0000000507,0000506000,083208,089995,082089,096102,011562,042494
0000000508,0000507000,081493,089179,084735,089175,024520,034996
0000000509,0000508000,080872,087391,087034,078945,039270,028906
0000000510,0000509000,080034,085779,089447,066615,054536,024986
0000000511,0000510000,079763,083997,091384,053147,068585,023486
0000000512,0000511000,080077,082166,092726,040085,080305,024706
0000000513,0000512000,080275,081001,093605,028445,088365,028382
0000000514,0000513000,081580,079826,093224,019529,092013,034427
0000000515,0000514000,082197,079642,092794,014048,090819,042146
0000000516,0000515000,084002,079352,091049,012613,084988,050778
0000000517,0000516000,084821,080301,089382,015363,075036,059540
0000000518,0000517000,086460,081048,086859,021997,061891,067499
0000000519,0000518000,087142,082634,084729,031974,046996,073891
0000000520,0000519000,088014,084207,082291,044190,031626,078038
0000000521,0000520000,088270,085980,080386,057628,017347,079711
0000000522,0000521000,088088,087611,079100,070828,005479,078534
0000000523,0000522000,087810,088852,078209,082710,-02708,074728
0000000524,0000523000,086672,090062,078378,091992,-06586,068578
0000000525,0000524000,085955,090278,078880,097927,-05627,060694
0000000526,0000525000,084283,090541,080496,099855,000047,051743
0000000527,0000526000,083386,089816,082058,097628,009846,042689
0000000528,0000527000,081798,089038,084527,091462,022857,034404
0000000529,0000528000,081076,087474,086715,081900,037835,027579
0000000530,0000529000,080166,086033,089037,069971,053367,022998
0000000531,0000530000,079907,084300,090908,056700,067831,021016
0000000532,0000531000,079989,082672,092312,043510,079990,021912
0000000533,0000532000,080295,081478,093093,031506,088486,025561
0000000534,0000533000,081308,080409,092958,021966,092531,031804
0000000535,0000534000,082077,080043,092511,015683,091691,039919
0000000536,0000535000,083638,079822,091002,013342,086101,049172
0000000537,0000536000,084602,080506,089395,015138,076235,058679
0000000538,0000537000,086132,081158,087118,020906,063094,067445
0000000539,0000538000,086918,082562,085034,030131,048023,074624
0000000540,0000539000,087847,083974,082706,041849,032355,079523
0000000541,0000540000,088141,085600,080921,055026,017687,081737
0000000542,0000541000,088147,087081,079557,068292,005402,080902
0000000543,0000542000,087835,088360,078705,080502,-03264,077202
0000000544,0000543000,086943,089417,078717,090396,-07560,070897
0000000545,0000544000,086130,089795,079199,097133,-06938,062583
0000000546,0000545000,084672,090076,080534,099998,-01524,053026
0000000547,0000546000,083649,089552,082052,098758,008151,043218
0000000548,0000547000,082165,088867,084301,093509,021201,034054
0000000549,0000548000,081323,087560,086358,084743,036364,026391
0000000550,0000549000,080369,086274,088568,073352,052171,021051
0000000551,0000550000,080038,084670,090375,060368,067061,018477
0000000552,0000551000,079953,083236,091772,047120,079673,018991
0000000553,0000552000,080255,082058,092527,034771,088634,022566
0000000554,0000553000,081049,081054,092585,024584,093126,028973
0000000555,0000554000,081878,080577,092167,017436,092685,037508
0000000556,0000555000,083252,080354,090892,014080,087371,047425
0000000557,0000556000,084315,080784,089412,014796,077658,057739
0000000558,0000557000,085759,081324,087370,019545,064556,067395
0000000559,0000558000,086657,082509,085373,027877,049333,075475
0000000560,0000559000,087628,083727,083212,038958,033390,081211
0000000561,0000560000,088011,085169,081516,051773,018344,084051
0000000562,0000561000,088162,086514,080125,065034,005611,083640
0000000563,0000562000,087890,087743,079290,077557,-03560,080089
0000000564,0000563000,087188,088697,079174,088089,-08310,073634
0000000565,0000564000,086356,089206,079564,095707,-08092,064889
0000000566,0000565000,085063,089524,080653,099631,-03006,054688
0000000567,0000566000,083967,089194,082071,099524,006490,044044
0000000568,0000567000,082562,088659,084061,095366,019514,033925
0000000569,0000568000,081614,087623,085968,087560,034794,025331
0000000570,0000569000,080624,086507,088037,076873,050853,019128
0000000571,0000570000,080188,085104,089754,064301,066143,015863
0000000572,0000571000,079972,083861,091109,051089,079196,015935
0000000573,0000572000,080204,082735,091884,038434,088645,019375
0000000574,0000573000,080823,081790,092088,027589,093629,025911
0000000575,0000574000,081639,081246,091745,019517,093632,034875
0000000576,0000575000,082859,080963,090715,015036,088659,045479
0000000577,0000576000,083970,081157,089410,014536,079186,056643
0000000578,0000577000,085342,081555,087606,018097,066183,067263
0000000579,0000578000,086336,082482,085756,025370,050874,076334
0000000580,0000579000,087343,083471,083797,035648,034716,082980
0000000581,0000580000,087841,084700,082187,047968,019326,086536
0000000582,0000581000,088118,085886,080814,061122,006148,086629
0000000583,0000582000,087941,087007,079989,073909,-03529,083277
0000000584,0000583000,087404,087891,079750,085081,-08766,076702
0000000585,0000584000,086617,088495,080006,093636,-09022,067547
0000000586,0000585000,085466,088866,080868,098723,-04331,056685
0000000587,0000586000,084347,088737,082119,099891,004905,045156
0000000588,0000587000,083007,088400,083823,097000,017807,034035
0000000589,0000588000,081972,087641,085551,090338,033113,024433
0000000590,0000589000,080945,086737,087439,080542,049359,017277
0000000591,0000590000,080385,085592,089032,068540,064980,013240
0000000592,0000591000,080046,084547,090326,055497,078437,012799
0000000593,0000592000,080162,083513,091131,042614,088373,016025
0000000594,0000593000,080619,082639,091450,031137,093873,022642
0000000595,0000594000,081367,082047,091227,022106,094365,032016
0000000596,0000595000,082449,081669,090456,016409,089816,043293
0000000597,0000596000,083563,081644,089363,014558,080684,055326
0000000598,0000597000,084874,081861,087821,016755,067877,066957
0000000599,0000598000,085945,082490,086183,022778,052593,077082
0000000600,0000599000,086992,083218,084451,032053,036323,084702
0000000601,0000600000,087616,084201,082947,043700,020664,089065
0000000602,0000601000,088018,085189,081641,056598,007090,089741
0000000603,0000602000,087972,086160,080820,069552,-03063,086653
0000000604,0000603000,087594,086984,080459,081323,-08810,080022
0000000605,0000604000,086898,087646,080560,090836,-09596,070504
0000000606,0000605000,085883,088086,081191,097171,-05379,058991
0000000607,0000606000,084782,088171,082211,099752,003486,046571
0000000608,0000607000,083501,088064,083605,098312,016132,034428
0000000609,0000608000,082401,087598,085113,093000,031336,023761
0000000610,0000609000,081334,086963,086768,084317,047647,015586
0000000611,0000610000,080646,086120,088201,073091,063480,010706
0000000612,0000611000,080182,085290,089415,060394,077267,009669
0000000613,0000612000,080152,084397,090241,047406,087655,012592
0000000614,0000613000,080448,083612,090655,035366,093671,019225
0000000615,0000614000,081084,082982,090591,025375,094699,028950
0000000616,0000615000,082028,082494,090091,018394,090673,040852
0000000617,0000616000,083106,082261,089247,015062,082003,053741
0000000618,0000617000,084355,082254,088008,015712,069530,066395
0000000619,0000618000,085478,082552,086642,020270,054437,077598
0000000620,0000619000,086566,082987,085167,028306,038208,086244
0000000621,0000620000,087318,083678,083813,039056,022410,091490
0000000622,0000621000,087847,084420,082614,051496,008544,092826
0000000623,0000622000,087958,085212,081797,064468,-02023,090086
0000000624,0000623000,087746,085963,081323,076745,-08281,083490
0000000625,0000624000,087180,086648,081256,087200,-09643,073684
0000000626,0000625000,086307,087172,081637,094837,-05988,061574
0000000627,0000626000,085263,087481,082370,098955,002364,048307
0000000628,0000627000,084048,087627,083428,099150,014585,035160
0000000629,0000628000,082909,087482,084659,095414,029505,023410
0000000630,0000629000,081802,087172,086026,088098,045695,014181
0000000631,0000630000,080989,086668,087259,077898,061564,008403
0000000632,0000631000,080394,086089,088366,065780,075553,006687
0000000633,0000632000,080197,085387,089187,052873,086311,009209
0000000634,0000633000,080320,084710,089687,040392,092814,015763
0000000635,0000634000,080809,084057,089812,029487,094420,025737
0000000636,0000635000,081603,083461,089594,021191,091021,038174
0000000637,0000636000,082604,083023,089040,016267,082959,051854
0000000638,0000637000,083781,082750,088154,015190,071011,065489
0000000639,0000638000,084930,082692,087116,018050,056330,077752
0000000640,0000639000,086055,082794,085938,024580,040357,087442
0000000641,0000640000,086928,083141,084792,034156,024622,093624
0000000642,0000641000,087591,083590,083739,045877,010635,095690
0000000643,0000642000,087876,084172,082938,058650,-00237,093402
0000000644,0000643000,087845,084819,082365,071278,-06970,086959
0000000645,0000644000,087442,085495,082122,082598,-08934,076983
0000000646,0000645000,086730,086114,082226,091545,-05942,064389
0000000647,0000646000,085783,086647,082626,097296,001727,050377
0000000648,0000647000,084647,087069,083314,099300,013309,036297
0000000649,0000648000,083499,087277,084200,097381,027699,023504
0000000650,0000649000,082359,087344,085222,091717,043502,013235
0000000651,0000650000,081431,087216,086210,082847,059161,006526
0000000652,0000651000,080700,086936,087169,071603,073150,004057
0000000653,0000652000,080323,086475,087953,059032,084132,006074
0000000654,0000653000,080257,085930,088533,046307,091056,012417
0000000655,0000654000,080565,085278,088860,034602,093265,022488
0000000656,0000655000,081188,084586,088933,025013,090597,035310
0000000657,0000656000,082072,083940,088718,018423,083319,049651
0000000658,0000657000,083159,083368,088235,015456,072142,064151
0000000659,0000658000,084299,082934,087582,016377,058161,077393
0000000660,0000659000,085451,082658,086755,021102,042741,088094
0000000661,0000660000,086431,082610,085883,029177,027359,095225
0000000662,0000661000,087230,082720,085016,039849,013499,098080
0000000663,0000662000,087701,083051,084255,052126,002499,096359
0000000664,0000663000,087866,083552,083606,064866,-04619,090221
0000000665,0000664000,087660,084191,083180,076897,-07186,080244
0000000666,0000665000,087132,084902,082983,087097,-04961,067348
0000000667,0000666000,086321,085653,083012,094527,001828,052771
0000000668,0000667000,085291,086369,083285,098490,012505,037911
0000000669,0000668000,084170,086966,083755,098626,026041,024197
0000000670,0000669000,083014,087453,084375,094923,041105,012966
0000000671,0000670000,081988,087737,085063,087735,056213,005339
0000000672,0000671000,081122,087811,085821,077732,069910,002064
0000000673,0000672000,080556,087639,086532,065840,080891,003464
0000000674,0000673000,080286,087258,087179,053160,088113,009431
0000000675,0000674000,080382,086641,087709,040858,090916,019387
0000000676,0000675000,080806,085871,088085,030078,089078,032373
0000000677,0000676000,081532,085017,088253,021811,082790,047149
0000000678,0000677000,082498,084129,088223,016828,072685,062302
0000000679,0000678000,083592,083300,088013,015582,059767,076352
0000000680,0000679000,084747,082603,087601,018185,045296,087951
0000000681,0000680000,085813,082113,087068,024386,030662,095984
0000000682,0000681000,086743,081841,086433,033608,017279,099661
0000000683,0000682000,087403,081875,085754,045000,006414,098623
0000000684,0000683000,087780,082182,085060,057511,-00928,092971
0000000685,0000684000,087798,082751,084449,069993,-04060,083228
0000000686,0000685000,087485,083539,083934,081293,-02697,070302
0000000687,0000686000,086854,084495,083559,090370,002997,055441
0000000688,0000687000,085964,085519,083369,096384,012445,040067
0000000689,0000688000,084911,086529,083355,098787,024717,025664
0000000690,0000689000,083767,087466,083516,097361,038587,013643
0000000691,0000690000,082670,088201,083841,092248,052693,005183
0000000692,0000691000,081680,088680,084338,083920,065690,001092
0000000693,0000692000,080926,088840,084933,073145,076347,001767
0000000694,0000693000,080439,088664,085623,060910,083669,007153
0000000695,0000694000,080298,088126,086342,048334,087004,016720
0000000696,0000695000,080491,087303,087028,036579,086078,029549
0000000697,0000696000,081016,086249,087618,026722,081008,044416
0000000698,0000697000,081821,085043,088083,019675,072329,059883
0000000699,0000698000,082824,083809,088371,016076,060921,074448
0000000700,0000699000,083948,082657,088441,016251,047901,086718
0000000701,0000700000,085067,081693,088313,020174,034530,095516
0000000702,0000701000,086111,081002,087963,027480,022089,099998
0000000703,0000702000,086954,080687,087418,037501,011736,099748
0000000704,0000703000,087550,080752,086717,049322,004423,094793
0000000705,0000704000,087817,081215,085932,061864,000827,085589
0000000706,0000705000,087750,082047,085097,073976,001258,073010
0000000707,0000706000,087341,083184,084296,084548,005628,058274
0000000708,0000707000,086635,084519,083596,092608,013473,042797
0000000709,0000708000,085699,085950,083041,097424,023987,028087
0000000710,0000709000,084608,087351,082688,098561,036101,015578
0000000711,0000710000,083479,088563,082586,095927,048634,006472
0000000712,0000711000,082389,089486,082763,089765,060396,001622
0000000713,0000712000,081461,090016,083194,080638,070290,001484
0000000714,0000713000,080755,090091,083884,069372,077412,006060
0000000715,0000714000,080358,089681,084764,056992,081143,014892
0000000716,0000715000,080289,088839,085760,044629,081174,027134
0000000717,0000716000,080571,087610,086791,033415,077551,041604
0000000718,0000717000,081168,086103,087779,024376,070695,056889
0000000719,0000718000,082027,084469,088616,018333,061320,071508
0000000720,0000719000,083072,082853,089223,015830,050361,084070
0000000721,0000720000,084200,081403,089555,017080,038885,093380
0000000722,0000721000,085324,080264,089547,021967,027979,098570
0000000723,0000722000,086328,079561,089199,030045,018640,099174
0000000724,0000723000,087140,079339,088535,040589,011719,095142
0000000725,0000724000,087666,079652,087607,052642,007844,086854
0000000726,0000725000,087874,080484,086467,065110,007327,075112
0000000727,0000726000,087729,081768,085231,076854,010155,061063
0000000728,0000727000,087255,083392,083995,086800,015988,046073
0000000729,0000728000,086491,085223,082863,094048,024184,031613
0000000730,0000729000,085508,087078,081957,097949,033890,019083
0000000731,0000730000,084399,088769,081374,098161,044163,009659
0000000732,0000731000,083251,090152,081174,094670,054035,004206
0000000733,0000732000,082181,091074,081387,087792,062603,003214
0000000734,0000733000,081267,091444,082023,078141,069111,006745
0000000735,0000734000,080611,091212,083019,066584,073003,014439
0000000736,0000735000,080258,090396,084303,054168,073971,025547
0000000737,0000736000,080258,089039,085769,042022,072000,038974
0000000738,0000737000,080599,087274,087285,031255,067370,053400
0000000739,0000738000,081255,085272,088695,022839,060598,067425
0000000740,0000739000,082163,083217,089871,017526,052384,079718
0000000741,0000740000,083238,081303,090702,015785,043529,089133
0000000742,0000741000,084392,079714,091088,017764,034860,094818
0000000743,0000742000,085515,078602,090998,023285,027159,096273
0000000744,0000743000,086519,078063,090426,031858,021113,093383
0000000745,0000744000,087300,078179,089405,042719,017244,086436
0000000746,0000745000,087796,078955,088003,054889,015845,076126
0000000747,0000746000,087950,080334,086350,067264,016962,063480
0000000748,0000747000,087753,082195,084585,078718,020386,049753
0000000749,0000748000,087223,084367,082877,088219,025688,036297
0000000750,0000749000,086409,086627,081405,094918,032290,024398
0000000751,0000750000,085387,088760,080311,098225,039549,015150
0000000752,0000751000,084243,090579,079698,097851,046790,009375
0000000753,0000752000,083083,091897,079636,093833,053368,007573
0000000754,0000753000,081999,092587,080156,086520,058731,009859
0000000755,0000754000,081100,092575,081208,076560,062443,015979
0000000756,0000755000,080460,091841,082726,064842,064235,025315
0000000757,0000756000,080150,090425,084581,052425,064043,036919
0000000758,0000757000,080193,088475,086593,040437,061997,049632
0000000759,0000758000,080587,086181,088558,029957,058377,062223
0000000760,0000759000,081290,083763,090293,021920,053589,073504
0000000761,0000760000,082240,081449,091630,017034,048107,082449
0000000762,0000761000,083354,079448,092445,015726,042435,088270
0000000763,0000762000,084532,077942,092664,018110,037075,090470
0000000764,0000763000,085678,077079,092241,023980,032483,088883
0000000765,0000764000,086682,076962,091198,032822,029017,083707
0000000766,0000765000,087459,077622,089604,043853,026910,075489
0000000767,0000766000,087926,079022,087596,056081,026241,065080
0000000768,0000767000,088045,081028,085361,068399,026945,053543
0000000769,0000768000,087802,083435,083131,079696,028849,042013
0000000770,0000769000,087227,086001,081125,088968,031705,031572
0000000771,0000770000,086370,088485,079533,095399,035223,023158
0000000772,0000771000,085307,090669,078499,098425,039087,017492
0000000773,0000772000,084132,092346,078120,097783,042975,015039
0000000774,0000773000,082942,093354,078458,093522,046586,015962
0000000775,0000774000,081848,093581,079494,086010,049676,020102
0000000776,0000775000,080943,092989,081158,075904,052061,027002
0000000777,0000776000,080323,091609,083307,064107,053646,035929
0000000778,0000777000,080040,089583,085727,051684,054406,045968
0000000779,0000778000,080122,087125,088166,039754,054359,056146
0000000780,0000779000,080554,084476,090392,029379,053562,065525
0000000781,0000780000,081297,081879,092202,021470,052115,073273
0000000782,0000781000,082288,079554,093443,016721,050148,078722
0000000783,0000782000,083434,077720,093995,015547,047825,081423
0000000784,0000783000,084645,076563,093775,018053,045301,081199
0000000785,0000784000,085808,076202,092791,024031,042716,078157
0000000786,0000785000,086826,076691,091107,032962,040192,072669
0000000787,0000786000,087593,078017,088860,044057,037818,065353
0000000788,0000787000,088040,080033,086283,056316,035673,056987
0000000789,0000788000,088126,082517,083651,068636,033871,048387
0000000790,0000789000,087851,085233,081206,079919,032528,040336
0000000791,0000790000,087241,087922,079180,089177,031745,033538
0000000792,0000791000,086347,090344,077757,095597,031611,028548
0000000793,0000792000,085253,092291,077050,098620,032173,025750
0000000794,0000793000,084047,093568,077157,097979,033440,025320
0000000795,0000794000,082837,094027,078096,093718,035411,027186
0000000796,0000795000,081728,093630,079786,086199,038041,031067
0000000797,0000796000,080827,092394,082078,076078,041215,036516
0000000798,0000797000,080220,090436,084756,064261,044775,042937
0000000799,0000798000,079964,087991,087514,051814,048466,049705
0000000800,0000799000,080071,085306,090091,039846,051960,056240
0000000801,0000800000,080530,082586,092292,029405,054961,061977
0000000802,0000801000,081304,080083,093910,021408,057221,066414
0000000803,0000802000,082319,078060,094764,016550,058489,069237
0000000804,0000803000,083492,076681,094785,015257,058571,070294
0000000805,0000804000,084721,076085,093957,017650,057363,069593
0000000806,0000805000,085899,076377,092302,023534,054823,067330
0000000807,0000806000,086915,077519,089987,032402,051016,063839
0000000808,0000807000,087673,079376,087262,043469,046173,059517
0000000809,0000808000,088098,081745,084416,055736,040677,054784
0000000810,0000809000,088166,084398,081702,068108,035016,050040
0000000811,0000810000,087870,087093,079369,079499,029700,045673
0000000812,0000811000,087239,089582,077631,088913,025223,042016
0000000813,0000812000,086328,091645,076639,095531,022034,039313
0000000814,0000813000,085217,093084,076498,098776,020500,037701
0000000815,0000814000,084000,093745,077251,098359,020887,037190
0000000816,0000815000,082782,093569,078827,094300,023317,037687
0000000817,0000816000,081676,092579,081075,086940,027698,039059
0000000818,0000817000,080782,090865,083787,076925,033741,041114
0000000819,0000818000,080194,088642,086646,065154,040950,043643
0000000820,0000819000,079948,086138,089382,052681,048643,046478
0000000821,0000820000,080068,083516,091814,040603,056131,049398
0000000822,0000821000,080538,081044,093694,029977,062771,052152
0000000823,0000822000,081318,079007,094787,021726,067894,054605
0000000824,0000823000,082339,077539,095046,016567,070927,056687
0000000825,0000824000,083514,076771,094446,014953,071503,058316
0000000826,0000825000,084740,076845,092967,017035,069397,059505
0000000827,0000826000,085911,077711,090785,022650,064628,060279
0000000828,0000827000,086914,079223,088173,031313,057557,060593
0000000829,0000828000,087656,081260,085355,042248,048811,060400
0000000830,0000829000,088075,083631,082585,054477,039166,059704
0000000831,0000830000,088138,086077,080151,066920,029522,058503
0000000832,0000831000,087843,088402,078246,078489,020790,056819
0000000833,0000832000,087216,090400,077038,088176,013787,054729
0000000834,0000833000,086317,091843,076676,095144,009243,052285
0000000835,0000834000,085217,092617,077188,098787,007721,049536
0000000836,0000835000,084017,092683,078491,098776,009491,046607
0000000837,0000836000,082815,092021,080489,095096,014505,043687
0000000838,0000837000,081727,090709,082974,088059,022402,040988
0000000839,0000838000,080850,088927,085665,078286,032476,038783
0000000840,0000839000,080266,086824,088327,066652,043787,037324
0000000841,0000840000,080017,084562,090760,054188,055311,036780
0000000842,0000841000,080126,082389,092700,041985,065999,037250
0000000843,0000842000,080578,080537,093941,031105,074804,038822
0000000844,0000843000,081331,079138,094411,022489,080826,041503
0000000845,0000844000,082324,078320,094062,016884,083405,045191
0000000846,0000845000,083465,078183,092903,014782,082154,049703
0000000847,0000846000,084663,078673,091095,016380,077058,054732
0000000848,0000847000,085804,079712,088843,021551,068551,059808
0000000849,0000848000,086790,081229,086319,029842,057398,064444
0000000850,0000849000,087525,083060,083785,040515,044610,068189
0000000851,0000850000,087953,085003,081495,052621,031397,070625
0000000852,0000851000,088037,086918,079617,065098,019004,071441
0000000853,0000852000,087774,088612,078337,076858,008590,070481
0000000854,0000853000,087193,089884,077808,086886,001211,067675
0000000855,0000854000,086340,090672,078030,094316,-02330,063109
0000000856,0000855000,085293,090944,078940,098500,-01624,057105
0000000857,0000856000,084136,090655,080488,099065,003348,050141
0000000858,0000857000,082976,089868,082492,095950,012197,042817
0000000859,0000858000,081913,088704,084731,089423,024103,035846
0000000860,0000859000,081047,087229,087035,080062,037956,029919
0000000861,0000860000,080449,085583,089197,068699,052496,025606
0000000862,0000861000,080172,083975,090965,056333,066351,023387
0000000863,0000862000,080234,082544,092195,044041,078168,023608
0000000864,0000863000,080624,081393,092810,032887,086792,026375
0000000865,0000864000,081310,080646,092733,023832,091337,031575
0000000866,0000865000,082229,080340,092007,017660,091270,038871
0000000867,0000866000,083309,080427,090760,014912,086551,047639
0000000868,0000867000,084450,080910,089097,015836,077609,057064
0000000869,0000868000,085556,081750,087154,020356,065252,066269
0000000870,0000869000,086524,082826,085155,028073,050632,074365
0000000871,0000870000,087272,084035,083278,038303,035145,080523
0000000872,0000871000,087735,085290,081668,050145,020245,084107
0000000873,0000872000,087880,086435,080502,062564,007348,084689
0000000874,0000873000,087697,087359,079884,074489,-02268,082067
0000000875,0000874000,087204,088043,079805,084891,-07646,076362
0000000876,0000875000,086445,088443,080253,092875,-08260,068028
0000000877,0000876000,085479,088523,081194,097746,-04009,057771
0000000878,0000877000,084396,088327,082494,099077,004734,046516
0000000879,0000878000,083284,087892,084025,096748,017135,035338
0000000880,0000879000,082247,087227,085676,090965,032037,025303
0000000881,0000880000,081372,086430,087269,082239,048051,017379
0000000882,0000881000,080736,085610,088626,071338,063635,012399
0000000883,0000882000,080388,084816,089662,059212,077280,010941
0000000884,0000883000,080354,084109,090303,046911,087682,013239
0000000885,0000884000,080636,083556,090490,035493,093824,019190
0000000886,0000885000,081207,083151,090266,025939,095100,028332
0000000887,0000886000,082023,082880,089692,019075,091411,039832
0000000888,0000887000,083010,082785,088802,015497,083121,052626
0000000889,0000888000,084087,082853,087689,015515,071004,065528
0000000890,0000889000,085155,083038,086493,019126,056229,077292
0000000891,0000890000,086125,083335,085301,026008,040218,086759
0000000892,0000891000,086912,083719,084214,035554,024484,092994
0000000893,0000892000,087454,084121,083355,046935,010535,095330
0000000894,0000893000,087706,084534,082761,059165,-00286,093445
0000000895,0000894000,087650,084973,082432,071195,-06975,087457
0000000896,0000895000,087290,085396,082395,081992,-08929,077880
0000000897,0000896000,086657,085791,082636,090628,-05973,065555
0000000898,0000897000,085803,086171,083084,096359,001584,051627
0000000899,0000898000,084803,086502,083708,098689,012986,037416
0000000900,0000899000,083744,086751,084454,097422,027145,024262
0000000901,0000900000,082716,086945,085217,092676,042692,013442
0000000902,0000901000,080063,094576,087247,086741,049851,004665
0000000903,0000902000,076774,099172,083082,078270,041798,000482
0000000904,0000903000,080565,090368,085619,068141,035445,002876
0000000905,0000904000,080179,083551,091498,057056,043233,008047
0000000906,0000905000,075140,088084,084126,052769,048763,019314
0000000907,0000906000,073555,094086,088502,057447,040896,037467
0000000908,0000907000,076976,080645,089543,061659,032889,051349
0000000909,0000908000,087911,073063,099134,060887,042723,057991
0000000910,0000909000,083407,073514,099495,049685,045213,045264
0000000911,0000910000,078239,078729,089044,061046,048500,047798
0000000912,0000911000,092202,081834,088963,063507,037348,050272
0000000913,0000912000,095318,067835,086427,055844,036756,051224
0000000914,0000913000,094776,072253,090000,055720,052312,052389
0000000915,0000914000,090807,084932,083774,053606,047096,042621
0000000916,0000915000,090404,084088,072383,062068,041727,049874
0000000917,0000916000,099998,082357,078059,058440,040692,054903
0000000918,0000917000,092325,080727,078545,048653,045644,049084
0000000919,0000918000,084694,092992,076488,055920,052372,050116
0000000920,0000919000,086416,099998,074380,057562,040244,048502
0000000921,0000920000,085575,089832,073344,057056,038783,054931
0000000922,0000921000,084110,091062,083238,052820,047211,055567
0000000923,0000922000,073547,096985,082949,050584,045884,047647
0000000924,0000923000,071876,099344,080839,060865,042474,052820
0000000925,0000924000,079415,093458,087671,058241,035843,054774
0000000926,0000925000,075327,083532,091877,052935,042103,053722
0000000927,0000926000,071604,089436,095860,055729,048755,051519
0000000928,0000927000,071659,090942,092607,058471,039012,048007
0000000929,0000928000,078160,080378,092451,062570,036715,054762
0000000930,0000929000,084703,074691,099998,056192,041437,053218
0000000931,0000930000,079630,075278,097452,053872,046440,047329
0000000932,0000931000,082064,081044,092571,061852,044973,048745
0000000933,0000932000,090647,076418,089506,060729,036573,049768
0000000934,0000933000,093622,068199,089109,057336,042327,052596
0000000935,0000934000,093171,074776,090022,054588,049141,048498
0000000936,0000935000,090218,081798,081535,056773,045299,045234
0000000937,0000936000,095180,082310,077140,061444,041766,051433
0000000938,0000937000,098662,079585,079112,055062,041829,051687
0000000939,0000938000,091437,082606,077549,052103,049071,049707
0000000940,0000939000,087554,093739,075407,056134,047757,049116
0000000941,0000940000,087630,094181,072596,057366,039778,050423
0000000942,0000941000,087962,089903,075926,055957,042584,054988
0000000943,0000942000,082849,093412,081253,051210,046793,051844
0000000944,0000943000,074576,098415,079565,054431,045617,049884
0000000945,0000944000,075904,098821,081034,059418,040315,053531
0000000946,0000945000,077647,091070,086356,055735,037970,054477
0000000947,0000946000,073933,087887,091443,054085,045029,053347
0000000948,0000947000,071243,092670,093260,055809,044967,050039
0000000949,0000948000,072389,089562,091530,059668,038451,051263
0000000950,0000949000,078648,080921,095544,060018,038447,054667
0000000951,0000950000,079884,076659,099043,055116,042780,051043
0000000952,0000951000,077923,078729,096437,057270,045568,048723
0000000953,0000952000,083229,079779,093561,061274,040873,049332
0000000954,0000953000,089457,072893,091863,059339,038816,051022
0000000955,0000954000,091626,070652,092384,056706,044995,051033
0000000956,0000955000,090679,076298,088938,056045,046746,046897
0000000957,0000956000,091920,079435,081901,059414,043365,048105
0000000958,0000957000,097135,078240,080540,058903,041562,051390
0000000959,0000958000,096534,077846,080336,054116,045051,050095
0000000960,0000959000,091663,085377,077328,054261,049389,048564
0000000961,0000960000,090160,091979,073893,057097,043716,049505
0000000962,0000961000,090652,089517,073462,057024,040884,052529
0000000963,0000962000,088670,089435,077251,053656,045293,053030
0000000964,0000963000,081487,095340,078197,052227,047297,050014
0000000965,0000964000,077674,099444,077066,056866,043550,051270
0000000966,0000965000,079145,096400,080407,057318,039258,054222
0000000967,0000966000,076948,090984,086152,054085,041615,054478
0000000968,0000967000,072471,092615,089888,054539,045754,051632
0000000969,0000968000,071162,094434,089621,057421,042043,050429
0000000970,0000969000,074282,088537,091275,059393,038074,053763
0000000971,0000970000,077230,081522,096979,056809,040456,053870
0000000972,0000971000,075651,080512,098328,055705,044350,050018
0000000973,0000972000,077065,082031,095631,059642,042841,049274
0000000974,0000973000,083666,077601,094072,060886,038527,050846
0000000975,0000974000,088028,071235,094865,057611,041416,051850
0000000976,0000975000,088061,073002,094369,056040,046281,049001
0000000977,0000976000,088709,077538,088537,058634,044650,046813
0000000978,0000977000,093978,077023,083591,060561,041150,049811
0000000979,0000978000,097623,074310,083453,056716,042495,051365
0000000980,0000979000,094657,077481,082125,053984,047672,048990
0000000981,0000980000,091815,086080,077263,056246,047644,047500
0000000982,0000981000,092917,088796,073253,058118,041881,050209
0000000983,0000982000,093478,086293,074756,055736,042271,053271
0000000984,0000983000,088668,089151,077537,052343,047057,051413
0000000985,0000984000,081987,096405,076052,054128,047081,049316
0000000986,0000985000,081119,098733,075094,057739,041809,051822
0000000987,0000986000,081543,094227,079291,055640,039963,054762
0000000988,0000987000,076888,092332,085292,052896,044277,053887
0000000989,0000988000,071758,096039,087483,055015,045288,050670
0000000990,0000989000,072065,095573,086994,058712,040367,051399
0000000991,0000990000,075581,088469,090748,058204,038355,054733
0000000992,0000991000,075261,083195,096645,054946,042102,053492
0000000993,0000992000,072858,084105,097570,056459,044591,049833
0000000994,0000993000,076163,083916,095083,060628,040802,049638
0000000995,0000994000,082950,077048,094798,060254,038173,052064
0000000996,0000995000,085857,071865,096999,056608,042607,051965
0000000997,0000996000,085008,074500,095596,056368,046092,048236
0000000998,0000997000,087504,077531,089550,060146,043266,047350
0000000999,0000998000,094208,074991,085833,060428,040340,050336
0000001000,0000999000,096729,072412,085764,055946,043492,051106
0000001001,0001000000,093664,077219,083812,054578,048024,048463
0000001002,0001001000,092449,084468,078173,057517,046001,047302
0000001003,0001002000,094999,085450,074209,058452,041830,050412
0000001004,0001003000,095078,084247,075598,054822,043567,052708
0000001005,0001004000,089299,088652,077012,052468,047500,050646
0000001006,0001005000,084124,095632,074934,055347,046289,049324
0000001007,0001006000,084061,096921,074074,057451,041584,051870
0000001008,0001007000,083226,093498,078016,054749,041458,054462
0000001009,0001008000,077723,093918,083203,052720,045157,053187
0000001010,0001009000,072717,097511,084762,055314,044536,050842
0000001011,0001010000,073260,096100,085348,058501,040123,052249
0000001012,0001011000,075580,089758,089666,057134,039358,054461
0000001013,0001012000,073878,086121,094814,054657,042829,053189
0000001014,0001013000,071760,086855,096181,056826,043654,050532
0000001015,0001014000,075130,084773,095083,060301,039964,050503
0000001016,0001015000,080885,078123,095730,059455,039135,052225
0000001017,0001016000,083020,074267,097665,056595,042796,051577
0000001018,0001017000,082959,075701,096213,057286,044678,048739
0000001019,0001018000,086557,076551,091669,060261,042339,048354
0000001020,0001019000,092530,073691,088745,059682,040941,050206
0000001021,0001020000,094722,072321,087725,056437,044050,050292
0000001022,0001021000,093357,076623,084921,055822,046764,048381
0000001023,0001022000,093478,081387,080048,057825,044741,048172
0000001024,0001023000,095834,082137,076807,057984,042781,050136
0000001025,0001024000,095470,083081,076404,054907,044874,051095
0000001026,0001025000,090870,088010,075920,053724,046700,050331
0000001027,0001026000,087395,092924,074532,055777,045017,050161
0000001028,0001027000,086582,094053,074296,056335,042806,051633
0000001029,0001028000,084130,093862,076789,054201,043545,053111
0000001030,0001029000,079263,095679,079994,053856,044600,052453
0000001031,0001030000,075678,097297,081867,055588,043253,051911
0000001032,0001031000,074907,095556,084368,056757,041076,053103
0000001033,0001032000,074500,092023,088408,056106,041398,053297
0000001034,0001033000,072934,090251,091605,055683,042709,052439
0000001035,0001034000,072283,088965,093663,057159,041720,052036
0000001036,0001035000,074565,084738,095555,058833,039768,052164
0000001037,0001036000,077676,080208,096941,058154,041369,051393
0000001038,0001037000,079494,078475,096958,057546,042703,050573
0000001039,0001038000,081726,077251,095837,058665,042017,050140
0000001040,0001039000,085887,074696,094311,059341,041446,050118
0000001041,0001040000,089386,072961,092522,058234,042844,049707
0000001042,0001041000,091354,073928,089540,057703,044386,048803
0000001043,0001042000,093278,076142,085487,057982,044284,048578
0000001044,0001043000,095062,077269,082501,057450,043485,049883
0000001045,0001044000,095504,078672,080702,056495,044580,049819
0000001046,0001045000,094443,082605,077841,055806,046118,048886
0000001047,0001046000,092883,087210,074733,056031,045025,049801
0000001048,0001047000,091629,088887,074367,055792,043500,051573
0000001049,0001048000,088948,090348,075557,054478,044766,051572
0000001050,0001049000,084460,094345,076044,053895,045904,051076
0000001051,0001050000,081187,097315,076395,055853,043480,051510
0000001052,0001051000,080023,096044,078779,056009,041534,053289
0000001053,0001052000,077383,094127,083365,054376,042724,053778
0000001054,0001053000,073345,094590,086937,054682,043934,052201
0000001055,0001054000,072022,094680,088133,057196,042154,051511
0000001056,0001055000,073728,090734,090428,057954,039640,053261
0000001057,0001056000,074739,085120,094988,056713,040386,053723
0000001058,0001057000,074314,082943,097609,056556,043180,051147
0000001059,0001058000,075806,082743,096333,058719,042445,049658
0000001060,0001059000,080499,079196,095144,059894,039862,051100
0000001061,0001060000,084772,073973,096144,058326,040754,051781
0000001062,0001061000,086003,072979,095869,056943,044189,049687
0000001063,0001062000,087621,075471,091765,058656,044467,047756
0000001064,0001063000,092190,075741,086950,059802,042175,048852
0000001065,0001064000,095781,074028,085030,057546,042581,050724
0000001066,0001065000,095048,075779,084057,055338,045730,049797
0000001067,0001066000,093342,081328,080192,056463,046506,047853
0000001068,0001067000,094266,085153,075438,057873,044044,048953
0000001069,0001068000,094927,085524,074432,056032,043081,051724
0000001070,0001069000,091368,087412,076062,053468,045592,051783
0000001071,0001070000,086096,092906,075868,054172,046658,050035
0000001072,0001071000,083709,096699,074456,056433,043730,050665
0000001073,0001072000,083170,095499,076187,056044,041484,053334
0000001074,0001073000,079914,093954,081015,053685,043257,053903
0000001075,0001074000,074624,095765,084466,054008,044793,052039
0000001076,0001075000,072518,096788,085564,056997,042344,051523
0000001077,0001076000,074120,092908,087836,057940,039679,053213
0000001078,0001077000,074592,087742,092515,056018,040874,053966
0000001079,0001078000,072814,085947,096115,055776,043052,052021
0000001080,0001079000,073455,085202,096198,058551,042001,050286
0000001081,0001080000,078043,081366,095461,059870,039958,051038
0000001082,0001081000,082075,076273,096525,058129,040707,051997
0000001083,0001082000,083302,074425,097126,057088,043309,050456
0000001084,0001083000,085132,075402,094341,058683,043715,048452
0000001085,0001084000,089625,075060,090170,059796,042141,048900
0000001086,0001085000,093749,073332,087781,058229,042464,050170
0000001087,0001086000,094493,074352,086024,056261,045015,049561
0000001088,0001087000,093710,078452,082696,056558,045672,048624
0000001089,0001088000,094579,081615,078682,057820,044190,048839
0000001090,0001089000,095717,083017,076127,056684,043986,050173
0000001091,0001090000,093560,085841,075465,054411,045510,050932
0000001092,0001091000,089540,089986,075334,054578,045488,050774
0000001093,0001092000,086936,093183,074742,055786,044420,050651
0000001094,0001093000,085075,094646,075142,055295,043614,051932
0000001095,0001094000,081896,095329,077638,054632,043434,052790
0000001096,0001095000,078279,095956,080642,054660,043557,052628
0000001097,0001096000,075335,096188,083336,055378,042892,052575
0000001098,0001097000,073745,094702,086423,056224,041713,052916
0000001099,0001098000,073425,092150,089281,056763,041570,052503
0000001100,0001099000,073290,089506,092066,056587,041537,052739
0000001101,0001100000,073413,086415,095037,057166,041067,052603
