0000000001,0000000000,088539,087449,074858,085205,089174,074311
0000000002,0000001000,085990,089883,074972,082187,091893,074609
0000000003,0000002000,083143,091734,075970,078892,093883,075914
0000000004,0000003000,080291,092803,077753,075636,094953,078100
0000000005,0000004000,077710,092982,080154,072730,095005,080954
0000000006,0000005000,075637,092276,082933,070469,094027,084194
0000000007,0000006000,074295,090742,085808,069077,092112,087500
0000000008,0000007000,073817,088516,088514,068683,089451,090555
0000000009,0000008000,074227,085836,090783,069321,086310,093059
0000000010,0000009000,075494,082969,092383,070939,082989,094761
0000000011,0000010000,077516,080168,093162,073377,079813,095499
0000000012,0000011000,080075,077722,093048,076393,077096,095201
0000000013,0000012000,082904,075891,092052,079690,075104,093895
0000000014,0000013000,085757,074821,090267,082948,074031,091710
0000000015,0000014000,088357,074624,087866,085850,073983,088856
0000000016,0000015000,090414,075344,085088,088110,074963,085616
0000000017,0000016000,091750,076885,082212,089507,076873,082309
0000000018,0000017000,092248,079092,079507,089901,079534,079255
0000000019,0000018000,091830,081778,077237,089257,082681,076751
0000000020,0000019000,090548,084661,075637,087642,085999,075048
0000000021,0000020000,088544,087444,074858,085207,089172,074311
0000000022,0000021000,085989,089884,074972,082187,091892,074609
0000000023,0000022000,083138,091739,075969,078890,093884,075915
0000000024,0000023000,080294,092799,077753,075635,094954,078100
0000000025,0000024000,077712,092980,080155,072731,095004,080954
0000000026,0000025000,075634,092279,082932,070469,094026,084194
0000000027,0000026000,074295,090743,085808,069076,092113,087501
0000000028,0000027000,073817,088514,088514,068680,089453,090555
0000000029,0000028000,074226,085837,090783,069322,086309,093058
0000000030,0000029000,075495,082969,092383,070940,082988,094762
0000000031,0000030000,077516,080168,093163,073376,079814,095499
0000000032,0000031000,080072,077725,093049,076391,077097,095201
0000000033,0000032000,082906,075889,092051,079690,075104,093895
0000000034,0000033000,085760,074818,090267,082948,074031,091710
0000000035,0000034000,088352,074628,087866,085849,073984,088856
0000000036,0000035000,090413,075344,085088,088110,074963,085616
0000000037,0000036000,091755,076879,082212,089506,076873,082310
0000000038,0000037000,092246,079093,079507,089900,079534,079255
0000000039,0000038000,091826,081782,077238,089257,082680,076752
0000000040,0000039000,090553,084657,075637,087641,085999,075049
0000000041,0000040000,088546,087442,074858,085205,089173,074311
0000000042,0000041000,085984,089890,074972,082188,091892,074610
0000000043,0000042000,083140,091737,075968,078891,093883,075915
0000000044,0000043000,080298,092795,077752,075634,094955,078100
0000000045,0000044000,077707,092985,080155,072730,095005,080954
0000000046,0000045000,075633,092281,082932,070470,094025,084194
0000000047,0000046000,074300,090738,085808,069076,092113,087500
0000000048,0000047000,073815,088517,088514,068679,089455,090555
0000000049,0000048000,074222,085841,090783,069322,086309,093058
0000000050,0000049000,075499,082964,092383,070940,082988,094761
0000000051,0000050000,077516,080167,093163,073375,079816,095499
0000000052,0000051000,080066,077730,093049,076391,077098,095201
0000000053,0000052000,082907,075887,092052,079690,075104,093895
0000000054,0000053000,085763,074815,090268,082947,074032,091710
0000000055,0000054000,088348,074631,087867,085848,073985,088856
0000000056,0000055000,090413,075345,085088,088109,074963,085617
0000000057,0000056000,091759,076875,082212,089505,076874,082311
0000000058,0000057000,092245,079094,079507,089899,079534,079256
0000000059,0000058000,091825,081784,077238,089257,082679,076753
0000000060,0000059000,090556,084653,075637,087641,085998,075050
0000000061,0000060000,088546,087442,074858,085205,089173,074312
0000000062,0000061000,085983,089892,074971,082188,091891,074610
0000000063,0000062000,083143,091735,075968,078892,093882,075915
0000000064,0000063000,080299,092795,077752,075634,094955,078101
0000000065,0000064000,077705,092987,080154,072731,095005,080954
0000000066,0000065000,075635,092280,082931,070471,094025,084193
0000000067,0000066000,074301,090737,085808,069076,092113,087500
0000000068,0000067000,073812,088520,088513,068680,089455,090554
0000000069,0000068000,074222,085842,090782,069322,086309,093057
0000000070,0000069000,075500,082963,092383,070940,082989,094760
0000000071,0000070000,077513,080170,093163,073374,079817,095498
0000000072,0000071000,080065,077732,093050,076390,077099,095200
0000000073,0000072000,082909,075884,092052,079688,075106,093895
0000000074,0000073000,085761,074816,090269,082945,074034,091710
0000000075,0000074000,088346,074633,087867,085847,073985,088857
0000000076,0000075000,090415,075341,085089,088108,074963,085618
0000000077,0000076000,091759,076873,082213,089503,076875,082312
0000000078,0000077000,092242,079096,079508,089898,079534,079257
0000000079,0000078000,091827,081781,077238,089257,082678,076754
0000000080,0000079000,090559,084650,075637,087640,085998,075051
0000000081,0000080000,088545,087444,074857,085204,089172,074313
0000000082,0000081000,085984,089892,074970,082189,091889,074611
0000000083,0000082000,083147,091732,075967,078892,093881,075916
0000000084,0000083000,080298,092797,077751,075634,094954,078101
0000000085,0000084000,077704,092990,080152,072732,095003,080954
0000000086,0000085000,075638,092278,082930,070473,094024,084193
0000000087,0000086000,074301,090739,085807,069077,092114,087499
0000000088,0000087000,073809,088524,088513,068681,089455,090553
0000000089,0000088000,074222,085841,090782,069324,086310,093056
0000000090,0000089000,075500,082963,092383,070940,082991,094759
0000000091,0000090000,077509,080173,093164,073374,079819,095497
0000000092,0000091000,080064,077732,093051,076390,077100,095199
0000000093,0000092000,082910,075882,092054,079687,075108,093895
0000000094,0000093000,085758,074817,090271,082943,074036,091710
0000000095,0000094000,088344,074633,087869,085845,073987,088857
0000000096,0000095000,090417,075338,085091,088106,074964,085619
0000000097,0000096000,091759,076873,082215,089500,076876,082313
0000000098,0000097000,092242,079096,079508,089896,079534,079259
0000000099,0000098000,091830,081778,077238,089256,082677,076756
0000000100,0000099000,090560,084648,075637,087639,085997,075053
0000000101,0000100000,088545,087445,074856,085204,089170,074315
0000000102,0000101000,085987,089890,074969,082190,091887,074613
0000000103,0000102000,083150,091731,075965,078893,093879,075917
0000000104,0000103000,080298,092799,077749,075636,094952,078101
0000000105,0000104000,077705,092991,080150,072735,095001,080953
0000000106,0000105000,075640,092278,082928,070475,094023,084191
0000000107,0000106000,074299,090742,085805,069079,092114,087497
0000000108,0000107000,073807,088527,088511,068683,089456,090550
0000000109,0000108000,074223,085842,090781,069325,086311,093053
0000000110,0000109000,075497,082965,092384,070940,082993,094756
0000000111,0000110000,077505,080176,093164,073374,079821,095494
0000000112,0000111000,080063,077731,093052,076389,077103,095197
0000000113,0000112000,082908,075882,092056,079685,075111,093894
0000000114,0000113000,085755,074818,090273,082941,074039,091710
0000000115,0000114000,088344,074630,087871,085843,073988,088858
0000000116,0000115000,090418,075335,085093,088103,074966,085621
0000000117,0000116000,091757,076872,082217,089497,076876,082316
0000000118,0000117000,092243,079093,079510,089894,079533,079262
0000000119,0000118000,091834,081773,077239,089253,082676,076760
0000000120,0000119000,090561,084647,075637,087638,085995,075057
0000000121,0000120000,088547,087444,074855,085205,089167,074318
0000000122,0000121000,085992,089887,074967,082191,091883,074615
0000000123,0000122000,083152,091732,075963,078895,093876,075918
0000000124,0000123000,080299,092802,077746,075639,094949,078101
0000000125,0000124000,077708,092991,080147,072738,094998,080953
0000000126,0000125000,075640,092280,082925,070478,094022,084190
0000000127,0000126000,074296,090747,085803,069083,092113,087494
0000000128,0000127000,073807,088530,088509,068686,089456,090547
0000000129,0000128000,074222,085843,090781,069327,086313,093049
0000000130,0000129000,075493,082969,092384,070941,082996,094752
0000000131,0000130000,077502,080179,093166,073374,079824,095491
0000000132,0000131000,080061,077730,093054,076388,077107,095195
0000000133,0000132000,082904,075883,092059,079682,075115,093892
0000000134,0000133000,085751,074818,090276,082937,074042,091710
0000000135,0000134000,088344,074626,087875,085839,073991,088859
0000000136,0000135000,090417,075332,085097,088098,074968,085623
0000000137,0000136000,091757,076870,082219,089493,076877,082319
0000000138,0000137000,092246,079089,079512,089891,079532,079266
0000000139,0000138000,091837,081769,077240,089251,082675,076764
0000000140,0000139000,090564,084646,075637,087637,085992,075061
0000000141,0000140000,088551,087441,074854,085205,089162,074322
0000000142,0000141000,085997,089884,074964,082192,091879,074618
0000000143,0000142000,083154,091733,075959,078898,093872,075920
0000000144,0000143000,080301,092803,077742,075643,094944,078102
0000000145,0000144000,077711,092992,080143,072743,094995,080951
0000000146,0000145000,075640,092284,082922,070483,094019,084187
0000000147,0000146000,074295,090752,085799,069087,092112,087490
0000000148,0000147000,073806,088533,088507,068690,089456,090542
0000000149,0000148000,074218,085848,090780,069329,086316,093044
0000000150,0000149000,075487,082974,092384,070942,083000,094747
0000000151,0000150000,077498,080180,093167,073374,079829,095487
0000000152,0000151000,080057,077731,093057,076386,077113,095191
0000000153,0000152000,082899,075884,092063,079679,075121,093890
0000000154,0000153000,085748,074816,090281,082933,074047,091709
0000000155,0000154000,088343,074623,087880,085833,073996,088860
0000000156,0000155000,090416,075329,085101,088092,074971,085626
0000000157,0000156000,091757,076866,082223,089488,076878,082323
0000000158,0000157000,092250,079082,079514,089886,079532,079272
0000000159,0000158000,091840,081765,077241,089247,082672,076770
0000000160,0000159000,090567,084643,075636,087635,085988,075067
0000000161,0000160000,088557,087437,074852,085205,089157,074327
0000000162,0000161000,086002,089883,074961,082194,091873,074622
0000000163,0000162000,083157,091734,075955,078901,093865,075922
0000000164,0000163000,080306,092804,077736,075649,094939,078102
0000000165,0000164000,077714,092994,080138,072749,094991,080950
0000000166,0000165000,075640,092290,082917,070489,094016,084184
0000000167,0000166000,074294,090757,085795,069094,092111,087485
0000000168,0000167000,073804,088537,088504,068696,089457,090536
0000000169,0000168000,074213,085854,090779,069333,086319,093038
0000000170,0000169000,075482,082980,092385,070944,083004,094741
0000000171,0000170000,077494,080183,093170,073374,079835,095481
0000000172,0000171000,080051,077733,093061,076383,077120,095187
0000000173,0000172000,082893,075885,092068,079674,075128,093887
0000000174,0000173000,085745,074814,090287,082927,074053,091709
0000000175,0000174000,088341,074619,087886,085826,074001,088862
0000000176,0000175000,090414,075325,085107,088085,074975,085629
0000000177,0000176000,091759,076859,082228,089481,076879,082329
0000000178,0000177000,092254,079075,079517,089880,079531,079279
0000000179,0000178000,091844,081759,077243,089243,082669,076777
0000000180,0000179000,090573,084637,075635,087633,085982,075074
0000000181,0000180000,088565,087432,074849,085205,089150,074334
0000000182,0000181000,086008,089881,074957,082196,091866,074627
0000000183,0000182000,083163,091734,075949,078906,093858,075925
0000000184,0000183000,080311,092805,077730,075655,094931,078103
0000000185,0000184000,077717,092998,080131,072756,094985,080948
0000000186,0000185000,075640,092296,082910,070497,094013,084179
0000000187,0000186000,074293,090763,085790,069101,092109,087479
0000000188,0000187000,073801,088544,088501,068702,089459,090529
0000000189,0000188000,074207,085861,090777,069338,086322,093029
0000000190,0000189000,075476,082985,092385,070947,083010,094733
0000000191,0000190000,077487,080186,093173,073373,079842,095474
0000000192,0000191000,080043,077736,093066,076380,077128,095181
0000000193,0000192000,082886,075885,092075,079669,075136,093884
0000000194,0000193000,085741,074811,090294,082920,074061,091708
0000000195,0000194000,088337,074615,087894,085817,074008,088864
0000000196,0000195000,090413,075319,085114,088076,074979,085634
0000000197,0000196000,091762,076851,082233,089473,076881,082336
0000000198,0000197000,092257,079067,079522,089873,079530,079287
0000000199,0000198000,091849,081753,077244,089238,082665,076787
0000000200,0000199000,090581,084630,075634,087630,085976,075083
0000000201,0000200000,088573,087427,074846,085205,089142,074342
0000000202,0000201000,086015,089879,074951,082200,091856,074633
0000000203,0000202000,083170,091734,075942,078912,093848,075929
0000000204,0000203000,080317,092807,077722,075663,094923,078103
0000000205,0000204000,077720,093004,080122,072766,094978,080946
0000000206,0000205000,075640,092303,082902,070507,094008,084174
0000000207,0000206000,074292,090771,085783,069111,092107,087471
0000000208,0000207000,073796,088553,088497,068710,089460,090519
0000000209,0000208000,074200,085870,090775,069344,086327,093019
0000000210,0000209000,075468,082992,092386,070950,083017,094723
0000000211,0000210000,077478,080192,093176,073373,079852,095465
0000000212,0000211000,080034,077740,093072,076377,077139,095174
0000000213,0000212000,082879,075885,092083,079663,075146,093880
0000000214,0000213000,085735,074807,090303,082911,074071,091707
0000000215,0000214000,088333,074610,087903,085807,074015,088867
0000000216,0000215000,090412,075312,085122,088065,074984,085640
0000000217,0000216000,091764,076841,082241,089462,076883,082344
0000000218,0000217000,092261,079058,079527,089864,079528,079297
0000000219,0000218000,091856,081744,077246,089232,082660,076798
0000000220,0000219000,090591,084622,075633,087627,085968,075094
0000000221,0000220000,088583,087421,074842,085206,089132,074351
0000000222,0000221000,086024,089877,074945,082204,091845,074641
0000000223,0000222000,083179,091734,075933,078919,093836,075933
0000000224,0000223000,080324,092810,077712,075673,094912,078104
0000000225,0000224000,077723,093011,080112,072777,094970,080943
0000000226,0000225000,075642,092311,082893,070519,094002,084168
0000000227,0000226000,074290,090780,085776,069122,092105,087462
0000000228,0000227000,073790,088564,088491,068719,089462,090508
0000000229,0000228000,074192,085881,090773,069350,086332,093007
0000000230,0000229000,075459,083000,092387,070953,083025,094711
0000000231,0000230000,077467,080199,093181,073372,079863,095454
0000000232,0000231000,080023,077744,093079,076372,077151,095166
0000000233,0000232000,082870,075884,092092,079655,075159,093875
0000000234,0000233000,085727,074804,090314,082900,074083,091706
0000000235,0000234000,088327,074604,087914,085795,074024,088870
0000000236,0000235000,090411,075302,085133,088053,074990,085647
0000000237,0000236000,091767,076830,082249,089450,076885,082354
0000000238,0000237000,092267,079047,079532,089854,079526,079309
0000000239,0000238000,091865,081732,077249,089224,082654,076811
0000000240,0000239000,090602,084612,075632,087624,085959,075107
0000000241,0000240000,088594,087414,074837,085206,089120,074363
0000000242,0000241000,086036,089873,074937,082208,091832,074649
0000000243,0000242000,083190,091733,075923,078928,093823,075938
0000000244,0000243000,080332,092814,077700,075684,094900,078105
0000000245,0000244000,077728,093018,080100,072790,094960,080939
0000000246,0000245000,075644,092321,082882,070533,093996,084160
0000000247,0000246000,074288,090792,085766,069135,092103,087451
0000000248,0000247000,073784,088577,088485,068730,089464,090495
0000000249,0000248000,074184,085892,090770,069358,086338,092993
0000000250,0000249000,075448,083010,092389,070957,083036,094697
0000000251,0000250000,077454,080207,093186,073372,079876,095442
0000000252,0000251000,080010,077748,093088,076367,077165,095157
0000000253,0000252000,082859,075884,092103,079646,075173,093870
0000000254,0000253000,085718,074801,090327,082888,074096,091706
0000000255,0000254000,088322,074597,087927,085780,074035,088874
0000000256,0000255000,090410,075291,085145,088038,074997,085655
0000000257,0000256000,091769,076818,082259,089436,076887,082366
0000000258,0000257000,092273,079034,079539,089842,079524,079324
0000000259,0000258000,091875,081719,077252,089216,082647,076826
0000000260,0000259000,090614,084601,075631,087619,085948,075122
0000000261,0000260000,088607,087407,074832,085207,089107,074376
0000000262,0000261000,086050,089868,074928,082214,091816,074659
0000000263,0000262000,083203,091733,075911,078938,093807,075944
0000000264,0000263000,080341,092819,077686,075697,094886,078106
0000000265,0000264000,077734,093026,080086,072806,094948,080935
0000000266,0000265000,075646,092332,082869,070549,093988,084152
0000000267,0000266000,074284,090806,085756,069150,092100,087439
0000000268,0000267000,073777,088592,088477,068743,089466,090480
0000000269,0000268000,074173,085906,090767,069367,086345,092976
0000000270,0000269000,075434,083022,092390,070961,083047,094681
0000000271,0000270000,077439,080216,093191,073371,079890,095428
0000000272,0000271000,079996,077752,093098,076361,077182,095146
0000000273,0000272000,082846,075884,092116,079635,075190,093864
0000000274,0000273000,085707,074796,090342,082873,074111,091705
0000000275,0000274000,088316,074588,087942,085764,074047,088878
0000000276,0000275000,090408,075279,085159,088020,075005,085664
0000000277,0000276000,091772,076804,082271,089420,076890,082379
0000000278,0000277000,092280,079019,079547,089828,079521,079340
0000000279,0000278000,091887,081704,077255,089206,082639,076844
0000000280,0000279000,090628,084588,075630,087615,085935,075139
0000000281,0000280000,088623,087397,074826,085208,089091,074391
0000000282,0000281000,086066,089863,074917,082220,091798,074671
0000000283,0000282000,083217,091732,075897,078949,093790,075951
0000000284,0000283000,080352,092824,077670,075713,094870,078107
0000000285,0000284000,077742,093035,080070,072824,094935,080931
0000000286,0000285000,075648,092345,082853,070568,093980,084142
0000000287,0000286000,074281,090822,085743,069168,092097,087424
0000000288,0000287000,073769,088608,088468,068758,089469,090462
0000000289,0000288000,074161,085921,090763,069378,086354,092957
0000000290,0000289000,075418,083036,092392,070966,083061,094662
0000000291,0000290000,077422,080226,093198,073370,079907,095412
0000000292,0000291000,079980,077758,093109,076355,077201,095134
0000000293,0000292000,082830,075884,092131,079623,075210,093857
0000000294,0000293000,085695,074792,090359,082857,074129,091703
0000000295,0000294000,088309,074578,087960,085745,074061,088883
0000000296,0000295000,090406,075265,085175,088000,075014,085675
0000000297,0000296000,091775,076787,082284,089401,076893,082395
0000000298,0000297000,092289,079000,079556,089812,079518,079359
0000000299,0000298000,091900,081687,077259,089195,082630,076864
0000000300,0000299000,090644,084573,075628,087609,085921,075159
0000000301,0000300000,088641,087386,074818,085209,089072,074408
0000000302,0000301000,086084,089856,074905,082228,091778,074684
0000000303,0000302000,083232,091732,075881,078962,093769,075958
0000000304,0000303000,080365,092829,077652,075730,094851,078108
0000000305,0000304000,077750,093045,080051,072844,094920,080925
0000000306,0000305000,075650,092360,082836,070589,093970,084130
0000000307,0000306000,074277,090840,085729,069187,092094,087408
0000000308,0000307000,073760,088627,088459,068774,089472,090442
0000000309,0000308000,074147,085940,090759,069389,086364,092936
0000000310,0000309000,075401,083052,092393,070972,083076,094642
0000000311,0000310000,077403,080238,093206,073369,079927,095394
0000000312,0000311000,079961,077764,093122,076347,077222,095121
0000000313,0000312000,082813,075885,092148,079609,075231,093849
0000000314,0000313000,085682,074786,090378,082839,074148,091702
0000000315,0000314000,088300,074566,087979,085723,074077,088889
0000000316,0000315000,090403,075249,085194,087978,075024,085687
0000000317,0000316000,091779,076768,082299,089380,076897,082412
0000000318,0000317000,092299,078980,079567,089795,079515,079380
0000000319,0000318000,091915,081667,077264,089183,082620,076887
0000000320,0000319000,090663,084557,075626,087604,085905,075181
0000000321,0000320000,088662,087373,074811,085210,089052,074427
0000000322,0000321000,086105,089849,074892,082236,091755,074698
0000000323,0000322000,083250,091732,075863,078976,093746,075966
0000000324,0000323000,080379,092835,077632,075750,094830,078109
0000000325,0000324000,077759,093057,080030,072866,094904,080919
0000000326,0000325000,075652,092377,082817,070612,093960,084117
0000000327,0000326000,074273,090860,085712,069209,092090,087389
0000000328,0000327000,073750,088648,088447,068793,089476,090420
0000000329,0000328000,074131,085961,090754,069402,086375,092912
0000000330,0000329000,075381,083070,092395,070978,083093,094619
0000000331,0000330000,077381,080251,093214,073367,079948,095374
0000000332,0000331000,079939,077772,093136,076338,077246,095105
0000000333,0000332000,082793,075886,092167,079594,075255,093840
0000000334,0000333000,085667,074779,090400,082818,074170,091701
0000000335,0000334000,088290,074553,088002,085700,074094,088895
0000000336,0000335000,090400,075231,085214,087953,075035,085701
0000000337,0000336000,091783,076747,082317,089357,076901,082432
0000000338,0000337000,092310,078957,079579,089776,079511,079403
0000000339,0000338000,091931,081645,077269,089169,082608,076912
0000000340,0000339000,090684,084538,075624,087597,085887,075205
0000000341,0000340000,088685,087359,074802,085212,089029,074449
0000000342,0000341000,086127,089841,074877,082245,091730,074714
0000000343,0000342000,083271,091732,075843,078993,093721,075975
0000000344,0000343000,080396,092841,077609,075772,094807,078110
0000000345,0000344000,077770,093070,080006,072892,094886,080912
0000000346,0000345000,075656,092396,082795,070638,093948,084103
0000000347,0000346000,074269,090883,085694,069234,092087,087369
0000000348,0000347000,073739,088672,088434,068813,089481,090395
0000000349,0000348000,074114,085984,090748,069416,086387,092886
0000000350,0000349000,075359,083090,092397,070984,083112,094593
0000000351,0000350000,077357,080266,093223,073366,079972,095351
0000000352,0000351000,079915,077780,093151,076328,077273,095089
0000000353,0000352000,082772,075887,092188,079577,075282,093831
0000000354,0000353000,085650,074772,090424,082795,074194,091700
0000000355,0000354000,088279,074540,088027,085673,074113,088903
0000000356,0000355000,090396,075212,085238,087926,075047,085716
0000000357,0000356000,091787,076723,082336,089331,076904,082454
0000000358,0000357000,092322,078932,079593,089754,079506,079429
0000000359,0000358000,091949,081621,077276,089154,082595,076940
0000000360,0000359000,090707,084516,075623,087590,085867,075232
0000000361,0000360000,088711,087343,074792,085214,089004,074472
0000000362,0000361000,086153,089833,074861,082256,091702,074732
0000000363,0000362000,083294,091731,075821,079011,093693,075985
0000000364,0000363000,080414,092848,077583,075796,094782,078112
0000000365,0000364000,077781,093085,079980,072920,094865,080904
0000000366,0000365000,075659,092417,082770,070667,093935,084087
0000000367,0000366000,074265,090908,085674,069261,092083,087346
0000000368,0000367000,073726,088699,088420,068836,089486,090368
0000000369,0000368000,074095,086010,090741,069432,086401,092856
0000000370,0000369000,075335,083113,092398,070992,083133,094564
0000000371,0000370000,077330,080283,093233,073364,079999,095327
0000000372,0000371000,079888,077790,093169,076317,077303,095070
0000000373,0000372000,082748,075888,092211,079557,075311,093821
0000000374,0000373000,085630,074765,090451,082769,074221,091699
0000000375,0000374000,088267,074525,088054,085644,074134,088911
0000000376,0000375000,090392,075190,085263,087896,075061,085733
0000000377,0000376000,091792,076696,082358,089303,076909,082478
0000000378,0000377000,092334,078904,079608,089731,079501,079458
0000000379,0000378000,091969,081594,077283,089138,082581,076970
0000000380,0000379000,090732,084493,075621,087583,085845,075262
0000000381,0000380000,088739,087325,074782,085216,088976,074498
0000000382,0000381000,086181,089822,074842,082268,091671,074751
0000000383,0000382000,083320,091729,075797,079031,093662,075996
0000000384,0000383000,080435,092856,077555,075822,094754,078113
0000000385,0000384000,077794,093101,079951,072950,094844,080896
0000000386,0000385000,075664,092439,082743,070699,093922,084069
0000000387,0000386000,074260,090935,085651,069290,092078,087321
0000000388,0000387000,073713,088729,088404,068860,089492,090338
0000000389,0000388000,074074,086038,090733,069449,086416,092824
0000000390,0000389000,075309,083137,092400,070999,083156,094534
0000000391,0000390000,077300,080302,093244,073361,080028,095300
0000000392,0000391000,079858,077801,093187,076304,077335,095050
0000000393,0000392000,082721,075889,092236,079536,075343,093810
0000000394,0000393000,085609,074757,090480,082741,074250,091698
0000000395,0000394000,088253,074508,088085,085612,074157,088920
0000000396,0000395000,090388,075166,085292,087863,075075,085752
0000000397,0000396000,091797,076668,082382,089272,076913,082504
0000000398,0000397000,092348,078873,079625,089705,079495,079490
0000000399,0000398000,091991,081564,077291,089120,082565,077004
0000000400,0000399000,090760,084466,075619,087575,085820,075294
0000000401,0000400000,088770,087305,074771,085218,088945,074526
0000000402,0000401000,081073,091326,076340,079615,092170,075308
0000000403,0000402000,082408,089757,073808,079059,093661,076041
0000000404,0000403000,086327,094864,079557,073927,095402,078795
0000000405,0000404000,081039,091144,077989,073629,094008,080077
0000000406,0000405000,082064,090141,080420,073918,093725,083877
0000000407,0000406000,085080,091496,086148,075818,090579,085800
0000000408,0000407000,080874,085048,084592,076988,087712,088491
0000000409,0000408000,081803,087219,091752,082702,083811,090108
0000000410,0000409000,084518,081655,090705,086118,079916,091173
0000000411,0000410000,080519,080218,093032,088868,076783,091947
0000000412,0000411000,082444,077377,092600,095340,073443,091058
0000000413,0000412000,084105,076970,092982,096170,072184,090586
0000000414,0000413000,081280,076416,091811,099107,070399,087827
0000000415,0000414000,083096,075615,088941,099998,071572,086311
0000000416,0000415000,084086,078492,088360,099098,072691,083321
0000000417,0000416000,082377,076614,082206,096552,075356,080873
0000000418,0000417000,083493,082134,083040,094276,079032,078910
0000000419,0000418000,084551,082441,078472,090070,082282,076578
0000000420,0000419000,082666,086023,077582,084260,086816,076149
0000000421,0000420000,083744,088235,076260,081766,089881,075321
0000000422,0000421000,084343,088861,074475,075472,093402,076389
0000000423,0000422000,082563,092089,076718,072821,094996,077246
0000000424,0000423000,083582,090866,076137,070751,096218,079501
0000000425,0000424000,083418,093001,080311,068696,095884,081863
0000000426,0000425000,082390,090037,080560,069497,094242,084344
0000000427,0000426000,082746,089644,084404,070982,092198,087431
0000000428,0000427000,082999,087014,086518,073894,088331,089176
0000000429,0000428000,081931,084771,089009,076961,085173,091595
0000000430,0000429000,082387,083136,091808,082340,080886,092313
0000000431,0000430000,082857,079373,091687,085392,077640,092990
0000000432,0000431000,081872,079033,093666,089984,074597,092420
0000000433,0000432000,082824,075711,091211,093532,072526,091140
0000000434,0000433000,082950,077064,092024,094824,071841,089455
0000000435,0000434000,082568,076059,088994,096746,071831,086728
0000000436,0000435000,083250,077186,086827,095591,073784,084540
0000000437,0000436000,083546,079167,084712,094223,075879,081470
0000000438,0000437000,083189,079850,080810,090940,079606,079507
0000000439,0000438000,083639,083701,079926,087446,083194,077459
0000000440,0000439000,083947,084921,076826,082697,087156,076395
0000000441,0000440000,083218,088259,076691,078228,090892,076177
0000000442,0000441000,083807,089090,075149,074387,093640,076432
0000000443,0000442000,083579,091168,076276,070214,096031,078053
0000000444,0000443000,082986,091393,077090,068533,096631,079670
0000000445,0000444000,083324,091210,078846,066717,096709,082459
0000000446,0000445000,082920,091303,082066,067294,094986,084897
0000000447,0000446000,082560,088326,083174,068651,092625,087726
0000000448,0000447000,082654,087819,087247,071417,089313,090109
0000000449,0000448000,082557,084340,088385,075220,085424,091889
0000000450,0000449000,082144,082689,091051,079080,081764,093319
0000000451,0000450000,082576,080287,092174,083943,077871,093429
0000000452,0000451000,082477,078182,092349,087428,075178,093275
0000000453,0000452000,082384,077245,092318,091267,072833,091760
0000000454,0000453000,082952,075979,090537,093349,072082,090016
0000000455,0000454000,082826,076969,089563,094537,072271,087479
0000000456,0000455000,083087,076865,086312,094342,073716,084744
0000000457,0000456000,083381,079250,084746,092598,076379,082170
0000000458,0000457000,083461,080390,081391,090058,079519,079534
0000000459,0000458000,083516,082942,079342,085954,083585,077868
0000000460,0000459000,083723,085496,077715,082135,087288,076431
0000000461,0000460000,083645,087136,075930,077239,091145,076225
0000000462,0000461000,083492,089831,076292,073346,094054,076560
0000000463,0000462000,083598,090221,075780,069800,096222,077892
0000000464,0000463000,083227,091550,077649,067114,097259,079908
0000000465,0000464000,083144,090940,078881,066128,096911,082283
0000000466,0000465000,082963,090512,081508,065920,095646,085229
0000000467,0000466000,082715,088993,083947,067612,092930,087780
0000000468,0000467000,082594,086918,086278,070009,089799,090461
0000000469,0000468000,082462,085076,088946,073841,085827,092291
0000000470,0000469000,082437,082138,090220,077805,081959,093644
0000000471,0000470000,082342,080685,092165,082271,078270,094083
0000000472,0000471000,082522,078202,091921,086452,075134,093597
0000000473,0000472000,082538,077420,092069,089685,073091,092452
0000000474,0000473000,082720,076512,090654,092520,071925,090324
0000000475,0000474000,082939,076582,088828,093472,072301,087971
0000000476,0000475000,083077,077685,086929,093649,073590,085026
0000000477,0000476000,083306,078606,084013,092108,076223,082326
0000000478,0000477000,083432,081024,082050,089525,079523,079727
0000000479,0000478000,083607,082669,079251,085960,083374,077701
0000000480,0000479000,083588,085345,077867,081690,087434,076459
0000000481,0000480000,083684,087208,076370,077432,091061,075875
0000000482,0000481000,083582,089191,076092,073044,094311,076427
0000000483,0000482000,083452,090450,076482,069722,096380,077566
0000000484,0000483000,083378,090837,077356,066888,097556,079675
0000000485,0000484000,083114,091145,079439,065635,097303,082156
0000000486,0000485000,082975,089885,081148,065520,095915,085036
0000000487,0000486000,082768,089020,084093,066745,093430,087923
0000000488,0000487000,082619,086817,086137,069379,090010,090466
0000000489,0000488000,082468,084865,088572,072688,086220,092653
0000000490,0000489000,082442,082577,090359,076989,082086,093914
0000000491,0000490000,082408,080330,091383,081174,078410,094539
0000000492,0000491000,082435,078826,092073,085472,075150,094073
0000000493,0000492000,082608,077265,091433,088966,072947,092865
0000000494,0000493000,082669,077001,090667,091636,071831,090835
0000000495,0000494000,082911,076759,088615,093141,071947,088219
0000000496,0000495000,083079,077774,086762,093180,073408,085378
0000000497,0000496000,083255,078940,084208,092110,075837,082355
0000000498,0000497000,083437,080797,081835,089511,079303,079766
0000000499,0000498000,083548,083006,079778,086224,083136,077529
0000000500,0000499000,083629,084930,077763,082013,087269,076156
0000000501,0000500000,083624,087336,076909,077710,091074,075561
0000000502,0000501000,083617,088754,076166,073515,094297,075924
0000000503,0000502000,083467,090220,076782,069801,096635,077211
0000000504,0000503000,083368,090659,077664,067165,097736,079189
0000000505,0000504000,083175,090647,079374,065467,097692,081887
0000000506,0000505000,082976,089930,081515,065321,096244,084775
0000000507,0000506000,082821,088513,083733,066309,093806,087841
0000000508,0000507000,082621,086955,086267,068706,090372,090554
0000000509,0000508000,082527,084649,088194,072012,086439,092806
0000000510,0000509000,082426,082734,090176,076039,082332,094315
0000000511,0000510000,082428,080493,091075,080419,078401,094898
0000000512,0000511000,082452,078932,091648,084538,075155,094623
0000000513,0000512000,082556,077691,091285,088335,072728,093315
0000000514,0000513000,082697,077069,090172,091037,071573,091313
0000000515,0000514000,082853,077291,088685,092788,071595,088597
0000000516,0000515000,083064,077795,086447,093108,072975,085598
0000000517,0000516000,083220,079283,084358,092131,075470,082501
0000000518,0000517000,083413,080834,081873,089929,078861,079647
0000000519,0000518000,083518,082966,079928,086608,082875,077361
0000000520,0000519000,083611,084986,078157,082692,087001,075739
0000000521,0000520000,083632,086991,077046,078298,091003,075115
0000000522,0000521000,083587,088688,076693,074142,094312,075366
0000000523,0000522000,083517,089732,076910,070333,096777,076637
0000000524,0000523000,083360,090470,078067,067470,098026,078693
0000000525,0000524000,083214,090221,079479,065683,097994,081406
0000000526,0000525000,083014,089672,081647,065159,096687,084511
0000000527,0000526000,082841,088326,083750,066065,094164,087644
0000000528,0000527000,082669,086700,086037,068105,090776,090613
0000000529,0000528000,082540,084752,088123,071342,086718,092981
0000000530,0000529000,082461,082631,089692,075204,082528,094667
0000000531,0000530000,082421,080820,090876,079528,078477,095380
0000000532,0000531000,082470,079066,091158,083758,075054,095135
0000000533,0000532000,082531,078061,090967,087548,072555,093905
0000000534,0000533000,082679,077422,089861,090563,071205,091791
0000000535,0000534000,082832,077566,088398,092415,071209,089057
0000000536,0000535000,083013,078203,086424,093090,072473,085858
0000000537,0000536000,083203,079404,084227,092317,074991,082632
0000000538,0000537000,083359,081098,082115,090377,078402,079580
0000000539,0000538000,083503,082884,080035,087278,082473,077088
0000000540,0000539000,083580,084997,078546,083436,086748,075342
0000000541,0000540000,083625,086761,077383,079192,090827,074532
0000000542,0000541000,083589,088392,077086,074902,094345,074763
0000000543,0000542000,083522,089444,077348,071093,096896,075955
0000000544,0000543000,083394,089983,078300,067967,098314,078094
0000000545,0000544000,083232,089938,079840,065989,098358,080877
0000000546,0000545000,083064,089217,081669,065197,097115,084127
0000000547,0000546000,082869,088136,083836,065787,094626,087459
0000000548,0000547000,082716,086466,085864,067635,091172,090588
0000000549,0000548000,082570,084701,087883,070577,087088,093201
0000000550,0000549000,082484,082724,089361,074374,082734,095014
0000000551,0000550000,082443,080950,090405,078561,078589,095912
0000000552,0000551000,082459,079435,090789,082869,074983,095720
0000000553,0000552000,082534,078350,090441,086742,072347,094532
0000000554,0000553000,082645,077916,089567,089944,070866,092387
0000000555,0000554000,082807,077907,088050,092081,070744,089533
0000000556,0000555000,082971,078618,086298,092985,071973,086220
0000000557,0000556000,083161,079699,084203,092586,074427,082768
0000000558,0000557000,083321,081252,082210,090856,077905,079547
0000000559,0000558000,083462,083006,080345,088054,082016,076813
0000000560,0000559000,083560,084853,078835,084344,086426,074901
0000000561,0000560000,083599,086621,077900,080191,090641,073934
0000000562,0000561000,083597,088008,077503,075903,094310,074060
0000000563,0000562000,083524,089083,077852,071950,097039,075242
0000000564,0000563000,083421,089505,078688,068682,098569,077386
0000000565,0000564000,083267,089469,080143,066389,098763,080300
0000000566,0000565000,083100,088830,081867,065348,097563,083671
0000000567,0000566000,082922,087750,083813,065575,095127,087223
0000000568,0000567000,082753,086298,085796,067148,091637,090554
0000000569,0000568000,082616,084558,087541,069827,087484,093388
0000000570,0000569000,082509,082839,089007,073421,083026,095411
0000000571,0000570000,082465,081124,089889,077547,078717,096448
0000000572,0000571000,082462,079784,090267,081813,074976,096386
0000000573,0000572000,082523,078801,089935,085841,072149,095209
0000000574,0000573000,082625,078368,089084,089197,070544,093057
0000000575,0000574000,082766,078443,087746,091635,070282,090087
0000000576,0000575000,082935,079025,086041,092846,071437,086628
0000000577,0000576000,083106,080106,084208,092784,073857,082980
0000000578,0000577000,083278,081457,082306,091399,077340,079522
0000000579,0000578000,083417,083123,080650,088849,081536,076579
0000000580,0000579000,083526,084780,079253,085385,086034,074437
0000000581,0000580000,083580,086376,078408,081309,090418,073322
0000000582,0000581000,083586,087672,078096,077063,094233,073316
0000000583,0000582000,083538,088573,078368,072988,097143,074467
0000000584,0000583000,083439,089009,079225,069531,098824,076632
0000000585,0000584000,083309,088890,080485,066965,099145,079638
0000000586,0000585000,083142,088357,082115,065570,098046,083178
0000000587,0000586000,082975,087327,083854,065466,095638,086917
0000000588,0000587000,082804,086015,085659,066656,092160,090497
0000000589,0000588000,082660,084461,087243,069059,087929,093550
0000000590,0000589000,082550,082872,088523,072397,083377,095807
0000000591,0000590000,082485,081386,089355,076402,078918,097014
0000000592,0000591000,082475,080142,089612,080641,075014,097075
0000000593,0000592000,082512,079333,089349,084752,072020,095957
0000000594,0000593000,082604,078917,088524,088324,070243,093774
0000000595,0000594000,082728,079036,087328,091024,069859,090725
0000000596,0000595000,082887,079573,085785,092612,070898,087097
0000000597,0000596000,083054,080531,084125,092905,073278,083257
0000000598,0000597000,083221,081785,082462,091913,076750,079553
0000000599,0000598000,083370,083229,080943,089689,081004,076373
0000000600,0000599000,083482,084744,079767,086483,085603,074004
0000000601,0000600000,083555,086106,078995,082574,090121,072694
0000000602,0000601000,083573,087269,078770,078353,094111,072568
0000000603,0000602000,083544,088026,079028,074218,097181,073645
0000000604,0000603000,083463,088379,079811,070545,099043,075837
0000000605,0000604000,083344,088268,080960,067706,099498,078920
0000000606,0000605000,083195,087743,082381,065934,098516,082621
0000000607,0000606000,083029,086853,083960,065435,096169,086563
0000000608,0000607000,082865,085653,085502,066228,092703,090379
0000000609,0000608000,082713,084323,086912,068258,088435,093688
0000000610,0000609000,082597,082913,087994,071324,083783,096171
0000000611,0000610000,082517,081640,088699,075127,079203,097584
0000000612,0000611000,082489,080593,088893,079321,075128,097777
0000000613,0000612000,082511,079898,088613,083484,071969,096739
0000000614,0000613000,082580,079599,087893,087253,070018,094545
0000000615,0000614000,082692,079709,086796,090247,069483,091417
0000000616,0000615000,082833,080231,085474,092206,070404,087644
0000000617,0000616000,082996,081055,084013,092929,072702,083595
0000000618,0000617000,083158,082167,082596,092351,076157,079660
0000000619,0000618000,083310,083408,081303,090532,080430,076219
0000000620,0000619000,083432,084686,080316,087631,085117,073617
0000000621,0000620000,083517,085850,079708,083946,089753,072096
0000000622,0000621000,083556,086787,079533,079806,093901,071823
0000000623,0000622000,083543,087413,079825,075622,097143,072819
0000000624,0000623000,083485,087647,080506,071773,099176,075003
0000000625,0000624000,083381,087530,081526,068627,099795,078163
0000000626,0000625000,083248,087038,082741,066481,098937,082000
0000000627,0000626000,083092,086256,084081,065530,096688,086147
0000000628,0000627000,082931,085242,085377,065880,093256,090195
0000000629,0000628000,082779,084108,086523,067480,088980,093763
0000000630,0000629000,082650,082958,087413,070198,084262,096489
0000000631,0000630000,082560,081908,087932,073756,079571,098115
0000000632,0000631000,082511,081097,088056,077830,075354,098472
0000000633,0000632000,082513,080557,087761,082029,072023,097521
0000000634,0000633000,082561,080371,087122,085957,069904,095349
0000000635,0000634000,082653,080519,086181,089255,069199,092156
0000000636,0000635000,082780,080983,085064,091600,069982,088256
0000000637,0000636000,082929,081706,083875,092787,072173,084013
0000000638,0000637000,083088,082620,082710,092687,075570,079846
0000000639,0000638000,083240,083647,081705,091321,079837,076154
0000000640,0000639000,083372,084651,080942,088812,084568,073301
0000000641,0000640000,083470,085565,080515,085401,089303,071564
0000000642,0000641000,083528,086263,080439,081415,093579,071117
0000000643,0000642000,083538,086695,080739,077222,096986,072013
0000000644,0000643000,083501,086823,081347,073225,099189,074164
0000000645,0000644000,083420,086654,082192,069787,099980,077373
0000000646,0000645000,083302,086217,083198,067240,099276,081329
0000000647,0000646000,083160,085546,084247,065816,097148,085655
0000000648,0000647000,083005,084737,085256,065654,093797,089932
0000000649,0000648000,082853,083841,086109,066771,089547,093745
0000000650,0000649000,082717,082970,086741,069056,084810,096723
0000000651,0000650000,082612,082211,087069,072299,080043,098570
0000000652,0000651000,082545,081645,087075,076185,075710,099108
0000000653,0000652000,082523,081320,086776,080358,072229,098274
0000000654,0000653000,082548,081255,086205,084418,069941,096147
0000000655,0000654000,082616,081458,085445,087994,069061,092927
0000000656,0000655000,082724,081871,084566,090747,069678,088921
0000000657,0000656000,082858,082471,083671,092420,071732,084516
0000000658,0000657000,083009,083184,082826,092857,075024,080133
0000000659,0000658000,083160,083939,082132,092012,079238,076203
0000000660,0000659000,083299,084653,081655,089973,083964,073101
0000000661,0000660000,083412,085254,081431,086925,088748,071138
0000000662,0000661000,083488,085682,081491,083162,093120,070505
0000000663,0000662000,083523,085884,081804,079034,096663,071268
0000000664,0000663000,083511,085874,082332,074927,099032,073358
0000000665,0000664000,083455,085649,082998,071226,099998,076576
0000000666,0000665000,083359,085248,083745,068272,099472,080617
0000000667,0000666000,083233,084717,084485,066346,097502,085088
0000000668,0000667000,083088,084117,085144,065625,094281,089563
0000000669,0000668000,082938,083507,085666,066181,090116,093605
0000000670,0000669000,082797,082952,085988,067956,085416,096822
0000000671,0000670000,082677,082527,086085,070787,080632,098898
0000000672,0000671000,082590,082256,085953,074404,076228,099630
0000000673,0000672000,082544,082173,085626,078470,072633,098942
0000000674,0000673000,082542,082273,085139,082608,070189,096896
0000000675,0000674000,082584,082532,084563,086428,069132,093690
0000000676,0000675000,082668,082913,083964,089581,069560,089627
0000000677,0000676000,082784,083371,083395,091767,071434,085099
0000000678,0000677000,082922,083859,082924,092785,074568,080543
0000000679,0000678000,083070,084311,082594,092539,078660,076399
0000000680,0000679000,083213,084686,082444,091053,083314,073070
0000000681,0000680000,083339,084936,082476,088469,088077,070881
0000000682,0000681000,083436,085036,082687,085026,092488,070048
0000000683,0000682000,083495,084982,083039,081050,096122,070651
0000000684,0000683000,083511,084791,083478,076906,098632,072637
0000000685,0000684000,083483,084496,083955,072983,099775,075816
0000000686,0000685000,083414,084127,084409,069643,099448,079883
0000000687,0000686000,083309,083744,084793,067197,097682,084447
0000000688,0000687000,083178,083381,085059,065874,094650,089068
0000000689,0000688000,083034,083088,085188,065795,090649,093300
0000000690,0000689000,082889,082902,085157,066969,086065,096729
0000000691,0000690000,082758,082848,084975,069282,081346,099024
0000000692,0000691000,082651,082927,084679,072520,076945,099961
0000000693,0000692000,082579,083126,084303,076381,073288,099447
0000000694,0000693000,082547,083420,083904,080507,070723,097531
0000000695,0000694000,082560,083761,083531,084517,069493,094395
0000000696,0000695000,082615,084109,083235,088037,069714,090341
0000000697,0000696000,082707,084422,083046,090743,071359,085758
0000000698,0000697000,082829,084654,082993,092382,074267,081091
0000000699,0000698000,082969,084773,083087,092803,078152,076789
0000000700,0000699000,083113,084759,083312,091968,082636,073269
0000000701,0000700000,083250,084611,083645,089958,087283,070874
0000000702,0000701000,083366,084337,084041,086958,091644,069834
0000000703,0000702000,083451,083980,084445,083247,095303,070249
0000000704,0000703000,083499,083581,084801,079169,097909,072080
0000000705,0000704000,083503,083187,085067,075099,099217,075153
0000000706,0000705000,083464,082851,085203,071416,099106,079169
0000000707,0000706000,083385,082617,085182,068458,097592,083742
0000000708,0000707000,083274,082520,085007,066500,094828,088431
0000000709,0000708000,083140,082579,084685,065723,091085,092782
0000000710,0000709000,082996,082805,084248,066197,086731,096372
0000000711,0000710000,082856,083173,083748,067875,082188,098857
0000000712,0000711000,082730,083647,083250,070603,077894,099998
0000000713,0000712000,082632,084174,082811,074128,074260,099685
0000000714,0000713000,082569,084693,082492,078126,071629,097952
0000000715,0000714000,082547,085141,082340,082229,070250,094964
0000000716,0000715000,082569,085465,082376,086058,070248,091010
0000000717,0000716000,082633,085622,082610,089259,071615,086473
0000000718,0000717000,082732,085577,083029,091538,074212,081792
0000000719,0000718000,082858,085325,083596,092685,077780,077420
0000000720,0000719000,082999,084882,084252,092597,081968,073778
0000000721,0000720000,083143,084285,084927,091283,086368,071217
0000000722,0000721000,083277,083597,085541,088867,090557,069980
0000000723,0000722000,083389,082892,086015,085569,094137,070182
0000000724,0000723000,083468,082250,086294,081692,096768,071801
0000000725,0000724000,083508,081737,086336,077592,098207,074680
0000000726,0000725000,083504,081422,086123,073647,098323,078539
0000000727,0000726000,083457,081348,085662,070219,097114,083004
0000000728,0000727000,083371,081536,084991,067624,094707,087642
0000000729,0000728000,083254,081984,084169,066100,091346,092002
0000000730,0000729000,083117,082657,083278,065783,087364,095666
0000000731,0000730000,082971,083492,082420,066701,083148,098284
0000000732,0000731000,082830,084401,081688,068769,079103,099609
0000000733,0000732000,082706,085294,081168,071796,075614,099520
0000000734,0000733000,082610,086072,080925,075509,073006,098030
0000000735,0000734000,082552,086649,081000,079566,071522,095287
0000000736,0000735000,082536,086959,081395,083596,071294,091555
0000000737,0000736000,082565,086953,082088,087229,072331,087202
0000000738,0000737000,082636,086613,083024,090131,074520,082649
0000000739,0000738000,082742,085961,084111,092038,077637,078338
0000000740,0000739000,082874,085055,085240,092778,081369,074684
0000000741,0000740000,083020,083975,086292,092286,085352,072032
0000000742,0000741000,083167,082835,087150,090609,089204,070629
0000000743,0000742000,083303,081751,087716,087899,092562,070602
0000000744,0000743000,083414,080832,087924,084402,095113,071946
0000000745,0000744000,083492,080181,087737,080436,096623,074525
0000000746,0000745000,083527,079877,087154,076363,096960,078088
0000000747,0000746000,083518,079966,086221,072557,096105,082285
0000000748,0000747000,083464,080455,085017,069366,094158,086704
0000000749,0000748000,083371,081313,083657,067081,091323,090918
0000000750,0000749000,083246,082462,082281,065906,087888,094523
0000000751,0000750000,083102,083787,081033,065945,084190,097178
0000000752,0000751000,082950,085161,080045,067194,080581,098642
0000000753,0000752000,082803,086445,079426,069538,077401,098785
0000000754,0000753000,082676,087507,079252,072767,074944,097602
0000000755,0000754000,082580,088233,079554,076588,073431,095216
0000000756,0000755000,082524,088536,080323,080655,072993,091863
0000000757,0000756000,082513,088366,081500,084596,073654,087874
0000000758,0000757000,082548,087721,082977,088050,075332,083641
0000000759,0000758000,082627,086657,084611,090704,077843,079576
0000000760,0000759000,082742,085270,086234,092321,080929,076068
0000000761,0000760000,082883,083696,087681,092757,084287,073442
0000000762,0000761000,083038,082088,088800,091976,087594,071937
0000000763,0000762000,083193,080607,089471,090047,090544,071682
0000000764,0000763000,083334,079399,089617,087145,092865,072688
0000000765,0000764000,083449,078594,089203,083529,094353,074850
0000000766,0000765000,083527,078293,088248,079526,094880,077947
0000000767,0000766000,083559,078543,086830,075501,094418,081672
0000000768,0000767000,083544,079337,085082,071821,093035,085657
0000000769,0000768000,083481,080607,083175,068820,090888,089512
0000000770,0000769000,083378,082230,081307,066765,088201,092872
0000000771,0000770000,083243,084045,079666,065838,085244,095426
0000000772,0000771000,083087,085882,078417,066120,082297,096946
0000000773,0000772000,082925,087561,077690,067584,079634,097306
0000000774,0000773000,082771,088910,077573,070101,077494,096487
0000000775,0000774000,082638,089792,078095,073448,076066,094581
0000000776,0000775000,082540,090095,079229,077322,075463,091786
0000000777,0000776000,082485,089765,080884,081372,075720,088384
0000000778,0000777000,082480,088824,082897,085231,076786,084713
0000000779,0000778000,082524,087358,085064,088549,078530,081131
0000000780,0000779000,082613,085510,087169,091030,080763,077978
0000000781,0000780000,082740,083462,088996,092455,083261,075543
0000000782,0000781000,082894,081409,090370,092699,085784,074038
0000000783,0000782000,083060,079544,091150,091744,088102,073584
0000000784,0000783000,083225,078056,091243,089671,090008,074206
0000000785,0000784000,083374,077103,090618,086665,091340,075825
0000000786,0000785000,083493,076799,089312,082992,091997,078270
0000000787,0000786000,083570,077202,087435,078985,091943,081288
0000000788,0000787000,083598,078283,085172,075007,091214,084577
0000000789,0000788000,083574,079934,082758,071418,089909,087815
0000000790,0000789000,083500,081990,080435,068538,088178,090696
0000000791,0000790000,083384,084251,078434,066620,086198,092961
0000000792,0000791000,083235,086506,076945,065832,084161,094415
0000000793,0000792000,083067,088542,076115,066242,082249,094945
0000000794,0000793000,082893,090155,076046,067814,080630,094525
0000000795,0000794000,082730,091173,076767,070412,079434,093218
0000000796,0000795000,082592,091476,078231,073806,078747,091170
0000000797,0000796000,082494,091003,080313,077692,078602,088596
0000000798,0000797000,082443,089795,082802,081718,078981,085759
0000000799,0000798000,082446,087980,085436,085521,079815,082937
0000000800,0000799000,082501,085737,087953,088761,080999,080394
0000000801,0000800000,082604,083288,090108,091155,082406,078355
0000000802,0000801000,082745,080858,091697,092492,083899,076992
0000000803,0000802000,082912,078672,092570,092658,085345,076406
0000000804,0000803000,083091,076950,092617,091637,086624,076622
0000000805,0000804000,083266,075878,091809,089516,087640,077596
0000000806,0000805000,083421,075581,090205,086481,088327,079206
0000000807,0000806000,083540,076114,087945,082801,088658,081276
0000000808,0000807000,083613,077433,085261,078808,088636,083593
0000000809,0000808000,083632,079390,082441,074863,088295,085929
0000000810,0000809000,083597,081787,079763,071318,087695,088066
0000000811,0000810000,083511,084394,077478,068482,086908,089820
0000000812,0000811000,083380,086968,075809,066604,086013,091048
0000000813,0000812000,083218,089274,074907,065847,085087,091664
0000000814,0000813000,083037,091081,074880,066277,084200,091643
0000000815,0000814000,082854,092191,075765,067859,083408,091020
0000000816,0000815000,082685,092476,077488,070456,082752,089883
0000000817,0000816000,082546,091893,079888,073842,082253,088368
0000000818,0000817000,082452,090481,082729,077712,081920,086634
0000000819,0000818000,082410,088412,085693,081716,081754,084851
0000000820,0000819000,082424,085905,088487,085497,081744,083185
0000000821,0000820000,082492,083176,090868,088725,081874,081774
0000000822,0000821000,082608,080492,092600,091118,082128,080726
0000000823,0000822000,082762,078109,093510,092468,082487,080110
0000000824,0000823000,082941,076246,093514,092658,082934,079947
0000000825,0000824000,083128,075112,092574,091669,083458,080212
0000000826,0000825000,083308,074850,090754,089584,084049,080848
0000000827,0000826000,083463,075480,088252,086583,084691,081768
0000000828,0000827000,083578,076948,085311,082933,085366,082865
0000000829,0000828000,083642,079099,082249,078963,086039,084035
0000000830,0000829000,083651,081680,079381,075032,086671,085169
0000000831,0000830000,083604,084474,076952,071477,087221,086180
0000000832,0000831000,083504,087225,075188,068613,087640,086999
0000000833,0000832000,083363,089647,074277,066686,087885,087583
0000000834,0000833000,083190,091525,074309,065864,087918,087912
0000000835,0000834000,083002,092653,075293,066221,087699,088002
0000000836,0000835000,082815,092894,077171,067728,087211,087882
0000000837,0000836000,082648,092224,079731,070259,086455,087589
0000000838,0000837000,082514,090718,082722,073589,085460,087170
0000000839,0000838000,082429,088538,085815,077423,084293,086661
0000000840,0000839000,082398,085931,088696,081409,083042,086111
0000000841,0000840000,082422,083120,091139,085208,081804,085550
0000000842,0000841000,082502,080354,092895,088483,080697,085002
0000000843,0000842000,082628,077948,093781,090951,079824,084488
0000000844,0000843000,082790,076093,093712,092400,079282,084017
0000000845,0000844000,082973,074993,092701,092699,079162,083583
0000000846,0000845000,083162,074789,090801,091825,079513,083184
0000000847,0000846000,083339,075486,088229,089843,080347,082837
0000000848,0000847000,083487,076998,085261,086930,081627,082553
0000000849,0000848000,083593,079164,082194,083340,083262,082364
0000000850,0000849000,083646,081753,079350,079403,085112,082290
0000000851,0000850000,083645,084519,076957,075458,087023,082359
0000000852,0000851000,083588,087233,075251,071851,088819,082592
0000000853,0000852000,083481,089583,074407,068898,090326,082999
0000000854,0000853000,083334,091363,074518,066847,091393,083584
0000000855,0000854000,083160,092397,075552,065886,091877,084341
0000000856,0000855000,082974,092561,077428,066091,091696,085245
0000000857,0000856000,082792,091850,079954,067457,090821,086232
0000000858,0000857000,082633,090354,082847,069863,089298,087226
0000000859,0000858000,082510,088251,085808,073101,087242,088130
0000000860,0000859000,082435,085744,088549,076877,084829,088853
0000000861,0000860000,082412,083071,090841,080860,082276,089308
0000000862,0000861000,082446,080478,092455,084703,079815,089423
0000000863,0000862000,082530,078245,093219,088069,077683,089158
0000000864,0000863000,082658,076581,093070,090672,076091,088494
0000000865,0000864000,082819,075641,092031,092283,075226,087445
0000000866,0000865000,082997,075538,090207,092764,075209,086064
0000000867,0000866000,083178,076253,087784,092066,076082,084458
0000000868,0000867000,083344,077694,085045,090246,077797,082768
0000000869,0000868000,083480,079695,082253,087464,080219,081149
0000000870,0000869000,083575,082071,079672,083965,083136,079770
0000000871,0000870000,083621,084581,077551,080063,086279,078773
0000000872,0000871000,083613,086983,076082,076093,089363,078280
0000000873,0000872000,083553,089049,075415,072407,092091,078369
0000000874,0000873000,083448,090546,075610,069319,094191,079076
0000000875,0000874000,083306,091350,076646,067095,095439,080377
0000000876,0000875000,083141,091389,078378,065932,095677,082191
0000000877,0000876000,082967,090683,080632,065929,094848,084377
0000000878,0000877000,082798,089319,083167,067097,092997,086733
0000000879,0000878000,082652,087455,085719,069330,090279,089039
0000000880,0000879000,082540,085281,088057,072437,086934,091066
0000000881,0000880000,082473,082992,089954,076138,083270,092608
0000000882,0000881000,082454,080833,091238,080111,079629,093493
0000000883,0000882000,082488,079013,091768,084010,076358,093606
0000000884,0000883000,082567,077725,091514,087496,073779,092900
0000000885,0000884000,082685,077078,090518,090272,072159,091395
0000000886,0000885000,082833,077119,088905,092094,071686,089200
0000000887,0000886000,082995,077820,086863,092807,072431,086495
0000000888,0000887000,083160,079074,084603,092341,074354,083528
0000000889,0000888000,083312,080757,082356,090735,077290,080578
0000000890,0000889000,083437,082691,080323,088129,080973,077935
0000000891,0000890000,083524,084688,078713,084753,085064,075865
0000000892,0000891000,083567,086538,077671,080905,089177,074583
0000000893,0000892000,083563,088059,077296,076917,092921,074244
0000000894,0000893000,083512,089093,077616,073140,095926,074912
0000000895,0000894000,083421,089547,078567,069893,097893,076562
0000000896,0000895000,083296,089417,080020,067459,098609,079069
0000000897,0000896000,083150,088735,081803,066049,097982,082219
0000000898,0000897000,082994,087598,083737,065788,096052,085723
0000000899,0000898000,082843,086135,085618,066703,092988,089247
0000000900,0000899000,082709,084496,087272,068713,089069,092453
0000000901,0000900000,082604,082844,088544,071644,084660,095019
0000000902,0000901000,082362,093211,092178,073988,084495,096881
0000000903,0000902000,081970,099998,089438,079289,084495,097039
0000000904,0000903000,074770,085079,086362,079289,084495,098118
0000000905,0000904000,070520,079126,094311,079289,084495,095551
0000000906,0000905000,072532,081846,084628,079289,084495,091583
0000000907,0000906000,082172,084357,081407,079289,084495,089221
0000000908,0000907000,080362,071177,082862,079289,084495,084906
0000000909,0000908000,086093,072808,099306,079289,084495,084906
0000000910,0000909000,084984,074091,097527,079289,084495,084906
0000000911,0000910000,085699,072847,080382,079289,084495,084906
0000000912,0000911000,099998,080274,084288,079289,084495,084906
0000000913,0000912000,090095,069373,080379,079289,084495,084906
0000000914,0000913000,091030,077594,082904,079289,084495,084906
0000000915,0000914000,095429,087671,076022,079289,084495,084906
0000000916,0000915000,090637,082723,066499,079289,084495,084906
0000000917,0000916000,093472,088156,080167,079289,084495,084906
0000000918,0000917000,082224,086585,076445,079289,084495,084906
0000000919,0000918000,082285,094575,070304,079289,084495,084906
0000000920,0000919000,086696,099495,073298,079289,084495,084906
0000000921,0000920000,075312,088601,077546,079289,084495,084906
0000000922,0000921000,074392,093515,090526,079289,084495,084906
0000000923,0000922000,071702,094688,083475,079289,084495,084906
0000000924,0000923000,073776,092139,079144,079289,084495,084906
0000000925,0000924000,077136,088960,092593,079289,084495,084906
0000000926,0000925000,068001,078974,096472,079289,084495,084906
0000000927,0000926000,073523,084260,097152,079289,084495,084906
0000000928,0000927000,079996,082951,090136,079289,084495,084906
0000000929,0000928000,080975,073460,090202,079289,084495,084906
0000000930,0000929000,084194,073194,099998,079289,084495,084906
0000000931,0000930000,081995,071852,091832,079289,084495,084906
0000000932,0000931000,090426,076573,084831,079289,084495,084906
0000000933,0000932000,095331,074967,084492,079289,084495,084906
0000000934,0000933000,090631,070239,084334,079289,084495,084906
0000000935,0000934000,093298,079199,083396,079289,084495,084906
0000000936,0000935000,093263,082884,071813,079289,084495,084906
0000000937,0000936000,094346,083827,071364,079289,084495,084906
0000000938,0000937000,091530,085047,078671,079289,084495,084906
0000000939,0000938000,083956,087212,075050,079289,084495,084906
0000000940,0000939000,086353,096468,071523,079289,084495,084906
0000000941,0000940000,084064,095073,070872,079289,084495,084906
0000000942,0000941000,077889,090966,079366,079289,084495,084906
0000000943,0000942000,074659,093999,086242,079289,084495,084906
0000000944,0000943000,072033,094840,080477,079289,084495,084906
0000000945,0000944000,075588,094511,082744,079289,084495,084906
0000000946,0000945000,073355,087296,090933,079289,084495,084906
0000000947,0000946000,069472,082793,095509,079289,084495,084906
0000000948,0000947000,073746,085744,094669,079289,084495,084906
0000000949,0000948000,077075,081366,090016,079289,084495,084906
0000000950,0000949000,080608,075836,095055,079289,084495,084906
0000000951,0000950000,081305,072927,098331,079289,084495,084906
0000000952,0000951000,083009,073426,091519,079289,084495,084906
0000000953,0000952000,090229,076124,086950,079289,084495,084906
0000000954,0000953000,091666,071966,085851,079289,084495,084906
0000000955,0000954000,091674,071764,086991,079289,084495,084906
0000000956,0000955000,093402,077805,081744,079289,084495,084906
0000000957,0000956000,094117,081088,073273,079289,084495,084906
0000000958,0000957000,095036,082764,074686,079289,084495,084906
0000000959,0000958000,090588,082953,076840,079289,084495,084906
0000000960,0000959000,087377,088178,074177,079289,084495,084906
0000000961,0000960000,087597,094440,070843,079289,084495,084906
0000000962,0000961000,083927,093366,071806,079289,084495,084906
0000000963,0000962000,079646,092734,079390,079289,084495,084906
0000000964,0000963000,075644,094058,081391,079289,084495,084906
0000000965,0000964000,074274,095699,079444,079289,084495,084906
0000000966,0000965000,074578,094277,083698,079289,084495,084906
0000000967,0000966000,071549,088257,089881,079289,084495,084906
0000000968,0000967000,071203,086528,093436,079289,084495,084906
0000000969,0000968000,073327,086059,092188,079289,084495,084906
0000000970,0000969000,075483,081687,092243,079289,084495,084906
0000000971,0000970000,078075,077293,096747,079289,084495,084906
0000000972,0000971000,079587,074246,096374,079289,084495,084906
0000000973,0000972000,083987,074693,092019,079289,084495,084906
0000000974,0000973000,088125,074356,089324,079289,084495,084906
0000000975,0000974000,089211,071570,088847,079289,084495,084906
0000000976,0000975000,091617,072658,087394,079289,084495,084906
0000000977,0000976000,093922,076154,080543,079289,084495,084906
0000000978,0000977000,094775,078966,076648,079289,084495,084906
0000000979,0000978000,093840,080592,077388,079289,084495,084906
0000000980,0000979000,091352,082730,075867,079289,084495,084906
0000000981,0000980000,090713,087987,072587,079289,084495,084906
0000000982,0000981000,088742,091213,070977,079289,084495,084906
0000000983,0000982000,084340,092114,073762,079289,084495,084906
0000000984,0000983000,080501,093719,077470,079289,084495,084906
0000000985,0000984000,078188,094840,077241,079289,084495,084906
0000000986,0000985000,076681,095508,078804,079289,084495,084906
0000000987,0000986000,073341,093583,084240,079289,084495,084906
0000000988,0000987000,070888,090809,088470,079289,084495,084906
0000000989,0000988000,072316,089514,089657,079289,084495,084906
0000000990,0000989000,073425,086419,090699,079289,084495,084906
0000000991,0000990000,073795,082130,094838,079289,084495,084906
0000000992,0000991000,075075,079230,096990,079289,084495,084906
0000000993,0000992000,078760,077147,094336,079289,084495,084906
0000000994,0000993000,083844,075121,092304,079289,084495,084906
0000000995,0000994000,085673,072500,092578,079289,084495,084906
0000000996,0000995000,086794,072001,091824,079289,084495,084906
0000000997,0000996000,090801,073671,086841,079289,084495,084906
0000000998,0000997000,094638,074921,080817,079289,084495,084906
0000000999,0000998000,094746,076013,080323,079289,084495,084906
0000001000,0000999000,092532,078451,079912,079289,084495,084906
0000001001,0001000000,092394,082881,075282,079289,084495,084906
0000001002,0001001000,093292,086763,071209,079289,084495,084906
0000001003,0001002000,090409,087921,072195,079289,084495,084906
0000001004,0001003000,085134,090481,075314,079289,084495,084906
0000001005,0001004000,081667,094316,074999,079289,084495,084906
0000001006,0001005000,080929,095665,073947,079289,084495,084906
0000001007,0001006000,078696,094442,078039,079289,084495,084906
0000001008,0001007000,073390,093158,084128,079289,084495,084906
0000001009,0001008000,070930,093490,086395,079289,084495,084906
0000001010,0001009000,072798,092115,086122,079289,084495,084906
0000001011,0001010000,073690,087232,089643,079289,084495,084906
0000001012,0001011000,072401,082884,095776,079289,084495,084906
0000001013,0001012000,072756,081516,096526,079289,084495,084906
0000001014,0001013000,077524,080138,093085,079289,084495,084906
0000001015,0001014000,082483,075770,092800,079289,084495,084906
0000001016,0001015000,083632,071754,095238,079289,084495,084906
0000001017,0001016000,084710,072452,093797,079289,084495,084906
0000001018,0001017000,089227,074465,087179,079289,084495,084906
0000001019,0001018000,094062,073961,082686,079289,084495,084906
0000001020,0001019000,094411,073388,083242,079289,084495,084906
0000001021,0001020000,092293,076605,081795,079289,084495,084906
0000001022,0001021000,093032,082111,075744,079289,084495,084906
0000001023,0001022000,094580,084872,071468,079289,084495,084906
0000001024,0001023000,092106,085303,073286,079289,084495,084906
0000001025,0001024000,086864,088555,075585,079289,084495,084906
0000001026,0001025000,083629,093756,073370,079289,084495,084906
0000001027,0001026000,082956,095729,072143,079289,084495,084906
0000001028,0001027000,080341,093832,076775,079289,084495,084906
0000001029,0001028000,075058,093123,082530,079289,084495,084906
0000001030,0001029000,072018,094987,083953,079289,084495,084906
0000001031,0001030000,072779,094085,083950,079289,084495,084906
0000001032,0001031000,073440,088968,088382,079289,084495,084906
0000001033,0001032000,071900,084636,094410,079289,084495,084906
0000001034,0001033000,071700,083602,095434,079289,084495,084906
0000001035,0001034000,075591,082238,093083,079289,084495,084906
0000001036,0001035000,079955,077371,093534,079289,084495,084906
0000001037,0001036000,081713,072858,096208,079289,084495,084906
0000001038,0001037000,083342,072819,094779,079289,084495,084906
0000001039,0001038000,087255,074406,089100,079289,084495,084906
0000001040,0001039000,091775,073499,085595,079289,084495,084906
0000001041,0001040000,093456,072136,085289,079289,084495,084906
0000001042,0001041000,092997,074863,082912,079289,084495,084906
0000001043,0001042000,093443,079908,077584,079289,084495,084906
0000001044,0001043000,094499,082540,073754,079289,084495,084906
0000001045,0001044000,093275,083597,073972,079289,084495,084906
0000001046,0001045000,089587,086734,074570,079289,084495,084906
0000001047,0001046000,086391,091567,072815,079289,084495,084906
0000001048,0001047000,084428,094400,072079,079289,084495,084906
0000001049,0001048000,081452,094042,075326,079289,084495,084906
0000001050,0001049000,077855,093622,079358,079289,084495,084906
0000001051,0001050000,074661,095039,081190,079289,084495,084906
0000001052,0001051000,072865,094958,082975,079289,084495,084906
0000001053,0001052000,072321,091438,087120,079289,084495,084906
0000001054,0001053000,072142,087589,091103,079289,084495,084906
0000001055,0001054000,072134,085536,093158,079289,084495,084906
0000001056,0001055000,073604,083341,093929,079289,084495,084906
0000001057,0001056000,076380,079714,094728,079289,084495,084906
0000001058,0001057000,079479,075876,095509,079289,084495,084906
0000001059,0001058000,082517,073709,094628,079289,084495,084906
0000001060,0001059000,085409,073366,092047,079289,084495,084906
0000001061,0001060000,088150,073243,089470,079289,084495,084906
0000001062,0001061000,091343,072642,086847,079289,084495,084906
0000001063,0001062000,093905,073681,083247,079289,084495,084906
0000001064,0001063000,094090,076460,080331,079289,084495,084906
0000001065,0001064000,093365,079554,077903,079289,084495,084906
0000001066,0001065000,093416,082450,074996,079289,084495,084906
0000001067,0001066000,092667,085544,072641,079289,084495,084906
0000001068,0001067000,089928,088179,072703,079289,084495,084906
0000001069,0001068000,085863,091277,073742,079289,084495,084906
0000001070,0001069000,082403,094110,074300,079289,084495,084906
0000001071,0001070000,080748,094952,075164,079289,084495,084906
0000001072,0001071000,078380,094447,078035,079289,084495,084906
0000001073,0001072000,074096,094293,082426,079289,084495,084906
0000001074,0001073000,071249,093714,085922,079289,084495,084906
0000001075,0001074000,072200,091533,087076,079289,084495,084906
0000001076,0001075000,073370,087752,089735,079289,084495,084906
0000001077,0001076000,072575,084129,094148,079289,084495,084906
0000001078,0001077000,072858,081918,096045,079289,084495,084906
0000001079,0001078000,076547,079896,094441,079289,084495,084906
0000001080,0001079000,081239,075981,093600,079289,084495,084906
0000001081,0001080000,083718,072589,094552,079289,084495,084906
0000001082,0001081000,084806,072591,093454,079289,084495,084906
0000001083,0001082000,088187,073881,088752,079289,084495,084906
0000001084,0001083000,093021,073568,084280,079289,084495,084906
0000001085,0001084000,094655,073295,082879,079289,084495,084906
0000001086,0001085000,093032,076065,081758,079289,084495,084906
0000001087,0001086000,092817,080828,077211,079289,084495,084906
0000001088,0001087000,094252,084069,072514,079289,084495,084906
0000001089,0001088000,093074,085241,072541,079289,084495,084906
0000001090,0001089000,088424,087652,074757,079289,084495,084906
0000001091,0001090000,084375,092441,074031,079289,084495,084906
0000001092,0001091000,082914,095477,072457,079289,084495,084906
0000001093,0001092000,081278,094520,075045,079289,084495,084906
0000001094,0001093000,076992,093351,080514,079289,084495,084906
0000001095,0001094000,072607,094547,083687,079289,084495,084906
0000001096,0001095000,071919,094627,084303,079289,084495,084906
0000001097,0001096000,073269,090800,086773,079289,084495,084906
0000001098,0001097000,072720,086105,092015,079289,084495,084906
0000001099,0001098000,071538,083951,095360,079289,084495,084906
0000001100,0001099000,073632,082754,094459,079289,084495,084906
0000001101,0001100000,078189,079246,093417,079289,084495,084906
