0000000001,0000000000,089380,079502,072920,019771,036241,083798
0000000002,0000001000,087246,082219,072335,029523,026962,083324
0000000003,0000002000,084605,084550,072647,040362,019965,079482
0000000004,0000003000,081749,086229,073823,051243,015921,072646
0000000005,0000004000,078956,087091,075757,061085,015247,063478
0000000006,0000005000,076468,087082,078253,068933,017999,052878
0000000007,0000006000,074546,086196,081060,074020,023894,041897
0000000008,0000007000,073402,084488,083913,075842,032369,031600
0000000009,0000008000,073116,082150,086534,074219,042610,022982
0000000010,0000009000,073714,079428,088660,069320,053585,016905
0000000011,0000010000,075162,076557,090083,061627,064219,013964
0000000012,0000011000,077315,073819,090668,051868,073504,014437
0000000013,0000012000,079937,071510,090356,041019,080511,018279
0000000014,0000013000,082788,069835,089179,030153,084541,025116
0000000015,0000014000,085602,068953,087247,020310,085216,034284
0000000016,0000015000,088082,068970,084750,012451,082476,044883
0000000017,0000016000,089989,069870,081942,007373,076573,055864
0000000018,0000017000,091151,071560,079091,005554,068094,066163
0000000019,0000018000,091436,073897,076468,007170,057861,074778
0000000020,0000019000,090824,076637,074342,012068,046886,080856
0000000021,0000020000,089386,079496,072920,019770,036243,083798
0000000022,0000021000,087240,082226,072336,029521,026965,083324
0000000023,0000022000,084603,084552,072647,040371,019958,079481
0000000024,0000023000,081757,086222,073823,051242,015922,072645
0000000025,0000024000,078953,087093,075756,061082,015250,063478
0000000026,0000025000,076461,087088,078253,068937,017996,052878
0000000027,0000026000,074553,086190,081060,074025,023889,041896
0000000028,0000027000,073405,084486,083912,075839,032373,031599
0000000029,0000028000,073110,082157,086535,074219,042609,022983
0000000030,0000029000,073715,079427,088661,069327,053578,016905
0000000031,0000030000,075168,076551,090083,061627,064219,013964
0000000032,0000031000,077311,073824,090668,051867,073505,014437
0000000033,0000032000,079934,071513,090356,041024,080507,018279
0000000034,0000033000,082793,069829,089179,030157,084538,025115
0000000035,0000034000,085602,068953,087247,020308,085219,034282
0000000036,0000035000,088077,068975,084750,012455,082473,044882
0000000037,0000036000,089992,069867,081943,007376,076570,055863
0000000038,0000037000,091153,071558,079091,005555,068094,066161
0000000039,0000038000,091433,073901,076468,007170,057863,074777
0000000040,0000039000,090825,076635,074342,012072,046883,080855
0000000041,0000040000,089388,079494,072920,019770,036244,083796
0000000042,0000041000,087238,082229,072335,029521,026967,083322
0000000043,0000042000,084603,084552,072647,040372,019958,079481
0000000044,0000043000,081759,086219,073823,051242,015922,072645
0000000045,0000044000,078952,087095,075756,061081,015251,063477
0000000046,0000045000,076460,087089,078253,068938,017994,052878
0000000047,0000046000,074555,086188,081060,074024,023889,041897
0000000048,0000047000,073403,084487,083912,075839,032372,031600
0000000049,0000048000,073108,082159,086535,074221,042606,022983
0000000050,0000049000,073717,079424,088661,069328,053576,016906
0000000051,0000050000,075167,076552,090083,061627,064218,013964
0000000052,0000051000,077308,073827,090668,051871,073502,014437
0000000053,0000052000,079936,071510,090356,041027,080504,018279
0000000054,0000053000,082794,069828,089180,030158,084538,025114
0000000055,0000054000,085598,068957,087248,020312,085217,034281
0000000056,0000055000,088079,068973,084750,012460,082470,044880
0000000057,0000056000,089995,069864,081943,007378,076571,055861
0000000058,0000057000,091150,071561,079091,005556,068095,066158
0000000059,0000058000,091432,073902,076468,007175,057861,074774
0000000060,0000059000,090829,076631,074342,012073,046885,080852
0000000061,0000060000,089387,079495,072920,019769,036248,083794
0000000062,0000061000,087235,082232,072335,029523,026967,083320
0000000063,0000062000,084607,084548,072646,040372,019959,079479
0000000064,0000063000,081760,086219,073823,051238,015927,072645
0000000065,0000064000,078948,087099,075756,061080,015252,063478
0000000066,0000065000,076462,087088,078252,068938,017993,052880
0000000067,0000066000,074557,086186,081059,074020,023890,041900
0000000068,0000067000,073399,084491,083912,075836,032372,031603
0000000069,0000068000,073107,082160,086534,074222,042602,022986
0000000070,0000069000,073720,079421,088661,069327,053574,016909
0000000071,0000070000,075165,076554,090084,061626,064216,013967
0000000072,0000071000,077305,073829,090668,051874,073496,014439
0000000073,0000072000,079939,071507,090357,041031,080498,018280
0000000074,0000073000,082793,069828,089181,030161,084535,025114
0000000075,0000074000,085595,068959,087248,020317,085213,034280
0000000076,0000075000,088081,068970,084751,012466,082466,044878
0000000077,0000076000,089997,069862,081944,007381,076571,055857
0000000078,0000077000,091148,071563,079092,005560,068096,066154
0000000079,0000078000,091434,073900,076468,007179,057861,074769
0000000080,0000079000,090832,076628,074342,012074,046888,080847
0000000081,0000080000,089386,079497,072919,019769,036253,083789
0000000082,0000081000,087236,082232,072334,029523,026970,083317
0000000083,0000082000,084610,084546,072646,040369,019964,079477
0000000084,0000083000,081760,086221,073822,051234,015932,072644
0000000085,0000084000,078947,087101,075754,061076,015255,063479
0000000086,0000085000,076465,087087,078251,068933,017995,052882
0000000087,0000086000,074556,086187,081059,074014,023892,041904
0000000088,0000087000,073397,084494,083911,075833,032370,031608
0000000089,0000088000,073109,082159,086534,074220,042598,022992
0000000090,0000089000,073720,079421,088661,069325,053570,016915
0000000091,0000090000,075161,076557,090084,061627,064210,013972
0000000092,0000091000,077305,073829,090669,051878,073488,014443
0000000093,0000092000,079939,071505,090358,041035,080493,018282
0000000094,0000093000,082790,069830,089182,030166,084530,025114
0000000095,0000094000,085594,068959,087249,020326,085206,034278
0000000096,0000095000,088083,068967,084752,012473,082463,044874
0000000097,0000096000,089995,069862,081945,007387,076571,055851
0000000098,0000097000,091147,071563,079092,005568,068095,066146
0000000099,0000098000,091437,073897,076469,007185,057864,074761
0000000100,0000099000,090833,076627,074342,012076,046895,080839
0000000101,0000100000,089385,079498,072919,019770,036259,083782
0000000102,0000101000,087239,082230,072333,029522,026977,083312
0000000103,0000102000,084613,084545,072644,040363,019973,079474
0000000104,0000103000,081758,086223,073821,051227,015940,072643
0000000105,0000104000,078948,087101,075753,061070,015259,063481
0000000106,0000105000,076467,087086,078250,068924,017999,052887
0000000107,0000106000,074554,086190,081058,074005,023894,041910
0000000108,0000107000,073395,084497,083910,075827,032367,031616
0000000109,0000108000,073109,082159,086534,074215,042594,023002
0000000110,0000109000,073718,079423,088661,069322,053565,016924
0000000111,0000110000,075158,076560,090085,061628,064201,013980
0000000112,0000111000,077305,073827,090670,051882,073478,014450
0000000113,0000112000,079938,071505,090359,041040,080483,018286
0000000114,0000113000,082787,069831,089184,030175,084520,025115
0000000115,0000114000,085594,068957,087251,020337,085198,034276
0000000116,0000115000,088084,068964,084754,012484,082458,044868
0000000117,0000116000,089994,069861,081946,007398,076569,055843
0000000118,0000117000,091148,071561,079093,005578,068096,066136
0000000119,0000118000,091440,073893,076469,007191,057868,074750
0000000120,0000119000,090834,076627,074342,012079,046903,080828
0000000121,0000120000,089387,079498,072918,019770,036268,083772
0000000122,0000121000,087243,082227,072332,029518,026988,083304
0000000123,0000122000,084614,084545,072643,040356,019985,079469
0000000124,0000123000,081758,086225,073818,051218,015950,072642
0000000125,0000124000,078951,087101,075750,061058,015268,063484
0000000126,0000125000,076467,087087,078248,068910,018006,052893
0000000127,0000126000,074552,086194,081056,073994,023897,041920
0000000128,0000127000,073395,084498,083909,075818,032365,031628
0000000129,0000128000,073109,082160,086533,074207,042589,023015
0000000130,0000129000,073714,079427,088662,069318,053556,016937
0000000131,0000130000,075155,076561,090085,061630,064188,013992
0000000132,0000131000,077304,073827,090672,051887,073464,014459
0000000133,0000132000,079935,071506,090362,041048,080470,018292
0000000134,0000133000,082785,069831,089186,030188,084506,025116
0000000135,0000134000,085595,068954,087254,020352,085187,034272
0000000136,0000135000,088083,068962,084757,012498,082452,044860
0000000137,0000136000,089993,069860,081948,007413,076566,055832
0000000138,0000137000,091151,071557,079094,005591,068097,066122
0000000139,0000138000,091443,073890,076470,007199,057876,074735
0000000140,0000139000,090835,076626,074342,012084,046914,080812
0000000141,0000140000,089390,079495,072917,019771,036281,083758
0000000142,0000141000,087247,082225,072330,029513,027005,083293
0000000143,0000142000,084615,084547,072640,040345,020002,079463
0000000144,0000143000,081760,086227,073815,051205,015964,072640
0000000145,0000144000,078953,087102,075747,061042,015280,063487
0000000146,0000145000,076467,087091,078245,068893,018015,052902
0000000147,0000146000,074551,086198,081053,073978,023899,041933
0000000148,0000147000,073395,084500,083907,075804,032362,031644
0000000149,0000148000,073106,082163,086533,074196,042582,023032
0000000150,0000149000,073709,079431,088662,069313,053543,016954
0000000151,0000150000,075153,076562,090087,061631,064171,014008
0000000152,0000151000,077301,073827,090674,051892,073446,014471
0000000153,0000152000,079931,071507,090365,041060,080451,018299
0000000154,0000153000,082783,069830,089189,030205,084488,025118
0000000155,0000154000,085594,068950,087257,020370,085173,034268
0000000156,0000155000,088082,068960,084760,012517,082443,044850
0000000157,0000156000,089994,069857,081951,007432,076561,055816
0000000158,0000157000,091154,071552,079096,005607,068099,066104
0000000159,0000158000,091445,073887,076471,007210,057885,074714
0000000160,0000159000,090838,076624,074341,012090,046928,080792
0000000161,0000160000,089395,079492,072915,019771,036299,083740
0000000162,0000161000,087250,082224,072327,029505,027026,083279
0000000163,0000162000,084618,084548,072637,040333,020023,079454
0000000164,0000163000,081764,086227,073811,051188,015983,072639
0000000165,0000164000,078956,087103,075744,061021,015296,063492
0000000166,0000165000,076466,087095,078241,068871,018026,052913
0000000167,0000166000,074550,086202,081050,073958,023903,041950
0000000168,0000167000,073393,084503,083905,075786,032359,031665
0000000169,0000168000,073102,082168,086532,074183,042572,023055
0000000170,0000169000,073705,079435,088662,069307,053526,016977
0000000171,0000170000,075150,076564,090089,061632,064150,014028
0000000172,0000171000,077297,073829,090677,051900,073423,014487
0000000173,0000172000,079926,071508,090369,041075,080427,018308
0000000174,0000173000,082781,069828,089194,030225,084465,025120
0000000175,0000174000,085593,068947,087262,020393,085155,034262
0000000176,0000175000,088080,068958,084764,012543,082431,044837
0000000177,0000176000,089996,069852,081954,007457,076556,055797
0000000178,0000177000,091157,071547,079099,005627,068103,066080
0000000179,0000178000,091447,073883,076472,007225,057896,074688
0000000180,0000179000,090842,076620,074340,012098,046945,080767
0000000181,0000180000,089401,079488,072913,019770,036322,083718
0000000182,0000181000,087255,082223,072324,029496,027053,083262
0000000183,0000182000,084621,084548,072632,040317,020049,079444
0000000184,0000183000,081768,086228,073806,051166,016008,072636
0000000185,0000184000,078957,087106,075739,060994,015317,063499
0000000186,0000185000,076466,087100,078237,068843,018039,052928
0000000187,0000186000,074550,086206,081046,073931,023907,041971
0000000188,0000187000,073391,084508,083903,075763,032356,031691
0000000189,0000188000,073097,082174,086531,074166,042560,023084
0000000190,0000189000,073701,079439,088663,069299,053506,017005
0000000191,0000190000,075145,076566,090091,061632,064125,014053
0000000192,0000191000,077290,073831,090681,051909,073394,014506
0000000193,0000192000,079921,071508,090373,041094,080396,018320
0000000194,0000193000,082778,069825,089199,030250,084438,025122
0000000195,0000194000,085590,068944,087268,020422,085133,034255
0000000196,0000195000,088079,068953,084769,012574,082415,044821
0000000197,0000196000,089998,069846,081959,007487,076550,055773
0000000198,0000197000,091159,071541,079102,005652,068107,066050
0000000199,0000198000,091451,073878,076473,007244,057910,074656
0000000200,0000199000,090848,076615,074339,012108,046967,080735
0000000201,0000200000,089407,079484,072911,019769,036351,083690
0000000202,0000201000,087260,082222,072320,029485,027085,083240
0000000203,0000202000,084627,084548,072627,040297,020082,079431
0000000204,0000203000,081773,086229,073800,051138,016038,072634
0000000205,0000204000,078959,087111,075732,060961,015342,063507
0000000206,0000205000,076466,087105,078231,068809,018055,052946
0000000207,0000206000,074549,086212,081042,073899,023914,041998
0000000208,0000207000,073387,084515,083900,075735,032352,031724
0000000209,0000208000,073092,082181,086530,074147,042544,023119
0000000210,0000209000,073695,079443,088664,069289,053481,017040
0000000211,0000210000,075138,076570,090094,061633,064093,014083
0000000212,0000211000,077283,073834,090685,051922,073358,014529
0000000213,0000212000,079916,071507,090379,041116,080360,018334
0000000214,0000213000,082773,069822,089206,030280,084405,025125
0000000215,0000214000,085586,068941,087275,020458,085106,034246
0000000216,0000215000,088079,068948,084775,012612,082397,044801
0000000217,0000216000,090000,069838,081964,007522,076543,055745
0000000218,0000217000,091163,071534,079105,005682,068113,066015
0000000219,0000218000,091456,073872,076474,007266,057926,074618
0000000220,0000219000,090856,076608,074339,012119,046993,080697
0000000221,0000220000,089414,079480,072908,019768,036386,083656
0000000222,0000221000,087267,082220,072315,029472,027124,083214
0000000223,0000222000,084634,084548,072620,040273,020121,079416
0000000224,0000223000,081778,086232,073793,051104,016075,072631
0000000225,0000224000,078962,087116,075725,060922,015371,063516
0000000226,0000225000,076467,087111,078224,068768,018074,052967
0000000227,0000226000,074548,086219,081036,073860,023921,042029
0000000228,0000227000,073383,084524,083896,075702,032346,031762
0000000229,0000228000,073086,082188,086528,074123,042526,023161
0000000230,0000229000,073688,079449,088665,069277,053452,017081
0000000231,0000230000,075130,076575,090097,061634,064056,014120
0000000232,0000231000,077275,073837,090691,051937,073316,014557
0000000233,0000232000,079909,071507,090386,041143,080316,018350
0000000234,0000233000,082768,069820,089214,030316,084366,025128
0000000235,0000234000,085583,068937,087283,020501,085074,034235
0000000236,0000235000,088079,068940,084783,012657,082376,044778
0000000237,0000236000,090002,069830,081970,007564,076535,055710
0000000238,0000237000,091166,071526,079110,005718,068119,065973
0000000239,0000238000,091463,073863,076476,007292,057946,074572
0000000240,0000239000,090864,076601,074338,012132,047026,080653
0000000241,0000240000,089423,079476,072904,019766,036427,083617
0000000242,0000241000,087275,082218,072309,029456,027170,083184
0000000243,0000242000,084642,084547,072612,040244,020168,079398
0000000244,0000243000,081783,086235,073784,051064,016118,072627
0000000245,0000244000,078965,087122,075715,060876,015406,063528
0000000246,0000245000,076469,087118,078215,068720,018097,052993
0000000247,0000246000,074545,086228,081029,073813,023930,042066
0000000248,0000247000,073378,084533,083891,075663,032340,031808
0000000249,0000248000,073079,082197,086526,074096,042504,023211
0000000250,0000249000,073680,079457,088666,069263,053417,017130
0000000251,0000250000,075120,076582,090101,061636,064012,014162
0000000252,0000251000,077266,073840,090697,051954,073265,014590
0000000253,0000252000,079901,071506,090395,041174,080266,018369
0000000254,0000253000,082761,069817,089224,030359,084320,025132
0000000255,0000254000,085578,068931,087293,020551,085036,034223
0000000256,0000255000,088078,068932,084792,012709,082351,044750
0000000257,0000256000,090004,069821,081978,007613,076527,055670
0000000258,0000257000,091171,071516,079115,005760,068126,065924
0000000259,0000258000,091471,073853,076478,007322,057969,074519
0000000260,0000259000,090873,076592,074337,012146,047063,080600
0000000261,0000260000,089432,079470,072900,019764,036475,083571
0000000262,0000261000,087286,082214,072302,029438,027223,083149
0000000263,0000262000,084652,084547,072603,040210,020223,079377
0000000264,0000263000,081790,086238,073774,051018,016168,072623
0000000265,0000264000,078970,087128,075705,060823,015445,063541
0000000266,0000265000,076470,087127,078206,068664,018123,053023
0000000267,0000266000,074543,086238,081021,073760,023940,042110
0000000268,0000267000,073372,084545,083885,075618,032331,031861
0000000269,0000268000,073072,082207,086524,074064,042479,023268
0000000270,0000269000,073669,079466,088667,069247,053377,017186
0000000271,0000270000,075108,076588,090106,061638,063960,014212
0000000272,0000271000,077255,073843,090705,051975,073207,014627
0000000273,0000272000,079891,071506,090405,041211,080208,018391
0000000274,0000273000,082753,069814,089235,030408,084266,025136
0000000275,0000274000,085574,068924,087304,020609,084993,034208
0000000276,0000275000,088077,068922,084803,012769,082323,044718
0000000277,0000276000,090006,069810,081986,007670,076516,055623
0000000278,0000277000,091177,071505,079121,005808,068135,065867
0000000279,0000278000,091480,073842,076481,007356,057996,074457
0000000280,0000279000,090884,076583,074335,012163,047106,080540
0000000281,0000280000,089444,079463,072895,019762,036530,083518
0000000282,0000281000,087298,082210,072294,029416,027285,083109
0000000283,0000282000,084662,084547,072593,040171,020286,079354
0000000284,0000283000,081798,086243,073761,050966,016225,072619
0000000285,0000284000,078975,087135,075692,060761,015491,063557
0000000286,0000285000,076472,087137,078194,068599,018153,053057
0000000287,0000286000,074540,086251,081012,073700,023951,042160
0000000288,0000287000,073366,084557,083879,075567,032322,031921
0000000289,0000288000,073063,082219,086521,074027,042450,023334
0000000290,0000289000,073657,079476,088668,069229,053331,017250
0000000291,0000290000,075095,076596,090111,061641,063901,014268
0000000292,0000291000,077243,073847,090713,051998,073141,014670
0000000293,0000292000,079880,071506,090416,041252,080141,018416
0000000294,0000293000,082744,069810,089248,030465,084206,025140
0000000295,0000294000,085569,068916,087317,020675,084945,034191
0000000296,0000295000,088075,068912,084815,012838,082291,044681
0000000297,0000296000,090008,069797,081996,007735,076505,055570
0000000298,0000297000,091184,071491,079128,005863,068145,065802
0000000299,0000298000,091490,073828,076484,007395,058027,074388
0000000300,0000299000,090896,076572,074334,012182,047156,080472
0000000301,0000300000,089458,079454,072889,019759,036593,083458
0000000302,0000301000,087312,082205,072285,029391,027356,083064
0000000303,0000302000,084674,084547,072581,040126,020357,079327
0000000304,0000303000,081808,086247,073748,050906,016289,072615
0000000305,0000304000,078982,087142,075678,060691,015543,063575
0000000306,0000305000,076473,087148,078181,068526,018187,053096
0000000307,0000306000,074537,086264,081001,073631,023963,042216
0000000308,0000307000,073360,084571,083871,075510,032310,031990
0000000309,0000308000,073052,082232,086518,073986,042417,023408
0000000310,0000309000,073644,079489,088669,069209,053279,017322
0000000311,0000310000,075081,076605,090116,061645,063834,014331
0000000312,0000311000,077228,073851,090723,052024,073067,014718
0000000313,0000312000,079867,071507,090429,041300,080066,018444
0000000314,0000313000,082733,069806,089263,030529,084137,025144
0000000315,0000314000,085562,068907,087332,020749,084890,034172
0000000316,0000315000,088073,068900,084829,012915,082256,044639
0000000317,0000316000,090011,069783,082008,007808,076492,055510
0000000318,0000317000,091191,071475,079136,005924,068157,065729
0000000319,0000318000,091501,073814,076487,007438,058063,074309
0000000320,0000319000,090910,076559,074333,012203,047211,080396
0000000321,0000320000,089474,079445,072883,019755,036663,083392
0000000322,0000321000,087327,082200,072275,029363,027435,083013
0000000323,0000322000,084687,084547,072567,040076,020436,079298
0000000324,0000323000,081819,086251,073732,050838,016361,072610
0000000325,0000324000,078989,087151,075662,060613,015601,063596
0000000326,0000325000,076475,087161,078166,068445,018225,053140
0000000327,0000326000,074534,086280,080988,073554,023976,042280
0000000328,0000327000,073352,084587,083863,075445,032298,032067
0000000329,0000328000,073040,082248,086514,073940,042379,023491
0000000330,0000329000,073629,079502,088671,069187,053220,017403
0000000331,0000330000,075065,076615,090123,061649,063759,014402
0000000332,0000331000,077212,073857,090734,052054,072983,014772
0000000333,0000332000,079852,071508,090443,041353,079982,018475
0000000334,0000333000,082722,069801,089279,030600,084061,025149
0000000335,0000334000,085555,068898,087349,020832,084829,034149
0000000336,0000335000,088071,068886,084845,013001,082217,044592
0000000337,0000336000,090014,069767,082021,007889,076478,055442
0000000338,0000337000,091200,071458,079145,005991,068170,065648
0000000339,0000338000,091514,073797,076492,007486,058103,074221
0000000340,0000339000,090926,076545,074331,012226,047273,080311
0000000341,0000340000,089492,079434,072877,019751,036743,083317
0000000342,0000341000,087345,082194,072264,029331,027523,082957
0000000343,0000342000,084703,084547,072552,040020,020525,079266
0000000344,0000343000,081832,086256,073715,050763,016441,072606
0000000345,0000344000,078997,087161,075644,060525,015665,063620
0000000346,0000345000,076477,087175,078150,068354,018266,053190
0000000347,0000346000,074531,086297,080975,073469,023990,042351
0000000348,0000347000,073344,084606,083853,075374,032283,032153
0000000349,0000348000,073027,082266,086509,073890,042337,023583
0000000350,0000349000,073612,079518,088672,069164,053154,017492
0000000351,0000350000,075046,076626,090130,061654,063676,014480
0000000352,0000351000,077193,073864,090745,052088,072891,014831
0000000353,0000352000,079835,071508,090459,041413,079889,018508
0000000354,0000353000,082709,069796,089298,030680,083976,025154
0000000355,0000354000,085546,068888,087368,020924,084762,034124
0000000356,0000355000,088068,068872,084862,013097,082173,044540
0000000357,0000356000,090018,069749,082036,007979,076463,055368
0000000358,0000357000,091208,071439,079155,006066,068186,065557
0000000359,0000358000,091527,073779,076496,007538,058147,074124
0000000360,0000359000,090943,076529,074330,012251,047343,080216
0000000361,0000360000,089511,079421,072870,019745,036830,083235
0000000362,0000361000,087364,082187,072251,029295,027621,082895
0000000363,0000362000,084721,084546,072535,039957,020622,079231
0000000364,0000363000,081846,086261,073695,050679,016530,072601
0000000365,0000364000,079006,087172,075624,060428,015735,063646
0000000366,0000365000,076480,087191,078131,068253,018311,053245
0000000367,0000366000,074528,086315,080959,073375,024005,042430
0000000368,0000367000,073334,084626,083842,075295,032267,032248
0000000369,0000368000,073012,082286,086504,073835,042290,023685
0000000370,0000369000,073594,079535,088673,069138,053081,017591
0000000371,0000370000,075026,076639,090137,061660,063584,014566
0000000372,0000371000,077172,073872,090758,052126,072788,014895
0000000373,0000372000,079817,071509,090476,041479,079786,018545
0000000374,0000373000,082694,069790,089318,030768,083884,025158
0000000375,0000374000,085536,068876,087389,021025,084688,034097
0000000376,0000375000,088064,068855,084882,013202,082126,044482
0000000377,0000376000,090021,069728,082052,008077,076448,055285
0000000378,0000377000,091218,071417,079167,006148,068204,065458
0000000379,0000378000,091542,073758,076502,007596,058196,074017
0000000380,0000379000,090963,076510,074329,012278,047419,080113
0000000381,0000380000,089533,079407,072862,019738,036927,083145
0000000382,0000381000,087385,082179,072238,029255,027728,082827
0000000383,0000382000,084740,084545,072517,039888,020729,079193
0000000384,0000383000,081861,086267,073674,050587,016627,072596
0000000385,0000384000,079016,087184,075602,060322,015812,063676
0000000386,0000385000,076484,087208,078110,068143,018360,053306
0000000387,0000386000,074525,086336,080941,073272,024022,042516
0000000388,0000387000,073324,084649,083829,075209,032248,032353
0000000389,0000388000,072996,082308,086498,073775,042238,023797
0000000390,0000389000,073574,079554,088674,069110,053001,017699
0000000391,0000390000,075003,076654,090145,061667,063483,014660
0000000392,0000391000,077150,073880,090772,052168,072676,014965
0000000393,0000392000,079796,071511,090496,041551,079674,018584
0000000394,0000393000,082677,069784,089340,030864,083783,025163
0000000395,0000394000,085525,068864,087413,021137,084608,034065
0000000396,0000395000,088061,068837,084904,013317,082075,044418
0000000397,0000396000,090025,069707,082071,008184,076431,055194
0000000398,0000397000,091228,071394,079181,006238,068223,065349
0000000399,0000398000,091559,073735,076509,007658,058251,073901
0000000400,0000399000,090984,076490,074328,012307,047503,080000
0000000401,0000400000,089556,079392,072854,019730,037032,083048
0000000402,0000401000,084855,085723,075788,020193,031695,086605
0000000403,0000402000,087017,084016,071996,028471,022599,080940
0000000404,0000403000,085062,089643,077100,031702,023549,079506
0000000405,0000404000,084356,085952,074452,051165,016900,064845
0000000406,0000405000,084788,086132,077085,052936,023935,059032
0000000407,0000406000,083147,084504,079119,077477,021319,040034
0000000408,0000407000,083972,080481,079668,078871,030460,030852
0000000409,0000408000,082906,083425,087565,094924,034527,016410
0000000410,0000409000,083691,075346,084305,097143,043698,008703
0000000411,0000410000,082648,077836,091130,097829,051020,002396
0000000412,0000411000,083905,070724,087348,099998,056540,-01240
0000000413,0000412000,082315,071659,090194,085688,065729,004235
0000000414,0000413000,083961,070037,089061,083790,065756,006395
0000000415,0000414000,082921,069929,088028,063157,072229,020644
0000000416,0000415000,082958,072204,087906,056324,067002,028109
0000000417,0000416000,083608,071154,083293,036548,068642,046194
0000000418,0000417000,081650,074740,082566,028370,060696,056758
0000000419,0000418000,083420,074316,077351,016147,055542,070277
0000000420,0000419000,081026,080157,078360,010438,048465,080303
0000000421,0000420000,082138,079848,073848,009464,039478,085185
0000000422,0000421000,080940,084922,075644,007820,035362,090285
0000000423,0000422000,080648,083900,072545,019636,026113,084807
0000000424,0000423000,080551,085729,073841,022040,025979,082608
0000000425,0000424000,079829,085986,075083,041349,020965,069779
0000000426,0000425000,080235,084009,075368,048015,024657,060731
0000000427,0000426000,079683,085837,080675,065988,025462,045173
0000000428,0000427000,080410,080607,079841,075350,032030,033286
0000000429,0000428000,079755,081357,085311,084244,038557,021079
0000000430,0000429000,081105,075914,084505,092543,045276,010671
0000000431,0000430000,080320,075373,088188,090234,054806,006277
0000000432,0000431000,081743,072628,088674,092539,059535,001532
0000000433,0000432000,081573,071441,089355,080851,068700,006720
0000000434,0000433000,081979,071037,089512,075668,069712,009660
0000000435,0000434000,082831,069674,087306,059108,074458,022007
0000000436,0000435000,082016,071502,086840,048756,071924,032122
0000000437,0000436000,083374,071003,082965,033086,070097,046785
0000000438,0000437000,082248,075048,082875,021892,064890,060199
0000000439,0000438000,083068,075289,078446,013093,057424,071642
0000000440,0000439000,082352,079750,078269,004728,051470,083117
0000000441,0000440000,082348,080320,074777,006347,041622,087452
0000000442,0000441000,082076,083096,074314,004059,036711,092104
0000000443,0000442000,081688,084819,074007,015024,028448,087937
0000000444,0000443000,081698,084875,073538,020304,026458,084093
0000000445,0000444000,081218,086812,076345,035424,023070,073007
0000000446,0000445000,081609,084255,075923,046831,024811,062040
0000000447,0000446000,080971,084890,079927,059977,027601,048334
0000000448,0000447000,081842,081245,080472,072680,032520,034533
0000000449,0000448000,081274,080394,084136,079435,040451,023425
0000000450,0000449000,082199,077345,085629,087831,046617,012100
0000000451,0000450000,082167,075401,087790,086109,056613,007753
0000000452,0000451000,082522,073465,088964,086547,062089,003423
0000000453,0000452000,083192,071361,088759,076911,070112,007210
0000000454,0000453000,082889,071242,089259,069334,072994,011806
0000000455,0000454000,083815,069932,087120,055254,075856,022188
0000000456,0000455000,083273,071977,086998,042537,075068,034121
0000000457,0000456000,083852,071698,083541,029551,071608,047310
0000000458,0000457000,083376,074780,082617,016381,067234,061810
0000000459,0000458000,083421,075812,079119,009453,059061,072947
0000000460,0000459000,083050,078662,077518,000881,052604,084346
0000000461,0000460000,082738,080960,075852,002243,042975,089310
0000000462,0000461000,082489,082520,074216,002015,036851,093161
0000000463,0000462000,081939,085040,074764,010620,029458,090187
0000000464,0000463000,081971,084676,073855,019109,025969,085021
0000000465,0000464000,081277,086055,075986,031563,023738,075154
0000000466,0000465000,081653,084420,076386,045230,024267,062892
0000000467,0000466000,081097,084150,079344,056989,028106,049977
0000000468,0000467000,081568,081839,081018,070131,032591,035359
0000000469,0000468000,081490,080111,083646,076954,040948,024231
0000000470,0000469000,081733,077710,085669,084399,047762,013041
0000000471,0000470000,082201,075162,087089,083675,057326,007759
0000000472,0000471000,082180,073710,088673,082543,064121,004345
0000000473,0000472000,082891,071485,088366,074479,071181,006854
0000000474,0000473000,082756,071555,089077,065073,075411,012607
0000000475,0000474000,083306,070380,087134,052838,077329,022050
0000000476,0000475000,083135,071762,086506,038714,077172,034766
0000000477,0000476000,083343,072120,083838,027046,073185,047708
0000000478,0000477000,083128,074187,082035,013769,068573,062406
0000000479,0000478000,083000,076233,079748,006846,060302,073977
0000000480,0000479000,082781,078216,077445,-00259,052939,085014
0000000481,0000480000,082343,080976,076321,-00096,043616,090828
0000000482,0000481000,082238,082222,074456,001854,036272,093950
0000000483,0000482000,081611,084436,074750,009047,029425,091857
0000000484,0000483000,081681,084583,074286,019210,024887,085813
0000000485,0000484000,081145,085466,075823,030821,023215,076529
0000000486,0000485000,081295,084548,076842,045028,023329,063664
0000000487,0000486000,081129,083731,079070,056655,027480,050674
0000000488,0000487000,081239,081980,081089,069324,032380,035979
0000000489,0000488000,081511,079846,083160,076542,040654,024171
0000000490,0000489000,081585,077922,085507,082807,048524,013379
0000000491,0000490000,082126,075285,086683,082897,057759,007164
0000000492,0000491000,082214,074008,088385,080243,065677,004383
0000000493,0000492000,082762,071887,088191,073180,072401,006186
0000000494,0000493000,082840,071596,088551,062548,077329,012458
0000000495,0000494000,083203,070893,087172,051015,078997,021699
0000000496,0000495000,083208,071610,086048,036640,078864,034664
0000000497,0000496000,083281,072591,084161,024952,074785,047911
0000000498,0000497000,083207,074064,081939,012554,069555,062567
0000000499,0000498000,082953,076327,080091,005025,061292,074809
0000000500,0000499000,082851,078044,077692,-00599,052926,085520
0000000501,0000500000,082351,080647,076518,-01115,043686,092084
0000000502,0000501000,082256,082076,074940,002152,035329,094756
0000000503,0000502000,081735,083955,074932,008965,028588,093143
0000000504,0000503000,081643,084498,074795,019793,023488,086724
0000000505,0000504000,081345,084994,075855,031362,021840,077442
0000000506,0000505000,081270,084457,077123,045469,022076,064430
0000000507,0000506000,081308,083388,078881,057313,026189,050930
0000000508,0000507000,081306,082039,081086,069189,031804,036335
0000000509,0000508000,081623,079827,082894,076807,040068,023780
0000000510,0000509000,081731,078099,085236,081857,048925,013198
0000000511,0000510000,082184,075602,086395,082376,058235,006354
0000000512,0000511000,082368,074147,087858,078615,066967,003799
0000000513,0000512000,082794,072388,088004,071753,073834,005325
0000000514,0000513000,082968,071734,088024,060668,079100,011758
0000000515,0000514000,083207,071416,087153,048970,080876,021173
0000000516,0000515000,083303,071734,085800,034978,080511,034188
0000000517,0000516000,083256,072863,084239,022913,076451,047957
0000000518,0000517000,083249,074101,082014,011472,070487,062565
0000000519,0000518000,082935,076230,080278,003658,062107,075465
0000000520,0000519000,082820,077967,078083,-00893,052816,086057
0000000521,0000520000,082379,080311,076802,-01432,043320,093141
0000000522,0000521000,082170,081876,075484,002631,034221,095702
0000000523,0000522000,081791,083454,075194,009651,027178,094214
0000000524,0000523000,081561,084237,075237,020749,021816,087743
0000000525,0000524000,081391,084507,075977,032636,019926,078168
0000000526,0000525000,081248,084248,077352,046393,020469,065135
0000000527,0000526000,081328,083144,078830,058545,024552,051065
0000000528,0000527000,081340,081967,080970,069585,030871,036457
0000000529,0000528000,081626,079894,082682,077355,039380,023293
0000000530,0000529000,081790,078160,084778,081453,049073,012670
0000000531,0000530000,082176,075974,086077,081839,058801,005439
0000000532,0000531000,082428,074352,087285,077441,068171,002848
0000000533,0000532000,082766,072905,087699,070189,075469,004337
0000000534,0000533000,083008,072045,087552,059026,080926,010768
0000000535,0000534000,083158,071844,086935,046896,082954,020505
0000000536,0000535000,083299,072005,085605,033353,082285,033543
0000000537,0000536000,083206,073066,084195,021070,078184,047850
0000000538,0000537000,083187,074229,082174,010389,071533,062538
0000000539,0000538000,082904,076132,080485,002692,062807,075963
0000000540,0000539000,082717,077880,078525,-01063,052723,086677
0000000541,0000540000,082362,079935,077155,-01198,042668,094065
0000000542,0000541000,082072,081572,076045,003418,032982,096740
0000000543,0000542000,081778,082936,075566,010960,025407,095204
0000000544,0000543000,081510,083858,075700,022154,019867,088787
0000000545,0000544000,081384,084044,076247,034473,017697,078865
0000000546,0000545000,081251,083906,077535,047839,018527,065767
0000000547,0000546000,081335,082920,078864,060136,022708,051205
0000000548,0000547000,081387,081788,080777,070484,029654,036428
0000000549,0000548000,081645,079986,082466,078007,038634,022801
0000000550,0000549000,081862,078255,084287,081403,049068,011961
0000000551,0000550000,082195,076351,085670,081225,059448,004491
0000000552,0000551000,082499,074682,086702,076375,069392,001725
0000000553,0000552000,082775,073409,087231,068500,077265,003280
0000000554,0000553000,083046,072492,087077,057278,082897,009663
0000000555,0000554000,083158,072287,086600,044758,085190,019727
0000000556,0000555000,083283,072403,085419,031552,084260,032856
0000000557,0000556000,083198,073307,084121,019286,079989,047615
0000000558,0000557000,083125,074404,082355,009217,072742,062523
0000000559,0000558000,082885,076050,080717,001947,063463,076336
0000000560,0000559000,082640,077759,079000,-01140,052662,087326
0000000561,0000560000,082333,079554,077618,-00595,041868,094903
0000000562,0000561000,082014,081184,076654,004490,031621,097778
0000000563,0000562000,081755,082410,076083,012694,023431,096165
0000000564,0000563000,081492,083343,076194,023983,017677,089794
0000000565,0000564000,081381,083552,076632,036661,015268,079573
0000000566,0000565000,081279,083453,077721,049732,016315,066338
0000000567,0000566000,081357,082657,078951,061912,020719,051385
0000000568,0000567000,081454,081579,080595,071699,028231,036333
0000000569,0000568000,081685,080050,082203,078660,037838,022355
0000000570,0000569000,081945,078397,083782,081427,048977,011211
0000000571,0000570000,082241,076715,085143,080470,060142,003570
0000000572,0000571000,082565,075116,086071,075145,070673,000588
0000000573,0000572000,082812,073952,086634,066605,079169,002215
0000000574,0000573000,083068,073057,086555,055238,085037,008571
0000000575,0000574000,083173,072802,086171,042445,087549,018893
0000000576,0000575000,083255,072893,085189,029486,086431,032188
0000000577,0000576000,083182,073605,084015,017456,081877,047291
0000000578,0000577000,083060,074615,082524,007940,074093,062495
0000000579,0000578000,082840,076011,080995,001337,064137,076608
0000000580,0000579000,082565,077604,079510,-01091,052627,087920
0000000581,0000580000,082278,079173,078196,000297,041018,095648
0000000582,0000581000,081957,080701,077314,005902,030164,098726
0000000583,0000582000,081713,081837,076729,014778,021345,097069
0000000584,0000583000,081474,082709,076756,026256,015313,090709
0000000585,0000584000,081370,082986,077110,039148,012715,080269
0000000586,0000585000,081309,082917,077970,052004,013911,066853
0000000587,0000586000,081382,082308,079066,063848,018630,051606
0000000588,0000587000,081521,081339,080435,073087,026672,036243
0000000589,0000588000,081738,080061,081883,079289,036989,021995
0000000590,0000589000,082022,078567,083251,081362,048845,010537
0000000591,0000590000,082303,077089,084510,079525,060847,002747
0000000592,0000591000,082620,075638,085364,073621,072014,-00429
0000000593,0000592000,082859,074560,085920,064433,081129,001229
0000000594,0000593000,083081,073727,085944,052834,087309,007588
0000000595,0000594000,083183,073412,085645,039893,089990,018084
0000000596,0000595000,083221,073472,084889,027146,088742,031570
0000000597,0000596000,083148,073993,083883,015537,083842,046923
0000000598,0000597000,082992,074870,082666,006606,075543,062420
0000000599,0000598000,082774,076027,081320,000839,064857,076770
0000000600,0000599000,082487,077420,080054,-00835,052616,088376
0000000601,0000600000,082206,078781,078878,001475,040176,096243
0000000602,0000601000,081898,080139,078056,007719,028659,099493
0000000603,0000602000,081663,081186,077500,017228,019225,097836
0000000604,0000603000,081458,081974,077425,028975,012856,091463
0000000605,0000604000,081362,082313,077677,041952,010106,080890
0000000606,0000605000,081342,082289,078306,054593,011407,067301
0000000607,0000606000,081421,081855,079213,065937,016484,051851
0000000608,0000607000,081591,081053,080305,074540,025044,036217
0000000609,0000608000,081812,080021,081527,079844,036095,021766
0000000610,0000609000,082102,078750,082682,081091,048691,010048
0000000611,0000610000,082382,077485,083779,078306,061529,002120
0000000612,0000611000,082680,076234,084559,071703,073379,-01204
0000000613,0000612000,082911,075251,085086,061900,083093,000438
0000000614,0000613000,083097,074502,085215,050012,089635,006808
0000000615,0000614000,083186,074144,085023,037040,092455,017396
0000000616,0000615000,083187,074148,084498,024538,091109,031038
0000000617,0000616000,083100,074491,083714,013504,085848,046545
0000000618,0000617000,082919,075184,082773,005275,077036,062266
0000000619,0000618000,082692,076098,081679,000473,065621,076783
0000000620,0000619000,082402,077231,080643,-00297,052635,088603
0000000621,0000620000,082121,078369,079654,002992,039381,096588
0000000622,0000621000,081835,079511,078909,009992,027169,099965
0000000623,0000622000,081610,080440,078394,020101,017148,098346
0000000624,0000623000,081442,081135,078223,032147,010409,091967
0000000625,0000624000,081364,081512,078346,045101,007525,081349
0000000626,0000625000,081380,081555,078746,057451,008910,067649
0000000627,0000626000,081478,081288,079409,068150,014349,052097
0000000628,0000627000,081669,080701,080209,075969,023418,036294
0000000629,0000628000,081903,079921,081149,080246,035180,021728
0000000630,0000629000,082192,078927,082066,080505,048524,009846
0000000631,0000630000,082473,077908,082953,076708,062159,001817
0000000632,0000631000,082747,076896,083639,069302,074705,-01604
0000000633,0000632000,082964,076042,084128,058909,084988,-00011
0000000634,0000633000,083114,075391,084347,046730,091907,006348
0000000635,0000634000,083180,075013,084288,033834,094853,016941
0000000636,0000635000,083147,074937,084002,021682,093424,030646
0000000637,0000636000,083036,075111,083487,011367,087815,046190
0000000638,0000637000,082835,075580,082841,004013,078502,062007
0000000639,0000638000,082593,076229,082058,000306,066399,076584
0000000640,0000639000,082305,077057,081283,000610,052683,088498
0000000641,0000640000,082026,077933,080519,004945,038667,096549
0000000642,0000641000,081764,078819,079885,012791,025771,099998
0000000643,0000642000,081558,079588,079420,023477,015204,098440
0000000644,0000643000,081425,080181,079166,035793,008096,092095
0000000645,0000644000,081375,080570,079138,048617,005088,081525
0000000646,0000645000,081425,080693,079301,060541,006551,067834
0000000647,0000646000,081550,080597,079673,070441,012324,052314
0000000648,0000647000,081760,080256,080155,077284,021878,036506
0000000649,0000648000,082010,079754,080763,080391,034292,021953
0000000650,0000649000,082296,079083,081400,079493,048345,010050
0000000651,0000650000,082572,078355,082039,074610,062705,001998
0000000652,0000651000,082822,077616,082594,066324,075908,-01462
0000000653,0000652000,083016,076940,083033,055367,086710,000064
0000000654,0000653000,083130,076404,083323,042949,093985,006360
0000000655,0000654000,083163,076029,083423,030243,097046,016854
0000000656,0000655000,083096,075863,083385,018605,095540,030474
0000000657,0000656000,082955,075867,083178,009176,089621,045897
0000000658,0000657000,082736,076080,082865,002907,079845,061618
0000000659,0000658000,082478,076430,082439,000451,067135,076092
0000000660,0000659000,082194,076916,081971,001997,052756,087935
0000000661,0000660000,081922,077478,081469,007460,038070,095951
0000000662,0000661000,081685,078069,080991,016209,024560,099406
0000000663,0000662000,081506,078631,080588,027442,013518,097916
0000000664,0000663000,081410,079103,080267,039948,006083,091670
0000000665,0000664000,081397,079475,080074,052511,002964,081268
0000000666,0000665000,081482,079684,079985,063819,004502,067757
0000000667,0000666000,081639,079766,080027,072734,010559,052463
0000000668,0000667000,081868,079696,080153,078377,020541,036874
0000000669,0000668000,082133,079507,080386,080144,033506,022534
0000000670,0000669000,082414,079200,080689,077920,048167,010802
0000000671,0000670000,082680,078816,081041,071866,063129,002856
0000000672,0000671000,082904,078390,081423,062661,076885,-00567
0000000673,0000672000,083066,077944,081792,051179,088115,000891
0000000674,0000673000,083142,077548,082135,038630,095679,007049
0000000675,0000674000,083134,077200,082408,026267,098835,017308
0000000676,0000675000,083032,076946,082633,015357,097258,030639
0000000677,0000676000,082857,076771,082767,007024,091085,045715
0000000678,0000677000,082618,076704,082830,002077,080926,061080
0000000679,0000678000,082347,076719,082806,001059,067737,075209
0000000680,0000679000,082068,076824,082695,004011,052833,086758
0000000681,0000680000,081809,077019,082498,010686,037634,094580
0000000682,0000681000,081601,077270,082223,020357,023655,097949
0000000683,0000682000,081457,077574,081903,032082,012258,096519
0000000684,0000683000,081403,077893,081535,044643,004583,090460
0000000685,0000684000,081433,078221,081170,056765,001388,080381
0000000686,0000685000,081555,078513,080811,067218,002997,067284
0000000687,0000686000,081748,078783,080492,074912,009269,052482
0000000688,0000687000,081997,079003,080221,079102,019573,037414
0000000689,0000688000,082273,079164,080034,079328,032930,023573
0000000690,0000689000,082548,079259,079949,075618,048017,012273
0000000691,0000690000,082797,079272,079974,068315,063382,004627
0000000692,0000691000,082990,079205,080133,058194,077502,001350
0000000693,0000692000,083112,079044,080403,046264,089003,002753
0000000694,0000693000,083145,078822,080781,033751,096741,008680
0000000695,0000694000,083090,078528,081228,021940,099942,018522
0000000696,0000695000,082948,078196,081731,012027,098298,031297
0000000697,0000696000,082738,077834,082238,005053,091953,045716
0000000698,0000697000,082478,077466,082720,001695,081544,060376
0000000699,0000698000,082198,077112,083137,002325,068073,073824
0000000700,0000699000,081927,076801,083436,006836,052873,084778
0000000701,0000700000,081689,076573,083590,014791,037408,092177
0000000702,0000701000,081514,076438,083563,025357,023202,095328
0000000703,0000702000,081415,076435,083358,037466,011648,093938
0000000704,0000703000,081406,076558,082967,049882,003882,088167
0000000705,0000704000,081486,076813,082435,061318,000682,078615
0000000706,0000705000,081650,077177,081789,070617,002357,066236
0000000707,0000706000,081878,077639,081083,076798,008749,052287
0000000708,0000707000,082147,078164,080375,079257,019208,038138
0000000709,0000708000,082430,078709,079728,077723,032720,025185
0000000710,0000709000,082696,079242,079206,072387,047948,014664
0000000711,0000710000,082920,079699,078860,063784,063411,007588
0000000712,0000711000,083075,080040,078750,052805,077597,004610
0000000713,0000712000,083151,080215,078884,040573,089118,005992
0000000714,0000713000,083133,080209,079272,028332,096842,011575
0000000715,0000714000,083027,080002,079885,017360,099998,020770
0000000716,0000715000,082841,079609,080676,008771,098290,032647
0000000717,0000716000,082595,079056,081577,003476,091881,045997
0000000718,0000717000,082316,078376,082515,001996,081426,059500
0000000719,0000718000,082032,077626,083409,004493,067958,071822
0000000720,0000719000,081773,076865,084164,010689,052806,081785
0000000721,0000720000,081565,076171,084710,019946,037446,088449
0000000722,0000721000,081431,075605,084976,031313,023376,091199
0000000723,0000722000,081382,075245,084923,043618,011973,089808
0000000724,0000723000,081428,075127,084538,055609,004348,084442
0000000725,0000724000,081561,075276,083853,066030,001261,075673
0000000726,0000725000,081770,075690,082917,073817,003001,064393
0000000727,0000726000,082033,076341,081809,078142,009387,051763
0000000728,0000727000,082320,077179,080636,078574,019760,039040
0000000729,0000728000,082605,078132,079495,075069,033086,027479
0000000730,0000729000,082854,079129,078498,068003,048042,018187
0000000731,0000730000,083044,080065,077744,058114,063161,012032
0000000732,0000731000,083154,080855,077323,046414,076981,009567
0000000733,0000732000,083175,081411,077283,034116,088149,010981
0000000734,0000733000,083100,081667,077650,022475,095580,016100
0000000735,0000734000,082939,081582,078405,012715,098542,024365
0000000736,0000735000,082707,081155,079480,005841,096764,034923
0000000737,0000736000,082427,080418,080784,002587,090435,046685
0000000738,0000737000,082133,079423,082197,003279,080220,058466
0000000739,0000738000,081850,078263,083593,007841,067153,069100
0000000740,0000739000,081613,077032,084831,015790,052533,077573
0000000741,0000740000,081443,075847,085802,026291,037796,083108
0000000742,0000741000,081359,074819,086393,038269,024371,085215
0000000743,0000742000,081369,074062,086533,050478,013561,083755
0000000744,0000743000,081474,073660,086190,061668,006409,078917
0000000745,0000744000,081664,073667,085379,070658,003617,071235
0000000746,0000745000,081919,074101,084167,076513,005434,061514
0000000747,0000746000,082213,074925,082663,078608,011652,050770
0000000748,0000747000,082514,076071,081014,076729,021612,040093
0000000749,0000748000,082791,077436,079367,071082,034291,030541
0000000750,0000749000,083014,078904,077880,062264,048416,023025
0000000751,0000750000,083162,080333,076696,051202,062594,018224
0000000752,0000751000,083217,081595,075936,039032,075457,016541
0000000753,0000752000,083176,082559,075686,027022,085757,018069
0000000754,0000753000,083039,083114,075996,016410,092507,022597
0000000755,0000754000,082820,083190,076855,008318,095058,029612
0000000756,0000755000,082543,082763,078189,003599,093189,038362
0000000757,0000756000,082235,081865,079879,002761,087123,047925
0000000758,0000757000,081931,080572,081760,005888,077518,057316
0000000759,0000758000,081661,079010,083653,012644,065374,065601
0000000760,0000759000,081455,077316,085379,022312,051919,071996
0000000761,0000760000,081333,075642,086780,033877,038483,075936
0000000762,0000761000,081308,074145,087715,046146,026367,077108
0000000763,0000762000,081383,072975,088077,057842,016736,075482
0000000764,0000763000,081552,072261,087812,067750,010504,071294
0000000765,0000764000,081799,072091,086921,074817,008260,065029
0000000766,0000765000,082097,072504,085474,078290,010186,057378
0000000767,0000766000,082416,073469,083608,077791,016038,049160
0000000768,0000767000,082721,074894,081509,073375,025173,041231
0000000769,0000768000,082980,076645,079378,065517,036622,034383
0000000770,0000769000,083165,078559,077420,055050,049215,029261
0000000771,0000770000,083259,080463,075813,043074,061701,026301
0000000772,0000771000,083252,082186,074709,030828,072870,025713
0000000773,0000772000,083143,083557,074230,019588,081651,027463
0000000774,0000773000,082942,084427,074445,010532,087223,031286
0000000775,0000774000,082668,084696,075356,004626,089074,036718
0000000776,0000775000,082351,084309,076893,002511,087071,043142
0000000777,0000776000,082023,083293,078915,004422,081478,049853
0000000778,0000777000,081721,081749,081213,010157,072929,056135
0000000779,0000778000,081477,079830,083559,019099,062341,061363
0000000780,0000779000,081315,077715,085733,030299,050810,065050
0000000781,0000780000,081251,075593,087538,042581,039490,066900
0000000782,0000781000,081293,073659,088804,054673,029480,066815
0000000783,0000782000,081437,072098,089398,065309,021732,064909
0000000784,0000783000,081669,071072,089244,073370,016959,061474
0000000785,0000784000,081968,070701,088330,077986,015583,056947
0000000786,0000785000,082302,071054,086720,078647,017674,051870
0000000787,0000786000,082634,072103,084569,075274,022943,046821
0000000788,0000787000,082929,073745,082099,068221,030783,042348
0000000789,0000788000,083155,075814,079558,058250,040333,038901
0000000790,0000789000,083290,078107,077191,046419,050592,036790
0000000791,0000790000,083321,080420,075210,033969,060525,036158
0000000792,0000791000,083244,082548,073792,022192,069161,036984
0000000793,0000792000,083066,084281,073089,012325,075683,039074
0000000794,0000793000,082803,085449,073182,005415,079506,042103
0000000795,0000794000,082481,085921,074083,002216,080316,045658
0000000796,0000795000,082136,085614,075737,003092,078110,049286
0000000797,0000796000,081803,084547,077988,007962,073209,052540
0000000798,0000797000,081519,082833,080593,016309,066195,055050
0000000799,0000798000,081315,080649,083289,027233,057851,056566
0000000800,0000799000,081210,078208,085818,039572,049067,056966
0000000801,0000800000,081214,075730,087956,052038,040741,056270
0000000802,0000801000,081327,073440,089503,063334,033691,054630
0000000803,0000802000,081539,071557,090307,072266,028579,052326
0000000804,0000803000,081830,070259,090284,077881,025847,049713
0000000805,0000804000,082171,069692,089409,079554,025691,047178
0000000806,0000805000,082524,069947,087737,077084,028024,045086
0000000807,0000806000,082852,071005,085434,070722,032499,043739
0000000808,0000807000,083120,072761,082731,061146,038574,043302
0000000809,0000808000,083297,075036,079913,049384,045546,043836
0000000810,0000809000,083370,077582,077264,036697,052653,045245
0000000811,0000810000,083330,080182,075007,024392,059172,047343
0000000812,0000811000,083180,082608,073345,013768,064435,049842
0000000813,0000812000,082937,084609,072453,005940,067960,052385
0000000814,0000813000,082620,086009,072418,001764,069466,054569
0000000815,0000814000,082266,086664,073246,001708,068888,056048
0000000816,0000815000,081910,086470,074905,005804,066398,056553
0000000817,0000816000,081592,085432,077227,013631,062382,055926
0000000818,0000817000,081346,083670,079969,024339,057347,054204
0000000819,0000818000,081198,081360,082851,036798,051884,051545
0000000820,0000819000,081162,078743,085580,049657,046622,048252
0000000821,0000820000,081237,076065,087921,061607,042103,044687
0000000822,0000821000,081423,073553,089656,071376,038798,041285
0000000823,0000822000,081696,071464,090626,077931,037011,038492
0000000824,0000823000,082033,069982,090725,080554,036852,036724
0000000825,0000824000,082396,069264,089946,078927,038235,036315
0000000826,0000825000,082749,069393,088336,073214,040890,037424
0000000827,0000826000,083050,070378,086051,063996,044414,040054
0000000828,0000827000,083270,072117,083318,052288,048327,043964
0000000829,0000828000,083385,074421,080425,039320,052151,048779
0000000830,0000829000,083383,077051,077674,026487,055424,053983
0000000831,0000830000,083271,079759,075292,015108,057792,059026
0000000832,0000831000,083051,082311,073513,006384,058992,063341
0000000833,0000832000,082753,084445,072492,001261,058914,066390
0000000834,0000833000,082401,085973,072335,000292,057639,067741
0000000835,0000834000,082034,086744,073051,003633,055392,067090
0000000836,0000835000,081692,086672,074584,010927,052551,064382
0000000837,0000836000,081412,085757,076790,021421,049543,059771
0000000838,0000837000,081225,084082,079447,033967,046802,053698
0000000839,0000838000,081146,081835,082286,047240,044697,046752
0000000840,0000839000,081186,079247,085002,059829,043515,039653
0000000841,0000840000,081335,076569,087366,070424,043408,033145
0000000842,0000841000,081585,074032,089153,077918,044414,027925
0000000843,0000842000,081906,071896,090202,081476,046445,024615
0000000844,0000843000,082267,070361,090407,080722,049218,023666
0000000845,0000844000,082630,069558,089766,075677,052359,025343
0000000846,0000845000,082954,069572,088343,066888,055396,029594
0000000847,0000846000,083206,070403,086263,055271,057874,036110
0000000848,0000847000,083357,071977,083742,042093,059407,044266
0000000849,0000848000,083397,074112,081027,028746,059742,053260
0000000850,0000849000,083317,076602,078408,016642,058777,062173
0000000851,0000850000,083133,079190,076113,007048,056561,070085
0000000852,0000851000,082856,081652,074367,000963,053290,076166
0000000853,0000852000,082519,083736,073318,-00918,049267,079718
0000000854,0000853000,082155,085246,073071,001596,044970,080281
0000000855,0000854000,081804,086054,073630,008301,040920,077635
0000000856,0000855000,081504,086088,074920,018461,037686,071934
0000000857,0000856000,081285,085357,076826,031013,035736,063638
0000000858,0000857000,081174,083916,079157,044594,035407,053550
0000000859,0000858000,081177,081937,081678,057767,036841,042652
0000000860,0000859000,081295,079619,084123,069142,039956,032058
0000000861,0000860000,081513,077181,086287,077530,044488,022850
0000000862,0000861000,081812,074853,087954,082045,050028,015974
0000000863,0000862000,082159,072881,088965,082175,056032,012198
0000000864,0000863000,082518,071439,089239,077899,061837,011998
0000000865,0000864000,082851,070646,088779,069631,066778,015529
0000000866,0000865000,083120,070570,087642,058266,070209,022540
0000000867,0000866000,083299,071204,085944,045006,071639,032433
0000000868,0000867000,083366,072470,083874,031285,070780,044256
0000000869,0000868000,083321,074236,081617,018555,067626,056837
0000000870,0000869000,083164,076342,079397,008154,062415,068918
0000000871,0000870000,082917,078558,077430,001177,055614,079274
0000000872,0000871000,082601,080676,075908,-01640,047878,086835
0000000873,0000872000,082251,082494,074955,000035,039958,090786
0000000874,0000873000,081904,083828,074663,006025,032696,090659
0000000875,0000874000,081597,084567,075036,015729,026905,086345
0000000876,0000875000,081365,084677,075989,028093,023300,078187
0000000877,0000876000,081231,084164,077429,041806,022371,066926
0000000878,0000877000,081210,083079,079207,055389,024352,053640
0000000879,0000878000,081299,081559,081144,067404,029147,039635
0000000880,0000879000,081492,079743,083051,076592,036337,026318
0000000881,0000880000,081765,077806,084764,081977,045266,015030
0000000882,0000881000,082092,075948,086103,082995,055074,006912
0000000883,0000882000,082438,074360,086944,079511,064788,002834
0000000884,0000883000,082765,073180,087234,071893,073393,003262
0000000885,0000884000,083038,072504,086971,060930,079965,008230
0000000886,0000885000,083226,072382,086208,047808,083724,017316
0000000887,0000886000,083312,072782,085047,033928,084170,029678
0000000888,0000887000,083285,073647,083624,020778,081144,044114
0000000889,0000888000,083151,074889,082059,009755,074852,059203
0000000890,0000889000,082926,076381,080510,002012,065847,073454
0000000891,0000890000,082632,077965,079126,-01623,054976,085430
0000000892,0000891000,082300,079494,078030,-00775,043304,093921
0000000893,0000892000,081967,080816,077319,004489,031979,098051
0000000894,0000893000,081668,081793,077054,013607,022172,097366
0000000895,0000894000,081435,082363,077225,025617,014927,091877
0000000896,0000895000,081296,082499,077769,039226,011058,082093
0000000897,0000896000,081262,082215,078620,052972,011052,068951
0000000898,0000897000,081339,081564,079672,065388,015015,053724
0000000899,0000898000,081514,080638,080811,075150,022639,037919
0000000900,0000899000,081770,079521,081938,081236,033222,023099
0000000901,0000900000,082078,078325,082954,082996,045767,010737
0000000902,0000901000,075727,068391,081342,075587,050231,003739
0000000903,0000902000,078817,061143,088358,066520,050231,001148
0000000904,0000903000,079968,062956,082549,050619,050231,-00583
0000000905,0000904000,086394,077332,084318,040701,050231,009722
0000000906,0000905000,095118,076135,086844,040701,050231,020933
0000000907,0000906000,094365,065075,081041,040701,050231,036415
0000000908,0000907000,095452,081475,087012,040701,050231,048879
0000000909,0000908000,077922,084273,062261,040701,050231,048879
0000000910,0000909000,090154,094476,064966,040701,050231,048879
0000000911,0000910000,088237,084459,075694,040701,050231,048879
0000000912,0000911000,069598,077520,077457,040701,050231,048879
0000000913,0000912000,075197,099998,083776,040701,050231,048879
0000000914,0000913000,070408,090188,070226,040701,050231,048879
0000000915,0000914000,076806,080651,085265,040701,050231,048879
0000000916,0000915000,073752,078764,099998,040701,050231,048879
0000000917,0000916000,061613,077329,087369,040701,050231,048879
0000000918,0000917000,078722,085969,089307,040701,050231,048879
0000000919,0000918000,081419,066061,088948,040701,050231,048879
0000000920,0000919000,080773,059422,097481,040701,050231,048879
0000000921,0000920000,083961,073188,096549,040701,050231,048879
0000000922,0000921000,083102,070564,075863,040701,050231,048879
0000000923,0000922000,098560,068985,081860,040701,050231,048879
0000000924,0000923000,094750,061110,085173,040701,050231,048879
0000000925,0000924000,087211,069701,077784,040701,050231,048879
0000000926,0000925000,094635,087193,070911,040701,050231,048879
0000000927,0000926000,092403,077873,062851,040701,050231,048879
0000000928,0000927000,092334,077298,075860,040701,050231,048879
0000000929,0000928000,082277,085425,076728,040701,050231,048879
0000000930,0000929000,075733,092551,065383,040701,050231,048879
0000000931,0000930000,083985,094903,071686,040701,050231,048879
0000000932,0000931000,075797,081303,079365,040701,050231,048879
0000000933,0000932000,069039,085222,088104,040701,050231,048879
0000000934,0000933000,068698,093065,084748,040701,050231,048879
0000000935,0000934000,070809,083110,080235,040701,050231,048879
0000000936,0000935000,078081,074506,095420,040701,050231,048879
0000000937,0000936000,071350,069600,098312,040701,050231,048879
0000000938,0000937000,072662,075929,091485,040701,050231,048879
0000000939,0000938000,084736,074880,087716,040701,050231,048879
0000000940,0000939000,087492,059795,088277,040701,050231,048879
0000000941,0000940000,088969,062197,094426,040701,050231,048879
0000000942,0000941000,087245,070915,083262,040701,050231,048879
0000000943,0000942000,093060,073809,071790,040701,050231,048879
0000000944,0000943000,099998,070701,076413,040701,050231,048879
0000000945,0000944000,091861,068365,077111,040701,050231,048879
0000000946,0000945000,088093,083010,072499,040701,050231,048879
0000000947,0000946000,089035,089521,064389,040701,050231,048879
0000000948,0000947000,088054,083261,066751,040701,050231,048879
0000000949,0000948000,083097,084672,078434,040701,050231,048879
0000000950,0000949000,072473,090507,076094,040701,050231,048879
0000000951,0000950000,073442,095485,073149,040701,050231,048879
0000000952,0000951000,076208,088012,079689,040701,050231,048879
0000000953,0000952000,070337,078577,089237,040701,050231,048879
0000000954,0000953000,067969,083559,093464,040701,050231,048879
0000000955,0000954000,069701,083619,087207,040701,050231,048879
0000000956,0000955000,077222,074278,089502,040701,050231,048879
0000000957,0000956000,080307,066099,097937,040701,050231,048879
0000000958,0000957000,077385,066111,095217,040701,050231,048879
0000000959,0000958000,083862,072253,087662,040701,050231,048879
0000000960,0000959000,091543,067425,082646,040701,050231,048879
0000000961,0000960000,093816,061462,085080,040701,050231,048879
0000000962,0000961000,092464,067706,084140,040701,050231,048879
0000000963,0000962000,091160,075872,072494,040701,050231,048879
0000000964,0000963000,095838,078754,068141,040701,050231,048879
0000000965,0000964000,094617,075975,071763,040701,050231,048879
0000000966,0000965000,086697,080225,073154,040701,050231,048879
0000000967,0000966000,082949,091311,069689,040701,050231,048879
0000000968,0000967000,081707,091970,066698,040701,050231,048879
0000000969,0000968000,080102,087058,074787,040701,050231,048879
0000000970,0000969000,073307,086654,082835,040701,050231,048879
0000000971,0000970000,067797,090492,081798,040701,050231,048879
0000000972,0000971000,071073,090025,082315,040701,050231,048879
0000000973,0000972000,073005,079514,088596,040701,050231,048879
0000000974,0000973000,071520,073709,096189,040701,050231,048879
0000000975,0000974000,071554,076277,095158,040701,050231,048879
0000000976,0000975000,076752,074298,089261,040701,050231,048879
0000000977,0000976000,085036,066661,091141,040701,050231,048879
0000000978,0000977000,086352,061591,093735,040701,050231,048879
0000000979,0000978000,086203,066300,088610,040701,050231,048879
0000000980,0000979000,091759,071629,079589,040701,050231,048879
0000000981,0000980000,096485,068322,075865,040701,050231,048879
0000000982,0000981000,096012,067919,078382,040701,050231,048879
0000000983,0000982000,091316,076134,074617,040701,050231,048879
0000000984,0000983000,089899,084620,066463,040701,050231,048879
0000000985,0000984000,091507,084778,066539,040701,050231,048879
0000000986,0000985000,086285,082659,072132,040701,050231,048879
0000000987,0000986000,077990,088936,074958,040701,050231,048879
0000000988,0000987000,075171,094701,072426,040701,050231,048879
0000000989,0000988000,075624,090759,074602,040701,050231,048879
0000000990,0000989000,073009,084431,085167,040701,050231,048879
0000000991,0000990000,067659,084105,089651,040701,050231,048879
0000000992,0000991000,068115,085734,087771,040701,050231,048879
0000000993,0000992000,073732,079267,089370,040701,050231,048879
0000000994,0000993000,076263,069405,095430,040701,050231,048879
0000000995,0000994000,076385,068521,097434,040701,050231,048879
0000000996,0000995000,079858,070778,091068,040701,050231,048879
0000000997,0000996000,087719,067571,086186,040701,050231,048879
0000000998,0000997000,092126,062686,087541,040701,050231,048879
0000000999,0000998000,091170,064370,085715,040701,050231,048879
0000001000,0000999000,092495,072112,077472,040701,050231,048879
0000001001,0001000000,095831,074916,071174,040701,050231,048879
0000001002,0001001000,095789,073935,071682,040701,050231,048879
0000001003,0001002000,090968,078574,072754,040701,050231,048879
0000001004,0001003000,086037,086663,068722,040701,050231,048879
0000001005,0001004000,084848,090292,066733,040701,050231,048879
0000001006,0001005000,082218,088210,071607,040701,050231,048879
0000001007,0001006000,075815,087901,077696,040701,050231,048879
0000001008,0001007000,071069,091558,079564,040701,050231,048879
0000001009,0001008000,070465,090812,080322,040701,050231,048879
0000001010,0001009000,071449,084053,086225,040701,050231,048879
0000001011,0001010000,070501,078511,093065,040701,050231,048879
0000001012,0001011000,069937,077537,093988,040701,050231,048879
0000001013,0001012000,074195,075925,091946,040701,050231,048879
0000001014,0001013000,080106,069204,092436,040701,050231,048879
0000001015,0001014000,083486,063899,094260,040701,050231,048879
0000001016,0001015000,085318,065394,091359,040701,050231,048879
0000001017,0001016000,089275,068208,084052,040701,050231,048879
0000001018,0001017000,094727,067480,079739,040701,050231,048879
0000001019,0001018000,095999,066795,079056,040701,050231,048879
0000001020,0001019000,093544,072163,075904,040701,050231,048879
0000001021,0001020000,092295,080162,069588,040701,050231,048879
0000001022,0001021000,092385,082413,066809,040701,050231,048879
0000001023,0001022000,089474,082479,069897,040701,050231,048879
0000001024,0001023000,082483,087158,072264,040701,050231,048879
0000001025,0001024000,077438,092928,071250,040701,050231,048879
0000001026,0001025000,076767,092326,072905,040701,050231,048879
0000001027,0001026000,074151,087358,080178,040701,050231,048879
0000001028,0001027000,069022,085961,086798,040701,050231,048879
0000001029,0001028000,067659,087116,087152,040701,050231,048879
0000001030,0001029000,071008,082523,088118,040701,050231,048879
0000001031,0001030000,074417,073290,094202,040701,050231,048879
0000001032,0001031000,074220,070570,096996,040701,050231,048879
0000001033,0001032000,076787,071596,093334,040701,050231,048879
0000001034,0001033000,084649,068165,089145,040701,050231,048879
0000001035,0001034000,089555,062773,089330,040701,050231,048879
0000001036,0001035000,090089,063538,088237,040701,050231,048879
0000001037,0001036000,091920,069413,080482,040701,050231,048879
0000001038,0001037000,095790,072018,073916,040701,050231,048879
0000001039,0001038000,096729,071743,073456,040701,050231,048879
0000001040,0001039000,092746,076138,072825,040701,050231,048879
0000001041,0001040000,088815,084525,068481,040701,050231,048879
0000001042,0001041000,087736,087722,066379,040701,050231,048879
0000001043,0001042000,084525,087083,070123,040701,050231,048879
0000001044,0001043000,077668,089076,075136,040701,050231,048879
0000001045,0001044000,073259,092301,076204,040701,050231,048879
0000001046,0001045000,072299,091418,078064,040701,050231,048879
0000001047,0001046000,071005,085958,084907,040701,050231,048879
0000001048,0001047000,068987,082247,090483,040701,050231,048879
0000001049,0001048000,069139,080842,091885,040701,050231,048879
0000001050,0001049000,072814,076779,092186,040701,050231,048879
0000001051,0001050000,077044,070524,094205,040701,050231,048879
0000001052,0001051000,080024,066597,095247,040701,050231,048879
0000001053,0001052000,083524,066272,091945,040701,050231,048879
0000001054,0001053000,088359,066523,086955,040701,050231,048879
0000001055,0001054000,092704,065418,083684,040701,050231,048879
0000001056,0001055000,094638,066164,080954,040701,050231,048879
0000001057,0001056000,094605,070750,076509,040701,050231,048879
0000001058,0001057000,094326,076137,071298,040701,050231,048879
0000001059,0001058000,093580,079500,068737,040701,050231,048879
0000001060,0001059000,090668,081856,069296,040701,050231,048879
0000001061,0001060000,085599,086316,069840,040701,050231,048879
0000001062,0001061000,080701,091166,069971,040701,050231,048879
0000001063,0001062000,078027,091691,072073,040701,050231,048879
0000001064,0001063000,074985,089377,077435,040701,050231,048879
0000001065,0001064000,070364,088343,083134,040701,050231,048879
0000001066,0001065000,068132,088103,085516,040701,050231,048879
0000001067,0001066000,069792,084198,087837,040701,050231,048879
0000001068,0001067000,072136,076794,092857,040701,050231,048879
0000001069,0001068000,072843,072926,096038,040701,050231,048879
0000001070,0001069000,075228,072227,094381,040701,050231,048879
0000001071,0001070000,081699,068553,091515,040701,050231,048879
0000001072,0001071000,087521,063455,090836,040701,050231,048879
0000001073,0001072000,088893,063501,089398,040701,050231,048879
0000001074,0001073000,090985,067703,083116,040701,050231,048879
0000001075,0001074000,095634,070111,076080,040701,050231,048879
0000001076,0001075000,096981,069880,074928,040701,050231,048879
0000001077,0001076000,093938,074084,073761,040701,050231,048879
0000001078,0001077000,090051,083546,068255,040701,050231,048879
0000001079,0001078000,090014,085323,066419,040701,050231,048879
0000001080,0001079000,087205,084988,069668,040701,050231,048879
0000001081,0001080000,078170,089685,073851,040701,050231,048879
0000001082,0001081000,075357,093195,073291,040701,050231,048879
0000001083,0001082000,075123,091333,075362,040701,050231,048879
0000001084,0001083000,070775,086201,084874,040701,050231,048879
0000001085,0001084000,067581,085682,088505,040701,050231,048879
0000001086,0001085000,068856,084544,088359,040701,050231,048879
0000001087,0001086000,073026,076741,091990,040701,050231,048879
0000001088,0001087000,074588,070847,096445,040701,050231,048879
0000001089,0001088000,075959,069998,095878,040701,050231,048879
0000001090,0001089000,082469,068219,091114,040701,050231,048879
0000001091,0001090000,088899,064316,088545,040701,050231,048879
0000001092,0001091000,090615,063209,087920,040701,050231,048879
0000001093,0001092000,091940,067060,082843,040701,050231,048879
0000001094,0001093000,095495,071047,075297,040701,050231,048879
0000001095,0001094000,096783,072204,072840,040701,050231,048879
0000001096,0001095000,094027,075624,072113,040701,050231,048879
0000001097,0001096000,089905,083138,068738,040701,050231,048879
0000001098,0001097000,088148,086641,066998,040701,050231,048879
0000001099,0001098000,084820,087811,069220,040701,050231,048879
0000001100,0001099000,077843,090300,073649,040701,050231,048879
0000001101,0001100000,074565,091844,075406,040701,050231,048879
