0000000001,0000000000,089676,087708,075811,084802,089209,074253
0000000002,0000001000,087128,090141,075925,081785,091926,074552
0000000003,0000002000,084277,091996,076923,078490,093917,075857
0000000004,0000003000,081427,093062,078706,075230,094991,078043
0000000005,0000004000,078849,093238,081108,072327,095040,080897
0000000006,0000005000,076773,092536,083886,070068,094059,084137
0000000007,0000006000,075428,091004,086761,068673,092148,087443
0000000008,0000007000,074955,088773,089467,068277,089488,090498
0000000009,0000008000,075365,086093,091736,068920,086343,093001
0000000010,0000009000,076629,083230,093337,070537,083023,094704
0000000011,0000010000,078652,080428,094115,072973,079849,095442
0000000012,0000011000,081212,077981,094002,075989,077131,095143
0000000013,0000012000,084040,076150,093005,079287,075139,093838
0000000014,0000013000,086894,075080,091220,082546,074066,091652
0000000015,0000014000,089493,074883,088819,085448,074017,088798
0000000016,0000015000,091550,075604,086041,087707,074999,085558
0000000017,0000016000,092887,077143,083165,089103,076909,082252
0000000018,0000017000,093385,079350,080460,089499,079568,079197
0000000019,0000018000,092966,082038,078191,088854,082715,076694
0000000020,0000019000,091684,084920,076591,087238,086035,074991
0000000021,0000020000,089681,087702,075811,084804,089207,074253
0000000022,0000021000,087126,090144,075925,081785,091927,074552
0000000023,0000022000,084274,091999,076922,078487,093920,075857
0000000024,0000023000,081431,093058,078706,075231,094989,078043
0000000025,0000024000,078848,093239,081108,072328,095039,080897
0000000026,0000025000,076771,092538,083885,070066,094061,084137
0000000027,0000026000,075431,091002,086761,068673,092148,087443
0000000028,0000027000,074953,088774,089467,068277,089488,090498
0000000029,0000028000,075362,086096,091736,068918,086344,093001
0000000030,0000029000,076632,083227,093336,070537,083023,094704
0000000031,0000030000,078652,080428,094116,072973,079849,095442
0000000032,0000031000,081207,077985,094002,075988,077132,095143
0000000033,0000032000,084043,076147,093004,079287,075139,093838
0000000034,0000033000,086897,075077,091220,082545,074066,091652
0000000035,0000034000,089488,074887,088820,085446,074019,088798
0000000036,0000035000,091550,075604,086041,087707,074998,085559
0000000037,0000036000,092892,077138,083165,089103,076908,082252
0000000038,0000037000,093382,079353,080460,089497,079569,079198
0000000039,0000038000,092962,082041,078191,088854,082715,076694
0000000040,0000039000,091689,084916,076590,087238,086034,074991
0000000041,0000040000,089682,087701,075811,084802,089208,074254
0000000042,0000041000,087121,090149,075925,081785,091927,074552
0000000043,0000042000,084277,091996,076922,078488,093918,075857
0000000044,0000043000,081435,093054,078706,075230,094990,078043
0000000045,0000044000,078844,093244,081108,072327,095040,080897
0000000046,0000045000,076769,092540,083885,070067,094060,084136
0000000047,0000046000,075436,090997,086761,068673,092148,087443
0000000048,0000047000,074952,088776,089467,068276,089490,090498
0000000049,0000048000,075358,086100,091736,068919,086344,093001
0000000050,0000049000,076635,083224,093336,070537,083023,094704
0000000051,0000050000,078653,080426,094116,072972,079850,095442
0000000052,0000051000,081203,077990,094003,075988,077133,095143
0000000053,0000052000,084044,076146,093005,079287,075139,093838
0000000054,0000053000,086899,075074,091221,082544,074067,091653
0000000055,0000054000,089485,074890,088820,085445,074020,088799
0000000056,0000055000,091549,075604,086042,087706,074998,085559
0000000057,0000056000,092895,077134,083166,089102,076909,082253
0000000058,0000057000,093381,079353,080460,089496,079569,079198
0000000059,0000058000,092961,082043,078191,088854,082714,076695
0000000060,0000059000,091692,084912,076590,087238,086033,074992
0000000061,0000060000,089683,087701,075811,084801,089208,074254
0000000062,0000061000,087120,090151,075924,081785,091926,074553
0000000063,0000062000,084279,091994,076921,078488,093917,075858
0000000064,0000063000,081436,093054,078705,075230,094990,078043
0000000065,0000064000,078842,093246,081107,072327,095040,080897
0000000066,0000065000,076771,092539,083884,070068,094060,084136
0000000067,0000066000,075437,090997,086761,068673,092148,087442
0000000068,0000067000,074948,088779,089467,068277,089490,090497
0000000069,0000068000,075358,086101,091736,068919,086344,093000
0000000070,0000069000,076637,083222,093336,070537,083024,094703
0000000071,0000070000,078649,080429,094116,072971,079852,095441
0000000072,0000071000,081201,077991,094003,075987,077134,095143
0000000073,0000072000,084046,076143,093006,079285,075140,093838
0000000074,0000073000,086897,075075,091222,082542,074069,091653
0000000075,0000074000,089482,074892,088821,085444,074020,088799
0000000076,0000075000,091552,075601,086042,087705,074998,085560
0000000077,0000076000,092896,077133,083166,089100,076910,082254
0000000078,0000077000,093379,079356,080461,089495,079569,079200
0000000079,0000078000,092964,082040,078191,088854,082713,076697
0000000080,0000079000,091695,084909,076590,087237,086033,074994
0000000081,0000080000,089681,087703,075811,084801,089207,074256
0000000082,0000081000,087120,090151,075923,081786,091924,074554
0000000083,0000082000,084283,091991,076920,078489,093916,075859
0000000084,0000083000,081435,093056,078704,075231,094989,078043
0000000085,0000084000,078840,093249,081105,072329,095038,080896
0000000086,0000085000,076774,092538,083883,070070,094059,084135
0000000087,0000086000,075437,090998,086760,068674,092149,087441
0000000088,0000087000,074945,088783,089466,068278,089490,090495
0000000089,0000088000,075359,086101,091735,068921,086345,092998
0000000090,0000089000,076637,083222,093336,070536,083026,094701
0000000091,0000090000,078646,080433,094117,072971,079854,095439
0000000092,0000091000,081200,077991,094004,075987,077135,095141
0000000093,0000092000,084046,076141,093007,079284,075143,093837
0000000094,0000093000,086895,075076,091224,082540,074071,091653
0000000095,0000094000,089481,074892,088822,085442,074021,088800
0000000096,0000095000,091554,075597,086044,087703,074999,085561
0000000097,0000096000,092895,077132,083168,089097,076911,082256
0000000098,0000097000,093378,079355,080462,089493,079569,079202
0000000099,0000098000,092967,082037,078191,088852,082712,076699
0000000100,0000099000,091697,084908,076590,087236,086032,074996
0000000101,0000100000,089681,087704,075810,084801,089205,074258
0000000102,0000101000,087124,090149,075922,081787,091922,074555
0000000103,0000102000,084286,091990,076919,078490,093914,075859
0000000104,0000103000,081434,093058,078702,075233,094987,078044
0000000105,0000104000,078842,093250,081103,072332,095036,080896
0000000106,0000105000,076776,092538,083881,070072,094058,084134
0000000107,0000106000,075435,091001,086758,068676,092148,087439
0000000108,0000107000,074944,088786,089464,068280,089490,090493
0000000109,0000108000,075359,086101,091735,068922,086346,092996
0000000110,0000109000,076634,083224,093337,070537,083028,094699
0000000111,0000110000,078642,080435,094118,072971,079856,095437
0000000112,0000111000,081200,077990,094005,075986,077138,095140
0000000113,0000112000,084044,076141,093009,079282,075146,093836
0000000114,0000113000,086891,075077,091226,082537,074074,091652
0000000115,0000114000,089481,074889,088825,085440,074023,088800
0000000116,0000115000,091554,075594,086047,087699,075001,085563
0000000117,0000116000,092894,077131,083170,089094,076911,082258
0000000118,0000117000,093380,079352,080463,089491,079568,079205
0000000119,0000118000,092971,082032,078192,088850,082711,076702
0000000120,0000119000,091698,084907,076590,087235,086030,074999
0000000121,0000120000,089683,087703,075809,084801,089202,074261
0000000122,0000121000,087128,090146,075920,081788,091918,074558
0000000123,0000122000,084288,091991,076916,078492,093911,075861
0000000124,0000123000,081435,093061,078699,075236,094984,078044
0000000125,0000124000,078845,093250,081100,072335,095033,080895
0000000126,0000125000,076777,092539,083879,070075,094056,084132
0000000127,0000126000,075433,091006,086756,068679,092148,087436
0000000128,0000127000,074943,088789,089463,068283,089491,090490
0000000129,0000128000,075358,086102,091734,068924,086348,092992
0000000130,0000129000,076629,083229,093337,070538,083031,094695
0000000131,0000130000,078638,080438,094119,072971,079859,095434
0000000132,0000131000,081198,077990,094008,075985,077142,095137
0000000133,0000132000,084040,076142,093013,079279,075150,093834
0000000134,0000133000,086888,075077,091230,082534,074077,091652
0000000135,0000134000,089481,074886,088828,085436,074026,088801
0000000136,0000135000,091554,075591,086050,087695,075003,085565
0000000137,0000136000,092893,077129,083173,089090,076912,082261
0000000138,0000137000,093383,079348,080465,089488,079567,079209
0000000139,0000138000,092974,082028,078193,088847,082710,076707
0000000140,0000139000,091700,084905,076590,087233,086027,075003
0000000141,0000140000,089687,087700,075807,084802,089197,074264
0000000142,0000141000,087133,090144,075918,081789,091914,074561
0000000143,0000142000,084290,091992,076913,078494,093907,075863
0000000144,0000143000,081438,093062,078695,075240,094979,078044
0000000145,0000144000,078848,093251,081096,072340,095030,080894
0000000146,0000145000,076776,092543,083875,070080,094054,084130
0000000147,0000146000,075431,091011,086753,068684,092147,087433
0000000148,0000147000,074942,088792,089460,068287,089491,090485
0000000149,0000148000,075355,086107,091733,068926,086350,092987
0000000150,0000149000,076624,083234,093337,070539,083034,094690
0000000151,0000150000,078635,080440,094121,072971,079864,095429
0000000152,0000151000,081194,077990,094011,075983,077148,095134
0000000153,0000152000,084035,076143,093016,079276,075156,093832
0000000154,0000153000,086885,075076,091234,082530,074082,091652
0000000155,0000154000,089480,074882,088833,085430,074031,088803
0000000156,0000155000,091552,075588,086055,087689,075006,085568
0000000157,0000156000,092894,077125,083176,089085,076913,082266
0000000158,0000157000,093386,079341,080467,089483,079567,079214
0000000159,0000158000,092977,082024,078194,088844,082707,076713
0000000160,0000159000,091704,084902,076589,087232,086023,075009
0000000161,0000160000,089694,087696,075805,084802,089192,074270
0000000162,0000161000,087139,090142,075914,081791,091908,074565
0000000163,0000162000,084294,091993,076908,078498,093900,075865
0000000164,0000163000,081442,093063,078690,075245,094974,078045
0000000165,0000164000,078851,093253,081091,072346,095025,080893
0000000166,0000165000,076776,092549,083870,070086,094051,084126
0000000167,0000166000,075430,091016,086748,068691,092145,087428
0000000168,0000167000,074941,088796,089458,068292,089492,090479
0000000169,0000168000,075350,086113,091732,068930,086353,092980
0000000170,0000169000,076618,083239,093338,070541,083039,094683
0000000171,0000170000,078630,080442,094123,072971,079870,095423
0000000172,0000171000,081188,077992,094015,075980,077155,095129
0000000173,0000172000,084029,076144,093022,079271,075162,093830
0000000174,0000173000,086882,075073,091240,082524,074088,091651
0000000175,0000174000,089477,074878,088839,085423,074036,088805
0000000176,0000175000,091550,075584,086060,087682,075010,085572
0000000177,0000176000,092896,077118,083181,089078,076914,082271
0000000178,0000177000,093390,079334,080471,089477,079566,079221
0000000179,0000178000,092981,082018,078196,088840,082704,076720
0000000180,0000179000,091710,084896,076588,087230,086017,075017
0000000181,0000180000,089701,087691,075802,084802,089185,074276
0000000182,0000181000,087144,090140,075910,081793,091901,074570
0000000183,0000182000,084299,091993,076902,078503,093893,075868
0000000184,0000183000,081448,093064,078683,075252,094966,078045
0000000185,0000184000,078853,093258,081084,072353,095020,080891
0000000186,0000185000,076776,092555,083863,070094,094047,084122
0000000187,0000186000,075429,091022,086743,068698,092144,087421
0000000188,0000187000,074937,088803,089454,068299,089493,090471
0000000189,0000188000,075343,086121,091730,068935,086357,092972
0000000190,0000189000,076612,083244,093338,070544,083045,094675
0000000191,0000190000,078624,080446,094126,072970,079877,095416
0000000192,0000191000,081180,077996,094020,075977,077163,095124
0000000193,0000192000,084023,076144,093028,079266,075171,093826
0000000194,0000193000,086877,075070,091247,082517,074096,091651
0000000195,0000194000,089474,074874,088847,085414,074043,088807
0000000196,0000195000,091549,075579,086067,087673,075014,085577
0000000197,0000196000,092898,077110,083187,089070,076916,082278
0000000198,0000197000,093394,079326,080475,089470,079565,079229
0000000199,0000198000,092986,082012,078197,088834,082700,076729
0000000200,0000199000,091718,084889,076588,087227,086011,075026
0000000201,0000200000,089710,087686,075799,084802,089177,074284
0000000202,0000201000,087152,090138,075905,081796,091891,074576
0000000203,0000202000,084307,091993,076895,078509,093883,075872
0000000204,0000203000,081454,093066,078675,075260,094958,078046
0000000205,0000204000,078856,093263,081076,072362,095013,080888
0000000206,0000205000,076777,092562,083856,070104,094043,084117
0000000207,0000206000,075428,091030,086737,068708,092142,087414
0000000208,0000207000,074933,088812,089450,068307,089495,090462
0000000209,0000208000,075337,086130,091728,068940,086361,092962
0000000210,0000209000,076605,083251,093339,070547,083052,094665
0000000211,0000210000,078615,080451,094130,072970,079887,095407
0000000212,0000211000,081170,077999,094026,075974,077173,095117
0000000213,0000212000,084015,076144,093036,079260,075181,093823
0000000214,0000213000,086871,075067,091257,082508,074106,091650
0000000215,0000214000,089469,074869,088856,085404,074050,088809
0000000216,0000215000,091548,075571,086076,087662,075019,085582
0000000217,0000216000,092901,077100,083194,089059,076918,082287
0000000218,0000217000,093398,079317,080480,089461,079563,079240
0000000219,0000218000,092993,082003,078199,088828,082695,076740
0000000220,0000219000,091727,084881,076587,087224,086003,075037
0000000221,0000220000,089719,087680,075795,084802,089167,074294
0000000222,0000221000,087161,090136,075898,081800,091880,074583
0000000223,0000222000,084316,091993,076886,078516,093871,075876
0000000224,0000223000,081461,093069,078665,075269,094947,078047
0000000225,0000224000,078860,093270,081065,072374,095004,080885
0000000226,0000225000,076778,092570,083846,070116,094037,084111
0000000227,0000226000,075427,091039,086729,068719,092140,087405
0000000228,0000227000,074927,088823,089444,068316,089497,090451
0000000229,0000228000,075329,086140,091726,068947,086367,092950
0000000230,0000229000,076595,083259,093340,070550,083060,094653
0000000231,0000230000,078603,080458,094134,072969,079898,095397
0000000232,0000231000,081159,078003,094033,075969,077186,095109
0000000233,0000232000,084006,076143,093045,079252,075194,093818
0000000234,0000233000,086864,075063,091267,082497,074117,091649
0000000235,0000234000,089464,074863,088867,085392,074059,088812
0000000236,0000235000,091547,075561,086086,087649,075025,085589
0000000237,0000236000,092903,077090,083202,089047,076920,082297
0000000238,0000237000,093403,079306,080486,089450,079561,079252
0000000239,0000238000,093001,081992,078202,088821,082689,076753
0000000240,0000239000,091738,084871,076586,087220,085994,075050
0000000241,0000240000,089730,087674,075791,084803,089155,074305
0000000242,0000241000,087172,090132,075890,081805,091867,074592
0000000243,0000242000,084327,091992,076876,078525,093858,075881
0000000244,0000243000,081469,093073,078653,075281,094935,078048
0000000245,0000244000,078865,093277,081053,072387,094995,080882
0000000246,0000245000,076780,092580,083835,070130,094031,084103
0000000247,0000246000,075424,091051,086720,068732,092138,087394
0000000248,0000247000,074920,088836,089438,068327,089499,090438
0000000249,0000248000,075320,086151,091723,068955,086373,092935
0000000250,0000249000,076584,083269,093342,070554,083070,094640
0000000251,0000250000,078590,080466,094139,072969,079910,095385
0000000252,0000251000,081147,078007,094041,075964,077200,095100
0000000253,0000252000,083995,076143,093056,079243,075208,093812
0000000254,0000253000,086855,075060,091280,082485,074131,091648
0000000255,0000254000,089458,074856,088880,085377,074070,088816
0000000256,0000255000,091546,075550,086098,087634,075032,085597
0000000257,0000256000,092905,077077,083212,089033,076922,082308
0000000258,0000257000,093409,079293,080493,089439,079559,079266
0000000259,0000258000,093012,081978,078205,088813,082682,076769
0000000260,0000259000,091751,084860,076584,087216,085983,075065
0000000261,0000260000,089744,087666,075785,084804,089142,074318
0000000262,0000261000,087186,090127,075881,081811,091851,074602
0000000263,0000262000,084339,091992,076864,078534,093842,075887
0000000264,0000263000,081478,093078,078640,075294,094921,078049
0000000265,0000264000,078871,093285,081039,072403,094983,080878
0000000266,0000265000,076782,092591,083822,070146,094023,084094
0000000267,0000266000,075421,091065,086709,068747,092135,087381
0000000268,0000267000,074913,088851,089430,068340,089501,090422
0000000269,0000268000,075310,086165,091720,068964,086380,092919
0000000270,0000269000,076570,083281,093343,070558,083082,094623
0000000271,0000270000,078575,080475,094145,072968,079925,095371
0000000272,0000271000,081133,078012,094051,075958,077216,095089
0000000273,0000272000,083982,076143,093069,079232,075225,093806
0000000274,0000273000,086844,075056,091295,082470,074146,091647
0000000275,0000274000,089452,074847,088895,085361,074082,088820
0000000276,0000275000,091545,075538,086112,087617,075040,085607
0000000277,0000276000,092908,077063,083224,089016,076925,082322
0000000278,0000277000,093417,079278,080500,089425,079556,079282
0000000279,0000278000,093024,081963,078208,088803,082674,076786
0000000280,0000279000,091765,084847,076583,087211,085970,075082
0000000281,0000280000,089759,087656,075779,084805,089126,074333
0000000282,0000281000,087202,090122,075870,081817,091833,074613
0000000283,0000282000,084353,091992,076850,078546,093825,075893
0000000284,0000283000,081489,093083,078624,075309,094905,078050
0000000285,0000284000,078878,093294,081023,072420,094970,080873
0000000286,0000285000,076784,092604,083807,070165,094015,084084
0000000287,0000286000,075417,091081,086696,068764,092132,087367
0000000288,0000287000,074905,088867,089422,068355,089504,090405
0000000289,0000288000,075298,086181,091716,068975,086389,092900
0000000290,0000289000,076555,083295,093345,070563,083096,094605
0000000291,0000290000,078558,080485,094151,072967,079942,095355
0000000292,0000291000,081116,078017,094062,075952,077235,095077
0000000293,0000292000,083967,076144,093084,079220,075244,093799
0000000294,0000293000,086832,075051,091312,082454,074163,091646
0000000295,0000294000,089445,074837,088913,085342,074096,088825
0000000296,0000295000,091542,075524,086128,087597,075049,085617
0000000297,0000296000,092911,077046,083237,088998,076928,082337
0000000298,0000297000,093426,079260,080510,089409,079553,079301
0000000299,0000298000,093037,081946,078213,088792,082665,076807
0000000300,0000299000,091781,084833,076581,087206,085956,075101
0000000301,0000300000,089778,087645,075772,084806,089107,074351
0000000302,0000301000,087221,090115,075859,081824,091813,074626
0000000303,0000302000,084369,091991,076835,078559,093804,075901
0000000304,0000303000,081501,093088,078605,075327,094886,078051
0000000305,0000304000,078886,093304,081004,072441,094955,080868
0000000306,0000305000,076786,092619,083790,070185,094005,084073
0000000307,0000306000,075413,091099,086682,068784,092129,087350
0000000308,0000307000,074896,088886,089412,068371,089507,090385
0000000309,0000308000,075284,086199,091712,068986,086399,092879
0000000310,0000309000,076537,083311,093346,070569,083111,094584
0000000311,0000310000,078539,080497,094159,072966,079961,095336
0000000312,0000311000,081097,078023,094075,075944,077257,095063
0000000313,0000312000,083949,076144,093101,079206,075266,093791
0000000314,0000313000,086818,075045,091331,082436,074183,091645
0000000315,0000314000,089437,074825,088933,085320,074112,088831
0000000316,0000315000,091540,075508,086147,087575,075059,085630
0000000317,0000316000,092915,077027,083253,088977,076932,082355
0000000318,0000317000,093436,079239,080520,089392,079550,079322
0000000319,0000318000,093051,081926,078217,088779,082655,076829
0000000320,0000319000,091799,084816,076580,087200,085940,075123
0000000321,0000320000,089798,087632,075764,084807,089087,074370
0000000322,0000321000,087241,090108,075845,081833,091790,074641
0000000323,0000322000,084387,091991,076817,078573,093781,075909
0000000324,0000323000,081516,093094,078585,075346,094865,078052
0000000325,0000324000,078896,093316,080983,072463,094939,080862
0000000326,0000325000,076789,092636,083770,070209,093995,084060
0000000327,0000326000,075410,091119,086666,068806,092125,087332
0000000328,0000327000,074886,088907,089400,068390,089511,090363
0000000329,0000328000,075268,086220,091707,068999,086410,092855
0000000330,0000329000,076517,083329,093348,070575,083128,094561
0000000331,0000330000,078518,080510,094167,072964,079983,095316
0000000332,0000331000,081075,078031,094089,075935,077281,095048
0000000333,0000332000,083930,076145,093120,079191,075290,093783
0000000334,0000333000,086803,075039,091353,082415,074205,091644
0000000335,0000334000,089427,074813,088955,085296,074129,088838
0000000336,0000335000,091536,075491,086168,087550,075070,085643
0000000337,0000336000,092919,077006,083270,088954,076935,082374
0000000338,0000337000,093446,079216,080532,089372,079546,079346
0000000339,0000338000,093068,081905,078223,088766,082643,076854
0000000340,0000339000,091820,084797,076578,087194,085922,075148
0000000341,0000340000,089821,087618,075755,084808,089064,074391
0000000342,0000341000,087264,090101,075830,081842,091765,074657
0000000343,0000342000,084407,091991,076797,078590,093756,075918
0000000344,0000343000,081532,093101,078562,075368,094842,078053
0000000345,0000344000,078906,093329,080960,072488,094920,080855
0000000346,0000345000,076792,092655,083748,070235,093983,084046
0000000347,0000346000,075406,091142,086647,068831,092121,087311
0000000348,0000347000,074875,088931,089388,068410,089516,090338
0000000349,0000348000,075250,086243,091701,069013,086422,092828
0000000350,0000349000,076496,083349,093350,070581,083147,094535
0000000351,0000350000,078493,080525,094176,072963,080007,095294
0000000352,0000351000,081051,078039,094105,075925,077308,095031
0000000353,0000352000,083908,076146,093141,079173,075317,093773
0000000354,0000353000,086786,075031,091377,082392,074229,091643
0000000355,0000354000,089416,074799,088980,085270,074148,088845
0000000356,0000355000,091533,075471,086191,087523,075082,085658
0000000357,0000356000,092924,076982,083289,088928,076939,082396
0000000358,0000357000,093458,079191,080546,089351,079541,079372
0000000359,0000358000,093086,081880,078229,088751,082630,076882
0000000360,0000359000,091843,084776,076576,087187,085902,075175
0000000361,0000360000,089847,087602,075746,084810,089039,074415
0000000362,0000361000,087289,090092,075814,081853,091737,074674
0000000363,0000362000,084430,091990,076775,078608,093728,075928
0000000364,0000363000,081551,093108,078537,075393,094817,078054
0000000365,0000364000,078918,093344,080933,072516,094900,080847
0000000366,0000365000,076796,092676,083723,070264,093970,084030
0000000367,0000366000,075401,091167,086627,068858,092117,087288
0000000368,0000367000,074863,088958,089373,068432,089521,090310
0000000369,0000368000,075231,086269,091694,069029,086436,092799
0000000370,0000369000,076471,083372,093352,070589,083168,094507
0000000371,0000370000,078467,080542,094186,072961,080034,095269
0000000372,0000371000,081024,078049,094122,075914,077337,095013
0000000373,0000372000,083884,076147,093164,079154,075346,093763
0000000374,0000373000,086767,075024,091404,082366,074256,091642
0000000375,0000374000,089403,074784,089008,085241,074169,088854
0000000376,0000375000,091529,075449,086217,087493,075095,085675
0000000377,0000376000,092929,076955,083311,088900,076944,082420
0000000378,0000377000,093471,079163,080561,089328,079536,079401
0000000379,0000378000,093106,081853,078236,088735,082616,076913
0000000380,0000379000,091869,084752,076574,087180,085880,075204
0000000381,0000380000,089875,087584,075735,084813,089011,074440
0000000382,0000381000,087317,090082,075796,081864,091706,074693
0000000383,0000382000,084456,091988,076750,078628,093697,075938
0000000384,0000383000,081571,093115,078509,075419,094789,078055
0000000385,0000384000,078931,093360,080904,072547,094879,080838
0000000386,0000385000,076800,092698,083696,070296,093956,084012
0000000387,0000386000,075396,091194,086604,068887,092113,087263
0000000388,0000387000,074849,088988,089357,068457,089526,090280
0000000389,0000388000,075210,086297,091687,069046,086451,092767
0000000390,0000389000,076445,083396,093353,070596,083191,094476
0000000391,0000390000,078437,080561,094197,072958,080063,095242
0000000392,0000391000,080994,078060,094141,075901,077369,094993
0000000393,0000392000,083857,076148,093189,079133,075378,093752
0000000394,0000393000,086745,075016,091433,082338,074284,091641
0000000395,0000394000,089389,074768,089038,085209,074192,088863
0000000396,0000395000,091524,075426,086245,087460,075110,085694
0000000397,0000396000,092933,076927,083335,088869,076948,082446
0000000398,0000397000,093485,079132,080578,089302,079530,079432
0000000399,0000398000,093127,081823,078244,088717,082600,076946
0000000400,0000399000,091897,084726,076573,087172,085855,075237
0000000401,0000400000,089906,087564,075724,084815,088980,074468
0000000402,0000401000,084214,091664,077371,082848,092160,075205
0000000403,0000402000,082181,090035,074779,077211,093377,075664
0000000404,0000403000,083969,094780,080166,072162,095591,078890
0000000405,0000404000,085300,091974,079515,073245,094396,080373
0000000406,0000405000,085378,090820,081790,073140,093549,083606
0000000407,0000406000,082822,091865,087216,076466,091014,086139
0000000408,0000407000,082377,085519,085770,076601,088085,088779
0000000409,0000408000,084952,088300,093540,080043,084341,090551
0000000410,0000409000,084901,081946,091709,086811,080606,091778
0000000411,0000410000,083026,080382,093886,089966,077407,092492
0000000412,0000411000,083118,078379,094301,094025,074057,091594
0000000413,0000412000,083963,076521,093266,095705,072913,091235
0000000414,0000413000,084874,077531,093629,099380,071065,088419
0000000415,0000414000,084362,075238,089257,099998,072023,086697
0000000416,0000415000,083139,078067,088654,099137,073250,083812
0000000417,0000416000,084369,077064,083361,096489,075469,080924
0000000418,0000417000,085060,081895,083479,092988,079340,079165
0000000419,0000418000,084633,082998,079715,090571,082251,076488
0000000420,0000419000,084136,085181,077416,084391,086773,076042
0000000421,0000420000,084068,088716,077395,080103,089820,075192
0000000422,0000421000,084912,088703,074986,075273,093032,075942
0000000423,0000422000,084704,092767,078069,072238,095081,077244
0000000424,0000423000,084052,091390,077316,070038,095867,079054
0000000425,0000424000,083833,092895,080880,067962,095974,081848
0000000426,0000425000,084240,090909,082128,068765,094232,084224
0000000427,0000426000,084280,089753,085199,069925,092289,087410
0000000428,0000427000,083853,088428,088638,073844,088702,089434
0000000429,0000428000,083524,084592,089556,076600,085436,091748
0000000430,0000429000,083765,084238,093630,081071,081471,092795
0000000431,0000430000,084133,079452,092483,085796,077994,093244
0000000432,0000431000,083798,079068,094431,089465,075310,093041
0000000433,0000432000,083804,076940,093173,093446,072894,091423
0000000434,0000433000,083905,076238,091923,094754,072438,089975
0000000435,0000434000,084204,076962,090620,096307,072218,087050
0000000436,0000435000,084450,076604,086964,095661,073939,084640
0000000437,0000436000,084108,079187,085440,094043,076243,081788
0000000438,0000437000,084368,079873,081518,090748,079418,079277
0000000439,0000438000,084563,083774,080667,086680,083321,077544
0000000440,0000439000,084566,085003,077567,082675,086827,076019
0000000441,0000440000,084502,087833,076911,077465,090697,075925
0000000442,0000441000,084367,089972,076672,073818,093371,076096
0000000443,0000442000,084393,090469,076222,069608,095695,077637
0000000444,0000443000,084405,092790,079138,067489,096520,079464
0000000445,0000444000,084235,091224,079518,066421,096383,082026
0000000446,0000445000,083948,091553,082991,066242,095099,084894
0000000447,0000446000,084050,089422,084964,068212,092509,087485
0000000448,0000447000,083925,087688,087825,070635,089622,090293
0000000449,0000448000,083847,085644,090414,074811,085633,091973
0000000450,0000449000,083825,082712,091806,078761,082103,093535
0000000451,0000450000,083713,081068,093694,083432,078394,093837
0000000452,0000451000,083930,078066,092979,087401,075464,093453
0000000453,0000452000,083944,077814,093634,090855,073470,092299
0000000454,0000453000,083973,076153,091455,093519,072293,090143
0000000455,0000454000,084090,076727,090060,094147,072710,087849
0000000456,0000455000,084231,077499,087674,094365,073850,084821
0000000457,0000456000,084355,078281,084483,092353,076461,082209
0000000458,0000457000,084398,081085,082772,089722,079548,079527
0000000459,0000458000,084476,082488,079551,085864,083319,077568
0000000460,0000459000,084464,085685,078551,081351,087186,076291
0000000461,0000460000,084561,087335,076764,077017,090671,075707
0000000462,0000461000,084464,089626,076713,072537,093858,076307
0000000463,0000462000,084377,090902,077088,069250,095784,077384
0000000464,0000463000,084332,091452,078185,066376,097012,079576
0000000465,0000464000,084202,092002,080588,065374,096719,081990
0000000466,0000465000,084136,090483,082142,065340,095434,084903
0000000467,0000466000,083979,089882,085526,066806,093060,087784
0000000468,0000467000,083920,087315,087384,069689,089763,090291
0000000469,0000468000,083845,085497,090094,073077,086185,092514
0000000470,0000469000,083835,083083,091911,077661,082162,093711
0000000471,0000470000,083822,080555,092789,081870,078694,094375
0000000472,0000471000,083823,079062,093540,086222,075530,093869
0000000473,0000472000,083945,077142,092557,089668,073429,092678
0000000474,0000473000,083987,077004,091908,092224,072367,090667
0000000475,0000474000,084116,076522,089519,093585,072441,088031
0000000476,0000475000,084203,077636,087617,093343,073881,085255
0000000477,0000476000,084307,078754,084873,092105,076157,082213
0000000478,0000477000,084414,080561,082269,089159,079523,079692
0000000479,0000478000,084464,083117,080359,085713,083165,077464
0000000480,0000479000,084505,084920,078079,081302,087130,076127
0000000481,0000480000,084485,087703,077485,076806,090790,075571
0000000482,0000481000,084494,089118,076633,072645,093840,075914
0000000483,0000482000,084398,090748,077390,068870,096130,077259
0000000484,0000483000,084332,091358,078492,066397,097133,079178
0000000485,0000484000,084230,091329,080255,064821,097138,081900
0000000486,0000485000,084104,090806,082725,064913,095726,084738
0000000487,0000486000,084040,089145,084895,066137,093393,087761
0000000488,0000487000,083916,087720,087748,068771,090136,090455
0000000489,0000488000,083867,085135,089576,072357,086333,092620
0000000490,0000489000,083825,083188,091720,076469,082459,094138
0000000491,0000490000,083826,080812,092633,081077,078656,094638
0000000492,0000491000,083852,078938,092965,085145,075599,094380
0000000493,0000492000,083909,077773,092722,088934,073260,093047
0000000494,0000493000,084000,076778,091223,091529,072167,091057
0000000495,0000494000,084081,077149,089774,093021,072214,088391
0000000496,0000495000,084214,077511,087245,093174,073499,085396
0000000497,0000496000,084288,079047,085033,091843,075943,082407
0000000498,0000497000,084392,080705,082431,089428,079135,079561
0000000499,0000498000,084461,082866,080293,085791,083017,077385
0000000500,0000499000,084486,085190,078651,081719,086930,075797
0000000501,0000500000,084509,087159,077339,077166,090753,075220
0000000502,0000501000,084466,089256,077263,072940,093924,075524
0000000503,0000502000,084423,090242,077396,069234,096231,076768
0000000504,0000503000,084333,091201,078804,066395,097462,078859
0000000505,0000504000,084245,091060,080401,064914,097369,081488
0000000506,0000505000,084132,090402,082628,064561,096151,084584
0000000507,0000506000,084032,089213,085103,065793,093702,087617
0000000508,0000507000,083952,087293,087309,068125,090471,090516
0000000509,0000508000,083867,085403,089685,071591,086604,092819
0000000510,0000509000,083846,082979,091182,075716,082576,094398
0000000511,0000510000,083822,081086,092451,080109,078765,095098
0000000512,0000511000,083854,079134,092649,084458,075458,094765
0000000513,0000512000,083908,077907,092304,088122,073134,093569
0000000514,0000513000,083981,077275,091178,091062,071832,091438
0000000515,0000514000,084083,077159,089342,092657,071869,088759
0000000516,0000515000,084178,077994,087408,093046,073099,085634
0000000517,0000516000,084289,079040,084841,092011,075496,082465
0000000518,0000517000,084368,080948,082677,089675,078801,079547
0000000519,0000518000,084448,082848,080462,086377,082645,077109
0000000520,0000519000,084483,085058,078846,082230,086769,075496
0000000521,0000520000,084494,087149,077797,077886,090616,074722
0000000522,0000521000,084480,088806,077387,073516,093976,075021
0000000523,0000522000,084417,090180,077925,069750,096390,076230
0000000524,0000523000,084354,090695,078865,066794,097703,078333
0000000525,0000524000,084252,090852,080704,064996,097752,081105
0000000526,0000525000,084155,090074,082670,064563,096499,084238
0000000527,0000526000,084052,088940,085023,065403,094145,087514
0000000528,0000527000,083962,087259,087297,067652,090797,090498
0000000529,0000528000,083893,085191,089300,070852,086914,093021
0000000530,0000529000,083845,083206,091039,074903,082755,094723
0000000531,0000530000,083838,081075,091932,079273,078802,095524
0000000532,0000531000,083847,079484,092396,083588,075404,095303
0000000533,0000532000,083904,078159,091894,087475,072880,094056
0000000534,0000533000,083972,077593,090860,090460,071535,091965
0000000535,0000534000,084063,077572,089216,092407,071414,089129
0000000536,0000535000,084167,078162,087162,092960,072644,085925
0000000537,0000536000,084261,079432,084995,092230,075004,082572
0000000538,0000537000,084358,080959,082671,090146,078339,079472
0000000539,0000538000,084425,082995,080795,086989,082292,076887
0000000540,0000539000,084475,084950,079107,083064,086473,075065
0000000541,0000540000,084488,086967,078164,078674,090517,074231
0000000542,0000541000,084475,088593,077840,074376,093965,074393
0000000543,0000542000,084431,089755,078199,070424,096567,075627
0000000544,0000543000,084358,090440,079302,067334,097978,077742
0000000545,0000544000,084275,090351,080819,065295,098125,080603
0000000546,0000545000,084170,089827,082877,064559,096952,083894
0000000547,0000546000,084076,088610,084953,065193,094570,087302
0000000548,0000547000,083982,087076,087168,067096,091239,090523
0000000549,0000548000,083909,085165,089086,070172,087229,093182
0000000550,0000549000,083862,083183,090603,074007,082995,095095
0000000551,0000550000,083840,081337,091615,078354,078876,096003
0000000552,0000551000,083855,079660,091861,082687,075332,095869
0000000553,0000552000,083892,078596,091548,086661,072672,094663
0000000554,0000553000,083963,077939,090451,089886,071164,092507
0000000555,0000554000,084045,077985,088968,092018,070981,089618
0000000556,0000555000,084144,078556,087038,092930,072106,086232
0000000557,0000556000,084242,079673,084933,092435,074483,082738
0000000558,0000557000,084331,081229,082890,090676,077826,079417
0000000559,0000558000,084410,082989,080973,087739,081865,076641
0000000560,0000559000,084457,084968,079546,083965,086171,074650
0000000561,0000560000,084483,086727,078560,079695,090338,073651
0000000562,0000561000,084472,088307,078324,075326,093977,073753
0000000563,0000562000,084436,089388,078664,071324,096700,074924
0000000564,0000563000,084373,089957,079652,067989,098282,077103
0000000565,0000564000,084289,089962,081169,065726,098519,080034
0000000566,0000565000,084197,089353,082962,064672,097425,083480
0000000567,0000566000,084096,088332,085020,064983,095070,087077
0000000568,0000567000,084008,086798,086980,066612,091696,090486
0000000569,0000568000,083929,085092,088817,069391,087635,093379
0000000570,0000569000,083878,083237,090203,073091,083255,095453
0000000571,0000570000,083852,081491,091103,077297,079015,096539
0000000572,0000571000,083855,080026,091390,081673,075290,096482
0000000573,0000572000,083890,078954,090987,085737,072476,095323
0000000574,0000573000,083947,078457,090072,089157,070823,093139
0000000575,0000574000,084029,078425,088604,091582,070512,090145
0000000576,0000575000,084119,079023,086871,092779,071578,086632
0000000577,0000576000,084217,080037,084915,092663,073902,082927
0000000578,0000577000,084307,081454,083015,091191,077291,079415
0000000579,0000578000,084385,083136,081306,088563,081385,076405
0000000580,0000579000,084442,084875,079929,084977,085816,074226
0000000581,0000580000,084469,086564,079124,080821,090133,073065
0000000582,0000581000,084471,087932,078842,076471,093931,073052
0000000583,0000582000,084439,088964,079224,072341,096837,074197
0000000584,0000583000,084386,089440,080124,068840,098554,076383
0000000585,0000584000,084310,089421,081510,066264,098936,079424
0000000586,0000585000,084220,088894,083192,064902,097911,083004
0000000587,0000586000,084126,087885,085015,064839,095602,086804
0000000588,0000587000,084033,086550,086867,066123,092211,090429
0000000589,0000588000,083956,084935,088462,068608,088077,093541
0000000590,0000589000,083896,083294,089761,072060,083594,095835
0000000591,0000590000,083865,081692,090537,076160,079193,097074
0000000592,0000591000,083860,080380,090770,080489,075315,097149
0000000593,0000592000,083885,079452,090413,084671,072316,096027
0000000594,0000593000,083936,078973,089524,088275,070513,093831
0000000595,0000594000,084007,079026,088236,090993,070066,090746
0000000596,0000595000,084095,079528,086608,092546,071035,087083
0000000597,0000596000,084187,080496,084892,092793,073323,083191
0000000598,0000597000,084278,081759,083159,091715,076708,079443
0000000599,0000598000,084358,083279,081633,089394,080876,076217
0000000600,0000599000,084419,084852,080439,086083,085404,073811
0000000601,0000600000,084455,086320,079704,082067,089876,072479
0000000602,0000601000,084463,087574,079519,077759,093838,072339
0000000603,0000602000,084444,088425,079844,073548,096917,073425
0000000604,0000603000,084397,088860,080711,069839,098806,075631
0000000605,0000604000,084330,088797,081935,066985,099319,078747
0000000606,0000605000,084246,088310,083449,065241,098407,082484
0000000607,0000606000,084156,087404,085086,064796,096144,086469
0000000608,0000607000,084066,086183,086691,065669,092762,090329
0000000609,0000608000,083984,084787,088124,067803,088572,093674
0000000610,0000609000,083922,083299,089214,070973,083988,096189
0000000611,0000610000,083881,081933,089901,074887,079451,097619
0000000612,0000611000,083869,080781,090048,079171,075400,097821
0000000613,0000612000,083883,079999,089713,083409,072234,096775
0000000614,0000613000,083924,079617,088911,087220,070254,094563
0000000615,0000614000,083987,079681,087737,090225,069668,091408
0000000616,0000615000,084066,080175,086330,092160,070520,087600
0000000617,0000616000,084156,081010,084801,092826,072743,083516
0000000618,0000617000,084244,082160,083325,092166,076118,079543
0000000619,0000618000,084326,083465,081998,090242,080320,076072
0000000620,0000619000,084391,084831,081004,087231,084948,073446
0000000621,0000620000,084435,086090,080406,083434,089545,071912
0000000622,0000621000,084454,087132,080272,079196,093675,071636
0000000623,0000622000,084444,087847,080619,074937,096925,072642
0000000624,0000623000,084409,088157,081375,071040,098989,074845
0000000625,0000624000,084350,088089,082474,067883,099656,078033
0000000626,0000625000,084275,087614,083771,065759,098862,081902
0000000627,0000626000,084189,086818,085183,064865,096684,086082
0000000628,0000627000,084101,085761,086537,065298,093324,090161
0000000629,0000628000,084019,084556,087721,067005,089111,093753
0000000630,0000629000,083951,083316,088627,069836,084446,096498
0000000631,0000630000,083904,082165,089138,073509,079788,098131
0000000632,0000631000,083880,081250,089229,077684,075583,098485
0000000633,0000632000,083884,080618,088882,081962,072243,097522
0000000634,0000633000,083913,080358,088173,085940,070094,095330
0000000635,0000634000,083966,080462,087154,089252,069342,092112
0000000636,0000635000,084037,080913,085957,091576,070067,088182
0000000637,0000636000,084120,081657,084694,092705,072195,083911
0000000638,0000637000,084207,082622,083467,092520,075529,079719
0000000639,0000638000,084289,083725,082419,091045,079742,076009
0000000640,0000639000,084359,084825,081635,088418,084430,073144
0000000641,0000640000,084411,085844,081210,084888,089140,071406
0000000642,0000641000,084439,086649,081163,080795,093410,070967
0000000643,0000642000,084441,087171,081508,076517,096831,071879
0000000644,0000643000,084418,087371,082184,072466,099066,074052
0000000645,0000644000,084371,087241,083104,069010,099901,077288
0000000646,0000645000,084305,086810,084191,066482,099249,081272
0000000647,0000646000,084226,086113,085316,065115,097177,085622
0000000648,0000647000,084141,085246,086387,065040,093880,089920
0000000649,0000648000,084059,084268,087290,066268,089673,093746
0000000650,0000649000,083986,083294,087947,068675,084969,096729
0000000651,0000650000,083931,082428,088281,072042,080217,098572
0000000652,0000651000,083898,081752,088264,076041,075884,099097
0000000653,0000652000,083889,081336,087925,080302,072385,098244
0000000654,0000653000,083906,081204,087291,084423,070065,096091
0000000655,0000654000,083946,081370,086456,088018,069144,092845
0000000656,0000655000,084007,081785,085500,090755,069713,088814
0000000657,0000656000,084082,082416,084525,092371,071721,084386
0000000658,0000657000,084164,083197,083615,092720,074971,079988
0000000659,0000658000,084246,084039,082866,091762,079153,076049
0000000660,0000659000,084320,084864,082358,089594,083861,072950
0000000661,0000660000,084380,085578,082122,086418,088639,070996
0000000662,0000661000,084418,086115,082196,082535,093023,070382
0000000663,0000662000,084434,086410,082548,078311,096589,071169
0000000664,0000663000,084424,086462,083131,074138,098992,073288
0000000665,0000664000,084390,086270,083872,070410,099998,076534
0000000666,0000665000,084336,085859,084694,067471,099513,080601
0000000667,0000666000,084265,085291,085515,065599,097580,085093
0000000668,0000667000,084186,084615,086243,064968,094388,089580
0000000669,0000668000,084104,083909,086824,065638,090243,093626
0000000670,0000669000,084029,083240,087186,067547,085546,096835
0000000671,0000670000,083966,082694,087299,070511,080754,098896
0000000672,0000671000,083922,082314,087162,074256,076329,099604
0000000673,0000672000,083900,082137,086801,078425,072703,098887
0000000674,0000673000,083902,082180,086265,082634,070223,096810
0000000675,0000674000,083928,082411,085618,086488,069128,093573
0000000676,0000675000,083976,082806,084942,089629,069523,089484
0000000677,0000676000,084041,083313,084293,091764,071370,084936
0000000678,0000677000,084117,083882,083746,092692,074490,080370
0000000679,0000678000,084198,084442,083356,092328,078579,076227
0000000680,0000679000,084275,084935,083156,090705,083245,072910
0000000681,0000680000,084341,085312,083166,087978,088032,070742
0000000682,0000681000,084391,085522,083375,084402,092478,069938
0000000683,0000682000,084420,085560,083754,080311,096153,070576
0000000684,0000683000,084425,085427,084239,076088,098702,072598
0000000685,0000684000,084407,085149,084781,072123,099883,075812
0000000686,0000685000,084366,084762,085314,068788,099581,079908
0000000687,0000686000,084307,084318,085776,066390,097831,084492
0000000688,0000687000,084234,083868,086123,065156,094798,089123
0000000689,0000688000,084156,083458,086318,065198,090781,093351
0000000690,0000689000,084078,083146,086341,066512,086167,096765
0000000691,0000690000,084009,082963,086191,068976,081405,099034
0000000692,0000691000,083953,082927,085902,072356,076955,099937
0000000693,0000692000,083917,083038,085509,076340,073247,099382
0000000694,0000693000,083904,083277,085066,080557,070637,097424
0000000695,0000694000,083914,083607,084634,084616,069371,094249
0000000696,0000695000,083947,083981,084261,088139,069573,090163
0000000697,0000696000,083999,084363,083991,090801,071217,085559
0000000698,0000697000,084067,084694,083856,092353,074143,080881
0000000699,0000698000,084143,084936,083876,092651,078065,076584
0000000700,0000699000,084221,085058,084042,091671,082601,073082
0000000701,0000700000,084293,085041,084335,089503,087311,070717
0000000702,0000701000,084354,084885,084718,086350,091740,069717
0000000703,0000702000,084397,084613,085131,082505,095463,070179
0000000704,0000703000,084419,084264,085525,078324,098121,072059
0000000705,0000704000,084418,083875,085847,074195,099464,075176
0000000706,0000705000,084394,083503,086057,070498,099366,079231
0000000707,0000706000,084349,083193,086118,067578,097840,083830
0000000708,0000707000,084287,082986,086027,065703,095038,088532
0000000709,0000708000,084213,082915,085784,065049,091236,092878
0000000710,0000709000,084136,082997,085412,065672,086805,096450
0000000711,0000710000,084061,083231,084960,067515,082175,098902
0000000712,0000711000,083995,083586,084483,070406,077793,099998
0000000713,0000712000,083945,084029,084041,074078,074080,099633
0000000714,0000713000,083914,084504,083692,078192,071388,097844
0000000715,0000714000,083906,084953,083487,082367,069973,094804
0000000716,0000715000,083921,085324,083453,086220,069966,090804
0000000717,0000716000,083958,085566,083604,089393,071361,086235
0000000718,0000717000,084014,085642,083938,091593,074016,081537
0000000719,0000718000,084083,085529,084421,092619,077670,077165
0000000720,0000719000,084160,085235,085006,092377,081962,073542
0000000721,0000720000,084237,084778,085627,090892,086476,071016
0000000722,0000721000,084307,084205,086211,088300,090777,069828
0000000723,0000722000,084365,083583,086683,084842,094454,070088
0000000724,0000723000,084405,082977,086984,080834,097157,071772
0000000725,0000724000,084423,082456,087075,076646,098633,074712
0000000726,0000725000,084417,082084,086927,072662,098747,078626
0000000727,0000726000,084389,081914,086548,069252,097495,083132
0000000728,0000727000,084340,081972,085964,066728,095007,087794
0000000729,0000728000,084276,082272,085229,065321,091533,092160
0000000730,0000729000,084201,082792,084415,065160,087416,095809
0000000731,0000730000,084122,083484,083615,066257,083056,098392
0000000732,0000731000,084047,084279,082921,068510,078873,099665
0000000733,0000732000,083983,085095,082410,071713,075266,099511
0000000734,0000733000,083934,085843,082152,075573,072574,097949
0000000735,0000734000,083906,086438,082185,079736,071050,095133
0000000736,0000735000,083901,086813,082518,083820,070831,091336
0000000737,0000736000,083920,086915,083133,087450,071927,086929
0000000738,0000737000,083960,086714,083981,090291,074223,082342
0000000739,0000738000,084019,086219,084980,092086,077483,078018
0000000740,0000739000,084092,085470,086028,092670,081384,074374
0000000741,0000740000,084170,084532,087017,091994,085544,071755
0000000742,0000741000,084249,083503,087831,090120,089564,070406
0000000743,0000742000,084320,082490,088380,087220,093063,070449
0000000744,0000743000,084378,081593,088596,083557,095712,071875
0000000745,0000744000,084417,080915,088443,079464,097268,074539
0000000746,0000745000,084433,080535,087917,075318,097588,078182
0000000747,0000746000,084424,080505,087059,071497,096657,082445
0000000748,0000747000,084393,080847,085942,068353,094579,086913
0000000749,0000748000,084340,081542,084669,066172,091569,091151
0000000750,0000749000,084271,082531,083376,065150,087930,094754
0000000751,0000750000,084193,083715,082196,065377,084018,097382
0000000752,0000751000,084111,084983,081256,066831,080210,098791
0000000753,0000752000,084034,086205,080662,069381,076863,098858
0000000754,0000753000,083967,087253,080486,072796,074289,097585
0000000755,0000754000,083918,088018,080763,076765,072726,095100
0000000756,0000755000,083891,088408,081481,080929,072309,091652
0000000757,0000756000,083888,088366,082588,084904,073064,087580
0000000758,0000757000,083910,087878,083983,088329,074899,083282
0000000759,0000758000,083955,086982,085531,090891,077620,079178
0000000760,0000759000,084019,085755,087072,092361,080948,075660
0000000761,0000760000,084096,084316,088450,092608,084556,073057
0000000762,0000761000,084180,082808,089517,091613,088099,071604
0000000763,0000762000,084263,081378,090157,089464,091244,071429
0000000764,0000763000,084337,080172,090296,086356,093700,072536
0000000765,0000764000,084397,079317,089900,082568,095246,074809
0000000766,0000765000,084436,078918,088986,078443,095748,078019
0000000767,0000766000,084450,079030,087630,074359,095176,081848
0000000768,0000767000,084439,079661,085958,070687,093609,085916
0000000769,0000768000,084402,080761,084133,067761,091218,089828
0000000770,0000769000,084344,082225,082343,065842,088251,093212
0000000771,0000770000,084270,083913,080771,065102,085003,095753
0000000772,0000771000,084185,085661,079575,065603,081785,097224
0000000773,0000772000,084098,087299,078885,067300,078897,097501
0000000774,0000773000,084016,088661,078782,070043,076603,096573
0000000775,0000774000,083946,089606,079296,073585,075107,094542
0000000776,0000775000,083896,090019,080400,077609,074533,091616
0000000777,0000776000,083869,089836,082002,081747,074915,088089
0000000778,0000777000,083869,089063,083948,085624,076191,084312
0000000779,0000778000,083896,087766,086043,088888,078213,080653
0000000780,0000779000,083947,086070,088076,091246,080766,077460
0000000781,0000780000,084018,084140,089838,092492,083593,075025
0000000782,0000781000,084102,082161,091158,092516,086424,073564
0000000783,0000782000,084193,080321,091898,091317,088996,073194
0000000784,0000783000,084281,078806,091968,089001,091078,073933
0000000785,0000784000,084360,077775,091341,085772,092488,075692
0000000786,0000785000,084422,077350,090053,081921,093115,078287
0000000787,0000786000,084461,077598,088216,077795,092922,081452
0000000788,0000787000,084473,078508,086007,073770,091958,084871
0000000789,0000788000,084457,079994,083653,070208,090344,088209
0000000790,0000789000,084414,081909,081393,067430,088256,091150
0000000791,0000790000,084348,084066,079450,065679,085910,093428
0000000792,0000791000,084266,086264,078013,065108,083530,094846
0000000793,0000792000,084173,088293,077225,065767,081334,095293
0000000794,0000793000,084079,089950,077187,067598,079517,094751
0000000795,0000794000,083992,091063,077920,070441,078232,093290
0000000796,0000795000,083919,091499,079379,074044,077576,091073
0000000797,0000796000,083868,091187,081438,078083,077581,088330
0000000798,0000797000,083844,090149,083889,082190,078217,085339
0000000799,0000798000,083849,088491,086479,085996,079390,082393
0000000800,0000799000,083882,086375,088949,089160,080963,079768
0000000801,0000800000,083941,084011,091055,091405,082771,077700
0000000802,0000801000,084020,081617,092597,092535,084639,076363
0000000803,0000802000,084113,079417,093426,092450,086397,075857
0000000804,0000803000,084211,077631,093437,091159,087894,076201
0000000805,0000804000,084306,076449,092604,088771,089010,077338
0000000806,0000805000,084388,076007,090991,085498,089668,079134
0000000807,0000806000,084451,076375,088735,081631,089840,081396
0000000808,0000807000,084487,077530,086068,077520,089544,083891
0000000809,0000808000,084494,079341,083271,073536,088840,086375
0000000810,0000809000,084471,081630,080623,070035,087823,088615
0000000811,0000810000,084421,084174,078375,067324,086605,090416
0000000812,0000811000,084346,086735,076745,065638,085307,091630
0000000813,0000812000,084256,089079,075886,065126,084046,092172
0000000814,0000813000,084156,090972,075899,065832,082923,092023
0000000815,0000814000,084055,092210,076819,067697,082020,091227
0000000816,0000815000,083964,092650,078569,070559,081391,089890
0000000817,0000816000,083890,092230,080990,074166,081056,088163
0000000818,0000817000,083842,090979,083835,078193,081010,086228
0000000819,0000818000,083823,089039,086799,082275,081225,084275
0000000820,0000819000,083835,086612,089589,086049,081654,082484
0000000821,0000820000,083876,083923,091947,089183,082237,081009
0000000822,0000821000,083943,081228,093646,091407,082914,079962
0000000823,0000822000,084031,078775,094522,092524,083626,079412
0000000824,0000823000,084130,076805,094481,092439,084324,079375
0000000825,0000824000,084234,075530,093490,091155,084969,079818
0000000826,0000825000,084332,075099,091630,088783,085535,080666
0000000827,0000826000,084415,075563,089087,085529,086012,081813
0000000828,0000827000,084476,076892,086105,081683,086394,083130
0000000829,0000828000,084507,078933,083019,077594,086675,084491
0000000830,0000829000,084507,081453,080137,073628,086856,085769
0000000831,0000830000,084477,084243,077704,070129,086941,086863
0000000832,0000831000,084418,087036,075960,067405,086923,087697
0000000833,0000832000,084336,089549,075085,065690,086803,088223
0000000834,0000833000,084238,091565,075159,065136,086577,088429
0000000835,0000834000,084133,092855,076199,065790,086231,088342
0000000836,0000835000,084030,093262,078145,067601,085762,088003
0000000837,0000836000,083939,092756,080770,070413,085170,087472
0000000838,0000837000,083869,091382,083823,073976,084469,086818
0000000839,0000838000,083825,089279,086979,077973,083694,086103
0000000840,0000839000,083813,086700,089902,082037,082897,085391
0000000841,0000840000,083832,083869,092363,085823,082128,084730
0000000842,0000841000,083881,081026,094118,088995,081459,084155
0000000843,0000842000,083955,078494,094981,091278,080956,083686
0000000844,0000843000,084048,076484,094865,092477,080676,083329
0000000845,0000844000,084152,075206,093785,092482,080685,083070
0000000846,0000845000,084257,074825,091806,091295,081020,082891
0000000847,0000846000,084354,075369,089139,089010,081697,082786
0000000848,0000847000,084433,076773,086074,085830,082690,082745
0000000849,0000848000,084488,078882,082918,082035,083938,082776
0000000850,0000849000,084512,081476,080005,077973,085345,082877
0000000851,0000850000,084506,084301,077563,073996,086797,083059
0000000852,0000851000,084469,087124,075844,070448,088161,083336
0000000853,0000852000,084404,089627,075017,067644,089306,083710
0000000854,0000853000,084318,091592,075167,065818,090116,084190
0000000855,0000854000,084218,092819,076279,065137,090471,084781
0000000856,0000855000,084113,093155,078257,065657,090303,085469
0000000857,0000856000,084013,092590,080901,067340,089579,086215
0000000858,0000857000,083926,091183,083918,070042,088328,086965
0000000859,0000858000,083862,089099,087007,073524,086639,087644
0000000860,0000859000,083825,086557,089844,077471,084651,088182
0000000861,0000860000,083819,083792,092205,081535,082535,088514
0000000862,0000861000,083844,081048,093860,085367,080485,088574
0000000863,0000862000,083897,078632,094619,088627,078698,088327
0000000864,0000863000,083974,076770,094426,091040,077350,087754
0000000865,0000864000,084067,075620,093308,092392,076607,086860
0000000866,0000865000,084169,075340,091368,092567,076581,085682
0000000867,0000866000,084270,075931,088800,091545,077314,084309
0000000868,0000867000,084361,077307,085900,089408,078777,082858
0000000869,0000868000,084434,079318,082960,086348,080860,081462
0000000870,0000869000,084482,081763,080248,082634,083386,080269
0000000871,0000870000,084500,084408,078029,078598,086125,079404
0000000872,0000871000,084489,086990,076500,074590,088830,078977
0000000873,0000872000,084449,089267,075825,070959,091243,079062
0000000874,0000873000,084384,090991,076059,068021,093119,079693
0000000875,0000874000,084300,092006,077177,066024,094257,080857
0000000876,0000875000,084204,092218,079045,065148,094504,082485
0000000877,0000876000,084105,091618,081464,065467,093801,084454
0000000878,0000877000,084012,090295,084184,066963,092176,086585
0000000879,0000878000,083933,088390,086917,069504,089760,088676
0000000880,0000879000,083875,086105,089415,072865,086762,090521
0000000881,0000880000,083844,083651,091436,076750,083455,091927
0000000882,0000881000,083842,081275,092799,080816,080147,092739
0000000883,0000882000,083868,079216,093359,084712,077151,092844
0000000884,0000883000,083919,077686,093069,088098,074766,092195
0000000885,0000884000,083992,076826,091983,090687,073239,090808
0000000886,0000885000,084079,076701,090226,092251,072754,088776
0000000887,0000886000,084172,077312,087998,092654,073391,086264
0000000888,0000887000,084265,078559,085530,091857,075118,083500
0000000889,0000888000,084347,080311,083076,089924,077798,080748
0000000890,0000889000,084413,082391,080857,087028,081189,078277
0000000891,0000890000,084455,084590,079092,083422,084982,076338
0000000892,0000891000,084472,086688,077951,079425,088820,075135
0000000893,0000892000,084461,088471,077533,075384,092339,074815
0000000894,0000893000,084424,089760,077880,071649,095192,075445
0000000895,0000894000,084366,090429,078923,068542,097088,077003
0000000896,0000895000,084290,090448,080530,066329,097820,079376
0000000897,0000896000,084205,089837,082515,065205,097286,082363
0000000898,0000897000,084116,088681,084673,065269,095515,085692
0000000899,0000898000,084033,087115,086787,066520,092654,089044
0000000900,0000899000,083962,085296,088651,068849,088962,092096
0000000901,0000900000,083909,083410,090099,072051,084782,094541
0000000902,0000901000,083719,092710,093400,074757,084529,096173
0000000903,0000902000,082045,098936,090707,078886,084529,096687
0000000904,0000903000,072792,085006,089347,078886,084529,097574
0000000905,0000904000,073306,079542,095563,078886,084529,094549
0000000906,0000905000,078202,080481,084468,078886,084529,091329
0000000907,0000906000,084074,083147,085082,078886,084529,088965
0000000908,0000907000,076832,070394,084134,078886,084529,084848
0000000909,0000908000,089330,076079,099998,078886,084529,084848
0000000910,0000909000,089474,072228,094402,078886,084529,084848
0000000911,0000910000,088669,071247,080792,078886,084529,084848
0000000912,0000911000,099998,082997,087613,078886,084529,084848
0000000913,0000912000,088052,070656,079022,078886,084529,084848
0000000914,0000913000,095202,079142,082893,078886,084529,084848
0000000915,0000914000,097824,086476,076088,078886,084529,084848
0000000916,0000915000,089363,083557,067389,078886,084529,084848
0000000917,0000916000,093648,092353,081828,078886,084529,084848
0000000918,0000917000,082463,086276,075441,078886,084529,084848
0000000919,0000918000,084316,094129,073036,078886,084529,084848
0000000920,0000919000,085841,099998,076307,078886,084529,084848
0000000921,0000920000,073848,089770,077669,078886,084529,084848
0000000922,0000921000,077518,094886,091548,078886,084529,084848
0000000923,0000922000,072960,092011,084897,078886,084529,084848
0000000924,0000923000,073377,091488,083312,078886,084529,084848
0000000925,0000924000,076998,090380,094898,078886,084529,084848
0000000926,0000925000,070092,078083,095050,078886,084529,084848
0000000927,0000926000,078333,083004,098379,078886,084529,084848
0000000928,0000927000,080520,081252,092293,078886,084529,084848
0000000929,0000928000,080441,074376,092000,078886,084529,084848
0000000930,0000929000,087103,074448,099889,078886,084529,084848
0000000931,0000930000,085567,069985,090228,078886,084529,084848
0000000932,0000931000,093046,076515,086275,078886,084529,084848
0000000933,0000932000,094867,076458,085273,078886,084529,084848
0000000934,0000933000,091355,071886,083503,078886,084529,084848
0000000935,0000934000,096660,079897,083469,078886,084529,084848
0000000936,0000935000,094057,082311,072207,078886,084529,084848
0000000937,0000936000,093972,086098,072771,078886,084529,084848
0000000938,0000937000,091699,087351,078645,078886,084529,084848
0000000939,0000938000,085246,087214,074958,078886,084529,084848
0000000940,0000939000,087359,096692,074223,078886,084529,084848
0000000941,0000940000,082376,095785,073018,078886,084529,084848
0000000942,0000941000,078005,092549,080395,078886,084529,084848
0000000943,0000942000,076893,093890,086998,078886,084529,084848
0000000944,0000943000,072870,093120,082487,078886,084529,084848
0000000945,0000944000,075309,094758,086355,078886,084529,084848
0000000946,0000945000,073376,087646,092234,078886,084529,084848
0000000947,0000946000,072297,081939,095830,078886,084529,084848
0000000948,0000947000,076886,084207,096188,078886,084529,084848
0000000949,0000948000,077482,080491,091730,078886,084529,084848
0000000950,0000949000,081608,076738,096342,078886,084529,084848
0000000951,0000950000,084130,072569,097948,078886,084529,084848
0000000952,0000951000,086148,072264,091530,078886,084529,084848
0000000953,0000952000,091848,076565,088078,078886,084529,084848
0000000954,0000953000,092112,073193,085656,078886,084529,084848
0000000955,0000954000,093911,072928,086419,078886,084529,084848
0000000956,0000955000,095622,077835,081886,078886,084529,084848
0000000957,0000956000,094449,081783,074065,078886,084529,084848
0000000958,0000957000,095108,085204,075293,078886,084529,084848
0000000959,0000958000,091435,084257,076434,078886,084529,084848
0000000960,0000959000,088809,088404,075057,078886,084529,084848
0000000961,0000960000,087346,095131,072999,078886,084529,084848
0000000962,0000961000,082673,094805,073394,078886,084529,084848
0000000963,0000962000,080606,093740,080394,078886,084529,084848
0000000964,0000963000,077145,093289,082655,078886,084529,084848
0000000965,0000964000,074481,095150,082113,078886,084529,084848
0000000966,0000965000,074200,094833,086222,078886,084529,084848
0000000967,0000966000,072543,088087,090874,078886,084529,084848
0000000968,0000967000,073870,085207,094874,078886,084529,084848
0000000969,0000968000,074973,084662,094143,078886,084529,084848
0000000970,0000969000,076168,081771,093664,078886,084529,084848
0000000971,0000970000,080059,077508,097284,078886,084529,084848
0000000972,0000971000,082601,072926,096597,078886,084529,084848
0000000973,0000972000,086293,073947,093058,078886,084529,084848
0000000974,0000973000,089150,075218,089797,078886,084529,084848
0000000975,0000974000,090977,072657,088104,078886,084529,084848
0000000976,0000975000,094482,072873,087025,078886,084529,084848
0000000977,0000976000,095246,076083,081340,078886,084529,084848
0000000978,0000977000,094877,080687,077268,078886,084529,084848
0000000979,0000978000,094601,082877,076807,078886,084529,084848
0000000980,0000979000,092989,083408,075632,078886,084529,084848
0000000981,0000980000,091527,088169,074238,078886,084529,084848
0000000982,0000981000,087709,092661,072736,078886,084529,084848
0000000983,0000982000,083865,094122,074562,078886,084529,084848
0000000984,0000983000,081961,093967,078286,078886,084529,084848
0000000985,0000984000,079050,093920,079390,078886,084529,084848
0000000986,0000985000,076041,095864,081654,078886,084529,084848
0000000987,0000986000,073142,094473,085822,078886,084529,084848
0000000988,0000987000,072754,090192,089488,078886,084529,084848
0000000989,0000988000,074417,087670,091941,078886,084529,084848
0000000990,0000989000,074041,085540,093092,078886,084529,084848
0000000991,0000990000,074713,082795,095743,078886,084529,084848
0000000992,0000991000,077788,078729,097125,078886,084529,084848
0000000993,0000992000,081785,075197,095492,078886,084529,084848
0000000994,0000993000,085354,074550,093892,078886,084529,084848
0000000995,0000994000,086686,073794,092459,078886,084529,084848
0000000996,0000995000,089520,072815,090695,078886,084529,084848
0000000997,0000996000,093828,073029,086853,078886,084529,084848
0000000998,0000997000,095539,075008,082053,078886,084529,084848
0000000999,0000998000,094801,078255,080521,078886,084529,084848
0000001000,0000999000,093950,080507,078688,078886,084529,084848
0000001001,0001000000,094465,083202,075243,078886,084529,084848
0000001002,0001001000,093550,087058,073080,078886,084529,084848
0000001003,0001002000,089201,089923,073632,078886,084529,084848
0000001004,0001003000,085242,092602,075541,078886,084529,084848
0000001005,0001004000,083160,094300,075829,078886,084529,084848
0000001006,0001005000,081327,094976,076552,078886,084529,084848
0000001007,0001006000,077677,095257,080679,078886,084529,084848
0000001008,0001007000,073388,094177,085361,078886,084529,084848
0000001009,0001008000,072934,092665,087629,078886,084529,084848
0000001010,0001009000,074423,090274,088687,078886,084529,084848
0000001011,0001010000,073918,086743,092198,078886,084529,084848
0000001012,0001011000,073416,083352,096724,078886,084529,084848
0000001013,0001012000,075612,080669,096794,078886,084529,084848
0000001014,0001013000,080344,078283,094497,078886,084529,084848
0000001015,0001014000,083788,075200,094439,078886,084529,084848
0000001016,0001015000,084971,072725,095217,078886,084529,084848
0000001017,0001016000,087614,072895,092866,078886,084529,084848
0000001018,0001017000,092125,073786,087263,078886,084529,084848
0000001019,0001018000,095211,074247,083602,078886,084529,084848
0000001020,0001019000,094843,075328,083259,078886,084529,084848
0000001021,0001020000,093864,078277,080842,078886,084529,084848
0000001022,0001021000,094989,082619,075679,078886,084529,084848
0000001023,0001022000,094858,085673,072716,078886,084529,084848
0000001024,0001023000,091390,087186,074448,078886,084529,084848
0000001025,0001024000,087151,090290,075959,078886,084529,084848
0000001026,0001025000,084635,094179,074238,078886,084529,084848
0000001027,0001026000,083061,095776,074375,078886,084529,084848
0000001028,0001027000,079695,094537,079065,078886,084529,084848
0000001029,0001028000,075193,093810,084025,078886,084529,084848
0000001030,0001029000,073301,094476,085576,078886,084529,084848
0000001031,0001030000,073907,092922,086294,078886,084529,084848
0000001032,0001031000,073993,088463,090699,078886,084529,084848
0000001033,0001032000,073052,084389,095867,078886,084529,084848
0000001034,0001033000,074008,082662,096383,078886,084529,084848
0000001035,0001034000,077913,081068,094320,078886,084529,084848
0000001036,0001035000,081617,076747,094814,078886,084529,084848
0000001037,0001036000,083657,072817,096660,078886,084529,084848
0000001038,0001037000,085922,072821,094561,078886,084529,084848
0000001039,0001038000,089613,074360,089106,078886,084529,084848
0000001040,0001039000,093489,073914,085848,078886,084529,084848
0000001041,0001040000,094858,073178,085175,078886,084529,084848
0000001042,0001041000,094461,076002,082660,078886,084529,084848
0000001043,0001042000,094775,081007,077515,078886,084529,084848
0000001044,0001043000,095185,083934,074001,078886,084529,084848
0000001045,0001044000,093533,085044,074634,078886,084529,084848
0000001046,0001045000,089893,087840,075499,078886,084529,084848
0000001047,0001046000,086587,092676,073855,078886,084529,084848
0000001048,0001047000,084286,095507,073474,078886,084529,084848
0000001049,0001048000,081658,094507,076996,078886,084529,084848
0000001050,0001049000,078168,093650,081368,078886,084529,084848
0000001051,0001050000,074782,095066,083394,078886,084529,084848
0000001052,0001051000,073292,094845,085001,078886,084529,084848
0000001053,0001052000,073596,090891,088746,078886,084529,084848
0000001054,0001053000,073611,086469,093105,078886,084529,084848
0000001055,0001054000,073449,084512,095208,078886,084529,084848
0000001056,0001055000,075144,082992,095103,078886,084529,084848
0000001057,0001056000,078641,079181,095335,078886,084529,084848
0000001058,0001057000,082118,074707,096390,078886,084529,084848
0000001059,0001058000,084698,073065,095446,078886,084529,084848
0000001060,0001059000,087004,074018,092133,078886,084529,084848
0000001061,0001060000,090390,073927,088916,078886,084529,084848
0000001062,0001061000,093895,072660,086611,078886,084529,084848
0000001063,0001062000,095386,074088,083717,078886,084529,084848
0000001064,0001063000,094687,078114,080432,078886,084529,084848
0000001065,0001064000,094450,081548,077155,078886,084529,084848
0000001066,0001065000,094775,083515,074942,078886,084529,084848
0000001067,0001066000,093087,085971,074121,078886,084529,084848
0000001068,0001067000,089326,089743,074101,078886,084529,084848
0000001069,0001068000,085655,093407,074171,078886,084529,084848
0000001070,0001069000,083173,094778,075200,078886,084529,084848
0000001071,0001070000,081274,094363,077593,078886,084529,084848
0000001072,0001071000,077722,094650,080822,078886,084529,084848
0000001073,0001072000,073840,095175,084160,078886,084529,084848
0000001074,0001073000,072754,093428,087047,078886,084529,084848
0000001075,0001074000,073998,089880,089273,078886,084529,084848
0000001076,0001075000,074012,086611,092598,078886,084529,084848
0000001077,0001076000,073356,084095,095736,078886,084529,084848
0000001078,0001077000,075284,081591,096308,078886,084529,084848
0000001079,0001078000,079641,078306,095283,078886,084529,084848
0000001080,0001079000,083245,074743,095174,078886,084529,084848
0000001081,0001080000,085037,073076,095103,078886,084529,084848
0000001082,0001081000,087079,073442,092667,078886,084529,084848
0000001083,0001082000,091275,073601,088300,078886,084529,084848
0000001084,0001083000,095040,073412,084764,078886,084529,084848
0000001085,0001084000,095218,074766,083194,078886,084529,084848
0000001086,0001085000,093962,078182,081064,078886,084529,084848
0000001087,0001086000,094647,081919,076632,078886,084529,084848
0000001088,0001087000,095201,084708,073281,078886,084529,084848
0000001089,0001088000,092604,086613,073980,078886,084529,084848
0000001090,0001089000,088065,089699,075421,078886,084529,084848
0000001091,0001090000,084967,093711,074519,078886,084529,084848
0000001092,0001091000,083384,095550,074260,078886,084529,084848
0000001093,0001092000,080951,094593,077659,078886,084529,084848
0000001094,0001093000,076540,094108,082548,078886,084529,084848
0000001095,0001094000,073214,094754,085230,078886,084529,084848
0000001096,0001095000,073361,093613,086217,078886,084529,084848
0000001097,0001096000,074307,089643,089240,078886,084529,084848
0000001098,0001097000,073404,085575,094218,078886,084529,084848
0000001099,0001098000,073204,083364,096619,078886,084529,084848
0000001100,0001099000,076206,081796,095206,078886,084529,084848
0000001101,0001100000,080542,078103,094547,078886,084529,084848
