0000000001,0000000000,061935,038321,080783,089327,089478,074043
0000000002,0000001000,036470,062649,080896,086312,092195,074341
0000000003,0000002000,007921,081236,081893,083014,094189,075645
0000000004,0000003000,-20570,091892,083676,079757,095261,077830
0000000005,0000004000,-46307,093630,086077,076855,095309,080684
0000000006,0000005000,-67067,086603,088854,074591,094334,083923
0000000007,0000006000,-80546,071330,091730,073195,092423,087230
0000000008,0000007000,-85353,049074,094436,072802,089761,090285
0000000009,0000008000,-81219,022237,096706,073442,086617,092789
0000000010,0000009000,-68545,-06439,098307,075059,083297,094492
0000000011,0000010000,-48374,-34410,099087,077496,080122,095231
0000000012,0000011000,-22750,-58901,098974,080510,077405,094933
0000000013,0000012000,005557,-77255,097978,083806,075413,093629
0000000014,0000013000,034021,-87884,096195,087067,074338,091444
0000000015,0000014000,060019,-89878,093794,089970,074288,088590
0000000016,0000015000,080673,-82753,091017,092229,075268,085350
0000000017,0000016000,094031,-67343,088140,093626,077179,082044
0000000018,0000017000,098988,-45238,085434,094022,079837,078989
0000000019,0000018000,094821,-18379,083165,093378,082985,076485
0000000020,0000019000,082009,010436,081564,091763,086303,074781
0000000021,0000020000,061978,038276,080784,089330,089475,074043
0000000022,0000021000,036450,062670,080896,086311,092196,074341
0000000023,0000022000,007960,081207,081893,083013,094190,075645
0000000024,0000023000,-20517,091855,083675,079757,095261,077830
0000000025,0000024000,-46360,093684,086077,076853,095311,080684
0000000026,0000025000,-67112,086655,088855,074591,094333,083923
0000000027,0000026000,-80527,071309,091731,073197,092421,087230
0000000028,0000027000,-85307,049034,094436,072801,089762,090285
0000000029,0000028000,-81214,022242,096706,073440,086619,092789
0000000030,0000029000,-68558,-06418,098307,075058,083297,094492
0000000031,0000030000,-48372,-34410,099087,077494,080123,095231
0000000032,0000031000,-22790,-58867,098975,080509,077405,094933
0000000033,0000032000,005551,-77249,097979,083807,075412,093629
0000000034,0000033000,034087,-87949,096195,087066,074338,091444
0000000035,0000034000,060021,-89875,093794,089967,074290,088590
0000000036,0000035000,080630,-82711,091017,092228,075269,085351
0000000037,0000036000,094038,-67349,088140,093626,077178,082044
0000000038,0000037000,098985,-45242,085435,094021,079838,078989
0000000039,0000038000,094817,-18379,083165,093378,082984,076485
0000000040,0000039000,082047,010404,081563,091763,086303,074782
0000000041,0000040000,061991,038263,080783,089328,089477,074043
0000000042,0000041000,036415,062706,080896,086310,092196,074341
0000000043,0000042000,007941,081224,081892,083014,094189,075645
0000000044,0000043000,-20489,091827,083675,079757,095261,077830
0000000045,0000044000,-46350,093675,086076,076853,095312,080684
0000000046,0000045000,-67119,086668,088854,074591,094333,083923
0000000047,0000046000,-80513,071299,091730,073197,092421,087230
0000000048,0000047000,-85327,049052,094436,072800,089763,090285
0000000049,0000048000,-81250,022276,096706,073441,086618,092788
0000000050,0000049000,-68535,-06445,098307,075058,083297,094492
0000000051,0000050000,-48350,-34432,099087,077493,080124,095231
0000000052,0000051000,-22817,-58843,098975,080508,077407,094933
0000000053,0000052000,005543,-77243,097979,083807,075413,093629
0000000054,0000053000,034088,-87958,096195,087065,074339,091444
0000000055,0000054000,060000,-89863,093795,089967,074290,088591
0000000056,0000055000,080635,-82720,091017,092228,075269,085351
0000000057,0000056000,094070,-67384,088140,093624,077179,082045
0000000058,0000057000,098978,-45237,085435,094020,079838,078990
0000000059,0000058000,094791,-18355,083165,093378,082984,076486
0000000060,0000059000,082064,010388,081564,091763,086302,074783
0000000061,0000060000,062008,038246,080783,089328,089476,074044
0000000062,0000061000,036410,062718,080896,086311,092195,074342
0000000063,0000062000,007962,081212,081891,083014,094188,075646
0000000064,0000063000,-20473,091820,083674,079757,095261,077831
0000000065,0000064000,-46377,093708,086076,076853,095311,080684
0000000066,0000065000,-67121,086677,088853,074593,094333,083923
0000000067,0000066000,-80486,071278,091729,073197,092421,087229
0000000068,0000067000,-85336,049065,094436,072800,089763,090284
0000000069,0000068000,-81267,022298,096706,073441,086619,092788
0000000070,0000069000,-68530,-06450,098307,075058,083298,094491
0000000071,0000070000,-48366,-34421,099088,077493,080125,095230
0000000072,0000071000,-22843,-58824,098976,080508,077407,094932
0000000073,0000072000,005555,-77261,097979,083806,075414,093628
0000000074,0000073000,034096,-87975,096196,087063,074341,091444
0000000075,0000074000,059973,-89846,093796,089965,074292,088591
0000000076,0000075000,080630,-82723,091018,092227,075269,085352
0000000077,0000076000,094086,-67410,088141,093623,077179,082046
0000000078,0000077000,098973,-45239,085436,094018,079838,078991
0000000079,0000078000,094798,-18364,083166,093377,082983,076488
0000000080,0000079000,082095,010359,081563,091762,086302,074784
0000000081,0000080000,062010,038248,080783,089327,089475,074045
0000000082,0000081000,036403,062732,080895,086311,092194,074343
0000000083,0000082000,007988,081197,081890,083015,094186,075646
0000000084,0000083000,-20456,091813,083673,079758,095260,077831
0000000085,0000084000,-46385,093730,086075,076854,095310,080683
0000000086,0000085000,-67113,086683,088852,074594,094332,083922
0000000087,0000086000,-80481,071283,091728,073199,092421,087228
0000000088,0000087000,-85361,049095,094435,072801,089764,090283
0000000089,0000088000,-81278,022313,096705,073443,086619,092786
0000000090,0000089000,-68524,-06457,098307,075059,083300,094490
0000000091,0000090000,-48388,-34405,099088,077492,080127,095228
0000000092,0000091000,-22871,-58805,098977,080507,077409,094931
0000000093,0000092000,005552,-77272,097981,083805,075415,093628
0000000094,0000093000,034083,-87980,096198,087061,074343,091444
0000000095,0000094000,059953,-89843,093798,089963,074293,088591
0000000096,0000095000,080641,-82749,091019,092225,075270,085353
0000000097,0000096000,094097,-67435,088143,093620,077180,082048
0000000098,0000097000,098964,-45239,085437,094017,079838,078993
0000000099,0000098000,094811,-18381,083166,093376,082982,076490
0000000100,0000099000,082126,010329,081563,091761,086300,074786
0000000101,0000100000,062021,038243,080782,089327,089474,074047
0000000102,0000101000,036418,062731,080894,086312,092192,074344
0000000103,0000102000,008019,081183,081889,083016,094184,075647
0000000104,0000103000,-20449,091824,083671,079759,095258,077831
0000000105,0000104000,-46388,093754,086072,076857,095308,080683
0000000106,0000105000,-67097,086687,088850,074597,094330,083921
0000000107,0000106000,-80479,071297,091727,073201,092421,087226
0000000108,0000107000,-85384,049131,094434,072803,089764,090280
0000000109,0000108000,-81291,022332,096704,073444,086620,092783
0000000110,0000109000,-68536,-06447,098307,075059,083302,094487
0000000111,0000110000,-48424,-34380,099089,077492,080130,095226
0000000112,0000111000,-22895,-58795,098978,080507,077412,094930
0000000113,0000112000,005545,-77286,097983,083803,075418,093627
0000000114,0000113000,034059,-87981,096201,087058,074346,091444
0000000115,0000114000,059932,-89847,093800,089960,074295,088592
0000000116,0000115000,080648,-82779,091022,092222,075271,085355
0000000117,0000116000,094102,-67462,088145,093617,077180,082050
0000000118,0000117000,098966,-45256,085438,094014,079838,078996
0000000119,0000118000,094839,-18414,083166,093374,082980,076493
0000000120,0000119000,082156,010300,081563,091760,086298,074790
0000000121,0000120000,062036,038239,080781,089327,089471,074050
0000000122,0000121000,036447,062721,080892,086313,092188,074346
0000000123,0000122000,008056,081171,081886,083018,094181,075649
0000000124,0000123000,-20435,091839,083669,079762,095255,077831
0000000125,0000124000,-46380,093777,086069,076860,095306,080682
0000000126,0000125000,-67083,086701,088847,074600,094329,083919
0000000127,0000126000,-80488,071329,091725,073204,092421,087223
0000000128,0000127000,-85409,049172,094432,072806,089765,090277
0000000129,0000128000,-81304,022354,096704,073446,086622,092779
0000000130,0000129000,-68562,-06425,098308,075060,083305,094483
0000000131,0000130000,-48468,-34348,099091,077492,080133,095223
0000000132,0000131000,-22925,-58786,098980,080505,077416,094927
0000000133,0000132000,005523,-77293,097986,083800,075423,093625
0000000134,0000133000,034027,-87983,096204,087055,074349,091443
0000000135,0000134000,059916,-89865,093803,089956,074298,088593
0000000136,0000135000,080654,-82819,091025,092217,075273,085357
0000000137,0000136000,094104,-67492,088148,093613,077181,082053
0000000138,0000137000,098976,-45285,085440,094011,079837,079000
0000000139,0000138000,094876,-18459,083167,093372,082978,076498
0000000140,0000139000,082192,010266,081563,091759,086295,074794
0000000141,0000140000,062066,038224,080780,089327,089467,074054
0000000142,0000141000,036491,062703,080889,086315,092183,074349
0000000143,0000142000,008096,081165,081883,083021,094176,075651
0000000144,0000143000,-20417,091860,083665,079766,095250,077832
0000000145,0000144000,-46361,093801,086065,076865,095302,080681
0000000146,0000145000,-67069,086726,088843,074605,094326,083916
0000000147,0000146000,-80503,071375,091721,073208,092420,087219
0000000148,0000147000,-85434,049221,094430,072810,089765,090272
0000000149,0000148000,-81328,022387,096703,073449,086624,092774
0000000150,0000149000,-68605,-06388,098308,075061,083308,094478
0000000151,0000150000,-48520,-34314,099092,077492,080138,095218
0000000152,0000151000,-22963,-58778,098983,080504,077421,094923
0000000153,0000152000,005485,-77297,097990,083797,075428,093623
0000000154,0000153000,033986,-87988,096209,087050,074354,091443
0000000155,0000154000,059899,-89894,093808,089951,074302,088595
0000000156,0000155000,080655,-82864,091030,092211,075276,085360
0000000157,0000156000,094107,-67532,088151,093607,077183,082058
0000000158,0000157000,098999,-45332,085442,094006,079836,079006
0000000159,0000158000,094920,-18514,083168,093368,082976,076504
0000000160,0000159000,082235,010228,081562,091757,086291,074800
0000000161,0000160000,062111,038199,080777,089327,089461,074059
0000000162,0000161000,036550,062680,080886,086317,092177,074353
0000000163,0000162000,008143,081162,081878,083025,094170,075653
0000000164,0000163000,-20388,091884,083659,079771,095245,077832
0000000165,0000164000,-46334,093828,086060,076871,095297,080679
0000000166,0000165000,-67058,086765,088838,074611,094324,083913
0000000167,0000166000,-80521,071434,091717,073214,092419,087214
0000000168,0000167000,-85461,049277,094427,072816,089766,090266
0000000169,0000168000,-81363,022434,096701,073453,086627,092768
0000000170,0000169000,-68662,-06337,098309,075063,083313,094472
0000000171,0000170000,-48582,-34274,099095,077492,080144,095212
0000000172,0000171000,-23014,-58765,098987,080501,077428,094919
0000000173,0000172000,005432,-77296,097995,083792,075435,093621
0000000174,0000173000,033939,-88000,096215,087045,074361,091442
0000000175,0000174000,059878,-89934,093814,089944,074307,088596
0000000176,0000175000,080651,-82917,091035,092204,075280,085364
0000000177,0000176000,094113,-67585,088156,093600,077184,082063
0000000178,0000177000,099032,-45397,085446,094000,079835,079013
0000000179,0000178000,094973,-18581,083170,093364,082973,076511
0000000180,0000179000,082288,010180,081562,091755,086286,074807
0000000181,0000180000,062175,038162,080775,089327,089455,074066
0000000182,0000181000,036621,062652,080881,086320,092170,074358
0000000183,0000182000,008198,081164,081873,083029,094163,075656
0000000184,0000183000,-20346,091909,083653,079778,095238,077833
0000000185,0000184000,-46300,093863,086053,076879,095291,080678
0000000186,0000185000,-67050,086819,088832,074619,094320,083909
0000000187,0000186000,-80541,071507,091712,073222,092417,087208
0000000188,0000187000,-85493,049346,094423,072822,089767,090258
0000000189,0000188000,-81412,022498,096700,073458,086631,092759
0000000190,0000189000,-68734,-06273,098309,075065,083319,094463
0000000191,0000190000,-48655,-34230,099098,077491,080151,095205
0000000192,0000191000,-23081,-58747,098992,080498,077436,094914
0000000193,0000192000,005363,-77292,098002,083787,075444,093617
0000000194,0000193000,033885,-88019,096222,087037,074369,091442
0000000195,0000194000,059852,-89984,093822,089936,074313,088598
0000000196,0000195000,080641,-82979,091042,092195,075284,085369
0000000197,0000196000,094124,-67654,088162,093592,077186,082070
0000000198,0000197000,099075,-45479,085450,093993,079834,079021
0000000199,0000198000,095033,-18660,083172,093359,082969,076520
0000000200,0000199000,082356,010120,081561,091752,086280,074816
0000000201,0000200000,062258,038113,080771,089328,089446,074074
0000000202,0000201000,036706,062621,080876,086323,092160,074365
0000000203,0000202000,008266,081167,081865,083035,094153,075660
0000000204,0000203000,-20291,091937,083644,079786,095229,077833
0000000205,0000204000,-46260,093907,086044,076888,095284,080675
0000000206,0000205000,-67042,086889,088824,074629,094315,083903
0000000207,0000206000,-80562,071593,091706,073232,092416,087201
0000000208,0000207000,-85531,049429,094419,072830,089769,090249
0000000209,0000208000,-81476,022581,096698,073463,086635,092749
0000000210,0000209000,-68819,-06196,098310,075068,083326,094454
0000000211,0000210000,-48742,-34178,099101,077491,080160,095196
0000000212,0000211000,-23166,-58722,098998,080495,077447,094907
0000000213,0000212000,005280,-77288,098010,083780,075454,093613
0000000214,0000213000,033822,-88047,096231,087029,074378,091441
0000000215,0000214000,059817,-90042,093831,089925,074321,088601
0000000216,0000215000,080628,-83052,091051,092184,075289,085374
0000000217,0000216000,094141,-67742,088169,093582,077187,082079
0000000218,0000217000,099126,-45579,085454,093984,079832,079031
0000000219,0000218000,095104,-18752,083174,093353,082964,076531
0000000220,0000219000,082442,010045,081560,091749,086272,074827
0000000221,0000220000,062359,038051,080768,089328,089436,074083
0000000222,0000221000,036805,062587,080869,086327,092149,074372
0000000223,0000222000,008349,081171,081857,083042,094142,075664
0000000224,0000223000,-20221,091967,083634,079795,095218,077834
0000000225,0000224000,-46214,093962,086034,076900,095276,080672
0000000226,0000225000,-67034,086975,088815,074641,094310,083897
0000000227,0000226000,-80584,071694,091698,073243,092414,087191
0000000228,0000227000,-85579,049531,094413,072840,089770,090238
0000000229,0000228000,-81555,022682,096696,073470,086641,092737
0000000230,0000229000,-68920,-06105,098311,075072,083335,094442
0000000231,0000230000,-48846,-34117,099105,077491,080171,095186
0000000232,0000231000,-23272,-58688,099005,080490,077459,094899
0000000233,0000232000,005181,-77283,098019,083773,075467,093609
0000000234,0000233000,033749,-88081,096242,087018,074389,091440
0000000235,0000234000,059773,-90109,093842,089913,074330,088604
0000000236,0000235000,080612,-83140,091061,092171,075295,085381
0000000237,0000236000,094163,-67849,088178,093570,077190,082089
0000000238,0000237000,099185,-45698,085460,093974,079830,079043
0000000239,0000238000,095187,-18860,083176,093345,082958,076545
0000000240,0000239000,082546,009953,081559,091745,086263,074840
0000000241,0000240000,062479,037978,080763,089329,089424,074095
0000000242,0000241000,036920,062549,080862,086331,092136,074381
0000000243,0000242000,008449,081174,081847,083051,094128,075669
0000000244,0000243000,-20137,092001,083623,079807,095206,077835
0000000245,0000244000,-46161,094030,086022,076913,095266,080669
0000000246,0000245000,-67024,087076,088804,074655,094303,083890
0000000247,0000246000,-80608,071811,091688,073256,092411,087181
0000000248,0000247000,-85637,049652,094407,072851,089772,090225
0000000249,0000248000,-81650,022804,096693,073478,086647,092723
0000000250,0000249000,-69036,-06001,098313,075076,083345,094428
0000000251,0000250000,-48970,-34043,099110,077490,080184,095174
0000000252,0000251000,-23399,-58647,099014,080485,077473,094890
0000000253,0000252000,005066,-77280,098030,083763,075481,093603
0000000254,0000253000,033663,-88123,096255,087006,074403,091439
0000000255,0000254000,059718,-90186,093855,089899,074341,088608
0000000256,0000255000,080594,-83243,091074,092156,075302,085389
0000000257,0000256000,094191,-67977,088187,093555,077192,082100
0000000258,0000257000,099253,-45835,085467,093962,079828,079058
0000000259,0000258000,095283,-18987,083179,093337,082951,076560
0000000260,0000259000,082670,009842,081557,091741,086252,074855
0000000261,0000260000,062619,037892,080757,089329,089410,074108
0000000262,0000261000,037055,062505,080853,086337,092121,074391
0000000263,0000262000,008569,081174,081834,083060,094113,075675
0000000264,0000263000,-20039,092041,083609,079820,095192,077836
0000000265,0000264000,-46102,094111,086008,076928,095255,080665
0000000266,0000265000,-67010,087193,088791,074671,094296,083881
0000000267,0000266000,-80635,071946,091677,073271,092408,087168
0000000268,0000267000,-85706,049796,094400,072864,089775,090209
0000000269,0000268000,-81759,022945,096690,073487,086654,092706
0000000270,0000269000,-69169,-05881,098314,075080,083356,094412
0000000271,0000270000,-49115,-33957,099116,077489,080199,095160
0000000272,0000271000,-23547,-58597,099023,080479,077490,094879
0000000273,0000272000,004934,-77277,098043,083753,075498,093597
0000000274,0000273000,033562,-88170,096269,086991,074418,091438
0000000275,0000274000,059653,-90273,093871,089882,074353,088612
0000000276,0000275000,080574,-83363,091088,092139,075310,085399
0000000277,0000276000,094224,-68125,088199,093539,077195,082114
0000000278,0000277000,099329,-45992,085475,093948,079826,079074
0000000279,0000278000,095396,-19134,083183,093327,082943,076578
0000000280,0000279000,082815,009712,081556,091736,086239,074872
0000000281,0000280000,062779,037794,080751,089330,089394,074123
0000000282,0000281000,037210,062455,080842,086343,092103,074402
0000000283,0000282000,008709,081173,081821,083072,094095,075681
0000000284,0000283000,-19926,092087,083593,079835,095175,077837
0000000285,0000284000,-46033,094205,085992,076946,095242,080660
0000000286,0000285000,-66991,087326,088775,074689,094287,083871
0000000287,0000286000,-80665,072102,091665,073289,092405,087154
0000000288,0000287000,-85787,049962,094391,072878,089778,090192
0000000289,0000288000,-81883,023108,096686,073497,086663,092688
0000000290,0000289000,-69322,-05744,098315,075085,083370,094393
0000000291,0000290000,-49284,-33855,099123,077488,080216,095144
0000000292,0000291000,-23717,-58538,099035,080472,077509,094867
0000000293,0000292000,004784,-77274,098058,083741,075517,093590
0000000294,0000293000,033445,-88223,096286,086975,074435,091437
0000000295,0000294000,059577,-90372,093888,089863,074367,088617
0000000296,0000295000,080552,-83503,091104,092119,075319,085409
0000000297,0000296000,094260,-68296,088213,093521,077198,082129
0000000298,0000297000,099414,-46170,085485,093933,079823,079093
0000000299,0000298000,095525,-19304,083187,093316,082934,076598
0000000300,0000299000,082981,009563,081554,091731,086225,074892
0000000301,0000300000,062961,037683,080744,089331,089376,074140
0000000302,0000301000,037387,062396,080830,086350,092082,074415
0000000303,0000302000,008871,081169,081805,083085,094074,075689
0000000304,0000303000,-19797,092139,083575,079853,095157,077838
0000000305,0000304000,-45955,094313,085973,076966,095227,080655
0000000306,0000305000,-66968,087476,088758,074710,094278,083860
0000000307,0000306000,-80700,072279,091651,073308,092402,087137
0000000308,0000307000,-85878,050154,094381,072895,089781,090172
0000000309,0000308000,-82023,023292,096682,073509,086673,092666
0000000310,0000309000,-69495,-05587,098317,075091,083385,094373
0000000311,0000310000,-49476,-33737,099130,077487,080235,095125
0000000312,0000311000,-23910,-58472,099047,080464,077531,094853
0000000313,0000312000,004613,-77271,098075,083727,075539,093582
0000000314,0000313000,033310,-88281,096306,086957,074455,091436
0000000315,0000314000,059489,-90482,093908,089842,074383,088623
0000000316,0000315000,080527,-83661,091122,092097,075329,085421
0000000317,0000316000,094299,-68488,088228,093500,077201,082147
0000000318,0000317000,099510,-46372,085495,093915,079819,079114
0000000319,0000318000,095671,-19497,083192,093304,082924,076620
0000000320,0000319000,083167,009393,081553,091725,086209,074914
0000000321,0000320000,063165,037557,080736,089332,089356,074159
0000000322,0000321000,037590,062328,080817,086359,092060,074429
0000000323,0000322000,009055,081163,081787,083099,094051,075697
0000000324,0000323000,-19652,092198,083554,079872,095136,077839
0000000325,0000324000,-45864,094433,085952,076989,095210,080649
0000000326,0000325000,-66940,087644,088738,074734,094267,083847
0000000327,0000326000,-80738,072480,091634,073331,092399,087119
0000000328,0000327000,-85981,050370,094370,072913,089785,090150
0000000329,0000328000,-82180,023499,096677,073522,086684,092642
0000000330,0000329000,-69690,-05410,098319,075097,083402,094349
0000000331,0000330000,-49694,-33602,099139,077486,080257,095105
0000000332,0000331000,-24127,-58396,099061,080456,077555,094838
0000000333,0000332000,004420,-77266,098093,083712,075563,093574
0000000334,0000333000,033156,-88344,096327,086936,074477,091435
0000000335,0000334000,059390,-90606,093930,089818,074400,088630
0000000336,0000335000,080498,-83839,091143,092072,075340,085435
0000000337,0000336000,094341,-68702,088245,093476,077205,082166
0000000338,0000337000,099615,-46598,085507,093896,079815,079137
0000000339,0000338000,095836,-19716,083197,093290,082912,076645
0000000340,0000339000,083376,009202,081551,091719,086191,074938
0000000341,0000340000,063394,037415,080728,089334,089333,074181
0000000342,0000341000,037818,062249,080802,086368,092034,074445
0000000343,0000342000,009262,081155,081767,083116,094026,075706
0000000344,0000343000,-19489,092264,083531,079894,095113,077840
0000000345,0000344000,-45761,094566,085929,077014,095192,080642
0000000346,0000345000,-66907,087830,088717,074760,094255,083832
0000000347,0000346000,-80780,072705,091616,073355,092395,087098
0000000348,0000347000,-86095,050611,094357,072933,089789,090125
0000000349,0000348000,-82352,023731,096671,073536,086696,092616
0000000350,0000349000,-69908,-05210,098321,075103,083421,094324
0000000351,0000350000,-49938,-33450,099148,077484,080281,095083
0000000352,0000351000,-24369,-58311,099077,080446,077581,094821
0000000353,0000352000,004204,-77259,098114,083694,075590,093564
0000000354,0000353000,032982,-88413,096352,086913,074501,091434
0000000355,0000354000,059279,-90744,093955,089791,074420,088637
0000000356,0000355000,080464,-84037,091166,092045,075353,085450
0000000357,0000356000,094385,-68940,088264,093451,077209,082188
0000000358,0000357000,099732,-46851,085521,093874,079810,079163
0000000359,0000358000,096018,-19961,083203,093275,082899,076673
0000000360,0000359000,083607,008989,081549,091712,086171,074965
0000000361,0000360000,063649,037256,080718,089336,089308,074204
0000000362,0000361000,038073,062159,080785,086379,092006,074463
0000000363,0000362000,009493,081145,081745,083134,093998,075716
0000000364,0000363000,-19306,092336,083506,079918,095088,077842
0000000365,0000364000,-45644,094712,085902,077042,095172,080634
0000000366,0000365000,-66868,088036,088692,074789,094243,083816
0000000367,0000366000,-80825,072955,091596,073382,092391,087075
0000000368,0000367000,-86219,050879,094342,072956,089794,090097
0000000369,0000368000,-82542,023988,096664,073552,086710,092587
0000000370,0000369000,-70150,-04986,098322,075110,083442,094295
0000000371,0000370000,-50208,-33280,099158,077482,080308,095058
0000000372,0000371000,-24637,-58215,099094,080435,077611,094803
0000000373,0000372000,003962,-77249,098137,083675,075619,093554
0000000374,0000373000,032788,-88486,096378,086887,074528,091433
0000000375,0000374000,059154,-90895,093983,089762,074441,088645
0000000376,0000375000,080423,-84255,091192,092015,075366,085467
0000000377,0000376000,094431,-69202,088286,093422,077213,082212
0000000378,0000377000,099860,-47131,085536,093851,079805,079192
0000000379,0000378000,096219,-20233,083210,093259,082885,076704
0000000380,0000379000,083861,008752,081547,091705,086148,074995
0000000381,0000380000,063930,037077,080708,089338,089280,074230
0000000382,0000381000,038355,062057,080767,086390,091975,074482
0000000383,0000382000,009748,081131,081721,083154,093967,075726
0000000384,0000383000,-19103,092413,083478,079945,095060,077843
0000000385,0000384000,-45512,094869,085873,077073,095150,080625
0000000386,0000385000,-66823,088262,088665,074820,094229,083798
0000000387,0000386000,-80873,073229,091573,073411,092386,087050
0000000388,0000387000,-86352,051174,094326,072980,089800,090067
0000000389,0000388000,-82750,024273,096656,073569,086725,092554
0000000390,0000389000,-70415,-04737,098324,075118,083465,094264
0000000391,0000390000,-50504,-33090,099168,077479,080337,095031
0000000392,0000391000,-24933,-58107,099113,080422,077643,094783
0000000393,0000392000,003695,-77234,098163,083654,075651,093543
0000000394,0000393000,032573,-88564,096408,086859,074556,091432
0000000395,0000394000,059014,-91059,094013,089730,074463,088655
0000000396,0000395000,080376,-84492,091220,091982,075380,085486
0000000397,0000396000,094478,-69489,088310,093392,077218,082238
0000000398,0000397000,099998,-47439,085553,093825,079799,079224
0000000399,0000398000,096437,-20533,083219,093241,082869,076738
0000000400,0000399000,084138,008491,081546,091697,086124,075027
0000000401,0000400000,064240,036879,080697,089341,089249,074258
0000000402,0000401000,026845,099998,084557,088971,092138,074702
0000000403,0000402000,022978,081836,081772,086593,093706,075510
0000000404,0000403000,003706,098475,084080,083810,095489,078301
0000000405,0000404000,-14381,099380,086334,078899,094888,080370
0000000406,0000405000,-14488,061037,085931,074275,094548,084108
0000000407,0000406000,-35895,073794,091594,068992,092537,087171
0000000408,0000407000,-31455,015621,090698,064338,089887,090098
0000000409,0000408000,-44121,014739,095604,061122,087196,092944
0000000410,0000409000,-34273,-23035,096346,058522,083305,094023
0000000411,0000410000,-21225,-54998,096847,058346,080747,095385
0000000412,0000411000,-16501,-53041,099477,059018,077597,094707
0000000413,0000412000,008158,-93316,096294,061739,075776,093686
0000000414,0000413000,008241,-68252,098141,065862,074747,091709
0000000415,0000414000,027318,-83547,094533,070703,074182,088497
0000000416,0000415000,036175,-64698,093002,076656,075554,085790
0000000417,0000416000,042178,-40540,091094,081835,076882,082023
0000000418,0000417000,051473,-35872,086801,087099,079824,079341
0000000419,0000418000,039032,014439,086955,090999,082814,076733
0000000420,0000419000,041399,016603,082663,093676,085935,074852
0000000421,0000420000,025001,056890,083105,095105,089372,074357
0000000422,0000421000,018310,069564,081996,094235,091665,074151
0000000423,0000422000,010084,074354,081502,092371,094115,075797
0000000424,0000423000,-09396,096251,084313,088574,094995,077652
0000000425,0000424000,-12145,072262,084015,084087,095223,080529
0000000426,0000425000,-28737,081438,088220,079144,094447,083828
0000000427,0000426000,-27435,051520,089457,073866,092319,086811
0000000428,0000427000,-27887,031965,092314,069518,090122,090239
0000000429,0000428000,-27483,013589,095297,065563,086746,092451
0000000430,0000429000,-16636,-25573,095770,063370,083712,094450
0000000431,0000430000,-16228,-31155,098847,062561,080506,095219
0000000432,0000431000,000461,-66753,097652,063403,077643,094874
0000000433,0000432000,008159,-69503,098219,066100,075835,093912
0000000434,0000433000,019982,-77548,096837,069691,074372,091523
0000000435,0000434000,031011,-82409,094342,074704,074512,089020
0000000436,0000435000,031014,-59567,093300,079919,075207,085628
0000000437,0000436000,039374,-58222,089253,085320,077026,082329
0000000438,0000437000,034556,-24568,087977,090278,079697,079330
0000000439,0000438000,035482,-08425,084803,094012,082548,076528
0000000440,0000439000,029422,017590,083017,096739,086097,075011
0000000441,0000440000,018556,046885,082453,097537,089043,073946
0000000442,0000441000,012687,055932,080998,096986,091921,074253
0000000443,0000442000,-02234,082632,082710,094731,093958,075433
0000000444,0000443000,-05976,077740,082837,091054,095012,077420
0000000445,0000444000,-15199,082632,085343,086587,095379,080418
0000000446,0000445000,-20159,074108,087676,081271,094314,083446
0000000447,0000446000,-20808,053221,089734,076274,092698,086983
0000000448,0000447000,-24551,042347,093317,071571,090022,089992
0000000449,0000448000,-16619,007983,094555,067909,086935,092583
0000000450,0000449000,-13693,-08323,097247,065621,083739,094513
0000000451,0000450000,-03683,-36923,097935,064682,080397,095230
0000000452,0000451000,004866,-56803,098250,065657,077823,095258
0000000453,0000452000,011119,-65342,098273,067974,075578,093921
0000000454,0000453000,022451,-80643,096201,071830,074445,091892
0000000455,0000454000,025776,-71139,095178,076591,074262,089075
0000000456,0000455000,033563,-70221,092046,081772,075018,085728
0000000457,0000456000,034024,-51915,089819,087112,076964,082504
0000000458,0000457000,032406,-31088,087356,091722,079392,079185
0000000459,0000458000,030462,-12070,084575,095596,082612,076660
0000000460,0000459000,022085,019640,083469,098008,085858,074732
0000000461,0000460000,018132,035189,081593,098886,089058,073812
0000000462,0000461000,007745,060727,081823,098168,091953,074043
0000000463,0000462000,000306,072228,082044,095727,093951,075109
0000000464,0000463000,-07419,078357,083249,092148,095308,077349
0000000465,0000464000,-15409,082164,085573,087439,095414,080076
0000000466,0000465000,-16786,068249,087286,082345,094618,083403
0000000467,0000466000,-20642,059774,090482,077223,092838,086837
0000000468,0000467000,-17773,035119,092556,072544,090185,089968
0000000469,0000468000,-15508,014129,095024,068968,087175,092757
0000000470,0000469000,-10740,-09121,096927,066564,083714,094548
0000000471,0000470000,-02124,-36269,097669,065870,080538,095554
0000000472,0000471000,004080,-50669,098486,066724,077660,095392
0000000473,0000472000,014500,-69921,097441,069146,075481,094202
0000000474,0000473000,020238,-73379,096575,072953,074289,092158
0000000475,0000474000,026512,-74363,094553,077600,073967,089210
0000000476,0000475000,030785,-67642,092106,082874,074874,085980
0000000477,0000476000,031180,-50139,089915,088003,076605,082460
0000000478,0000477000,032380,-35184,086963,092667,079233,079233
0000000479,0000478000,027477,-07756,085145,096343,082407,076532
0000000480,0000479000,023221,013429,083106,098634,085736,074538
0000000481,0000480000,015753,037422,082141,099472,089112,073650
0000000482,0000481000,007514,058231,081947,098559,091926,073678
0000000483,0000482000,001004,069215,082148,096183,094176,074900
0000000484,0000483000,-07522,079965,083784,092433,095459,077011
0000000485,0000484000,-11903,076182,085279,087741,095701,079869
0000000486,0000485000,-16916,071141,087804,082635,094941,083276
0000000487,0000486000,-18318,056257,090243,077484,093069,086705
0000000488,0000487000,-16953,035693,092585,072968,090510,090059
0000000489,0000488000,-14677,015576,095021,069351,087289,092793
0000000490,0000489000,-08134,-11711,096414,067105,083870,094791
0000000491,0000490000,-02716,-31608,097778,066425,080547,095811
0000000492,0000491000,005503,-52683,097872,067337,077560,095680
0000000493,0000492000,013006,-66088,097408,069874,075361,094572
0000000494,0000493000,019706,-72190,096292,073629,073971,092385
0000000495,0000494000,026390,-74195,094224,078366,073719,089513
0000000496,0000495000,029048,-63912,092243,083524,074511,086118
0000000497,0000496000,031450,-52469,089566,088620,076298,082554
0000000498,0000497000,029931,-31858,087303,093212,078980,079238
0000000499,0000498000,026970,-09543,085116,096745,082147,076360
0000000500,0000499000,022418,012934,083333,099002,085666,074371
0000000501,0000500000,015080,037343,082498,099642,089047,073309
0000000502,0000501000,008489,054217,081976,098675,092051,073375
0000000503,0000502000,000020,069885,082678,096183,094372,074553
0000000504,0000503000,-06435,075629,083785,092368,095718,076662
0000000505,0000504000,-11948,075532,085581,087701,096074,079632
0000000506,0000505000,-15936,069161,087880,082537,095255,083034
0000000507,0000506000,-16730,053615,090121,077485,093463,086654
0000000508,0000507000,-16746,036824,092686,072984,090800,090063
0000000509,0000508000,-13068,013186,094630,069478,087525,092934
0000000510,0000509000,-08367,-09287,096374,067356,084022,095048
0000000511,0000510000,-01762,-31461,097391,066746,080526,096091
0000000512,0000511000,006017,-51041,097564,067806,077494,096084
0000000513,0000512000,012852,-63010,097227,070360,075117,094922
0000000514,0000513000,020231,-71550,095880,074198,073688,092762
0000000515,0000514000,025119,-69903,094241,078938,073355,089815
0000000516,0000515000,029038,-63351,092005,084063,074097,086310
0000000517,0000516000,030551,-50071,089648,089137,075943,082682
0000000518,0000517000,029350,-30755,087404,093585,078613,079185
0000000519,0000518000,026718,-10256,085203,097044,081924,076246
0000000520,0000519000,021090,013907,083738,099141,085513,074106
0000000521,0000520000,015049,034560,082638,099664,089028,072967
0000000522,0000521000,007593,053539,082412,098592,092178,072997
0000000523,0000522000,000207,066790,082912,095969,094576,074117
0000000524,0000523000,-06199,072724,084011,092123,096076,076305
0000000525,0000524000,-12031,073681,085841,087388,096452,079290
0000000526,0000525000,-15088,065421,087845,082265,095693,082816
0000000527,0000526000,-16745,052965,090240,077264,093882,086545
0000000528,0000527000,-15602,034526,092463,072839,091147,090067
0000000529,0000528000,-12394,013097,094463,069474,087821,093108
0000000530,0000529000,-07664,-08709,096112,067446,084158,095297
0000000531,0000530000,-00874,-30908,096984,067001,080568,096473
0000000532,0000531000,005968,-47888,097332,068168,077371,096500
0000000533,0000532000,013555,-61531,096795,070825,074869,095357
0000000534,0000533000,020040,-67828,095681,074739,073353,093190
0000000535,0000534000,025177,-67282,094006,079473,072915,090147
0000000536,0000535000,028759,-60903,091885,084602,073664,086581
0000000537,0000536000,029646,-47176,089727,089585,075488,082794
0000000538,0000537000,028962,-30201,087430,093947,078230,079176
0000000539,0000538000,025594,-08836,085514,097271,081633,076095
0000000540,0000539000,020656,012779,083969,099204,085332,073813
0000000541,0000540000,014307,033401,083006,099592,089018,072603
0000000542,0000541000,006921,051535,082804,098355,092282,072538
0000000543,0000542000,000029,063319,083205,095641,094844,073663
0000000544,0000543000,-06658,070316,084385,091709,096440,075860
0000000545,0000544000,-11541,069622,085978,086946,096893,078913
0000000546,0000545000,-14843,062861,088007,081852,096186,082558
0000000547,0000546000,-16056,050354,090215,076899,094342,086395
0000000548,0000547000,-14777,032676,092313,072605,091577,090091
0000000549,0000548000,-11780,012961,094285,069366,088130,093258
0000000550,0000549000,-06500,-08973,095723,067508,084349,095592
0000000551,0000550000,-00258,-28809,096663,067224,080610,096878
0000000552,0000551000,006840,-45933,096891,068527,077245,096960
0000000553,0000552000,013949,-58351,096424,071318,074621,095861
0000000554,0000553000,020088,-64063,095376,075291,072963,093647
0000000555,0000554000,025232,-64162,093721,080066,072457,090553
0000000556,0000555000,028162,-57058,091817,085160,073158,086871
0000000557,0000556000,029254,-44989,089672,090060,074989,082944
0000000558,0000557000,028008,-28052,087588,094306,077800,079185
0000000559,0000558000,024637,-08159,085758,097460,081285,075930
0000000560,0000559000,019725,012158,084290,099232,085138,073524
0000000561,0000560000,013231,032249,083450,099431,088966,072186
0000000562,0000561000,006398,048427,083187,098037,092398,072054
0000000563,0000562000,-00620,060353,083660,095194,095115,073154
0000000564,0000563000,-06773,066253,084713,091171,096827,075363
0000000565,0000564000,-11472,065715,086245,086392,097385,078501
0000000566,0000565000,-14515,059403,088171,081317,096706,082240
0000000567,0000566000,-15194,047010,090183,076459,094867,086230
0000000568,0000567000,-13986,031024,092219,072294,092041,090083
0000000569,0000568000,-10568,011707,093990,069222,088489,093409
0000000570,0000569000,-05503,-08373,095375,067559,084578,095901
0000000571,0000570000,000736,-27136,096224,067456,080663,097294
0000000572,0000571000,007748,-43359,096407,068941,077143,097469
0000000573,0000572000,014422,-54422,096004,071860,074352,096391
0000000574,0000573000,020496,-60249,094949,075920,072564,094161
0000000575,0000574000,025013,-59618,093459,080722,071966,091002
0000000576,0000575000,027750,-53233,091641,085773,072610,087198
0000000577,0000576000,028481,-41690,089655,090585,074455,083137
0000000578,0000577000,026943,-25612,087741,094674,077310,079203
0000000579,0000578000,023609,-07431,086008,097647,080907,075787
0000000580,0000579000,018430,012084,084708,099210,084899,073223
0000000581,0000580000,012206,030287,083897,099202,088889,071756
0000000582,0000581000,005421,045560,083705,097629,092503,071545
0000000583,0000582000,-01260,056466,084151,094634,095375,072600
0000000584,0000583000,-06968,061616,085122,090529,097235,074836
0000000585,0000584000,-11430,061276,086589,085720,097888,078036
0000000586,0000585000,-13918,054803,088330,080689,097266,081888
0000000587,0000586000,-14443,043585,090225,075941,095431,086029
0000000588,0000587000,-12860,028399,092072,071933,092543,090043
0000000589,0000588000,-09289,010478,093696,069068,088897,093550
0000000590,0000589000,-04243,-07911,094968,067621,084836,096196
0000000591,0000590000,002034,-25515,095697,067741,080756,097726
0000000592,0000591000,008659,-40014,095883,069421,077057,097992
0000000593,0000592000,015149,-50361,095457,072489,074093,096951
0000000594,0000593000,020756,-55328,094489,076645,072165,094714
0000000595,0000594000,024874,-54556,093110,081463,071453,091483
0000000596,0000595000,027263,-48621,091422,086466,072044,087573
0000000597,0000596000,027502,-37533,089634,091154,073880,083362
0000000598,0000597000,025803,-22966,087866,095066,076785,079258
0000000599,0000598000,022181,-05963,086328,097822,080486,075667
0000000600,0000599000,017038,011783,085149,099142,084616,072932
0000000601,0000600000,010921,028350,084437,098901,088782,071333
0000000602,0000601000,004311,042292,084307,097115,092574,071020
0000000603,0000602000,-01932,051820,084714,093964,095623,072031
0000000604,0000603000,-07336,056532,085644,089765,097634,074275
0000000605,0000604000,-11241,055706,086970,084938,098397,077533
0000000606,0000605000,-13323,049667,088565,079971,097845,081499
0000000607,0000606000,-13451,039271,090276,075352,096015,085781
0000000608,0000607000,-11513,025168,091921,071542,093086,089971
0000000609,0000608000,-07852,009039,093385,068913,089340,093655
0000000610,0000609000,-02672,-07814,094480,067724,085137,096470
0000000611,0000610000,003420,-23476,095120,068098,080889,098147
0000000612,0000611000,009831,-36480,095245,069996,077003,098511
0000000613,0000612000,015949,-45563,094825,073233,073865,097528
0000000614,0000613000,021042,-49606,093942,077480,071777,095287
0000000615,0000614000,024735,-48760,092671,082311,070948,092000
0000000616,0000615000,026562,-42907,091171,087242,071468,087986
0000000617,0000616000,026441,-32809,089563,091779,073285,083628
0000000618,0000617000,024385,-19506,088011,095479,076233,079357
0000000619,0000618000,020553,-04154,086672,097974,080024,075583
0000000620,0000619000,015410,011604,085648,099018,084295,072678
0000000621,0000620000,009355,026399,085073,098507,088628,070929
0000000622,0000621000,003097,038426,084986,096488,092603,070507
0000000623,0000622000,-02779,046706,085396,093165,095835,071459
0000000624,0000623000,-07664,050462,086247,088870,098002,073696
0000000625,0000624000,-11025,049269,087440,084038,098894,077006
0000000626,0000625000,-12626,043630,088862,079154,098417,081068
0000000627,0000626000,-12238,033978,090348,074703,096612,085492
0000000628,0000627000,-09997,021392,091785,071128,093651,089849
0000000629,0000628000,-06085,006979,093025,068778,089817,093711
0000000630,0000629000,-00884,-07784,093939,067889,085484,096703
0000000631,0000630000,005050,-21351,094453,068548,081068,098530
0000000632,0000631000,011186,-32542,094500,070693,077002,099010
0000000633,0000632000,016812,-39968,094096,074109,073682,098094
0000000634,0000633000,021413,-43139,093279,078449,071430,095865
0000000635,0000634000,024495,-41838,092157,083278,070473,092539
0000000636,0000635000,025765,-36266,090846,088109,070906,088432
0000000637,0000636000,025159,-27122,089461,092461,072693,083944
0000000638,0000637000,022693,-15237,088158,095903,075663,079509
0000000639,0000638000,018684,-01910,087040,098094,079533,075557
0000000640,0000639000,013469,011745,086224,098818,083928,072479
0000000641,0000640000,007596,024214,085790,097999,088420,070574
0000000642,0000641000,001667,034195,085782,095722,092575,070032
0000000643,0000642000,-03737,040844,086192,092213,095986,070908
0000000644,0000643000,-08008,043411,086959,087828,098319,073123
0000000645,0000644000,-10776,041850,088012,083008,099345,076463
0000000646,0000645000,-11737,036405,089220,078238,098959,080606
0000000647,0000646000,-10838,027755,090469,073997,097196,085155
0000000648,0000647000,-08190,016724,091647,070703,094221,089665
0000000649,0000648000,-04032,004363,092632,068683,090321,093700
0000000650,0000649000,001181,-07969,093335,068139,085873,096865
0000000651,0000650000,006969,-19189,093681,069124,081306,098848
0000000652,0000651000,012708,-28059,093648,071541,077068,099455
0000000653,0000652000,017820,-33682,093235,075146,073569,098621
0000000654,0000653000,021785,-35627,092501,079575,071154,096427
0000000655,0000654000,024181,-33778,091539,084380,070058,093081
0000000656,0000655000,024820,-28487,090438,089077,070392,088906
0000000657,0000656000,023618,-20286,089321,093196,072127,084306
0000000658,0000657000,020741,-10130,088292,096327,075099,079726
0000000659,0000658000,016470,001032,087447,098161,079023,075612
0000000660,0000659000,011225,012135,086868,098513,083519,072364
0000000661,0000660000,005559,021937,086610,097350,088151,070303
0000000662,0000661000,000020,029526,086702,094787,092469,069630
0000000663,0000662000,-04790,034124,087116,091084,096051,070415
0000000664,0000663000,-08395,035355,087806,086616,098548,072584
0000000665,0000664000,-10425,033173,088691,081833,099715,075928
0000000666,0000665000,-10682,027956,089667,077220,099436,080124
0000000667,0000666000,-09179,020352,090640,073238,097735,084768
0000000668,0000667000,-06054,011046,091515,070285,094772,089410
0000000669,0000668000,-01653,001095,092210,068654,090835,093598
0000000670,0000669000,003596,-08536,092652,068507,086301,096924
0000000671,0000670000,009159,-16907,092807,069860,081611,099063
0000000672,0000671000,014454,-23112,092663,072575,077222,099802
0000000673,0000672000,018951,-26563,092234,076377,073561,099070
0000000674,0000673000,022163,-26972,091588,080882,070985,096935
0000000675,0000674000,023787,-24464,090795,085632,069746,093602
0000000676,0000675000,023657,-19329,089943,090148,069967,089394
0000000677,0000676000,021805,-12216,089123,093976,071627,084716
0000000678,0000677000,018441,-03937,088415,096734,074571,080024
0000000679,0000678000,013891,004742,087887,098145,078514,075771
0000000680,0000679000,008641,012872,087586,098071,083074,072372
0000000681,0000680000,003206,019635,087545,096518,087810,070160
0000000682,0000681000,-01840,024339,087757,093645,092261,069350
0000000683,0000682000,-05975,026555,088191,089743,095994,070025
0000000684,0000683000,-08781,026109,088797,085208,098644,072120
0000000685,0000684000,-09958,023126,089498,080500,099955,075431
0000000686,0000685000,-09413,018100,090215,076097,099797,079639
0000000687,0000686000,-07200,011563,090870,072440,098182,084336
0000000688,0000687000,-03563,004253,091402,069898,095268,089068
0000000689,0000688000,001123,-03018,091754,068724,091333,093375
0000000690,0000689000,006383,-09519,091893,069036,086760,096838
0000000691,0000690000,011665,-14578,091817,070800,081991,099121
0000000692,0000691000,016437,-17690,091532,073837,077490,099998
0000000693,0000692000,020190,-18519,091080,077839,073695,099385
0000000694,0000693000,022543,-17108,090518,082397,070975,097341
0000000695,0000694000,023255,-13688,089915,087049,069595,094064
0000000696,0000695000,022252,-08668,089340,091323,069689,089870
0000000697,0000696000,019659,-02717,088857,094787,071249,085169
0000000698,0000697000,015737,003501,088520,097093,074124,080414
0000000699,0000698000,010904,009316,088357,098009,078036,076066
0000000700,0000699000,005654,014096,088384,097443,082606,072549
0000000701,0000700000,000529,017311,088597,095456,087391,070204
0000000702,0000701000,-03934,018662,088960,092250,091926,069258
0000000703,0000702000,-07277,018061,089431,088152,095770,069805
0000000704,0000703000,-09143,015574,089950,083579,098551,071790
0000000705,0000704000,-09346,011593,090453,078998,099998,075020
0000000706,0000705000,-07866,006636,090877,074873,099971,079180
0000000707,0000706000,-04859,001272,091174,071623,098474,083868
0000000708,0000707000,-00647,-03838,091310,069578,095652,088628
0000000709,0000708000,004340,-08087,091267,068942,091779,092998
0000000710,0000709000,009573,-11001,091056,069778,087231,096555
0000000711,0000710000,014515,-12285,090704,071999,082450,098955
0000000712,0000711000,018647,-11767,090251,075378,077900,099965
0000000713,0000712000,021536,-09542,089755,079569,074022,099489
0000000714,0000713000,022884,-05933,089279,084145,071191,097574
0000000715,0000714000,022542,-01350,088883,088638,069683,094408
0000000716,0000715000,020550,003630,088615,092590,069641,090299
0000000717,0000716000,017113,008369,088515,095600,071067,085649
0000000718,0000717000,012589,012284,088598,097361,073823,080907
0000000719,0000718000,007456,014898,088855,097695,077637,076535
0000000720,0000719000,002247,015867,089261,096570,082139,072955
0000000721,0000720000,-02486,015037,089770,094104,086891,070513
0000000722,0000721000,-06254,012529,090319,090550,091434,069442
0000000723,0000722000,-08658,008613,090842,086272,095326,069844
0000000724,0000723000,-09444,003730,091276,081708,098192,071678
0000000725,0000724000,-08524,-01525,091565,077324,099755,074762
0000000726,0000725000,-05987,-06517,091665,073569,099866,078795
0000000727,0000726000,-02096,-10630,091559,070827,098519,083383
0000000728,0000727000,002746,-13324,091247,069379,095847,088079
0000000729,0000728000,008026,-14187,090758,069371,092114,092427
0000000730,0000729000,013189,-13077,090144,070801,087684,096008
0000000731,0000730000,017693,-10063,089472,073521,082988,098479
0000000732,0000731000,021060,-05415,088818,077250,078482,099603
0000000733,0000732000,022941,000340,088259,081605,074600,099277
0000000734,0000733000,023127,006556,087868,086141,071717,097537
0000000735,0000734000,021590,012553,087692,090391,070110,094554
0000000736,0000735000,018481,017615,087763,093920,069930,090624
0000000737,0000736000,014114,021076,088089,096363,071189,086130
0000000738,0000737000,008949,022464,088643,097471,073760,081512
0000000739,0000738000,003528,021531,089373,097129,077387,077219
0000000740,0000739000,-01571,018240,090207,095376,081713,073662
0000000741,0000740000,-05812,012878,091056,092395,086318,071183
0000000742,0000741000,-08746,006007,091821,088494,090755,070014
0000000743,0000742000,-10061,-01682,092416,084073,094597,070262
0000000744,0000743000,-09609,-09366,092770,079587,097475,071897
0000000745,0000744000,-07421,-16165,092830,075499,099114,074755
0000000746,0000745000,-03710,-21292,092578,072229,099360,078553
0000000747,0000746000,001146,-24113,092027,070116,098197,082917
0000000748,0000747000,006639,-24170,091220,069380,095746,087419
0000000749,0000748000,012185,-21316,090234,070095,092254,091622
0000000750,0000749000,017197,-15762,089170,072186,088067,095122
0000000751,0000750000,021141,-07985,088139,075433,083592,097587
0000000752,0000751000,023603,001251,087253,079501,079264,098789
0000000753,0000752000,024315,010980,086614,083970,075497,098618
0000000754,0000753000,023186,020184,086301,088380,072652,097101
0000000755,0000754000,020315,027857,086356,092275,070999,094392
0000000756,0000755000,015979,033107,086793,095251,070691,090761
0000000757,0000756000,010624,035247,087581,096998,071749,086568
0000000758,0000757000,004810,033919,088650,097332,074058,082224
0000000759,0000758000,-00845,029119,089899,096219,077383,078154
0000000760,0000759000,-05737,021200,091202,093778,081392,074747
0000000761,0000760000,-09351,010909,092425,090264,085692,072324
0000000762,0000761000,-11300,-00745,093434,086041,089867,071106
0000000763,0000762000,-11369,-12597,094119,081546,093518,071201
0000000764,0000763000,-09530,-23414,094398,077242,096297,072588
0000000765,0000764000,-05948,-32001,094223,073576,097943,075122
0000000766,0000765000,-00973,-37376,093597,070932,098305,078549
0000000767,0000766000,004885,-38859,092569,069588,097360,082526
0000000768,0000767000,011007,-36114,091231,069687,095214,086661
0000000769,0000768000,016743,-29288,089711,071217,092091,090549
0000000770,0000769000,021482,-18975,088165,074017,088305,093821
0000000771,0000770000,024722,-06124,086748,077795,084230,096169
0000000772,0000771000,026119,008025,085609,082156,080260,097383
0000000773,0000772000,025509,022048,084875,086651,076772,097359
0000000774,0000773000,022931,034498,084633,090813,074097,096115
0000000775,0000774000,018619,044054,084923,094209,072484,093783
0000000776,0000775000,012998,049592,085739,096480,072078,090602
0000000777,0000776000,006648,050380,087012,097385,072904,086891
0000000778,0000777000,000240,046210,088622,096825,074863,083019
0000000779,0000778000,-05542,037355,090412,094860,077747,079366
0000000780,0000779000,-10084,024603,092206,091696,081261,076279
0000000781,0000780000,-12908,009175,093818,087666,085057,074043
0000000782,0000781000,-13713,-07458,095084,083188,088766,072858
0000000783,0000782000,-12395,-23673,095871,078727,092037,072817
0000000784,0000783000,-09055,-37794,096080,074747,094564,073908
0000000785,0000784000,-04007,-48308,095672,071664,096113,076010
0000000786,0000785000,002255,-54013,094669,069808,096549,078903
0000000787,0000786000,009076,-54137,093154,069379,095848,082294
0000000788,0000787000,015733,-48521,091274,070426,094098,085842
0000000789,0000788000,021516,-37636,089213,072839,091492,089201
0000000790,0000789000,025812,-22490,087180,076364,088300,092050
0000000791,0000790000,028177,-04517,085376,080629,084844,094129
0000000792,0000791000,028354,014585,083982,085193,081457,095259
0000000793,0000792000,026302,032940,083147,089580,078460,095353
0000000794,0000793000,022192,048688,082970,093333,076131,094424
0000000795,0000794000,016409,060170,083489,096055,074681,092580
0000000796,0000795000,009531,066031,084675,097454,074233,090019
0000000797,0000796000,002276,065482,086426,097374,074808,087005
0000000798,0000797000,-04580,058467,088568,095819,076327,083843
0000000799,0000798000,-10309,045607,090888,092953,078615,080843
0000000800,0000799000,-14306,028119,093153,089080,081431,078290
0000000801,0000800000,-16163,007694,095139,084605,084487,076413
0000000802,0000801000,-15681,-13754,096651,079994,087486,075372
0000000803,0000802000,-12880,-34174,097534,075726,090147,075238
0000000804,0000803000,-08004,-51478,097680,072250,092225,076000
0000000805,0000804000,-01512,-63848,097053,069935,093536,077560
0000000806,0000805000,005942,-69857,095694,069035,093975,079745
0000000807,0000806000,013575,-68666,093721,069653,093525,082326
0000000808,0000807000,020568,-60285,091331,071729,092258,085037
0000000809,0000808000,026173,-45541,088770,075044,090325,087613
0000000810,0000809000,029812,-25868,086293,079246,087938,089809
0000000811,0000810000,031121,-03143,084138,083895,085345,091432
0000000812,0000811000,029955,020497,082518,088508,082799,092350
0000000813,0000812000,026403,042792,081596,092603,080538,092506
0000000814,0000813000,020781,061521,081480,095749,078768,091914
0000000815,0000814000,013621,074703,082207,097609,077638,090660
0000000816,0000815000,005652,080798,083727,097973,077233,088891
0000000817,0000816000,-02283,078978,085903,096795,077562,086800
0000000818,0000817000,-09329,069339,088515,094193,078562,084602
0000000819,0000818000,-14735,052864,091290,090445,080104,082517
0000000820,0000819000,-17954,031198,093956,085946,082012,080739
0000000821,0000820000,-18676,006414,096256,081168,084083,079421
0000000822,0000821000,-16813,-19165,097967,076608,086111,078664
0000000823,0000822000,-12519,-43117,098920,072742,087908,078507
0000000824,0000823000,-06190,-63065,099005,069979,089314,078931
0000000825,0000824000,001572,-76901,098186,068621,090218,079860
0000000826,0000825000,009968,-83018,096525,068824,090561,081177
0000000827,0000826000,018108,-80604,094173,070575,090344,082730
0000000828,0000827000,025113,-69824,091371,073695,089623,084354
0000000829,0000828000,030234,-51828,088416,077851,088501,085886
0000000830,0000829000,032973,-28458,085598,082602,087116,087187
0000000831,0000830000,033075,-01914,083180,087453,085623,088148
0000000832,0000831000,030509,025287,081399,091900,084172,088705
0000000833,0000832000,025504,050556,080432,095477,082899,088840
0000000834,0000833000,018527,071464,080379,097801,081912,088578
0000000835,0000834000,010254,085767,081277,098617,081278,087984
0000000836,0000835000,001540,091789,083059,097825,081028,087148
0000000837,0000836000,-06681,088824,085549,095498,081147,086175
0000000838,0000837000,-13543,077091,088496,091881,081584,085178
0000000839,0000838000,-18297,057812,091593,087358,082263,084253
0000000840,0000839000,-20479,033076,094516,082410,083088,083485
0000000841,0000840000,-19948,005229,097016,077550,083957,082930
0000000842,0000841000,-16683,-23268,098842,073283,084778,082610
0000000843,0000842000,-11016,-49456,099809,070060,085476,082523
0000000844,0000843000,-03479,-70929,099822,068224,085993,082634
0000000845,0000844000,005203,-85498,098858,067985,086313,082889
0000000846,0000845000,014096,-91305,096988,069380,086441,083226
0000000847,0000846000,022279,-87812,094394,072269,086403,083586
0000000848,0000847000,028848,-75299,091354,076348,086248,083919
0000000849,0000848000,033143,-55107,088173,081184,086023,084189
0000000850,0000849000,034738,-29410,085186,086264,085783,084379
0000000851,0000850000,033535,-00642,082653,091059,085572,084485
0000000852,0000851000,029621,028535,080814,095075,085422,084531
0000000853,0000852000,023334,055262,079872,097884,085345,084544
0000000854,0000853000,015351,076925,079895,099183,085337,084567
0000000855,0000854000,006406,091396,080917,098821,085369,084648
0000000856,0000855000,-02526,096879,082847,096824,085395,084816
0000000857,0000856000,-10500,092888,085487,093397,085373,085086
0000000858,0000857000,-16687,079850,088571,088904,085257,085445
0000000859,0000858000,-20416,059034,091772,083823,085026,085859
0000000860,0000859000,-21374,032922,094763,078690,084671,086283
0000000861,0000860000,-19488,003783,097281,074036,084201,086660
0000000862,0000861000,-14950,-25640,099096,070346,083656,086922
0000000863,0000862000,-08164,-52294,099998,068011,083082,087008
0000000864,0000863000,000169,-73696,099919,067288,082547,086871
0000000865,0000864000,009207,-87746,098866,068265,082134,086469
0000000866,0000865000,018026,-92783,096909,070851,081925,085800
0000000867,0000866000,025638,-88276,094267,074773,081984,084901
0000000868,0000867000,031285,-74942,091210,079616,082351,083842
0000000869,0000868000,034370,-54026,088054,084865,083027,082726
0000000870,0000869000,034629,-27830,085116,089967,083974,081668
0000000871,0000870000,032095,001023,082666,094394,085124,080785
0000000872,0000871000,026979,029993,080930,097686,086378,080190
0000000873,0000872000,019791,056110,080086,099491,087617,079976
0000000874,0000873000,011267,076755,080216,099608,088712,080206
0000000875,0000874000,002276,089969,081306,098014,089528,080907
0000000876,0000875000,-06217,094353,083242,094870,089945,082054
0000000877,0000876000,-13316,089495,085829,090508,089875,083569
0000000878,0000877000,-18285,075998,088798,085392,089282,085318
0000000879,0000878000,-20636,055369,091842,080065,088187,087131
0000000880,0000879000,-20178,029789,094651,075086,086669,088827
0000000881,0000880000,-17000,001744,096977,070971,084852,090228
0000000882,0000881000,-11389,-26166,098600,068148,082901,091171
0000000883,0000882000,-03908,-51063,099346,066922,081001,091534
0000000884,0000883000,004640,-70410,099157,067430,079341,091241
0000000885,0000884000,013394,-82510,098060,069627,078111,090272
0000000886,0000885000,021385,-86030,096173,073286,077469,088678
0000000887,0000886000,027792,-80745,093692,078018,077522,086583
0000000888,0000887000,031983,-67445,090879,083319,078308,084176
0000000889,0000888000,033518,-47487,088026,088626,079785,081690
0000000890,0000889000,032322,-23031,085405,093385,081837,079370
0000000891,0000890000,028516,003555,083268,097103,084284,077457
0000000892,0000891000,022488,029693,081815,099388,086902,076156
0000000893,0000892000,014878,052723,081184,099998,089443,075626
0000000894,0000893000,006458,070344,081440,098859,091653,075954
0000000895,0000894000,-01849,080819,082532,096085,093295,077153
0000000896,0000895000,-09181,083330,084335,091969,094174,079145
0000000897,0000896000,-14757,077704,086654,086950,094162,081769
0000000898,0000897000,-18020,064726,089242,081564,093222,084783
0000000899,0000898000,-18686,045907,091840,076380,091412,087897
0000000900,0000899000,-16710,023089,094195,071940,088882,090805
0000000901,0000900000,-12343,-01377,096086,068705,085860,093211
0000000902,0000901000,004756,011512,098414,066852,084801,094659
0000000903,0000902000,006880,001887,098221,067551,084801,095672
0000000904,0000903000,030075,011187,097867,068441,084801,095010
0000000905,0000904000,007768,009398,096896,072163,084801,094120
0000000906,0000905000,033087,010926,094898,076459,084801,091267
0000000907,0000906000,016895,-03206,091157,081382,084801,088257
0000000908,0000907000,012037,-08452,089563,083409,084801,084637
0000000909,0000908000,017520,-05770,089601,083409,084801,084637
0000000910,0000909000,009458,-07575,090382,083409,084801,084637
0000000911,0000910000,010596,-03556,091031,083409,084801,084637
0000000912,0000911000,014602,-03768,090309,083409,084801,084637
0000000913,0000912000,021830,000571,090517,083409,084801,084637
0000000914,0000913000,016688,-02011,090721,083409,084801,084637
0000000915,0000914000,017244,001949,091405,083409,084801,084637
0000000916,0000915000,016627,-00210,090892,083409,084801,084637
0000000917,0000916000,022928,002052,090733,083409,084801,084637
0000000918,0000917000,018517,-01199,090625,083409,084801,084637
0000000919,0000918000,014905,-00351,091179,083409,084801,084637
0000000920,0000919000,013925,-02547,090755,083409,084801,084637
0000000921,0000920000,018658,-02301,090272,083409,084801,084637
0000000922,0000921000,015550,-03980,090331,083409,084801,084637
0000000923,0000922000,010911,-04499,090771,083409,084801,084637
0000000924,0000923000,012707,-04256,090544,083409,084801,084637
0000000925,0000924000,016237,-04224,090116,083409,084801,084637
0000000926,0000925000,015456,-03552,090432,083409,084801,084637
0000000927,0000926000,012187,-04003,090740,083409,084801,084637
0000000928,0000927000,015214,-02098,090714,083409,084801,084637
0000000929,0000928000,017281,-02280,090418,083409,084801,084637
0000000930,0000929000,017815,-01094,090695,083409,084801,084637
0000000931,0000930000,015170,-01859,090844,083409,084801,084637
0000000932,0000931000,016620,-00581,090880,083409,084801,084637
0000000933,0000932000,017545,-01371,090601,083409,084801,084637
0000000934,0000933000,018028,-01095,090662,083409,084801,084637
0000000935,0000934000,015323,-02111,090756,083409,084801,084637
0000000936,0000935000,015049,-01961,090778,083409,084801,084637
0000000937,0000936000,016166,-02551,090516,083409,084801,084637
0000000938,0000937000,016420,-02779,090469,083409,084801,084637
0000000939,0000938000,014334,-03177,090636,083409,084801,084637
0000000940,0000939000,013821,-03259,090654,083409,084801,084637
0000000941,0000940000,015728,-02939,090483,083409,084801,084637
0000000942,0000941000,015949,-03059,090454,083409,084801,084637
0000000943,0000942000,014876,-02727,090672,083409,084801,084637
0000000944,0000943000,014619,-02712,090683,083409,084801,084637
0000000945,0000944000,016501,-02006,090594,083409,084801,084637
0000000946,0000945000,016582,-02178,090570,083409,084801,084637
0000000947,0000946000,015967,-01853,090734,083409,084801,084637
0000000948,0000947000,015514,-02014,090729,083409,084801,084637
0000000949,0000948000,016597,-01675,090658,083409,084801,084637
0000000950,0000949000,016607,-02027,090601,083409,084801,084637
0000000951,0000950000,015961,-02069,090682,083409,084801,084637
0000000952,0000951000,015269,-02325,090690,083409,084801,084637
0000000953,0000952000,015788,-02325,090617,083409,084801,084637
0000000954,0000953000,016076,-02525,090554,083409,084801,084637
0000000955,0000954000,015456,-02669,090605,083409,084801,084637
0000000956,0000955000,014937,-02688,090653,083409,084801,084637
0000000957,0000956000,015402,-02671,090592,083409,084801,084637
0000000958,0000957000,016007,-02543,090555,083409,084801,084637
0000000959,0000958000,015526,-02607,090608,083409,084801,084637
0000000960,0000959000,015281,-02422,090673,083409,084801,084637
0000000961,0000960000,015710,-02364,090624,083409,084801,084637
0000000962,0000961000,016285,-02166,090603,083409,084801,084637
0000000963,0000962000,015881,-02259,090641,083409,084801,084637
0000000964,0000963000,015664,-02148,090688,083409,084801,084637
0000000965,0000964000,015876,-02177,090645,083409,084801,084637
0000000966,0000965000,016215,-02133,090618,083409,084801,084637
0000000967,0000966000,015893,-02281,090634,083409,084801,084637
0000000968,0000967000,015586,-02310,090661,083409,084801,084637
0000000969,0000968000,015652,-02362,090633,083409,084801,084637
0000000970,0000969000,015889,-02397,090600,083409,084801,084637
0000000971,0000970000,015739,-02468,090610,083409,084801,084637
0000000972,0000971000,015432,-02507,090636,083409,084801,084637
0000000973,0000972000,015528,-02466,090627,083409,084801,084637
0000000974,0000973000,015794,-02461,090598,083409,084801,084637
0000000975,0000974000,015790,-02421,090612,083409,084801,084637
0000000976,0000975000,015538,-02429,090640,083409,084801,084637
0000000977,0000976000,015665,-02338,090640,083409,084801,084637
0000000978,0000977000,015905,-02320,090615,083409,084801,084637
0000000979,0000978000,015916,-02280,090627,083409,084801,084637
0000000980,0000979000,015691,-02309,090648,083409,084801,084637
0000000981,0000980000,015752,-02267,090646,083409,084801,084637
0000000982,0000981000,015905,-02284,090623,083409,084801,084637
0000000983,0000982000,015882,-02301,090626,083409,084801,084637
0000000984,0000983000,015687,-02349,090640,083409,084801,084637
0000000985,0000984000,015674,-02354,090636,083409,084801,084637
0000000986,0000985000,015787,-02369,090619,083409,084801,084637
0000000987,0000986000,015781,-02396,090617,083409,084801,084637
0000000988,0000987000,015651,-02413,090630,083409,084801,084637
0000000989,0000988000,015619,-02413,090631,083409,084801,084637
0000000990,0000989000,015747,-02389,090620,083409,084801,084637
0000000991,0000990000,015780,-02393,090617,083409,084801,084637
0000000992,0000991000,015701,-02377,090631,083409,084801,084637
0000000993,0000992000,015671,-02368,090635,083409,084801,084637
0000000994,0000993000,015792,-02334,090627,083409,084801,084637
0000000995,0000994000,015829,-02335,090624,083409,084801,084637
0000000996,0000995000,015757,-02329,090635,083409,084801,084637
0000000997,0000996000,015716,-02333,090637,083409,084801,084637
0000000998,0000997000,015796,-02321,090629,083409,084801,084637
0000000999,0000998000,015817,-02335,090625,083409,084801,084637
0000001000,0000999000,015746,-02349,090632,083409,084801,084637
0000001001,0001000000,015701,-02359,090633,083409,084801,084637
0000001002,0001001000,015748,-02361,090626,083409,084801,084637
0000001003,0001002000,015773,-02369,090623,083409,084801,084637
0000001004,0001003000,015722,-02381,090627,083409,084801,084637
0000001005,0001004000,015690,-02379,090631,083409,084801,084637
0000001006,0001005000,015727,-02374,090626,083409,084801,084637
0000001007,0001006000,015768,-02367,090624,083409,084801,084637
0000001008,0001007000,015739,-02370,090627,083409,084801,084637
0000001009,0001008000,015715,-02360,090632,083409,084801,084637
0000001010,0001009000,015745,-02353,090629,083409,084801,084637
0000001011,0001010000,015785,-02345,090626,083409,084801,084637
0000001012,0001011000,015762,-02349,090629,083409,084801,084637
0000001013,0001012000,015734,-02346,090633,083409,084801,084637
0000001014,0001013000,015751,-02346,090630,083409,084801,084637
0000001015,0001014000,015779,-02346,090627,083409,084801,084637
0000001016,0001015000,015757,-02354,090628,083409,084801,084637
0000001017,0001016000,015727,-02358,090631,083409,084801,084637
0000001018,0001017000,015737,-02359,090629,083409,084801,084637
0000001019,0001018000,015758,-02361,090626,083409,084801,084637
0000001020,0001019000,015746,-02365,090627,083409,084801,084637
0000001021,0001020000,015723,-02368,090629,083409,084801,084637
0000001022,0001021000,015732,-02364,090628,083409,084801,084637
0000001023,0001022000,015753,-02362,090626,083409,084801,084637
0000001024,0001023000,015751,-02361,090627,083409,084801,084637
0000001025,0001024000,015733,-02361,090630,083409,084801,084637
0000001026,0001025000,015740,-02356,090629,083409,084801,084637
0000001027,0001026000,015759,-02354,090628,083409,084801,084637
0000001028,0001027000,015759,-02353,090628,083409,084801,084637
0000001029,0001028000,015742,-02354,090630,083409,084801,084637
0000001030,0001029000,015743,-02353,090630,083409,084801,084637
0000001031,0001030000,015757,-02353,090628,083409,084801,084637
0000001032,0001031000,015756,-02355,090628,083409,084801,084637
0000001033,0001032000,015741,-02358,090629,083409,084801,084637
0000001034,0001033000,015739,-02358,090629,083409,084801,084637
0000001035,0001034000,015749,-02359,090628,083409,084801,084637
0000001036,0001035000,015750,-02360,090627,083409,084801,084637
0000001037,0001036000,015739,-02361,090629,083409,084801,084637
0000001038,0001037000,015737,-02361,090629,083409,084801,084637
0000001039,0001038000,015747,-02359,090628,083409,084801,084637
0000001040,0001039000,015750,-02359,090628,083409,084801,084637
0000001041,0001040000,015743,-02359,090629,083409,084801,084637
0000001042,0001041000,015741,-02358,090629,083409,084801,084637
0000001043,0001042000,015749,-02356,090628,083409,084801,084637
0000001044,0001043000,015753,-02356,090628,083409,084801,084637
0000001045,0001044000,015747,-02356,090629,083409,084801,084637
0000001046,0001045000,015743,-02356,090629,083409,084801,084637
0000001047,0001046000,015749,-02356,090628,083409,084801,084637
0000001048,0001047000,015751,-02356,090628,083409,084801,084637
0000001049,0001048000,015746,-02357,090629,083409,084801,084637
0000001050,0001049000,015742,-02358,090629,083409,084801,084637
0000001051,0001050000,015746,-02358,090628,083409,084801,084637
0000001052,0001051000,015749,-02358,090628,083409,084801,084637
0000001053,0001052000,015745,-02359,090628,083409,084801,084637
0000001054,0001053000,015742,-02359,090629,083409,084801,084637
0000001055,0001054000,015745,-02358,090628,083409,084801,084637
0000001056,0001055000,015748,-02358,090628,083409,084801,084637
0000001057,0001056000,015746,-02358,090628,083409,084801,084637
0000001058,0001057000,015744,-02358,090629,083409,084801,084637
0000001059,0001058000,015746,-02357,090628,083409,084801,084637
0000001060,0001059000,015749,-02357,090628,083409,084801,084637
0000001061,0001060000,015747,-02357,090628,083409,084801,084637
0000001062,0001061000,015745,-02357,090629,083409,084801,084637
0000001063,0001062000,015746,-02357,090629,083409,084801,084637
0000001064,0001063000,015748,-02357,090628,083409,084801,084637
0000001065,0001064000,015747,-02357,090628,083409,084801,084637
0000001066,0001065000,015745,-02358,090629,083409,084801,084637
0000001067,0001066000,015745,-02358,090628,083409,084801,084637
0000001068,0001067000,015747,-02358,090628,083409,084801,084637
0000001069,0001068000,015746,-02358,090628,083409,084801,084637
0000001070,0001069000,015744,-02358,090629,083409,084801,084637
0000001071,0001070000,015745,-02358,090628,083409,084801,084637
0000001072,0001071000,015747,-02358,090628,083409,084801,084637
0000001073,0001072000,015747,-02358,090628,083409,084801,084637
0000001074,0001073000,015745,-02358,090629,083409,084801,084637
0000001075,0001074000,015746,-02357,090628,083409,084801,084637
0000001076,0001075000,015747,-02357,090628,083409,084801,084637
0000001077,0001076000,015747,-02357,090628,083409,084801,084637
0000001078,0001077000,015746,-02357,090629,083409,084801,084637
0000001079,0001078000,015746,-02357,090629,083409,084801,084637
0000001080,0001079000,015747,-02357,090628,083409,084801,084637
0000001081,0001080000,015747,-02357,090628,083409,084801,084637
0000001082,0001081000,015746,-02358,090628,083409,084801,084637
0000001083,0001082000,015745,-02358,090628,083409,084801,084637
0000001084,0001083000,015746,-02358,090628,083409,084801,084637
0000001085,0001084000,015746,-02358,090628,083409,084801,084637
0000001086,0001085000,015746,-02358,090628,083409,084801,084637
0000001087,0001086000,015745,-02358,090628,083409,084801,084637
0000001088,0001087000,015746,-02358,090628,083409,084801,084637
0000001089,0001088000,015747,-02358,090628,083409,084801,084637
0000001090,0001089000,015746,-02358,090628,083409,084801,084637
0000001091,0001090000,015746,-02358,090628,083409,084801,084637
0000001092,0001091000,015746,-02357,090628,083409,084801,084637
0000001093,0001092000,015747,-02357,090628,083409,084801,084637
0000001094,0001093000,015746,-02358,090628,083409,084801,084637
0000001095,0001094000,015746,-02358,090628,083409,084801,084637
0000001096,0001095000,015746,-02357,090628,083409,084801,084637
0000001097,0001096000,015746,-02358,090628,083409,084801,084637
0000001098,0001097000,015746,-02358,090628,083409,084801,084637
0000001099,0001098000,015746,-02358,090628,083409,084801,084637
0000001100,0001099000,015746,-02358,090628,083409,084801,084637
0000001101,0001100000,015746,-02358,090628,083409,084801,084637
