0000000001,0000000000,087760,086679,072169,085523,088856,074366
0000000002,0000001000,085212,089113,072283,082507,091572,074665
0000000003,0000002000,082360,090969,073281,079209,093566,075970
0000000004,0000003000,079515,092030,075064,075952,094637,078156
0000000005,0000004000,076931,092212,077466,073049,094685,081010
0000000006,0000005000,074858,091506,080244,070787,093708,084250
0000000007,0000006000,073514,089974,083120,069395,091794,087556
0000000008,0000007000,073038,087746,085825,068998,089135,090611
0000000009,0000008000,073450,085064,088094,069640,085990,093114
0000000010,0000009000,074714,082201,089695,071258,082670,094817
0000000011,0000010000,076737,079399,090474,073695,079495,095555
0000000012,0000011000,079295,076953,090360,076710,076779,095256
0000000013,0000012000,082126,075120,089363,080007,074787,093951
0000000014,0000013000,084978,074051,087578,083268,073712,091765
0000000015,0000014000,087577,073855,085177,086168,073666,088911
0000000016,0000015000,089636,074574,082399,088428,074645,085671
0000000017,0000016000,090971,076115,079523,089825,076555,082365
0000000018,0000017000,091470,078321,076818,090220,079215,079310
0000000019,0000018000,091050,081009,074549,089575,082363,076807
0000000020,0000019000,089769,083891,072949,087959,085682,075104
0000000021,0000020000,087765,086674,072169,085525,088854,074366
0000000022,0000021000,085211,089114,072283,082505,091574,074665
0000000023,0000022000,082359,090970,073280,079209,093566,075970
0000000024,0000023000,079514,092030,075064,075952,094637,078156
0000000025,0000024000,076933,092210,077466,073049,094686,081010
0000000026,0000025000,074855,091509,080244,070787,093708,084250
0000000027,0000026000,073516,089973,083120,069394,091795,087556
0000000028,0000027000,073038,087745,085826,068998,089135,090611
0000000029,0000028000,073447,085067,088094,069639,085991,093114
0000000030,0000029000,074717,082198,089694,071258,082670,094817
0000000031,0000030000,076736,079399,090474,073694,079496,095555
0000000032,0000031000,079292,076956,090361,076709,076779,095256
0000000033,0000032000,082127,075119,089363,080008,074786,093951
0000000034,0000033000,084982,074048,087579,083266,073713,091765
0000000035,0000034000,087572,073858,085178,086168,073666,088911
0000000036,0000035000,089634,074575,082399,088428,074645,085672
0000000037,0000036000,090977,076109,079523,089824,076556,082365
0000000038,0000037000,091467,078324,076818,090218,079216,079310
0000000039,0000038000,091047,081013,074549,089576,082362,076807
0000000040,0000039000,089773,083887,072948,087959,085681,075104
0000000041,0000040000,087767,086672,072169,085523,088855,074367
0000000042,0000041000,085205,089120,072283,082506,091574,074665
0000000043,0000042000,082361,090967,073280,079209,093565,075970
0000000044,0000043000,079520,092025,075064,075952,094637,078156
0000000045,0000044000,076928,092215,077466,073048,094687,081010
0000000046,0000045000,074854,091511,080244,070788,093707,084249
0000000047,0000046000,073521,089968,083119,069394,091795,087556
0000000048,0000047000,073036,087747,085825,068997,089137,090611
0000000049,0000048000,073442,085072,088094,069640,085991,093114
0000000050,0000049000,074720,082195,089694,071258,082670,094817
0000000051,0000050000,076737,079397,090474,073693,079497,095555
0000000052,0000051000,079287,076961,090361,076709,076780,095256
0000000053,0000052000,082128,075117,089363,080008,074786,093951
0000000054,0000053000,084984,074045,087579,083265,073714,091766
0000000055,0000054000,087569,073861,085178,086166,073667,088912
0000000056,0000055000,089633,074575,082400,088428,074645,085672
0000000057,0000056000,090980,076105,079524,089823,076556,082366
0000000058,0000057000,091466,078324,076818,090217,079217,079311
0000000059,0000058000,091046,081014,074549,089575,082362,076808
0000000060,0000059000,089776,083884,072949,087959,085680,075105
0000000061,0000060000,087767,086672,072169,085522,088855,074367
0000000062,0000061000,085204,089122,072282,082506,091573,074666
0000000063,0000062000,082364,090966,073279,079209,093564,075971
0000000064,0000063000,079520,092025,075064,075952,094637,078156
0000000065,0000064000,076926,092218,077465,073049,094687,081010
0000000066,0000065000,074856,091510,080243,070789,093707,084249
0000000067,0000066000,073522,089968,083119,069394,091795,087555
0000000068,0000067000,073033,087750,085825,068998,089137,090610
0000000069,0000068000,073443,085072,088094,069641,085991,093113
0000000070,0000069000,074721,082193,089694,071258,082671,094816
0000000071,0000070000,076734,079400,090475,073692,079499,095554
0000000072,0000071000,079286,076962,090361,076709,076781,095255
0000000073,0000072000,082131,075114,089364,080007,074788,093951
0000000074,0000073000,084982,074046,087581,083263,073716,091766
0000000075,0000074000,087566,073863,085179,086165,073667,088912
0000000076,0000075000,089636,074572,082401,088426,074645,085673
0000000077,0000076000,090980,076104,079525,089821,076557,082367
0000000078,0000077000,091463,078327,076819,090216,079216,079312
0000000079,0000078000,091048,081011,074549,089575,082361,076810
0000000080,0000079000,089780,083880,072949,087958,085680,075107
0000000081,0000080000,087765,086674,072169,085522,088854,074369
0000000082,0000081000,085205,089122,072282,082507,091571,074667
0000000083,0000082000,082368,090962,073278,079210,093563,075972
0000000084,0000083000,079519,092027,075062,075952,094636,078156
0000000085,0000084000,076925,092220,077464,073050,094685,081009
0000000086,0000085000,074859,091509,080241,070791,093706,084248
0000000087,0000086000,073522,089969,083118,069395,091796,087554
0000000088,0000087000,073030,087755,085824,068999,089137,090608
0000000089,0000088000,073443,085072,088093,069642,085992,093111
0000000090,0000089000,074721,082193,089695,071258,082673,094814
0000000091,0000090000,076730,079404,090475,073692,079501,095552
0000000092,0000091000,079285,076962,090362,076708,076782,095254
0000000093,0000092000,082131,075112,089365,080005,074790,093950
0000000094,0000093000,084979,074047,087582,083261,073718,091765
0000000095,0000094000,087565,073863,085180,086164,073669,088913
0000000096,0000095000,089638,074568,082402,088424,074646,085674
0000000097,0000096000,090980,076103,079526,089819,076558,082369
0000000098,0000097000,091463,078326,076820,090214,079216,079314
0000000099,0000098000,091051,081008,074550,089573,082360,076812
0000000100,0000099000,089781,083879,072949,087957,085679,075109
0000000101,0000100000,087765,086675,072168,085522,088852,074371
0000000102,0000101000,085208,089120,072280,082508,091569,074668
0000000103,0000102000,082370,090961,073277,079211,093561,075972
0000000104,0000103000,079519,092030,075060,075954,094634,078157
0000000105,0000104000,076927,092221,077461,073053,094683,081009
0000000106,0000105000,074861,091509,080240,070793,093705,084247
0000000107,0000106000,073519,089973,083117,069397,091796,087552
0000000108,0000107000,073028,087757,085823,069001,089137,090606
0000000109,0000108000,073444,085072,088093,069643,085993,093109
0000000110,0000109000,074718,082196,089695,071258,082675,094812
0000000111,0000110000,076726,079407,090476,073692,079503,095550
0000000112,0000111000,079284,076961,090363,076707,076785,095253
0000000113,0000112000,082129,075112,089368,080003,074793,093949
0000000114,0000113000,084975,074049,087585,083259,073721,091765
0000000115,0000114000,087565,073860,085183,086161,073670,088913
0000000116,0000115000,089639,074565,082405,088421,074648,085676
0000000117,0000116000,090978,076102,079528,089815,076558,082371
0000000118,0000117000,091464,078324,076821,090212,079215,079317
0000000119,0000118000,091055,081003,074550,089571,082358,076815
0000000120,0000119000,089782,083878,072948,087956,085677,075112
0000000121,0000120000,087767,086674,072167,085522,088849,074373
0000000122,0000121000,085213,089117,072278,082509,091565,074671
0000000123,0000122000,082373,090962,073274,079213,093558,075974
0000000124,0000123000,079519,092032,075057,075957,094631,078157
0000000125,0000124000,076929,092221,077458,073056,094680,081008
0000000126,0000125000,074861,091510,080237,070796,093704,084245
0000000127,0000126000,073517,089977,083114,069400,091795,087549
0000000128,0000127000,073028,087760,085821,069004,089138,090603
0000000129,0000128000,073443,085074,088092,069645,085995,093105
0000000130,0000129000,074714,082200,089695,071259,082678,094808
0000000131,0000130000,076723,079409,090477,073692,079506,095547
0000000132,0000131000,079282,076961,090366,076706,076789,095250
0000000133,0000132000,082125,075113,089371,080000,074797,093947
0000000134,0000133000,084972,074048,087588,083255,073724,091765
0000000135,0000134000,087565,073857,085186,086157,073674,088914
0000000136,0000135000,089638,074562,082408,088416,074651,085678
0000000137,0000136000,090978,076100,079531,089811,076559,082374
0000000138,0000137000,091467,078319,076823,090209,079215,079322
0000000139,0000138000,091058,080999,074551,089569,082357,076820
0000000140,0000139000,089784,083876,072948,087954,085674,075116
0000000141,0000140000,087772,086671,072165,085523,088844,074377
0000000142,0000141000,085218,089115,072276,082510,091561,074674
0000000143,0000142000,082375,090963,073271,079216,093554,075976
0000000144,0000143000,079522,092033,075053,075961,094626,078157
0000000145,0000144000,076932,092222,077454,073061,094677,081007
0000000146,0000145000,074861,091515,080233,070801,093701,084243
0000000147,0000146000,073515,089982,083111,069405,091794,087546
0000000148,0000147000,073027,087763,085819,069008,089138,090598
0000000149,0000148000,073439,085078,088091,069647,085997,093100
0000000150,0000149000,074708,082205,089696,071260,082681,094803
0000000151,0000150000,076720,079411,090479,073692,079511,095542
0000000152,0000151000,079278,076961,090369,076704,076795,095247
0000000153,0000152000,082120,075114,089375,079997,074803,093945
0000000154,0000153000,084969,074047,087592,083251,073729,091765
0000000155,0000154000,087564,073853,085191,086151,073678,088916
0000000156,0000155000,089636,074559,082413,088410,074653,085681
0000000157,0000156000,090978,076096,079534,089806,076560,082379
0000000158,0000157000,091471,078312,076826,090204,079214,079327
0000000159,0000158000,091061,080995,074553,089565,082354,076825
0000000160,0000159000,089788,083873,072947,087953,085670,075122
0000000161,0000160000,087778,086667,072163,085523,088839,074383
0000000162,0000161000,085223,089113,072273,082512,091555,074678
0000000163,0000162000,082378,090964,073266,079219,093547,075978
0000000164,0000163000,079527,092034,075048,075966,094621,078158
0000000165,0000164000,076935,092225,077449,073067,094673,081006
0000000166,0000165000,074860,091520,080228,070807,093698,084239
0000000167,0000166000,073515,089987,083106,069412,091792,087541
0000000168,0000167000,073025,087767,085816,069014,089139,090592
0000000169,0000168000,073434,085084,088090,069651,086000,093093
0000000170,0000169000,074703,082210,089696,071262,082686,094796
0000000171,0000170000,076715,079413,090481,073692,079517,095536
0000000172,0000171000,079272,076964,090373,076701,076802,095242
0000000173,0000172000,082114,075115,089380,079993,074810,093943
0000000174,0000173000,084966,074044,087598,083245,073735,091764
0000000175,0000174000,087562,073849,085197,086144,073683,088917
0000000176,0000175000,089635,074555,082418,088403,074657,085685
0000000177,0000176000,090980,076090,079539,089799,076561,082384
0000000178,0000177000,091474,078305,076829,090198,079213,079334
0000000179,0000178000,091065,080990,074554,089561,082351,076833
0000000180,0000179000,089794,083868,072947,087951,085664,075130
0000000181,0000180000,087786,086662,072161,085523,088832,074389
0000000182,0000181000,085229,089111,072268,082514,091548,074683
0000000183,0000182000,082384,090964,073260,079224,093540,075981
0000000184,0000183000,079532,092035,075041,075973,094613,078158
0000000185,0000184000,076938,092229,077442,073074,094667,081004
0000000186,0000185000,074860,091526,080222,070815,093695,084235
0000000187,0000186000,073514,089993,083101,069419,091791,087534
0000000188,0000187000,073022,087774,085812,069020,089141,090584
0000000189,0000188000,073428,085092,088089,069656,086004,093085
0000000190,0000189000,074697,082215,089697,071265,082692,094788
0000000191,0000190000,076708,079417,090484,073691,079524,095529
0000000192,0000191000,079264,076967,090378,076698,076810,095237
0000000193,0000192000,082107,075115,089386,079987,074818,093939
0000000194,0000193000,084962,074041,087606,083238,073743,091763
0000000195,0000194000,087558,073845,085205,086135,073690,088920
0000000196,0000195000,089633,074550,082425,088394,074661,085690
0000000197,0000196000,090983,076081,079545,089791,076563,082391
0000000198,0000197000,091478,078298,076833,090191,079212,079342
0000000199,0000198000,091070,080983,074556,089556,082347,076842
0000000200,0000199000,089802,083860,072946,087948,085658,075139
0000000201,0000200000,087794,086657,072157,085523,088824,074397
0000000202,0000201000,085236,089109,072263,082518,091538,074689
0000000203,0000202000,082391,090964,073253,079230,093530,075985
0000000204,0000203000,079538,092037,075033,075981,094605,078159
0000000205,0000204000,076941,092234,077434,073084,094660,081001
0000000206,0000205000,074861,091534,080214,070825,093690,084230
0000000207,0000206000,073513,090001,083095,069429,091789,087527
0000000208,0000207000,073017,087783,085808,069028,089142,090575
0000000209,0000208000,073421,085101,088087,069662,086008,093075
0000000210,0000209000,074689,082222,089698,071268,082699,094778
0000000211,0000210000,076699,079422,090488,073691,079534,095520
0000000212,0000211000,079255,076970,090384,076695,076820,095230
0000000213,0000212000,082100,075115,089394,079981,074828,093935
0000000214,0000213000,084956,074038,087615,083229,073753,091763
0000000215,0000214000,087553,073840,085214,086125,073697,088922
0000000216,0000215000,089633,074542,082434,088383,074666,085695
0000000217,0000216000,090985,076072,079552,089780,076565,082400
0000000218,0000217000,091482,078288,076838,090182,079210,079353
0000000219,0000218000,091077,080974,074558,089549,082342,076853
0000000220,0000219000,089812,083852,072945,087945,085650,075150
0000000221,0000220000,087804,086651,072154,085524,088814,074407
0000000222,0000221000,085245,089107,072256,082522,091527,074696
0000000223,0000222000,082400,090964,073245,079237,093519,075989
0000000224,0000223000,079545,092040,075023,075990,094595,078160
0000000225,0000224000,076944,092241,077424,073095,094652,080998
0000000226,0000225000,074863,091541,080204,070837,093684,084224
0000000227,0000226000,073511,090010,083087,069440,091787,087518
0000000228,0000227000,073011,087794,085803,069037,089144,090564
0000000229,0000228000,073413,085111,088084,069668,086014,093063
0000000230,0000229000,074680,082230,089699,071271,082707,094766
0000000231,0000230000,076688,079429,090492,073690,079545,095510
0000000232,0000231000,079244,076974,090391,076690,076833,095222
0000000233,0000232000,082091,075114,089403,079973,074841,093931
0000000234,0000233000,084948,074034,087626,083218,073765,091762
0000000235,0000234000,087548,073834,085225,086113,073707,088925
0000000236,0000235000,089632,074532,082444,088371,074672,085702
0000000237,0000236000,090987,076061,079561,089768,076567,082410
0000000238,0000237000,091487,078278,076844,090172,079209,079365
0000000239,0000238000,091086,080963,074560,089542,082336,076866
0000000240,0000239000,089823,083842,072944,087942,085641,075162
0000000241,0000240000,087815,086645,072149,085524,088803,074418
0000000242,0000241000,085257,089103,072248,082526,091514,074705
0000000243,0000242000,082411,090963,073234,079246,093505,075994
0000000244,0000243000,079553,092044,075012,076002,094582,078161
0000000245,0000244000,076949,092248,077412,073108,094642,080995
0000000246,0000245000,074865,091551,080193,070851,093678,084216
0000000247,0000246000,073509,090022,083078,069453,091785,087507
0000000248,0000247000,073005,087807,085796,069048,089146,090551
0000000249,0000248000,073405,085122,088081,069676,086020,093048
0000000250,0000249000,074669,082240,089700,071275,082717,094753
0000000251,0000250000,076675,079437,090497,073690,079557,095498
0000000252,0000251000,079231,076978,090399,076685,076847,095213
0000000253,0000252000,082080,075114,089415,079964,074855,093925
0000000254,0000253000,084939,074031,087638,083206,073778,091761
0000000255,0000254000,087543,073827,085238,086099,073717,088929
0000000256,0000255000,089631,074521,082456,088356,074679,085710
0000000257,0000256000,090990,076048,079571,089754,076570,082421
0000000258,0000257000,091494,078264,076851,090160,079206,079379
0000000259,0000258000,091096,080949,074563,089534,082329,076882
0000000260,0000259000,089835,083831,072943,087937,085630,075177
0000000261,0000260000,087828,086637,072143,085525,088789,074431
0000000262,0000261000,085271,089098,072239,082532,091498,074715
0000000263,0000262000,082424,090963,073222,079255,093490,076000
0000000264,0000263000,079562,092049,074998,076015,094568,078162
0000000265,0000264000,076955,092256,077397,073124,094630,080991
0000000266,0000265000,074867,091562,080180,070867,093670,084207
0000000267,0000266000,073505,090036,083067,069468,091782,087494
0000000268,0000267000,072998,087822,085789,069061,089148,090535
0000000269,0000268000,073394,085136,088078,069685,086027,093032
0000000270,0000269000,074655,082252,089701,071279,082729,094736
0000000271,0000270000,076660,079446,090503,073689,079572,095484
0000000272,0000271000,079217,076983,090409,076680,076864,095202
0000000273,0000272000,082067,075114,089428,079953,074872,093919
0000000274,0000273000,084928,074027,087653,083192,073793,091760
0000000275,0000274000,087537,073818,085254,086082,073729,088933
0000000276,0000275000,089629,074509,082470,088338,074687,085720
0000000277,0000276000,090993,076034,079582,089738,076572,082435
0000000278,0000277000,091501,078249,076859,090146,079204,079395
0000000279,0000278000,091108,080934,074567,089524,082322,076899
0000000280,0000279000,089849,083818,072941,087933,085618,075195
0000000281,0000280000,087844,086627,072137,085526,088773,074446
0000000282,0000281000,085287,089093,072229,082538,091480,074726
0000000283,0000282000,082437,090963,073209,079267,093472,076006
0000000284,0000283000,079573,092054,074982,076030,094552,078163
0000000285,0000284000,076963,092265,077381,073142,094617,080986
0000000286,0000285000,074869,091575,080165,070886,093662,084197
0000000287,0000286000,073502,090052,083054,069486,091779,087480
0000000288,0000287000,072990,087838,085780,069076,089151,090518
0000000289,0000288000,073382,085152,088075,069696,086036,093013
0000000290,0000289000,074639,082266,089703,071284,082743,094718
0000000291,0000290000,076643,079457,090509,073688,079589,095467
0000000292,0000291000,079201,076988,090420,076673,076883,095190
0000000293,0000292000,082051,075115,089442,079941,074891,093912
0000000294,0000293000,084916,074022,087670,083175,073811,091759
0000000295,0000294000,087529,073808,085271,086063,073743,088938
0000000296,0000295000,089627,074495,082487,088318,074696,085730
0000000297,0000296000,090996,076017,079596,089719,076576,082450
0000000298,0000297000,091510,078231,076868,090130,079200,079414
0000000299,0000298000,091121,080917,074571,089513,082313,076919
0000000300,0000299000,089865,083804,072939,087927,085603,075214
0000000301,0000300000,087862,086616,072130,085527,088754,074464
0000000302,0000301000,085305,089086,072217,082545,091460,074739
0000000303,0000302000,082453,090963,073193,079280,093451,076014
0000000304,0000303000,079586,092059,074964,076048,094533,078164
0000000305,0000304000,076971,092276,077362,073162,094602,080981
0000000306,0000305000,074871,091590,080148,070907,093652,084186
0000000307,0000306000,073498,090070,083040,069505,091776,087463
0000000308,0000307000,072981,087857,085770,069092,089154,090498
0000000309,0000308000,073368,085170,088070,069707,086046,092992
0000000310,0000309000,074622,082282,089705,071290,082758,094697
0000000311,0000310000,076624,079468,090517,073687,079609,095449
0000000312,0000311000,079182,076994,090433,076665,076904,095176
0000000313,0000312000,082034,075115,089459,079927,074913,093904
0000000314,0000313000,084903,074016,087689,083157,073830,091758
0000000315,0000314000,087521,073796,085291,086042,073759,088944
0000000316,0000315000,089624,074479,082505,088296,074706,085742
0000000317,0000316000,090999,075998,079611,089698,076579,082468
0000000318,0000317000,091520,078210,076879,090113,079197,079435
0000000319,0000318000,091136,080897,074576,089501,082302,076942
0000000320,0000319000,089884,083787,072938,087921,085587,075236
0000000321,0000320000,087883,086603,072122,085528,088734,074483
0000000322,0000321000,085325,089079,072203,082554,091437,074754
0000000323,0000322000,082471,090962,073175,079294,093428,076022
0000000324,0000323000,079600,092065,074943,076068,094512,078165
0000000325,0000324000,076980,092287,077341,073184,094586,080975
0000000326,0000325000,074873,091607,080128,070930,093642,084173
0000000327,0000326000,073494,090090,083024,069527,091772,087445
0000000328,0000327000,072971,087879,085759,069111,089158,090476
0000000329,0000328000,073352,085191,088065,069720,086057,092968
0000000330,0000329000,074602,082300,089706,071296,082775,094674
0000000331,0000330000,076602,079481,090525,073686,079630,095429
0000000332,0000331000,079160,077002,090447,076656,076928,095161
0000000333,0000332000,082014,075116,089478,079912,074937,093896
0000000334,0000333000,084888,074010,087711,083136,073852,091757
0000000335,0000334000,087511,073784,085313,086018,073776,088951
0000000336,0000335000,089621,074462,082526,088271,074717,085756
0000000337,0000336000,091004,075977,079628,089675,076583,082487
0000000338,0000337000,091531,078187,076891,090094,079193,079459
0000000339,0000338000,091152,080876,074581,089487,082291,076967
0000000340,0000339000,089905,083768,072936,087915,085569,075261
0000000341,0000340000,087906,086589,072113,085530,088711,074504
0000000342,0000341000,085348,089072,072188,082563,091412,074770
0000000343,0000342000,082492,090962,073155,079311,093403,076031
0000000344,0000343000,079617,092072,074920,076089,094489,078166
0000000345,0000344000,076990,092300,077318,073210,094568,080968
0000000346,0000345000,074876,091626,080106,070956,093630,084159
0000000347,0000346000,073490,090113,083006,069552,091769,087424
0000000348,0000347000,072960,087903,085746,069131,089163,090451
0000000349,0000348000,073335,085214,088059,069735,086069,092941
0000000350,0000349000,074580,082320,089708,071303,082794,094648
0000000351,0000350000,076578,079496,090534,073684,079654,095407
0000000352,0000351000,079136,077010,090463,076646,076955,095144
0000000353,0000352000,081993,075117,089499,079895,074964,093886
0000000354,0000353000,084870,074003,087735,083113,073876,091756
0000000355,0000354000,087500,073770,085338,085991,073795,088958
0000000356,0000355000,089617,074442,082549,088244,074729,085771
0000000357,0000356000,091008,075953,079648,089649,076587,082509
0000000358,0000357000,091543,078162,076904,090072,079188,079485
0000000359,0000358000,091170,080851,074587,089472,082278,076995
0000000360,0000359000,089928,083747,072934,087908,085549,075288
0000000361,0000360000,087932,086573,072104,085531,088686,074527
0000000362,0000361000,085374,089063,072172,082574,091384,074787
0000000363,0000362000,082515,090961,073133,079329,093375,076041
0000000364,0000363000,079635,092079,074895,076114,094464,078167
0000000365,0000364000,077002,092315,077292,073237,094547,080960
0000000366,0000365000,074880,091647,080082,070985,093617,084143
0000000367,0000366000,073486,090138,082985,069579,091764,087401
0000000368,0000367000,072947,087929,085732,069154,089168,090423
0000000369,0000368000,073316,085240,088053,069750,086083,092912
0000000370,0000369000,074556,082343,089710,071310,082815,094620
0000000371,0000370000,076551,079513,090544,073682,079681,095382
0000000372,0000371000,079109,077020,090480,076635,076984,095126
0000000373,0000372000,081969,075118,089522,079875,074993,093876
0000000374,0000373000,084851,073995,087762,083088,073903,091755
0000000375,0000374000,087487,073755,085366,085962,073816,088967
0000000376,0000375000,089613,074420,082575,088214,074743,085788
0000000377,0000376000,091013,075927,079669,089621,076591,082533
0000000378,0000377000,091555,078134,076920,090049,079183,079514
0000000379,0000378000,091190,080824,074594,089456,082263,077026
0000000380,0000379000,089953,083723,072932,087901,085527,075317
0000000381,0000380000,087960,086555,072094,085534,088658,074553
0000000382,0000381000,085402,089053,072154,082585,091353,074806
0000000383,0000382000,082541,090959,073109,079349,093344,076051
0000000384,0000383000,079656,092086,074867,076140,094436,078168
0000000385,0000384000,077015,092331,077263,073268,094526,080951
0000000386,0000385000,074885,091669,080054,071017,093603,084125
0000000387,0000386000,073481,090165,082962,069608,091760,087376
0000000388,0000387000,072934,087959,085715,069178,089173,090393
0000000389,0000388000,073295,085269,088045,069767,086098,092880
0000000390,0000389000,074530,082367,089712,071317,082838,094589
0000000391,0000390000,076521,079532,090555,073679,079710,095355
0000000392,0000391000,079079,077031,090499,076623,077017,095106
0000000393,0000392000,081942,075119,089547,079854,075025,093865
0000000394,0000393000,084830,073987,087791,083060,073932,091754
0000000395,0000394000,087473,073739,085396,085930,073839,088976
0000000396,0000395000,089609,074397,082603,088181,074757,085807
0000000397,0000396000,091018,075898,079693,089590,076595,082559
0000000398,0000397000,091569,078103,076937,090023,079177,079545
0000000399,0000398000,091212,080794,074603,089438,082247,077059
0000000400,0000399000,089981,083697,072931,087893,085502,075350
0000000401,0000400000,087991,086535,072082,085536,088627,074581
0000000402,0000401000,084618,090826,073921,081536,091892,075403
0000000403,0000402000,086567,089585,071718,078618,093424,076179
0000000404,0000403000,084502,092962,075737,075280,095017,078784
0000000405,0000404000,084158,089943,074869,075905,093377,079823
0000000406,0000405000,083383,089966,078328,073946,092872,083404
0000000407,0000406000,081848,087091,079831,077853,088841,084445
0000000408,0000407000,081959,084165,081765,078255,086138,087276
0000000409,0000408000,080498,084243,086754,083743,081120,087757
0000000410,0000409000,080899,079333,086399,086347,077593,089198
0000000411,0000410000,079602,080418,091349,090833,073641,089131
0000000412,0000411000,080549,075166,088393,094679,070695,088620
0000000413,0000412000,079259,076471,090455,096688,069030,087756
0000000414,0000413000,080826,074497,087966,099998,067716,085451
0000000415,0000414000,079989,076126,087454,098934,069266,084276
0000000416,0000415000,081298,077749,085541,099967,070302,081193
0000000417,0000416000,081592,078738,082405,096361,074386,080147
0000000418,0000417000,081521,081628,080662,094714,077307,077397
0000000419,0000418000,083011,082446,076552,089705,082300,076821
0000000420,0000419000,081783,086234,075995,086027,086134,075722
0000000421,0000420000,083722,086714,073007,081218,090192,075892
0000000422,0000421000,082394,090432,074207,077003,093476,076760
0000000423,0000422000,083503,089675,072500,074185,095060,077661
0000000424,0000423000,082718,091408,074953,070881,096480,080136
0000000425,0000424000,082658,089579,075035,071050,095222,081595
0000000426,0000425000,082571,088975,077582,069808,094158,084701
0000000427,0000426000,081947,087508,080413,072853,090506,086191
0000000428,0000427000,082259,084675,082221,074234,087412,088687
0000000429,0000428000,081479,084158,086318,078772,082815,089663
0000000430,0000429000,082036,079780,086441,082254,078945,090796
0000000431,0000430000,081212,079492,089827,086465,075107,090843
0000000432,0000431000,082133,076107,088630,090676,071948,090133
0000000433,0000432000,081425,076559,089962,093081,070276,089244
0000000434,0000433000,082465,075595,088531,096196,069092,087014
0000000435,0000434000,082193,076479,087315,096015,070346,085500
0000000436,0000435000,082703,077756,085300,096718,071619,082602
0000000437,0000436000,083130,078695,082295,094039,075244,081023
0000000438,0000437000,082773,081409,080471,092048,078550,078600
0000000439,0000438000,083761,082721,077069,087742,083163,077584
0000000440,0000439000,082843,086119,076296,083856,087248,076664
0000000441,0000440000,083748,086946,073690,079470,091115,076596
0000000442,0000441000,082778,089766,074083,075179,094424,077462
0000000443,0000442000,083040,089502,072929,072333,096127,078456
0000000444,0000443000,082396,090525,074551,069189,097371,080757
0000000445,0000444000,082062,089645,075480,068911,096350,082495
0000000446,0000445000,081822,088685,077608,068097,094998,085359
0000000447,0000446000,081200,087541,080540,070412,091646,087214
0000000448,0000447000,081275,084751,082181,072273,088279,089547
0000000449,0000448000,080610,083627,085606,076200,083870,090816
0000000450,0000449000,081037,080065,086395,080015,079772,091796
0000000451,0000450000,080509,079231,089023,084047,075969,091968
0000000452,0000451000,081263,076820,088816,088279,072719,091241
0000000453,0000452000,081029,076611,089561,090952,070956,090276
0000000454,0000453000,081793,076004,088429,093884,069840,088109
0000000455,0000454000,082006,076515,086926,094260,070821,086312
0000000456,0000455000,082406,077719,085079,094733,072281,083540
0000000457,0000456000,083082,078820,082343,092645,075625,081582
0000000458,0000457000,082995,081428,080487,090467,079157,079296
0000000459,0000458000,083836,082912,077488,086631,083565,077968
0000000460,0000459000,083397,085826,076374,082653,087806,077069
0000000461,0000460000,083946,086946,074071,078491,091644,076864
0000000462,0000461000,083405,089194,073996,074219,094965,077669
0000000463,0000462000,083439,089431,073413,071278,096805,078728
0000000464,0000463000,082989,090112,074578,068304,097949,080901
0000000465,0000464000,082586,089672,075863,067646,097124,082869
0000000466,0000465000,082286,088480,077712,067102,095610,085627
0000000467,0000466000,081653,087338,080449,068927,092447,087760
0000000468,0000467000,081561,084804,082151,071044,088885,090040
0000000469,0000468000,080933,083372,085186,074631,084554,091538
0000000470,0000469000,081133,080445,086460,078582,080304,092503
0000000471,0000470000,080708,079260,088561,082574,076464,092779
0000000472,0000471000,081140,077292,088790,086796,073140,092095
0000000473,0000472000,081058,076683,089150,089727,071233,091046
0000000474,0000473000,081515,076285,088198,092578,070144,088932
0000000475,0000474000,081844,076665,086676,093378,070907,086906
0000000476,0000475000,082132,077846,084981,093764,072484,084177
0000000477,0000476000,082766,079031,082417,092107,075649,081926
0000000478,0000477000,082801,081408,080481,089871,079315,079642
0000000479,0000478000,083441,082949,077751,086343,083647,078070
0000000480,0000479000,083261,085505,076376,082341,087999,077101
0000000481,0000480000,083612,086875,074404,078263,091889,076795
0000000482,0000481000,083323,088749,074089,074010,095251,077506
0000000483,0000482000,083274,089308,073835,070897,097247,078620
0000000484,0000483000,082959,089763,074694,067988,098358,080724
0000000485,0000484000,082574,089454,076085,066969,097703,082884
0000000486,0000485000,082301,088229,077794,066504,096108,085624
0000000487,0000486000,081750,087097,080323,067937,093060,088000
0000000488,0000487000,081621,084846,082170,070105,089371,090333
0000000489,0000488000,081114,083243,084912,073449,085059,092036
0000000490,0000489000,081201,080749,086402,077405,080693,093080
0000000491,0000490000,080916,079339,088144,081400,076757,093458
0000000492,0000491000,081181,077620,088607,085608,073356,092846
0000000493,0000492000,081229,076869,088765,088774,071287,091729
0000000494,0000493000,081554,076621,087954,091631,070181,089650
0000000495,0000494000,081934,076931,086506,092799,070765,087432
0000000496,0000495000,082198,078049,084881,093229,072399,084668
0000000497,0000496000,082757,079259,082445,091943,075445,082165
0000000498,0000497000,082881,081385,080474,089775,079194,079790
0000000499,0000498000,083370,082971,077995,086498,083524,077993
0000000500,0000499000,083332,085277,076470,082556,087968,076894
0000000501,0000500000,083550,086782,074779,078521,091956,076487
0000000502,0000501000,083372,088373,074322,074300,095390,077090
0000000503,0000502000,083250,089084,074209,071006,097552,078240
0000000504,0000503000,082976,089399,074889,068089,098682,080316
0000000505,0000504000,082582,089121,076288,066740,098178,082641
0000000506,0000505000,082294,087980,077926,066220,096558,085433
0000000507,0000506000,081782,086861,080259,067313,093585,088043
0000000508,0000507000,081588,084837,082189,069394,089815,090504
0000000509,0000508000,081151,083156,084659,072525,085481,092414
0000000510,0000509000,081131,080966,086220,076402,081010,093601
0000000511,0000510000,080932,079457,087737,080395,076949,094089
0000000512,0000511000,081087,077936,088322,084581,073456,093570
0000000513,0000512000,081205,077167,088374,087947,071218,092413
0000000514,0000513000,081470,076991,087665,090867,070056,090349
0000000515,0000514000,081864,077252,086301,092359,070488,087960
0000000516,0000515000,082147,078294,084711,092920,072126,085105
0000000517,0000516000,082659,079493,082432,091970,075092,082369
0000000518,0000517000,082871,081396,080490,089955,078895,079831
0000000519,0000518000,083292,083008,078231,086904,083261,077811
0000000520,0000519000,083365,085096,076647,083075,087794,076539
0000000521,0000520000,083531,086617,075178,079072,091909,076012
0000000522,0000521000,083436,087999,074636,074881,095443,076495
0000000523,0000522000,083298,088765,074583,071416,097772,077664
0000000524,0000523000,083060,088995,075186,068429,098966,079738
0000000525,0000524000,082681,088727,076538,066774,098606,082211
0000000526,0000525000,082382,087709,078104,066104,097000,085110
0000000527,0000526000,081905,086599,080250,066877,094082,087955
0000000528,0000527000,081653,084761,082186,068780,090264,090598
0000000529,0000528000,081257,083096,084407,071701,085884,092730
0000000530,0000529000,081149,081151,085966,075450,081311,094106
0000000531,0000530000,080985,079637,087333,079423,077110,094725
0000000532,0000531000,081057,078292,087955,083593,073509,094315
0000000533,0000532000,081187,077555,087942,087134,071094,093145
0000000534,0000533000,081407,077403,087308,090165,069843,091074
0000000535,0000534000,081776,077641,086033,091964,070134,088529
0000000536,0000535000,082070,078606,084490,092730,071737,085544
0000000537,0000536000,082535,079764,082398,092110,074639,082575
0000000538,0000537000,082804,081463,080528,090318,078476,079826
0000000539,0000538000,083182,083052,078463,087499,082894,077569
0000000540,0000539000,083327,084924,076894,083825,087515,076091
0000000541,0000540000,083475,086380,075605,079866,091771,075416
0000000542,0000541000,083440,087604,075031,075700,095425,075771
0000000543,0000542000,083312,088358,075010,072077,097926,076941
0000000544,0000543000,083108,088530,075580,068969,099220,079025
0000000545,0000544000,082758,088267,076843,067014,099003,081638
0000000546,0000545000,082456,087367,078320,066117,097445,084682
0000000547,0000546000,082015,086282,080286,066560,094579,087766
0000000548,0000547000,081725,084629,082158,068212,090738,090633
0000000549,0000548000,081359,083051,084149,070899,086303,093009
0000000550,0000549000,081192,081319,085659,074475,081632,094610
0000000551,0000550000,081042,079875,086894,078397,077289,095383
0000000552,0000551000,081057,078698,087490,082546,073562,095099
0000000553,0000552000,081174,078019,087444,086241,070968,093941
0000000554,0000553000,081364,077880,086871,089419,069601,091853
0000000555,0000554000,081700,078122,085691,091522,069749,089164
0000000556,0000555000,082000,079001,084226,092553,071285,086023
0000000557,0000556000,082427,080083,082340,092278,074125,082814
0000000558,0000557000,082732,081593,080574,090774,077976,079817
0000000559,0000558000,083087,083101,078697,088214,082444,077305
0000000560,0000559000,083280,084749,077214,084740,087151,075590
0000000561,0000560000,083429,086092,076081,080856,091550,074740
0000000562,0000561000,083439,087176,075518,076721,095338,074955
0000000563,0000562000,083333,087861,075525,072960,098012,076103
0000000564,0000563000,083156,087986,076070,069699,099436,078203
0000000565,0000564000,082840,087731,077215,067444,099367,080948
0000000566,0000565000,082538,086936,078587,066261,097886,084161
0000000567,0000566000,082127,085904,080370,066351,095080,087489
0000000568,0000567000,081810,084447,082115,067688,091240,090612
0000000569,0000568000,081459,083006,083883,070099,086755,093255
0000000570,0000569000,081247,081478,085297,073456,081999,095108
0000000571,0000570000,081090,080165,086390,077285,077519,096064
0000000572,0000571000,081060,079160,086923,081399,073656,095925
0000000573,0000572000,081151,078561,086864,085221,070883,094802
0000000574,0000573000,081312,078446,086341,088566,069379,092694
0000000575,0000574000,081612,078700,085263,090973,069376,089874
0000000576,0000575000,081910,079483,083913,092317,070815,086561
0000000577,0000576000,082308,080464,082243,092415,073584,083105
0000000578,0000577000,082635,081788,080616,091255,077423,079837
0000000579,0000578000,082981,083157,078947,089000,081927,077051
0000000580,0000579000,083213,084572,077606,085771,086709,075072
0000000581,0000580000,083378,085762,076621,082007,091243,074020
0000000582,0000581000,083429,086694,076109,077922,095168,074081
0000000583,0000582000,083356,087270,076144,074050,098017,075182
0000000584,0000583000,083209,087351,076657,070619,099591,077294
0000000585,0000584000,082930,087103,077670,068062,099678,080160
0000000586,0000585000,082637,086402,078921,066548,098302,083553
0000000587,0000586000,082253,085460,080502,066252,095578,087128
0000000588,0000587000,081920,084211,082068,067217,091764,090529
0000000589,0000588000,081575,082944,083606,069300,087250,093459
0000000590,0000589000,081327,081636,084874,072386,082427,095586
0000000591,0000590000,081151,080509,085805,076071,077825,096753
0000000592,0000591000,081080,079685,086251,080122,073826,096777
0000000593,0000592000,081133,079191,086183,084040,070879,095714
0000000594,0000593000,081263,079120,085702,087559,069221,093595
0000000595,0000594000,081521,079385,084738,090270,069056,090661
0000000596,0000595000,081807,080062,083538,091965,070370,087171
0000000597,0000596000,082177,080923,082095,092468,073048,083466
0000000598,0000597000,082515,082053,080650,091711,076842,079913
0000000599,0000598000,082858,083229,079221,089813,081356,076836
0000000600,0000599000,083121,084394,078066,086886,086192,074572
0000000601,0000600000,083310,085391,077238,083297,090839,073292
0000000602,0000601000,083400,086142,076814,079295,094893,073180
0000000603,0000602000,083369,086579,076883,075347,097912,074207
0000000604,0000603000,083256,086611,077353,071746,099649,076319
0000000605,0000604000,083020,086368,078230,068887,099904,079291
0000000606,0000605000,082744,085756,079335,067007,098663,082861
0000000607,0000606000,082389,084937,080686,066290,096047,086681
0000000608,0000607000,082049,083910,082024,066826,092295,090371
0000000609,0000608000,081706,082854,083314,068521,087786,093600
0000000610,0000609000,081431,081796,084383,071275,082927,096018
0000000611,0000610000,081228,080904,085127,074753,078231,097422
0000000612,0000611000,081117,080279,085468,078698,074108,097632
0000000613,0000612000,081126,079919,085381,082671,070999,096655
0000000614,0000613000,081219,079913,084937,086355,069178,094543
0000000615,0000614000,081433,080183,084105,089365,068838,091517
0000000616,0000615000,081696,080753,083085,091440,069999,087858
0000000617,0000616000,082037,081477,081885,092383,072553,083910
0000000618,0000617000,082376,082391,080674,092084,076262,080071
0000000619,0000618000,082718,083325,079520,090608,080745,076692
0000000620,0000619000,083006,084218,078593,088047,085599,074128
0000000621,0000620000,083223,084977,077949,084702,090322,072599
0000000622,0000621000,083353,085510,077646,080833,094485,072293
0000000623,0000622000,083369,085785,077753,076857,097660,073216
0000000624,0000623000,083297,085755,078174,073103,099565,075307
0000000625,0000624000,083107,085508,078913,069950,099998,078360
0000000626,0000625000,082859,084986,079840,067682,098925,082091
0000000627,0000626000,082533,084322,080928,066507,096453,086143
0000000628,0000627000,082198,083533,081997,066558,092807,090119
0000000629,0000628000,081856,082727,083005,067798,088354,093652
0000000630,0000629000,081558,081961,083820,070150,083505,096370
0000000631,0000630000,081326,081347,084348,073344,078757,098033
0000000632,0000631000,081175,080949,084562,077124,074541,098449
0000000633,0000632000,081135,080757,084438,081095,071292,097589
0000000634,0000633000,081184,080837,084032,084916,069306,095511
0000000635,0000634000,081348,081107,083349,088213,068779,092424
0000000636,0000635000,081579,081571,082536,090682,069758,088617
0000000637,0000636000,081888,082139,081604,092100,072146,084448
0000000638,0000637000,082218,082808,080681,092312,075719,080334
0000000639,0000638000,082558,083459,079842,091329,080114,076655
0000000640,0000639000,082865,084046,079187,089208,084929,073787
0000000641,0000640000,083112,084517,078765,086191,089675,071992
0000000642,0000641000,083284,084795,078615,082524,093910,071469
0000000643,0000642000,083349,084884,078769,078584,097213,072256
0000000644,0000643000,083325,084769,079141,074714,099278,074295
0000000645,0000644000,083188,084510,079734,071288,099901,077393
0000000646,0000645000,082978,084085,080450,068623,099026,081252
0000000647,0000646000,082687,083599,081241,066961,096744,085511
0000000648,0000647000,082365,083067,081996,066475,093262,089751
0000000649,0000648000,082027,082557,082675,067186,088933,093577
0000000650,0000649000,081713,082127,083184,069055,084160,096596
0000000651,0000650000,081451,081832,083462,071876,079424,098530
0000000652,0000651000,081259,081699,083521,075410,075166,099172
0000000653,0000652000,081166,081711,083339,079305,071812,098462
0000000654,0000653000,081163,081895,082975,083214,069672,096457
0000000655,0000654000,081272,082170,082453,086766,068951,093351
0000000656,0000655000,081460,082532,081872,089629,069718,089437
0000000657,0000656000,081730,082920,081244,091546,071889,085086
0000000658,0000657000,082042,083314,080663,092321,075260,080726
0000000659,0000658000,082376,083641,080184,091903,079492,076767
0000000660,0000659000,082696,083882,079850,090309,084190,073604
0000000661,0000660000,082972,084013,079695,087715,088882,071536
0000000662,0000661000,083185,083996,079727,084343,093127,070777
0000000663,0000662000,083305,083871,079942,080523,096512,071394
0000000664,0000663000,083335,083643,080270,076601,098718,073340
0000000665,0000664000,083257,083364,080708,072942,099535,076430
0000000666,0000665000,083094,083042,081176,069892,098890,080367
0000000667,0000666000,082846,082753,081637,067723,096850,084783
0000000668,0000667000,082548,082505,082030,066652,093607,089246
0000000669,0000668000,082221,082338,082325,066762,089488,093332
0000000670,0000669000,081896,082287,082476,068058,084883,096634
0000000671,0000670000,081608,082354,082467,070401,080249,098840
0000000672,0000671000,081374,082531,082333,073588,076024,099723
0000000673,0000672000,081227,082781,082075,077309,072622,099200
0000000674,0000673000,081166,083090,081754,081228,070358,097315
0000000675,0000674000,081212,083381,081403,084981,069445,094248
0000000676,0000675000,081347,083641,081080,088216,069968,090291
0000000677,0000676000,081570,083828,080797,090642,071864,085820
0000000678,0000677000,081852,083916,080611,092020,074952,081272
0000000679,0000678000,082171,083881,080539,092239,078923,077076
0000000680,0000679000,082498,083729,080580,091265,083396,073649
0000000681,0000680000,082798,083472,080739,089206,087929,071316
0000000682,0000681000,083052,083121,080984,086240,092094,070308
0000000683,0000682000,083227,082748,081280,082653,095490,070720
0000000684,0000683000,083318,082379,081570,078770,097798,072519
0000000685,0000684000,083306,082071,081841,074950,098803,075534
0000000686,0000685000,083201,081855,082032,071550,098415,079474
0000000687,0000686000,083006,081779,082126,068876,096680,083969
0000000688,0000687000,082743,081844,082105,067188,093765,088581
0000000689,0000688000,082435,082063,081963,066628,089967,092868
0000000690,0000689000,082110,082435,081705,067258,085651,096408
0000000691,0000690000,081800,082907,081365,069006,081242,098866
0000000692,0000691000,081527,083437,081004,071720,077158,099998
0000000693,0000692000,081324,083958,080648,075143,073792,099697
0000000694,0000693000,081201,084416,080368,078962,071456,097991
0000000695,0000694000,081177,084735,080193,082829,070364,095041
0000000696,0000695000,081248,084895,080154,086381,070617,091131
0000000697,0000696000,081413,084860,080257,089298,072175,086634
0000000698,0000697000,081654,084616,080514,091303,074883,081989
0000000699,0000698000,081947,084181,080900,092221,078467,077637
0000000700,0000699000,082270,083592,081370,091960,082578,074005
0000000701,0000700000,082588,082905,081886,090556,086813,071438
0000000702,0000701000,082878,082184,082373,088133,090772,070183
0000000703,0000702000,083107,081528,082775,084918,094077,070357
0000000704,0000703000,083263,080992,083034,081203,096421,071946
0000000705,0000704000,083323,080645,083129,077327,097591,074797
0000000706,0000705000,083288,080533,083019,073652,097482,078635
0000000707,0000706000,083156,080684,082712,070509,096117,083095
0000000708,0000707000,082942,081090,082226,068194,093637,087742
0000000709,0000708000,082666,081733,081596,066912,090297,092129
0000000710,0000709000,082351,082560,080885,066785,086424,095830
0000000711,0000710000,082028,083476,080175,067816,082397,098493
0000000712,0000711000,081723,084395,079553,069913,078601,099863
0000000713,0000712000,081467,085215,079080,072883,075391,099813
0000000714,0000713000,081279,085846,078831,076455,073063,098352
0000000715,0000714000,081180,086209,078836,080306,071828,095619
0000000716,0000715000,081177,086271,079104,084079,071794,091878
0000000717,0000716000,081273,085998,079627,087432,072946,087491
0000000718,0000717000,081457,085402,080369,090053,075163,082884
0000000719,0000718000,081712,084538,081256,091707,078212,078500
0000000720,0000719000,082017,083480,082199,092243,081792,074764
0000000721,0000720000,082341,082332,083105,091618,085552,072028
0000000722,0000721000,082659,081214,083863,089887,089137,070548
0000000723,0000722000,082939,080248,084393,087211,092212,070461
0000000724,0000723000,083160,079521,084632,083831,094494,071770
0000000725,0000724000,083296,079125,084546,080054,095781,074348
0000000726,0000725000,083340,079113,084118,076226,095959,077945
0000000727,0000726000,083283,079501,083382,072694,095030,082213
0000000728,0000727000,083133,080268,082394,069787,093101,086733
0000000729,0000728000,082903,081355,081240,067763,090377,091071
0000000730,0000729000,082613,082658,080046,066809,087132,094806
0000000731,0000730000,082291,084038,078935,067004,083685,097588
0000000732,0000731000,081963,085367,078028,068331,080360,099159
0000000733,0000732000,081662,086501,077421,070669,077466,099378
0000000734,0000733000,081410,087325,077194,073808,075264,098232
0000000735,0000734000,081234,087746,077373,077466,073949,095833
0000000736,0000735000,081149,087710,077964,081307,073630,092419
0000000737,0000736000,081164,087196,078927,084986,074315,088321
0000000738,0000737000,081278,086240,080178,088161,075921,083942
0000000739,0000738000,081478,084933,081593,090549,078269,079704
0000000740,0000739000,081749,083396,083029,091932,081119,076016
0000000741,0000740000,082064,081785,084343,092193,084193,073219
0000000742,0000741000,082397,080259,085388,091308,087201,071569
0000000743,0000742000,082717,078972,086063,089357,089866,071213
0000000744,0000743000,082998,078046,086290,086517,091950,072174
0000000745,0000744000,083212,077591,086029,083038,093272,074354
0000000746,0000745000,083340,077671,085280,079240,093724,077537
0000000747,0000746000,083368,078297,084102,075463,093286,081409
0000000748,0000747000,083295,079426,082599,072057,092026,085588
0000000749,0000748000,083128,080952,080915,069326,090089,089667
0000000750,0000749000,082881,082723,079231,067516,087678,093258
0000000751,0000750000,082578,084559,077715,066785,085033,096027
0000000752,0000751000,082244,086289,076519,067198,082401,097725
0000000753,0000752000,081910,087736,075768,068716,080019,098207
0000000754,0000753000,081603,088757,075549,071204,078098,097439
0000000755,0000754000,081353,089240,075895,074444,076800,095505
0000000756,0000755000,081182,089115,076802,078142,076224,092602
0000000757,0000756000,081108,088367,078202,081966,076400,089017
0000000758,0000757000,081137,087064,079956,085564,077283,085107
0000000759,0000758000,081267,085334,081890,088615,078761,081251
0000000760,0000759000,081485,083346,083805,090844,080673,077817
0000000761,0000760000,081771,081302,085511,092056,082830,075118
0000000762,0000761000,082101,079392,086840,092145,085028,073394
0000000763,0000762000,082445,077798,087665,091105,087073,072790
0000000764,0000763000,082774,076682,087887,089027,088786,073347
0000000765,0000764000,083057,076168,087465,086093,090029,075000
0000000766,0000765000,083270,076331,086412,082565,090708,077574
0000000767,0000766000,083390,077182,084812,078761,090790,080810
0000000768,0000767000,083406,078644,082820,075028,090299,084383
0000000769,0000768000,083318,080568,080643,071701,089309,087944
0000000770,0000769000,083134,082757,078505,069078,087938,091157
0000000771,0000770000,082871,084996,076616,067388,086325,093729
0000000772,0000771000,082551,087080,075154,066780,084620,095437
0000000773,0000772000,082204,088807,074261,067306,082972,096142
0000000774,0000773000,081858,090004,074044,068921,081516,095797
0000000775,0000774000,081544,090539,074543,071486,080366,094453
0000000776,0000775000,081292,090334,075736,074773,079600,092257
0000000777,0000776000,081126,089382,077527,078489,079256,089436
0000000778,0000777000,081063,087775,079734,082295,079335,086275
0000000779,0000778000,081106,085687,082123,085850,079800,083083
0000000780,0000779000,081252,083327,084453,088835,080584,080158
0000000781,0000780000,081486,080926,086500,090991,081603,077763
0000000782,0000781000,081789,078699,088075,092128,082761,076104
0000000783,0000782000,082134,076855,089032,092147,083963,075313
0000000784,0000783000,082491,075586,089249,091045,085112,075440
0000000785,0000784000,082829,075032,088687,088917,086129,076450
0000000786,0000785000,083117,075269,087375,085948,086951,078223
0000000787,0000786000,083327,076306,085418,082402,087540,080570
0000000788,0000787000,083438,078034,083022,078601,087872,083249
0000000789,0000788000,083442,080262,080448,074886,087948,085998
0000000790,0000789000,083339,082767,077947,071589,087782,088560
0000000791,0000790000,083139,085306,075760,068998,087399,090711
0000000792,0000791000,082859,087647,074092,067340,086837,092269
0000000793,0000792000,082525,089577,073089,066760,086136,093115
0000000794,0000793000,082164,090899,072875,067308,085341,093200
0000000795,0000794000,081808,091455,073502,068941,084495,092542
0000000796,0000795000,081489,091178,074922,071517,083643,091233
0000000797,0000796000,081238,090075,077012,074813,082821,089421
0000000798,0000797000,081079,088252,079556,078529,082074,087294
0000000799,0000798000,081027,085924,082272,082330,081444,085059
0000000800,0000799000,081083,083326,084891,085879,080971,082925
0000000801,0000800000,081243,080694,087182,088864,080686,081074
0000000802,0000801000,081493,078269,088928,091025,080616,079659
0000000803,0000802000,081809,076285,089962,092173,080777,078784
0000000804,0000803000,082167,074934,090168,092209,081175,078497
0000000805,0000804000,082533,074374,089499,091125,081806,078792
0000000806,0000805000,082877,074682,087997,089014,082651,079607
0000000807,0000806000,083165,075839,085806,086057,083674,080839
0000000808,0000807000,083369,077725,083152,082518,084814,082356
0000000809,0000808000,083470,080114,080339,078720,085989,084007
0000000810,0000809000,083462,082767,077636,074999,087110,085641
0000000811,0000810000,083347,085455,075274,071681,088080,087124
0000000812,0000811000,083134,087913,073490,069056,088808,088342
0000000813,0000812000,082843,089909,072452,067353,089221,089206
0000000814,0000813000,082498,091262,072258,066720,089256,089676
0000000815,0000814000,082129,091801,072969,067214,088873,089748
0000000816,0000815000,081769,091454,074533,068797,088068,089449
0000000817,0000816000,081451,090273,076776,071334,086872,088836
0000000818,0000817000,081205,088368,079478,074603,085360,087982
0000000819,0000818000,081056,085961,082335,078307,083656,086968
0000000820,0000819000,081013,083316,085059,082114,081901,085888
0000000821,0000820000,081080,080634,087439,085692,080246,084826
0000000822,0000821000,081250,078173,089247,088728,078851,083853
0000000823,0000822000,081508,076205,090269,090959,077848,083031
0000000824,0000823000,081832,074893,090430,092190,077351,082403
0000000825,0000824000,082194,074374,089704,092314,077448,081975
0000000826,0000825000,082562,074747,088114,091314,078174,081750
0000000827,0000826000,082903,075951,085846,089275,079498,081723
0000000828,0000827000,083185,077834,083154,086371,081334,081882
0000000829,0000828000,083379,080201,080318,082865,083532,082208
0000000830,0000829000,083473,082810,077605,079073,085896,082678
0000000831,0000830000,083457,085428,075260,075325,088215,083266
0000000832,0000831000,083335,087810,073500,071951,090272,083942
0000000833,0000832000,083117,089715,072508,069241,091870,084675
0000000834,0000833000,082822,090956,072383,067434,092837,085435
0000000835,0000834000,082477,091408,073141,066683,093048,086202
0000000836,0000835000,082111,091018,074716,067061,092437,086944
0000000837,0000836000,081757,089834,076940,068537,091024,087620
0000000838,0000837000,081446,088003,079571,070989,088909,088176
0000000839,0000838000,081210,085732,082320,074195,086273,088560
0000000840,0000839000,081068,083236,084940,077870,083348,088732
0000000841,0000840000,081031,080731,087207,081688,080404,088658
0000000842,0000841000,081101,078470,088892,085316,077715,088317
0000000843,0000842000,081273,076690,089812,088439,075537,087712
0000000844,0000843000,081528,075552,089896,090786,074093,086858
0000000845,0000844000,081848,075166,089133,092155,073555,085781
0000000846,0000845000,082202,075588,087588,092423,074014,084543
0000000847,0000846000,082560,076735,085449,091564,075461,083233
0000000848,0000847000,082890,078459,082958,089646,077792,081962
0000000849,0000848000,083161,080602,080343,086840,080804,080850
0000000850,0000849000,083349,082943,077863,083396,084220,080014
0000000851,0000850000,083439,085247,075760,079620,087729,079543
0000000852,0000851000,083423,087318,074207,075841,091004,079507
0000000853,0000852000,083304,088939,073371,072390,093726,079945
0000000854,0000853000,083094,089922,073355,069564,095625,080857
0000000855,0000854000,082811,090206,074125,067606,096497,082202
0000000856,0000855000,082479,089784,075578,066690,096217,083899
0000000857,0000856000,082127,088698,077579,066896,094781,085816
0000000858,0000857000,081787,087093,079896,068215,092305,087776
0000000859,0000858000,081489,085154,082285,070528,089004,089598
0000000860,0000859000,081260,083044,084544,073634,085177,091102
0000000861,0000860000,081121,080964,086461,077253,081185,092131
0000000862,0000861000,081080,079146,087830,081071,077399,092564
0000000863,0000862000,081143,077761,088523,084752,074180,092330
0000000864,0000863000,081300,076939,088491,087981,071849,091408
0000000865,0000864000,081539,076763,087735,090478,070651,089838
0000000866,0000865000,081838,077221,086366,092027,070725,087733
0000000867,0000866000,082172,078219,084559,092490,072091,085265
0000000868,0000867000,082512,079650,082493,091824,074641,082653
0000000869,0000868000,082827,081373,080362,090085,078143,080148
0000000870,0000869000,083089,083199,078387,087426,082274,077995
0000000871,0000870000,083275,084956,076754,084083,086651,076408
0000000872,0000871000,083371,086477,075605,080350,090859,075559
0000000873,0000872000,083368,087591,075070,076554,094494,075563
0000000874,0000873000,083269,088185,075193,073022,097202,076452
0000000875,0000874000,083083,088242,075916,070058,098711,078185
0000000876,0000875000,082827,087782,077139,067918,098855,080633
0000000877,0000876000,082521,086869,078730,066789,097604,083588
0000000878,0000877000,082193,085630,080505,066772,095065,086778
0000000879,0000878000,081871,084198,082287,067871,091465,089906
0000000880,0000879000,081583,082697,083924,069989,087141,092670
0000000881,0000880000,081357,081291,085244,072939,082502,094792
0000000882,0000881000,081209,080142,086105,076461,077984,096054
0000000883,0000882000,081152,079349,086445,080248,074019,096309
0000000884,0000883000,081188,078984,086250,083972,070995,095496
0000000885,0000884000,081314,079074,085554,087313,069208,093660
0000000886,0000885000,081519,079561,084478,089983,068835,090948
0000000887,0000886000,081786,080354,083162,091752,069924,087593
0000000888,0000887000,082091,081375,081727,092462,072379,083904
0000000889,0000888000,082409,082509,080321,092053,075967,080229
0000000890,0000889000,082710,083620,079098,090559,080353,076921
0000000891,0000890000,082970,084605,078165,088112,085123,074301
0000000892,0000891000,083166,085359,077609,084929,089820,072641
0000000893,0000892000,083282,085789,077493,081287,093994,072120
0000000894,0000893000,083310,085873,077793,077500,097249,072811
0000000895,0000894000,083248,085646,078431,073895,099271,074678
0000000896,0000895000,083103,085148,079325,070781,099864,077567
0000000897,0000896000,082885,084457,080363,068427,098977,081217
0000000898,0000897000,082614,083680,081412,067037,096691,085293
0000000899,0000898000,082313,082894,082376,066732,093223,089413
0000000900,0000899000,082008,082185,083161,067538,088908,093181
0000000901,0000900000,081725,081652,083670,069383,084157,096230
0000000902,0000901000,081488,081355,083859,072108,079424,098254
0000000903,0000902000,081318,081305,083740,075470,075162,099048
0000000904,0000903000,081225,081507,083342,079181,071776,098513
0000000905,0000904000,072315,081551,082382,079607,070267,097363
0000000906,0000905000,063629,081069,080685,079607,068603,093524
0000000907,0000906000,074217,081312,079656,079607,069052,089458
0000000908,0000907000,084329,081411,078643,079607,070859,084961
0000000909,0000908000,081321,085682,091056,079607,074511,084961
0000000910,0000909000,074484,083862,099998,079607,078169,084961
0000000911,0000910000,084691,084559,089867,079607,083913,084961
0000000912,0000911000,094788,075425,073888,079607,084177,084961
0000000913,0000912000,093943,064635,080476,079607,084177,084961
0000000914,0000913000,089887,074787,093180,079607,084177,084961
0000000915,0000914000,082906,079535,072792,079607,084177,084961
0000000916,0000915000,099660,087601,066202,079607,084177,084961
0000000917,0000916000,097872,079641,071502,079607,084177,084961
0000000918,0000917000,081516,078703,077838,079607,084177,084961
0000000919,0000918000,083218,096417,076687,079607,084177,084961
0000000920,0000919000,084877,093649,059874,079607,084177,084961
0000000921,0000920000,088079,090199,070525,079607,084177,084961
0000000922,0000921000,075647,090175,085930,079607,084177,084961
0000000923,0000922000,064921,093490,080138,079607,084177,084961
0000000924,0000923000,078248,099998,076113,079607,084177,084961
0000000925,0000924000,078070,086017,077675,079607,084177,084961
0000000926,0000925000,069900,081425,093962,079607,084177,084961
0000000927,0000926000,066689,088589,097396,079607,084177,084961
0000000928,0000927000,071815,085328,082624,079607,084177,084961
0000000929,0000928000,085509,079291,087380,079607,084177,084961
0000000930,0000929000,079147,069304,096407,079607,084177,084961
0000000931,0000930000,073824,073067,096298,079607,084177,084961
0000000932,0000931000,085598,080551,086247,079607,084177,084961
0000000933,0000932000,092517,071304,077428,079607,084177,084961
0000000934,0000933000,093253,068588,088130,079607,084177,084961
0000000935,0000934000,086259,073242,087781,079607,084177,084961
0000000936,0000935000,089316,080334,072718,079607,084177,084961
0000000937,0000936000,099998,082647,068856,079607,084177,084961
0000000938,0000937000,093193,076290,073311,079607,084177,084961
0000000939,0000938000,085108,083949,078887,079607,084177,084961
0000000940,0000939000,085174,093503,070147,079607,084177,084961
0000000941,0000940000,088499,091676,062303,079607,084177,084961
0000000942,0000941000,086613,089892,073865,079607,084177,084961
0000000943,0000942000,072830,090482,080985,079607,084177,084961
0000000944,0000943000,071521,097279,077499,079607,084177,084961
0000000945,0000944000,078651,096719,074129,079607,084177,084961
0000000946,0000945000,075274,086562,081301,079607,084177,084961
0000000947,0000946000,069127,086566,093510,079607,084177,084961
0000000948,0000947000,066988,088869,089800,079607,084177,084961
0000000949,0000948000,074977,085862,084360,079607,084177,084961
0000000950,0000949000,080435,077796,091268,079607,084177,084961
0000000951,0000950000,074645,072402,096927,079607,084177,084961
0000000952,0000951000,076697,077360,094105,079607,084177,084961
0000000953,0000952000,086021,076514,084233,079607,084177,084961
0000000954,0000953000,090306,070016,084313,079607,084177,084961
0000000955,0000954000,088316,069725,091055,079607,084177,084961
0000000956,0000955000,086592,073998,084198,079607,084177,084961
0000000957,0000956000,094916,079299,073049,079607,084177,084961
0000000958,0000957000,097917,077172,072446,079607,084177,084961
0000000959,0000958000,090712,076609,077229,079607,084177,084961
0000000960,0000959000,086926,085911,075713,079607,084177,084961
0000000961,0000960000,089097,090084,066326,079607,084177,084961
0000000962,0000961000,091052,088782,066704,079607,084177,084961
0000000963,0000962000,083506,089268,075157,079607,084177,084961
0000000964,0000963000,074619,093793,076411,079607,084177,084961
0000000965,0000964000,077113,097733,073080,079607,084177,084961
0000000966,0000965000,078403,092986,074738,079607,084177,084961
0000000967,0000966000,072218,088203,085643,079607,084177,084961
0000000968,0000967000,068368,090965,088632,079607,084177,084961
0000000969,0000968000,070966,091042,083242,079607,084177,084961
0000000970,0000969000,076095,084853,086412,079607,084177,084961
0000000971,0000970000,073973,077193,095464,079607,084177,084961
0000000972,0000971000,071719,077381,096677,079607,084177,084961
0000000973,0000972000,078778,079519,089530,079607,084177,084961
0000000974,0000973000,086614,073829,085259,079607,084177,084961
0000000975,0000974000,086622,069275,091012,079607,084177,084961
0000000976,0000975000,083776,071373,091829,079607,084177,084961
0000000977,0000976000,088553,075407,081710,079607,084177,084961
0000000978,0000977000,096969,075421,075195,079607,084177,084961
0000000979,0000978000,095382,073021,077685,079607,084177,084961
0000000980,0000979000,089558,078138,078868,079607,084177,084961
0000000981,0000980000,089507,086354,071344,079607,084177,084961
0000000982,0000981000,093068,086610,066045,079607,084177,084961
0000000983,0000982000,090956,084966,071360,079607,084177,084961
0000000984,0000983000,081904,089236,075256,079607,084177,084961
0000000985,0000984000,078472,096537,071334,079607,084177,084961
0000000986,0000985000,081351,096573,069344,079607,084177,084961
0000000987,0000986000,078422,090643,076836,079607,084177,084961
0000000988,0000987000,070660,090343,086003,079607,084177,084961
0000000989,0000988000,068511,094217,083891,079607,084177,084961
0000000990,0000989000,073586,092242,080389,079607,084177,084961
0000000991,0000990000,075415,084175,087621,079607,084177,084961
0000000992,0000991000,070418,079391,096309,079607,084177,084961
0000000993,0000992000,070439,081702,094636,079607,084177,084961
0000000994,0000993000,078765,080289,087723,079607,084177,084961
0000000995,0000994000,084859,072703,088616,079607,084177,084961
0000000996,0000995000,083107,069567,094422,079607,084177,084961
0000000997,0000996000,082031,073222,091068,079607,084177,084961
0000000998,0000997000,089450,075609,081541,079607,084177,084961
0000000999,0000998000,096062,072160,078650,079607,084177,084961
0000001000,0000999000,093369,071023,081808,079607,084177,084961
0000001001,0001000000,089507,078227,079219,079607,084177,084961
0000001002,0001001000,091899,084569,070030,079607,084177,084961
0000001003,0001002000,095237,083668,067579,079607,084177,084961
0000001004,0001003000,090794,082867,073243,079607,084177,084961
0000001005,0001004000,082969,089049,074250,079607,084177,084961
0000001006,0001005000,081959,096068,068782,079607,084177,084961
0000001007,0001006000,083675,094747,068198,079607,084177,084961
0000001008,0001007000,079041,090537,076846,079607,084177,084961
0000001009,0001008000,071450,092329,083117,079607,084177,084961
0000001010,0001009000,070163,095860,080337,079607,084177,084961
0000001011,0001010000,074274,092730,079691,079607,084177,084961
0000001012,0001011000,073806,085229,087657,079607,084177,084961
0000001013,0001012000,069216,082728,094455,079607,084177,084961
0000001014,0001013000,070277,084373,092202,079607,084177,084961
0000001015,0001014000,077417,080882,088157,079607,084177,084961
0000001016,0001015000,081612,073641,091359,079607,084177,084961
0000001017,0001016000,080212,071241,095283,079607,084177,084961
0000001018,0001017000,081562,074123,090728,079607,084177,084961
0000001019,0001018000,088736,074594,083451,079607,084177,084961
0000001020,0001019000,093321,070741,082479,079607,084177,084961
0000001021,0001020000,091750,070686,084118,079607,084177,084961
0000001022,0001021000,090568,076985,079191,079607,084177,084961
0000001023,0001022000,093459,081393,071604,079607,084177,084961
0000001024,0001023000,095275,080884,070551,079607,084177,084961
0000001025,0001024000,091020,082004,073587,079607,084177,084961
0000001026,0001025000,085956,088229,072333,079607,084177,084961
0000001027,0001026000,085461,093252,068021,079607,084177,084961
0000001028,0001027000,084834,092750,068912,079607,084177,084961
0000001029,0001028000,079318,091727,075600,079607,084177,084961
0000001030,0001029000,074276,093720,078670,079607,084177,084961
0000001031,0001030000,073467,095633,077400,079607,084177,084961
0000001032,0001031000,073884,092863,079987,079607,084177,084961
0000001033,0001032000,071606,088095,086824,079607,084177,084961
0000001034,0001033000,069600,086630,090367,079607,084177,084961
0000001035,0001034000,071331,085725,089639,079607,084177,084961
0000001036,0001035000,075257,081020,090209,079607,084177,084961
0000001037,0001036000,077095,076436,093190,079607,084177,084961
0000001038,0001037000,077978,074804,093785,079607,084177,084961
0000001039,0001038000,081985,074308,090286,079607,084177,084961
0000001040,0001039000,086810,072506,087369,079607,084177,084961
0000001041,0001040000,088752,070807,086948,079607,084177,084961
0000001042,0001041000,090041,071959,084684,079607,084177,084961
0000001043,0001042000,092917,075320,078341,079607,084177,084961
0000001044,0001043000,094195,076820,075579,079607,084177,084961
0000001045,0001044000,093004,078123,075540,079607,084177,084961
0000001046,0001045000,091181,082207,073168,079607,084177,084961
0000001047,0001046000,090542,086919,069176,079607,084177,084961
0000001048,0001047000,089336,088542,068720,079607,084177,084961
0000001049,0001048000,084891,090178,071523,079607,084177,084961
0000001050,0001049000,079440,093629,073561,079607,084177,084961
0000001051,0001050000,078555,094953,073090,079607,084177,084961
0000001052,0001051000,077857,093626,075125,079607,084177,084961
0000001053,0001052000,073390,092307,080940,079607,084177,084961
0000001054,0001053000,069514,092286,084772,079607,084177,084961
0000001055,0001054000,070813,090976,084832,079607,084177,084961
0000001056,0001055000,073200,086129,087290,079607,084177,084961
0000001057,0001056000,072846,081109,092618,079607,084177,084961
0000001058,0001057000,072377,080285,093994,079607,084177,084961
0000001059,0001058000,076233,079448,090898,079607,084177,084961
0000001060,0001059000,081997,074754,089866,079607,084177,084961
0000001061,0001060000,084107,070489,092031,079607,084177,084961
0000001062,0001061000,084121,071417,091029,079607,084177,084961
0000001063,0001062000,088026,074013,084608,079607,084177,084961
0000001064,0001063000,093746,073577,079257,079607,084177,084961
0000001065,0001064000,094369,072500,079747,079607,084177,084961
0000001066,0001065000,091305,075862,079462,079607,084177,084961
0000001067,0001066000,091332,081735,073511,079607,084177,084961
0000001068,0001067000,093858,084499,068284,079607,084177,084961
0000001069,0001068000,092277,084396,069912,079607,084177,084961
0000001070,0001069000,085962,087611,073035,079607,084177,084961
0000001071,0001070000,081700,093462,071461,079607,084177,084961
0000001072,0001071000,081906,095216,069462,079607,084177,084961
0000001073,0001072000,080575,092612,073447,079607,084177,084961
0000001074,0001073000,074718,092062,079821,079607,084177,084961
0000001075,0001074000,070308,094569,081727,079607,084177,084961
0000001076,0001075000,071569,093829,081225,079607,084177,084961
0000001077,0001076000,073440,088004,085142,079607,084177,084961
0000001078,0001077000,071566,083447,091605,079607,084177,084961
0000001079,0001078000,070224,083217,093168,079607,084177,084961
0000001080,0001079000,074163,082124,090312,079607,084177,084961
0000001081,0001080000,079574,076729,090325,079607,084177,084961
0000001082,0001081000,081167,071845,093583,079607,084177,084961
0000001083,0001082000,081630,072146,092839,079607,084177,084961
0000001084,0001083000,085772,074032,086804,079607,084177,084961
0000001085,0001084000,091276,072694,082623,079607,084177,084961
0000001086,0001085000,092977,070911,082737,079607,084177,084961
0000001087,0001086000,091630,073834,081129,079607,084177,084961
0000001088,0001087000,092007,079004,075612,079607,084177,084961
0000001089,0001088000,094217,081275,071121,079607,084177,084961
0000001090,0001089000,093425,082071,071103,079607,084177,084961
0000001091,0001090000,088908,085648,072064,079607,084177,084961
0000001092,0001091000,085556,090484,070549,079607,084177,084961
0000001093,0001092000,084444,093021,069154,079607,084177,084961
0000001094,0001093000,081615,092984,071998,079607,084177,084961
0000001095,0001094000,077606,092937,076081,079607,084177,084961
0000001096,0001095000,074332,094370,077910,079607,084177,084961
0000001097,0001096000,072607,094424,079571,079607,084177,084961
0000001098,0001097000,071571,091064,083988,079607,084177,084961
0000001099,0001098000,071240,087730,087609,079607,084177,084961
0000001100,0001099000,071303,085751,089576,079607,084177,084961
0000001101,0001100000,072627,083049,090913,079607,084177,084961
