0000000001,0000000000,061933,036738,079461,090226,089527,074018
0000000002,0000001000,036462,061070,079574,087210,092244,074317
0000000003,0000002000,007912,079662,080572,083912,094238,075621
0000000004,0000003000,-20544,090281,082354,080656,095309,077806
0000000005,0000004000,-46315,092054,084756,077754,095358,080660
0000000006,0000005000,-67072,085027,087533,075488,094384,083899
0000000007,0000006000,-80551,069749,090409,074095,092470,087206
0000000008,0000007000,-85368,047503,093115,073701,089809,090261
0000000009,0000008000,-81181,020618,095385,074340,086666,092765
0000000010,0000009000,-68538,-08025,096986,075958,083345,094468
0000000011,0000010000,-48368,-35995,097765,078393,080171,095207
0000000012,0000011000,-22755,-60476,097653,081408,077454,094909
0000000013,0000012000,005528,-78810,096657,084706,075461,093604
0000000014,0000013000,034056,-89499,094873,087966,074386,091419
0000000015,0000014000,060044,-91480,092472,090868,074337,088565
0000000016,0000015000,080680,-84336,089694,093127,075318,085326
0000000017,0000016000,094020,-68909,086818,094524,077228,082019
0000000018,0000017000,098956,-46793,084112,094920,079886,078964
0000000019,0000018000,094833,-19978,081844,094278,083033,076461
0000000020,0000019000,082028,008835,080242,092662,086352,074757
0000000021,0000020000,061991,036680,079462,090227,089526,074019
0000000022,0000021000,036442,061095,079575,087209,092245,074317
0000000023,0000022000,007922,079654,080571,083911,094239,075621
0000000024,0000023000,-20524,090270,082354,080656,095309,077806
0000000025,0000024000,-46343,092076,084756,077752,095359,080660
0000000026,0000025000,-67093,085050,087533,075489,094383,083899
0000000027,0000026000,-80530,069724,090409,074095,092470,087206
0000000028,0000027000,-85329,047466,093115,073699,089811,090261
0000000029,0000028000,-81229,020664,095385,074340,086666,092765
0000000030,0000029000,-68549,-08019,096986,075958,083345,094468
0000000031,0000030000,-48344,-36023,097765,078393,080171,095207
0000000032,0000031000,-22783,-60458,097653,081408,077455,094909
0000000033,0000032000,005540,-78821,096657,084706,075461,093604
0000000034,0000033000,034074,-89523,094873,087965,074387,091419
0000000035,0000034000,060022,-91462,092472,090867,074338,088566
0000000036,0000035000,080650,-84314,089695,093127,075317,085326
0000000037,0000036000,094049,-68942,086818,094524,077227,082020
0000000038,0000037000,098979,-46819,084112,094919,079887,078965
0000000039,0000038000,094798,-19946,081843,094277,083033,076461
0000000040,0000039000,082038,008826,080242,092662,086352,074757
0000000041,0000040000,062003,036664,079461,090226,089525,074019
0000000042,0000041000,036420,061117,079575,087209,092245,074317
0000000043,0000042000,007937,079641,080571,083912,094238,075621
0000000044,0000043000,-20498,090248,082354,080655,095310,077806
0000000045,0000044000,-46364,092098,084755,077751,095360,080660
0000000046,0000045000,-67117,085075,087533,075490,094382,083899
0000000047,0000046000,-80502,069699,090408,074095,092470,087206
0000000048,0000047000,-85324,047461,093115,073698,089812,090261
0000000049,0000048000,-81256,020695,095384,074340,086667,092764
0000000050,0000049000,-68538,-08030,096985,075957,083346,094468
0000000051,0000050000,-48345,-36024,097766,078392,080172,095207
0000000052,0000051000,-22813,-60433,097653,081407,077455,094909
0000000053,0000052000,005551,-78834,096657,084705,075461,093604
0000000054,0000053000,034093,-89546,094874,087964,074388,091420
0000000055,0000054000,059997,-91443,092473,090866,074339,088566
0000000056,0000055000,080635,-84302,089695,093127,075317,085327
0000000057,0000056000,094075,-68973,086818,094523,077228,082020
0000000058,0000057000,098980,-46822,084113,094918,079887,078966
0000000059,0000058000,094787,-19935,081843,094276,083033,076462
0000000060,0000059000,082064,008803,080242,092661,086351,074758
0000000061,0000060000,062006,036662,079461,090226,089525,074020
0000000062,0000061000,036404,061137,079574,087209,092244,074317
0000000063,0000062000,007960,079626,080570,083912,094237,075622
0000000064,0000063000,-20475,090232,082353,080655,095309,077807
0000000065,0000064000,-46382,092124,084755,077751,095360,080660
0000000066,0000065000,-67122,085088,087532,075491,094381,083899
0000000067,0000066000,-80483,069687,090408,074096,092470,087205
0000000068,0000067000,-85339,047478,093114,073699,089812,090260
0000000069,0000068000,-81270,020713,095384,074340,086667,092764
0000000070,0000069000,-68525,-08043,096985,075957,083347,094467
0000000071,0000070000,-48361,-36013,097766,078392,080174,095206
0000000072,0000071000,-22842,-60410,097654,081407,077456,094908
0000000073,0000072000,005559,-78850,096658,084705,075462,093604
0000000074,0000073000,034098,-89561,094875,087962,074389,091420
0000000075,0000074000,059972,-91429,092474,090864,074340,088567
0000000076,0000075000,080635,-84310,089696,093126,075318,085328
0000000077,0000076000,094092,-68999,086819,094522,077228,082022
0000000078,0000077000,098970,-46819,084114,094917,079887,078967
0000000079,0000078000,094792,-19942,081844,094276,083032,076463
0000000080,0000079000,082095,008774,080242,092661,086351,074760
0000000081,0000080000,062008,036663,079461,090225,089524,074021
0000000082,0000081000,036400,061149,079573,087210,092243,074318
0000000083,0000082000,007988,079609,080569,083913,094235,075622
0000000084,0000083000,-20461,090229,082352,080656,095308,077807
0000000085,0000084000,-46393,092149,084753,077753,095359,080659
0000000086,0000085000,-67113,085093,087531,075493,094380,083898
0000000087,0000086000,-80475,069689,090407,074097,092470,087204
0000000088,0000087000,-85362,047508,093114,073700,089813,090259
0000000089,0000088000,-81279,020726,095384,074341,086668,092762
0000000090,0000089000,-68521,-08048,096985,075957,083348,094466
0000000091,0000090000,-48389,-35993,097767,078391,080176,095204
0000000092,0000091000,-22868,-60393,097655,081406,077458,094907
0000000093,0000092000,005561,-78865,096659,084704,075464,093603
0000000094,0000093000,034087,-89567,094876,087960,074391,091420
0000000095,0000094000,059951,-91424,092475,090862,074342,088567
0000000096,0000095000,080643,-84334,089697,093123,075319,085329
0000000097,0000096000,094100,-69022,086821,094519,077229,082023
0000000098,0000097000,098962,-46821,084115,094915,079887,078969
0000000099,0000098000,094811,-19964,081844,094275,083031,076466
0000000100,0000099000,082125,008744,080241,092660,086349,074762
0000000101,0000100000,062014,036664,079460,090225,089523,074023
0000000102,0000101000,036413,061149,079572,087210,092240,074320
0000000103,0000102000,008021,079594,080567,083915,094233,075623
0000000104,0000103000,-20452,090238,082350,080658,095307,077807
0000000105,0000104000,-46394,092171,084751,077755,095357,080659
0000000106,0000105000,-67097,085098,087528,075495,094379,083897
0000000107,0000106000,-80478,069707,090405,074099,092470,087202
0000000108,0000107000,-85387,047545,093112,073702,089813,090256
0000000109,0000108000,-81287,020741,095383,074343,086669,092759
0000000110,0000109000,-68532,-08039,096986,075958,083350,094463
0000000111,0000110000,-48425,-35965,097768,078391,080178,095202
0000000112,0000111000,-22893,-60383,097656,081405,077460,094905
0000000113,0000112000,005552,-78878,096661,084702,075467,093602
0000000114,0000113000,034062,-89567,094879,087957,074394,091419
0000000115,0000114000,059933,-91430,092478,090859,074344,088568
0000000116,0000115000,080653,-84367,089700,093120,075320,085330
0000000117,0000116000,094103,-69046,086823,094516,077229,082026
0000000118,0000117000,098962,-46836,084116,094913,079887,078972
0000000119,0000118000,094840,-19999,081845,094273,083029,076469
0000000120,0000119000,082157,008714,080241,092659,086347,074765
0000000121,0000120000,062030,036659,079459,090225,089520,074026
0000000122,0000121000,036444,061138,079570,087212,092237,074322
0000000123,0000122000,008056,079583,080565,083917,094230,075625
0000000124,0000123000,-20441,090256,082347,080660,095304,077807
0000000125,0000124000,-46384,092192,084748,077759,095354,080658
0000000126,0000125000,-67081,085110,087526,075499,094377,083895
0000000127,0000126000,-80489,069740,090403,074102,092469,087199
0000000128,0000127000,-85411,047586,093111,073705,089813,090253
0000000129,0000128000,-81300,020762,095382,074345,086670,092755
0000000130,0000129000,-68559,-08016,096986,075959,083353,094459
0000000131,0000130000,-48469,-35934,097769,078391,080182,095199
0000000132,0000131000,-22921,-60376,097658,081404,077464,094903
0000000133,0000132000,005529,-78884,096664,084699,075471,093601
0000000134,0000133000,034027,-89567,094882,087954,074398,091419
0000000135,0000134000,059918,-91450,092481,090855,074347,088569
0000000136,0000135000,080659,-84406,089703,093116,075322,085333
0000000137,0000136000,094103,-69075,086826,094512,077230,082029
0000000138,0000137000,098974,-46866,084118,094909,079886,078976
0000000139,0000138000,094878,-20045,081845,094270,083027,076473
0000000140,0000139000,082191,008683,080241,092657,086344,074770
0000000141,0000140000,062060,036644,079458,090225,089516,074030
0000000142,0000141000,036490,061118,079567,087213,092232,074325
0000000143,0000142000,008095,079578,080561,083919,094225,075627
0000000144,0000143000,-20423,090278,082343,080664,095299,077808
0000000145,0000144000,-46364,092214,084744,077764,095351,080657
0000000146,0000145000,-67068,085135,087522,075504,094375,083892
0000000147,0000146000,-80505,069788,090400,074107,092469,087195
0000000148,0000147000,-85435,047634,093108,073709,089814,090248
0000000149,0000148000,-81323,020795,095381,074348,086673,092750
0000000150,0000149000,-68603,-07977,096987,075960,083357,094454
0000000151,0000150000,-48521,-35900,097771,078391,080187,095194
0000000152,0000151000,-22957,-60369,097661,081402,077469,094899
0000000153,0000152000,005490,-78886,096668,084695,075477,093599
0000000154,0000153000,033986,-89572,094887,087949,074403,091419
0000000155,0000154000,059903,-91481,092486,090850,074351,088570
0000000156,0000155000,080660,-84451,089708,093110,075325,085336
0000000157,0000156000,094105,-69113,086829,094506,077232,082033
0000000158,0000157000,098998,-46914,084120,094905,079885,078981
0000000159,0000158000,094923,-20101,081846,094267,083025,076479
0000000160,0000159000,082232,008646,080241,092655,086340,074775
0000000161,0000160000,062107,036619,079456,090225,089510,074035
0000000162,0000161000,036549,061094,079564,087215,092226,074329
0000000163,0000162000,008140,079577,080557,083923,094219,075629
0000000164,0000163000,-20394,090301,082338,080669,095294,077808
0000000165,0000164000,-46335,092240,084738,077770,095346,080656
0000000166,0000165000,-67058,085175,087517,075510,094372,083889
0000000167,0000166000,-80524,069848,090396,074113,092467,087190
0000000168,0000167000,-85461,047689,093105,073714,089815,090242
0000000169,0000168000,-81358,020842,095380,074352,086676,092744
0000000170,0000169000,-68662,-07924,096987,075962,083362,094448
0000000171,0000170000,-48581,-35862,097773,078390,080192,095188
0000000172,0000171000,-23008,-60357,097665,081400,077476,094895
0000000173,0000172000,005435,-78883,096673,084691,075484,093596
0000000174,0000173000,033940,-89584,094893,087943,074409,091418
0000000175,0000174000,059884,-91522,092492,090843,074356,088572
0000000176,0000175000,080654,-84503,089713,093103,075329,085340
0000000177,0000176000,094110,-69166,086834,094499,077233,082039
0000000178,0000177000,099033,-46981,084124,094899,079884,078988
0000000179,0000178000,094974,-20167,081848,094263,083022,076487
0000000180,0000179000,082284,008599,080240,092653,086335,074783
0000000181,0000180000,062172,036580,079453,090226,089504,074042
0000000182,0000181000,036621,061066,079560,087218,092219,074334
0000000183,0000182000,008194,079580,080551,083927,094212,075632
0000000184,0000183000,-20352,090326,082331,080676,095286,077809
0000000185,0000184000,-46300,092274,084731,077777,095340,080654
0000000186,0000185000,-67051,085230,087511,075518,094369,083885
0000000187,0000186000,-80544,069921,090391,074121,092466,087184
0000000188,0000187000,-85491,047756,093102,073721,089816,090234
0000000189,0000188000,-81409,020907,095378,074356,086679,092735
0000000190,0000189000,-68734,-07859,096988,075964,083368,094439
0000000191,0000190000,-48652,-35819,097776,078390,080200,095181
0000000192,0000191000,-23075,-60339,097670,081397,077485,094889
0000000193,0000192000,005365,-78879,096680,084686,075492,093593
0000000194,0000193000,033887,-89605,094900,087936,074417,091417
0000000195,0000194000,059857,-91572,092500,090835,074362,088574
0000000196,0000195000,080643,-84563,089720,093094,075333,085344
0000000197,0000196000,094122,-69235,086840,094491,077234,082046
0000000198,0000197000,099076,-47064,084128,094892,079883,078997
0000000199,0000198000,095033,-20244,081850,094257,083018,076496
0000000200,0000199000,082352,008539,080239,092650,086329,074792
0000000201,0000200000,062256,036529,079450,090226,089495,074050
0000000202,0000201000,036705,061035,079554,087221,092209,074340
0000000203,0000202000,008261,079585,080544,083933,094202,075636
0000000204,0000203000,-20295,090352,082323,080684,095278,077809
0000000205,0000204000,-46260,092318,084723,077787,095333,080651
0000000206,0000205000,-67045,085302,087503,075528,094364,083880
0000000207,0000206000,-80564,070006,090384,074130,092464,087177
0000000208,0000207000,-85529,047838,093097,073729,089817,090225
0000000209,0000208000,-81474,020991,095377,074362,086684,092725
0000000210,0000209000,-68820,-07782,096989,075967,083375,094429
0000000211,0000210000,-48738,-35768,097779,078390,080209,095172
0000000212,0000211000,-23162,-60313,097676,081393,077495,094883
0000000213,0000212000,005281,-78874,096688,084679,075503,093589
0000000214,0000213000,033826,-89633,094909,087927,074427,091417
0000000215,0000214000,059822,-91630,092509,090824,074370,088577
0000000216,0000215000,080629,-84636,089729,093083,075338,085350
0000000217,0000216000,094140,-69324,086847,094480,077236,082054
0000000218,0000217000,099128,-47165,084132,094883,079881,079007
0000000219,0000218000,095103,-20335,081852,094251,083013,076507
0000000220,0000219000,082438,008464,080238,092647,086321,074803
0000000221,0000220000,062358,036467,079446,090227,089485,074059
0000000222,0000221000,036803,061002,079548,087225,092198,074348
0000000223,0000222000,008343,079589,080535,083940,094191,075640
0000000224,0000223000,-20224,090381,082313,080694,095267,077810
0000000225,0000224000,-46215,092373,084713,077798,095325,080648
0000000226,0000225000,-67038,085388,087493,075539,094358,083873
0000000227,0000226000,-80585,070106,090376,074141,092462,087167
0000000228,0000227000,-85576,047939,093092,073738,089819,090214
0000000229,0000228000,-81554,021094,095374,074368,086689,092713
0000000230,0000229000,-68919,-07693,096990,075970,083383,094418
0000000231,0000230000,-48842,-35707,097784,078389,080220,095162
0000000232,0000231000,-23269,-60278,097683,081389,077508,094875
0000000233,0000232000,005182,-78869,096697,084671,075515,093584
0000000234,0000233000,033753,-89669,094920,087917,074438,091416
0000000235,0000234000,059777,-91697,092520,090812,074379,088580
0000000236,0000235000,080612,-84722,089739,093070,075344,085357
0000000237,0000236000,094164,-69432,086855,094468,077238,082064
0000000238,0000237000,099187,-47283,084138,094873,079879,079019
0000000239,0000238000,095184,-20442,081854,094244,083007,076520
0000000240,0000239000,082543,008371,080237,092644,086312,074816
0000000241,0000240000,062479,036393,079441,090227,089473,074071
0000000242,0000241000,036917,060965,079540,087229,092185,074356
0000000243,0000242000,008444,079591,080525,083949,094177,075645
0000000244,0000243000,-20139,090415,082301,080705,095255,077811
0000000245,0000244000,-46163,092442,084701,077811,095315,080645
0000000246,0000245000,-67027,085490,087482,075553,094352,083866
0000000247,0000246000,-80608,070222,090367,074155,092460,087157
0000000248,0000247000,-85635,048061,093086,073749,089821,090201
0000000249,0000248000,-81650,021216,095372,074376,086696,092699
0000000250,0000249000,-69035,-07589,096991,075974,083393,094404
0000000251,0000250000,-48965,-35635,097789,078389,080233,095150
0000000252,0000251000,-23396,-60235,097692,081384,077522,094865
0000000253,0000252000,005068,-78866,096708,084662,075530,093579
0000000254,0000253000,033668,-89711,094933,087905,074451,091415
0000000255,0000254000,059722,-91772,092533,090797,074390,088583
0000000256,0000255000,080594,-84825,089751,093055,075351,085365
0000000257,0000256000,094193,-69561,086865,094454,077241,082076
0000000258,0000257000,099254,-47419,084145,094861,079877,079033
0000000259,0000258000,095281,-20568,081857,094235,083000,076536
0000000260,0000259000,082668,008259,080236,092640,086301,074831
0000000261,0000260000,062618,036307,079436,090228,089459,074084
0000000262,0000261000,037051,060923,079531,087235,092170,074367
0000000263,0000262000,008565,079591,080513,083959,094162,075651
0000000264,0000263000,-20041,090454,082287,080718,095240,077812
0000000265,0000264000,-46105,092524,084687,077827,095304,080641
0000000266,0000265000,-67013,085607,087469,075569,094345,083857
0000000267,0000266000,-80634,070357,090356,074170,092457,087144
0000000268,0000267000,-85705,048206,093078,073762,089823,090185
0000000269,0000268000,-81759,021358,095368,074385,086703,092682
0000000270,0000269000,-69167,-07470,096992,075979,083405,094388
0000000271,0000270000,-49111,-35547,097795,078388,080248,095135
0000000272,0000271000,-23545,-60184,097702,081378,077539,094855
0000000273,0000272000,004937,-78864,096721,084652,075547,093573
0000000274,0000273000,033567,-89759,094947,087890,074467,091414
0000000275,0000274000,059655,-91859,092549,090781,074402,088588
0000000276,0000275000,080575,-84946,089766,093038,075359,085374
0000000277,0000276000,094226,-69710,086877,094438,077244,082089
0000000278,0000277000,099329,-47576,084153,094847,079875,079050
0000000279,0000278000,095393,-20715,081861,094225,082992,076553
0000000280,0000279000,082814,008129,080234,092635,086288,074848
0000000281,0000280000,062778,036210,079429,090229,089443,074099
0000000282,0000281000,037205,060873,079520,087241,092152,074378
0000000283,0000282000,008706,079589,080499,083970,094144,075657
0000000284,0000283000,-19928,090500,082271,080734,095224,077813
0000000285,0000284000,-46037,092620,084670,077844,095290,080636
0000000286,0000285000,-66994,085739,087454,075588,094336,083847
0000000287,0000286000,-80664,070512,090344,074187,092454,087130
0000000288,0000287000,-85786,048373,093070,073777,089826,090168
0000000289,0000288000,-81883,021520,095365,074396,086711,092664
0000000290,0000289000,-69319,-07334,096994,075984,083418,094369
0000000291,0000290000,-49280,-35445,097801,078387,080265,095119
0000000292,0000291000,-23716,-60126,097713,081371,077558,094842
0000000293,0000292000,004788,-78862,096736,084640,075566,093566
0000000294,0000293000,033450,-89812,094964,087874,074484,091413
0000000295,0000294000,059579,-91956,092566,090762,074416,088593
0000000296,0000295000,080554,-85086,089782,093018,075368,085385
0000000297,0000296000,094262,-69880,086890,094419,077247,082105
0000000298,0000297000,099414,-47753,084163,094831,079872,079068
0000000299,0000298000,095523,-20886,081865,094214,082983,076573
0000000300,0000299000,082980,007979,080233,092630,086274,074867
0000000301,0000300000,062959,036099,079422,090230,089425,074116
0000000302,0000301000,037383,060814,079508,087249,092131,074391
0000000303,0000302000,008869,079584,080483,083983,094123,075665
0000000304,0000303000,-19800,090553,082253,080751,095206,077814
0000000305,0000304000,-45959,092727,084652,077864,095276,080631
0000000306,0000305000,-66970,085889,087437,075609,094326,083836
0000000307,0000306000,-80699,070689,090329,074207,092451,087113
0000000308,0000307000,-85879,048565,093060,073793,089830,090148
0000000309,0000308000,-82023,021704,095360,074408,086721,092642
0000000310,0000309000,-69492,-07177,096995,075989,083433,094348
0000000311,0000310000,-49474,-35326,097809,078386,080284,095101
0000000312,0000311000,-23908,-60059,097725,081363,077579,094829
0000000313,0000312000,004618,-78860,096753,084626,075587,093558
0000000314,0000313000,033314,-89869,094984,087855,074504,091412
0000000315,0000314000,059491,-92067,092586,090740,074432,088599
0000000316,0000315000,080529,-85246,089800,092996,075378,085397
0000000317,0000316000,094301,-70072,086906,094398,077250,082122
0000000318,0000317000,099509,-47955,084173,094814,079868,079089
0000000319,0000318000,095670,-21080,081870,094202,082973,076596
0000000320,0000319000,083167,007809,080231,092624,086258,074889
0000000321,0000320000,063162,035974,079415,090231,089405,074135
0000000322,0000321000,037586,060746,079495,087257,092109,074405
0000000323,0000322000,009053,079578,080465,083998,094100,075673
0000000324,0000323000,-19655,090612,082233,080771,095185,077815
0000000325,0000324000,-45868,092848,084631,077887,095259,080625
0000000326,0000325000,-66941,086056,087417,075632,094316,083823
0000000327,0000326000,-80737,070890,090313,074229,092447,087095
0000000328,0000327000,-85982,048782,093048,073812,089833,090126
0000000329,0000328000,-82178,021911,095355,074420,086732,092618
0000000330,0000329000,-69687,-07000,096997,075995,083450,094325
0000000331,0000330000,-49692,-35191,097817,078384,080306,095081
0000000332,0000331000,-24125,-59984,097740,081355,077603,094813
0000000333,0000332000,004425,-78855,096771,084610,075611,093549
0000000334,0000333000,033159,-89932,095005,087835,074526,091411
0000000335,0000334000,059392,-92191,092608,090716,074449,088605
0000000336,0000335000,080500,-85424,089821,092971,075389,085411
0000000337,0000336000,094342,-70286,086923,094375,077254,082142
0000000338,0000337000,099614,-48181,084185,094794,079864,079113
0000000339,0000338000,095835,-21300,081875,094189,082961,076621
0000000340,0000339000,083375,007618,080229,092617,086240,074914
0000000341,0000340000,063391,035833,079406,090232,089382,074157
0000000342,0000341000,037815,060666,079480,087266,092083,074421
0000000343,0000342000,009260,079570,080446,084014,094075,075682
0000000344,0000343000,-19492,090679,082210,080793,095162,077817
0000000345,0000344000,-45765,092980,084607,077912,095241,080618
0000000346,0000345000,-66908,086242,087395,075659,094304,083808
0000000347,0000346000,-80780,071116,090295,074254,092443,087074
0000000348,0000347000,-86096,049023,093035,073832,089838,090101
0000000349,0000348000,-82351,022142,095349,074435,086744,092592
0000000350,0000349000,-69905,-06800,096999,076002,083470,094300
0000000351,0000350000,-49936,-35039,097826,078383,080330,095059
0000000352,0000351000,-24366,-59899,097755,081345,077630,094797
0000000353,0000352000,004208,-78848,096792,084593,075638,093540
0000000354,0000353000,032985,-89999,095030,087812,074550,091410
0000000355,0000354000,059281,-92329,092633,090690,074468,088613
0000000356,0000355000,080466,-85622,089844,092943,075401,085426
0000000357,0000356000,094385,-70524,086942,094349,077258,082164
0000000358,0000357000,099731,-48434,084199,094773,079859,079139
0000000359,0000358000,096018,-21545,081881,094174,082948,076649
0000000360,0000359000,083606,007405,080227,092611,086220,074941
0000000361,0000360000,063646,035673,079396,090234,089357,074180
0000000362,0000361000,038070,060576,079464,087277,092055,074439
0000000363,0000362000,009490,079559,080424,084032,094047,075692
0000000364,0000363000,-19310,090751,082185,080817,095137,077818
0000000365,0000364000,-45647,093125,084581,077940,095221,080610
0000000366,0000365000,-66869,086448,087371,075687,094291,083792
0000000367,0000366000,-80826,071366,090274,074280,092439,087051
0000000368,0000367000,-86219,049291,093021,073855,089843,090073
0000000369,0000368000,-82540,022399,095342,074450,086758,092563
0000000370,0000369000,-70147,-06575,097001,076009,083491,094271
0000000371,0000370000,-50206,-34868,097836,078381,080356,095034
0000000372,0000371000,-24634,-59804,097772,081333,077659,094778
0000000373,0000372000,003967,-78837,096816,084574,075668,093530
0000000374,0000373000,032791,-90072,095056,087786,074576,091409
0000000375,0000374000,059157,-92480,092661,090661,074489,088621
0000000376,0000375000,080426,-85840,089870,092913,075415,085443
0000000377,0000376000,094431,-70785,086964,094321,077262,082188
0000000378,0000377000,099859,-48714,084214,094750,079854,079168
0000000379,0000378000,096219,-21817,081889,094157,082934,076680
0000000380,0000379000,083859,007169,080226,092603,086197,074971
0000000381,0000380000,063927,035495,079386,090236,089329,074206
0000000382,0000381000,038353,060473,079446,087289,092024,074458
0000000383,0000382000,009745,079546,080399,084052,094016,075702
0000000384,0000383000,-19107,090828,082157,080844,095109,077819
0000000385,0000384000,-45515,093283,084552,077971,095199,080601
0000000386,0000385000,-66824,086674,087344,075719,094278,083775
0000000387,0000386000,-80874,071641,090252,074310,092435,087026
0000000388,0000387000,-86353,049586,093005,073879,089849,090043
0000000389,0000388000,-82748,022683,095335,074467,086773,092530
0000000390,0000389000,-70413,-06326,097003,076017,083514,094240
0000000391,0000390000,-50502,-34679,097847,078378,080386,095007
0000000392,0000391000,-24929,-59696,097791,081321,077692,094758
0000000393,0000392000,003699,-78822,096841,084553,075700,093519
0000000394,0000393000,032575,-90150,095086,087758,074605,091408
0000000395,0000394000,059018,-92645,092691,090629,074512,088630
0000000396,0000395000,080378,-86077,089898,092880,075429,085462
0000000397,0000396000,094478,-71072,086988,094290,077267,082214
0000000398,0000397000,099998,-49023,084231,094724,079848,079199
0000000399,0000398000,096437,-22117,081897,094140,082918,076713
0000000400,0000399000,084136,006908,080224,092595,086173,075003
0000000401,0000400000,064237,035296,079375,090239,089298,074234
0000000402,0000401000,012795,097805,083175,089850,092153,074644
0000000403,0000402000,-00246,077847,080212,087895,093490,075220
0000000404,0000403000,-17735,094688,082541,085421,095081,077819
0000000405,0000404000,-15925,092548,084491,080612,094582,079989
0000000406,0000405000,-12392,053096,083979,075812,094627,084110
0000000407,0000406000,-53346,067238,089777,070734,092714,087273
0000000408,0000407000,-39168,009100,088889,066566,090014,090153
0000000409,0000408000,-33608,013532,094334,063640,087320,092997
0000000410,0000409000,-03727,-18970,095602,060971,083731,094379
0000000411,0000410000,003869,-41862,096996,060615,081446,096012
0000000412,0000411000,-05696,-36164,099998,061442,078256,095300
0000000413,0000412000,024755,-77049,096756,064315,076362,094212
0000000414,0000413000,029791,-56078,098186,068206,075294,092199
0000000415,0000414000,046488,-83349,093382,072485,074983,089249
0000000416,0000415000,028340,-70962,091216,078066,076275,086466
0000000417,0000416000,018874,-55850,088390,083184,077296,082392
0000000418,0000417000,033503,-55403,083666,088359,079984,079459
0000000419,0000418000,025370,-05931,083752,091983,082766,076643
0000000420,0000419000,028151,-01984,079642,094299,085945,074812
0000000421,0000420000,003892,046379,080883,095618,089168,074094
0000000422,0000421000,005435,063266,080201,094880,091312,073733
0000000423,0000422000,010407,077049,080613,093068,093738,075345
0000000424,0000423000,-02677,099998,083523,089284,094691,077266
0000000425,0000424000,-08329,077438,083378,085008,095077,080294
0000000426,0000425000,-29164,088298,087765,080404,094216,083500
0000000427,0000426000,-18451,054308,088585,075488,092222,086612
0000000428,0000427000,-17469,037488,091713,071312,090170,090187
0000000429,0000428000,-21466,014450,094239,067471,086994,092602
0000000430,0000429000,-17831,-24629,094713,065503,084093,094738
0000000431,0000430000,-17289,-32077,097590,064819,080838,095466
0000000432,0000431000,008168,-70354,096132,065632,078153,095308
0000000433,0000432000,012998,-70301,096974,068066,076398,094410
0000000434,0000433000,019704,-82052,095205,071501,074959,092056
0000000435,0000434000,026468,-82789,093131,076459,074939,089407
0000000436,0000435000,032256,-62032,091887,081474,075428,085816
0000000437,0000436000,046725,-60333,087859,086578,077249,082522
0000000438,0000437000,035637,-24575,086796,091113,079786,079392
0000000439,0000438000,031505,-12170,083256,094659,082554,076503
0000000440,0000439000,022799,016928,081772,097301,085879,074753
0000000441,0000440000,017617,041651,080757,097981,088710,073565
0000000442,0000441000,012923,051838,079430,097334,091641,073911
0000000443,0000442000,-07149,078407,081126,095035,093612,075010
0000000444,0000443000,-11524,073270,081231,091599,094705,077025
0000000445,0000444000,-18658,083137,084251,087358,095026,079963
0000000446,0000445000,-16827,072348,086354,082280,094093,083112
0000000447,0000446000,-18801,056091,088871,077501,092653,086821
0000000448,0000447000,-25047,043179,092265,073022,090052,089906
0000000449,0000448000,-15932,008590,093476,069691,087121,092656
0000000450,0000449000,-11882,-06901,096232,067531,083970,094639
0000000451,0000450000,-00243,-40244,096451,066694,080797,095536
0000000452,0000451000,002939,-58008,096974,067677,078266,095619
0000000453,0000452000,008580,-70937,096535,069967,075977,094253
0000000454,0000453000,022189,-84680,094617,073737,074845,092242
0000000455,0000454000,027352,-75098,093609,078188,074567,089343
0000000456,0000455000,035354,-74910,090390,083110,075328,086012
0000000457,0000456000,031808,-52613,088559,088153,077106,082627
0000000458,0000457000,033217,-34580,085827,092554,079386,079160
0000000459,0000458000,033799,-11640,083433,096194,082507,076531
0000000460,0000459000,026254,018983,082218,098328,085636,074478
0000000461,0000460000,019914,035122,080421,099120,088826,073534
0000000462,0000461000,005855,062561,080845,098375,091579,073606
0000000463,0000462000,000985,071084,080765,096061,093571,074649
0000000464,0000463000,-06869,079856,082249,092582,094956,076905
0000000465,0000464000,-15623,080137,084233,088013,095132,079684
0000000466,0000465000,-20368,067297,086049,083192,094468,083132
0000000467,0000466000,-25426,058231,089191,078334,092709,086584
0000000468,0000467000,-19461,031573,091073,073977,090216,089873
0000000469,0000468000,-17487,012943,093764,070583,087308,092768
0000000470,0000469000,-12055,-13417,095346,068355,083966,094689
0000000471,0000470000,-04561,-37883,096360,067802,080879,095798
0000000472,0000471000,003736,-53434,097049,068672,077996,095643
0000000473,0000472000,016785,-72461,096009,071061,075894,094549
0000000474,0000473000,021670,-74467,095287,074668,074651,092472
0000000475,0000474000,028496,-77975,093009,079135,074299,089509
0000000476,0000475000,031993,-68449,090830,084165,075102,086188
0000000477,0000476000,034653,-53083,088427,089002,076705,082548
0000000478,0000477000,035760,-36524,085644,093398,079275,079262
0000000479,0000478000,028888,-08516,083878,096793,082292,076396
0000000480,0000479000,024529,011696,081746,098950,085545,074318
0000000481,0000480000,016297,038214,081054,099664,088805,073299
0000000482,0000481000,009532,056782,080639,098707,091584,073272
0000000483,0000482000,000836,069932,081060,096377,093855,074499
0000000484,0000483000,-09705,079390,082585,092745,095116,076571
0000000485,0000484000,-14471,075039,084031,088316,095439,079492
0000000486,0000485000,-19754,070744,086626,083438,094719,082927
0000000487,0000486000,-19996,053165,088805,078558,092983,086487
0000000488,0000487000,-20652,034337,091325,074293,090545,089961
0000000489,0000488000,-18238,012119,093535,070911,087405,092783
0000000490,0000489000,-10730,-14464,094993,068885,084109,094916
0000000491,0000490000,-03870,-34319,096360,068279,080830,095994
0000000492,0000491000,006086,-56501,096325,069224,077938,095974
0000000493,0000492000,012965,-67752,096062,071679,075738,094885
0000000494,0000493000,021504,-75465,094784,075304,074320,092689
0000000495,0000494000,029157,-75339,092919,079850,074032,089796
0000000496,0000495000,032874,-65327,090899,084725,074718,086310
0000000497,0000496000,035346,-53740,088242,089568,076445,082693
0000000498,0000497000,032594,-31712,086124,093875,078985,079233
0000000499,0000498000,030340,-10835,083789,097190,082054,076250
0000000500,0000499000,024636,013496,082204,099258,085481,074158
0000000501,0000500000,016528,036400,081235,099769,088775,072991
0000000502,0000501000,008101,053766,080765,098799,091756,073015
0000000503,0000502000,-01741,069388,081474,096354,094020,074119
0000000504,0000503000,-07982,073746,082462,092698,095409,076252
0000000505,0000504000,-14850,074900,084386,088215,095811,079249
0000000506,0000505000,-19120,066670,086500,083296,095069,082718
0000000507,0000506000,-20861,051983,088838,078532,093385,086440
0000000508,0000507000,-20214,034329,091314,074283,090799,089924
0000000509,0000508000,-15245,010216,093196,071025,087661,092941
0000000510,0000509000,-10445,-11483,095014,069051,084239,095149
0000000511,0000510000,-02714,-35051,095883,068554,080831,096295
0000000512,0000511000,005451,-53080,096191,069646,077844,096353
0000000513,0000512000,014214,-65913,095757,072128,075466,095210
0000000514,0000513000,022767,-73732,094477,075834,074049,093081
0000000515,0000514000,027916,-71402,092891,080341,073647,090082
0000000516,0000515000,032505,-65265,090607,085233,074330,086532
0000000517,0000516000,033725,-50379,088416,090035,076069,082802
0000000518,0000517000,033182,-31941,086084,094220,078633,079197
0000000519,0000518000,029654,-10288,083999,097454,081857,076164
0000000520,0000519000,022974,013565,082520,099360,085333,073898
0000000521,0000520000,016058,033931,081404,099800,088792,072684
0000000522,0000521000,007253,053588,081252,098696,091876,072629
0000000523,0000522000,-00647,065475,081633,096139,094267,073722
0000000524,0000523000,-08736,072111,082818,092434,095788,075912
0000000525,0000524000,-15211,071896,084535,087898,096197,078912
0000000526,0000525000,-18610,063515,086534,083036,095527,082516
0000000527,0000526000,-20352,050926,088923,078282,093792,086314
0000000528,0000527000,-18642,031520,091042,074121,091176,089956
0000000529,0000528000,-15538,010888,093111,070976,087945,093102
0000000530,0000529000,-09531,-11962,094651,069121,084367,095390
0000000531,0000530000,-01673,-33437,095579,068783,080862,096667
0000000532,0000531000,006460,-50465,095904,069949,077699,096749
0000000533,0000532000,015149,-64114,095356,072549,075233,095662
0000000534,0000533000,022062,-69448,094327,076313,073690,093486
0000000535,0000534000,028408,-69372,092589,080850,073209,090418
0000000536,0000535000,032241,-61835,090580,085734,073890,086798
0000000537,0000536000,033380,-48375,088398,090442,075618,082919
0000000538,0000537000,032188,-30910,086149,094559,078276,079215
0000000539,0000538000,027977,-09097,084286,097654,081563,076011
0000000540,0000539000,022613,012010,082707,099430,085182,073634
0000000541,0000540000,014971,033362,081829,099717,088795,072331
0000000542,0000541000,006685,050656,081556,098461,092010,072198
0000000543,0000542000,-01581,062665,081998,095821,094563,073294
0000000544,0000543000,-09147,069207,083148,092024,096160,075471
0000000545,0000544000,-14458,067948,084690,087473,096669,078563
0000000546,0000545000,-18418,061309,086741,082612,096023,082258
0000000547,0000546000,-19466,047774,088850,077921,094270,086180
0000000548,0000547000,-18154,030443,090974,073879,091602,089976
0000000549,0000548000,-14279,010127,092876,070851,088243,093240
0000000550,0000549000,-08075,-11794,094306,069160,084561,095688
0000000551,0000550000,-01003,-31360,095254,068958,080883,097052
0000000552,0000551000,007374,-48788,095433,070279,077570,097208
0000000553,0000552000,015350,-60410,095034,072998,074960,096144
0000000554,0000553000,022728,-66329,093949,076825,073287,093934
0000000555,0000554000,028387,-65694,092353,081401,072749,090825
0000000556,0000555000,031554,-58308,090473,086246,073374,087079
0000000557,0000556000,032744,-46107,088343,090900,075131,083082
0000000558,0000557000,031039,-28471,086330,094895,077842,079221
0000000559,0000558000,027310,-08913,084478,097836,081237,075867
0000000560,0000559000,021249,011918,083079,099451,085010,073365
0000000561,0000560000,013728,031700,082222,099559,088763,071933
0000000562,0000561000,005815,047792,081967,098164,092158,071744
0000000563,0000562000,-02282,059641,082454,095386,094850,072798
0000000564,0000563000,-09122,064872,083454,091510,096580,075006
0000000565,0000564000,-14709,064432,085005,086930,097176,078166
0000000566,0000565000,-17922,057353,086865,082091,096557,081953
0000000567,0000566000,-18613,044874,088869,077489,094805,086025
0000000568,0000567000,-17011,028599,090867,073558,092060,089962
0000000569,0000568000,-12863,008915,092591,070697,088605,093396
0000000570,0000569000,-07103,-10934,093985,069183,084771,095979
0000000571,0000570000,000372,-30028,094779,069164,080922,097457
0000000572,0000571000,008371,-45774,094991,070654,077448,097700
0000000573,0000572000,016133,-56820,094574,073494,074671,096655
0000000574,0000573000,023024,-62306,093535,077414,072879,094441
0000000575,0000574000,028040,-61158,092082,082012,072238,091254
0000000576,0000575000,031242,-54715,090266,086830,072825,087405
0000000577,0000576000,031791,-42501,088346,091393,074594,083272
0000000578,0000577000,029954,-26421,086436,095244,077362,079248
0000000579,0000578000,025846,-07906,084753,098019,080878,075741
0000000580,0000579000,019771,011668,083478,099432,084786,073077
0000000581,0000580000,012632,029710,082667,099349,088718,071533
0000000582,0000581000,004652,045086,082507,097772,092287,071258
0000000583,0000582000,-02941,055461,082922,094854,095143,072275
0000000584,0000583000,-09593,060567,083903,090895,097014,074503
0000000585,0000584000,-14537,059739,085333,086282,097698,077718
0000000586,0000585000,-17231,052888,087048,081487,097137,081622
0000000587,0000586000,-17755,041479,088922,076977,095371,085827
0000000588,0000587000,-15685,025816,090711,073201,092566,089928
0000000589,0000588000,-11531,007954,092329,070532,089001,093526
0000000590,0000589000,-05463,-10714,093554,069224,085013,096260
0000000591,0000590000,001811,-28156,094275,069419,080998,097874
0000000592,0000591000,009458,-42522,094454,071091,077336,098197
0000000593,0000592000,016974,-52765,094019,074083,074393,097198
0000000594,0000593000,023294,-57221,093081,078091,072454,094969
0000000595,0000594000,028047,-56321,091701,082711,071710,091721
0000000596,0000595000,030561,-49868,090061,087485,072250,087771
0000000597,0000596000,030698,-38537,088295,091933,074016,083492
0000000598,0000597000,028585,-23713,086560,095623,076848,079311
0000000599,0000598000,024219,-06444,085069,098187,080469,075631
0000000600,0000599000,018245,011211,083900,099374,084530,072811
0000000601,0000600000,011000,027941,083226,099066,088639,071136
0000000602,0000601000,003408,041584,083091,097288,092389,070762
0000000603,0000602000,-03789,050959,083506,094220,095424,071738
0000000604,0000603000,-09950,055402,084425,090165,097438,073968
0000000605,0000604000,-14307,054132,085723,085535,098235,077244
0000000606,0000605000,-16651,047879,087306,080793,097730,081247
0000000607,0000606000,-16553,037015,088967,076408,095963,085590
0000000608,0000607000,-14188,022778,090587,072817,093107,089856
0000000609,0000608000,-09778,006404,092012,070368,089432,093621
0000000610,0000609000,-03682,-10526,093075,069308,085299,096521
0000000611,0000610000,003374,-26059,093702,069740,081103,098269
0000000612,0000611000,010874,-39069,093803,071625,077255,098691
0000000613,0000612000,017859,-47791,093396,074777,074135,097745
0000000614,0000613000,023711,-51635,092510,078875,072041,095514
0000000615,0000614000,027825,-50411,091264,083512,071187,092218
0000000616,0000615000,029775,-44197,089793,088219,071660,088165
0000000617,0000616000,029513,-33845,088210,092530,073421,083754
0000000618,0000617000,026916,-20179,086706,096017,076301,079413
0000000619,0000618000,022387,-04789,085392,098337,080024,075561
0000000620,0000619000,016282,011131,084407,099263,084234,072580
0000000621,0000620000,009238,025853,083852,098697,088514,070760
0000000622,0000621000,002001,037717,083777,096698,092455,070285
0000000623,0000622000,-04799,045848,084196,093462,095670,071201
0000000624,0000623000,-10325,049226,085029,089316,097841,073425
0000000625,0000624000,-14133,047789,086215,084678,098756,076745
0000000626,0000625000,-15786,041732,087603,080012,098319,080838
0000000627,0000626000,-15180,031811,089058,075784,096569,085314
0000000628,0000627000,-12439,018990,090460,072412,093668,089734
0000000629,0000628000,-07742,004350,091657,070229,089897,093669
0000000630,0000629000,-01649,-10379,092546,069451,085622,096732
0000000631,0000630000,005328,-23992,093026,070155,081253,098624
0000000632,0000631000,012408,-34996,093065,072276,077222,099158
0000000633,0000632000,018884,-42221,092653,075598,073917,098274
0000000634,0000633000,024132,-45119,091840,079789,071664,096061
0000000635,0000634000,027553,-43448,090742,084425,070686,092726
0000000636,0000635000,028905,-37613,089448,089041,071084,088591
0000000637,0000636000,027995,-28084,088104,093178,072823,084059
0000000638,0000637000,024996,-16018,086834,096422,075737,079565
0000000639,0000638000,020204,-02522,085757,098457,079552,075550
0000000640,0000639000,014053,011215,084976,099077,083893,072404
0000000641,0000640000,007214,023591,084566,098222,088342,070440
0000000642,0000641000,000305,033492,084581,095976,092465,069850
0000000643,0000642000,-05881,039873,084991,092563,095860,070693
0000000644,0000643000,-10756,042205,085757,088329,098194,072894
0000000645,0000644000,-13828,040300,086794,083699,099235,076238
0000000646,0000645000,-14780,034516,087975,079141,098882,080405
0000000647,0000646000,-13591,025618,089194,075108,097161,084992
0000000648,0000647000,-10329,014293,090329,072002,094234,089554
0000000649,0000648000,-05393,001837,091279,070130,090386,093647
0000000650,0000649000,000765,-10569,091941,069678,085984,096870
0000000651,0000650000,007521,-21736,092260,070692,081458,098910
0000000652,0000651000,014170,-30461,092209,073070,077249,099560
0000000653,0000652000,020071,-35899,091785,076574,073767,098758
0000000654,0000653000,024554,-37524,091058,080850,071352,096579
0000000655,0000654000,027221,-35414,090106,085466,070243,093231
0000000656,0000655000,027789,-29771,089033,089957,070552,089038
0000000657,0000656000,026235,-21287,087948,093874,072250,084405
0000000658,0000657000,022746,-10933,086957,096827,075180,079782
0000000659,0000658000,017642,000399,086156,098522,079060,075617
0000000660,0000659000,011478,011509,085610,098792,083514,072317
0000000661,0000660000,004836,021290,085388,097610,088110,070208
0000000662,0000661000,-01577,028715,085500,095093,092401,069494
0000000663,0000662000,-07111,033117,085923,091496,095968,070250
0000000664,0000663000,-11207,034090,086613,087182,098462,072403
0000000665,0000664000,-13421,031571,087483,082587,099639,075746
0000000666,0000665000,-13581,026088,088438,078175,099381,079956
0000000667,0000666000,-11656,018180,089375,074387,097708,084626
0000000668,0000667000,-07883,008677,090213,071603,094782,089304
0000000669,0000668000,-02643,-01400,090865,070098,090881,093533
0000000670,0000669000,003550,-11068,091265,070022,086384,096903
0000000671,0000670000,010043,-19364,091390,071383,081725,099084
0000000672,0000671000,016202,-25461,091220,074043,077360,099860
0000000673,0000672000,021360,-28671,090781,077735,073714,099155
0000000674,0000673000,025002,-28838,090133,082083,071142,097035
0000000675,0000674000,026759,-26038,089353,086647,069898,093706
0000000676,0000675000,026452,-20592,088524,090968,070104,089489
0000000677,0000676000,024151,-13241,087734,094610,071742,084794
0000000678,0000677000,020078,-04748,087070,097209,074658,080074
0000000679,0000678000,014677,004026,086583,098507,078571,075788
0000000680,0000679000,008484,012195,086323,098373,083101,072355
0000000681,0000680000,002130,018883,086318,096823,087810,070108
0000000682,0000681000,-03722,023438,086555,094013,092241,069269
0000000683,0000682000,-08485,025474,087005,090228,095959,069919
0000000684,0000683000,-11641,024747,087612,085852,098603,071998
0000000685,0000684000,-12890,021498,088305,081328,099915,075303
0000000686,0000685000,-12102,016189,088998,077113,099765,079513
0000000687,0000686000,-09375,009407,089620,073634,098166,084221
0000000688,0000687000,-05008,001921,090113,071238,095272,088970
0000000689,0000688000,000567,-05458,090419,070166,091360,093299
0000000690,0000689000,006756,-11948,090517,070523,086810,096788
0000000691,0000690000,012941,-16958,090402,072272,082062,099096
0000000692,0000691000,018476,-19914,090090,075236,077580,099998
0000000693,0000692000,022786,-20536,089621,079114,073799,099406
0000000694,0000693000,025434,-18893,089055,083511,071088,097378
0000000695,0000694000,026132,-15191,088462,087982,069711,094110
0000000696,0000695000,024829,-09920,087905,092073,069802,089920
0000000697,0000696000,021657,-03734,087456,095370,071354,085217
0000000698,0000697000,016963,002636,087160,097541,074217,080455
0000000699,0000698000,011229,008537,087041,098370,078115,076096
0000000700,0000699000,005042,013321,087114,097773,082668,072565
0000000701,0000700000,-00949,016438,087364,095814,087437,070203
0000000702,0000701000,-06135,017659,087759,092691,091957,069240
0000000703,0000702000,-09965,016849,088247,088723,095788,069770
0000000704,0000703000,-12048,014125,088774,084314,098558,071740
0000000705,0000704000,-12167,009893,089270,079912,099998,074956
0000000706,0000705000,-10305,004692,089672,075964,099967,079106
0000000707,0000706000,-06670,-00870,089939,072871,098469,083787
0000000708,0000707000,-01632,-06133,090034,070946,095650,088542
0000000709,0000708000,004272,-10430,089946,070381,091784,092911
0000000710,0000709000,010433,-13333,089689,071233,087245,096471
0000000711,0000710000,016214,-14532,089296,073412,082475,098877
0000000712,0000711000,021008,-13853,088810,076696,077937,099897
0000000713,0000712000,024323,-11439,088292,080750,074071,099434
0000000714,0000713000,025801,-07600,087810,085159,071254,097534
0000000715,0000714000,025291,-02785,087418,089476,069758,094384
0000000716,0000715000,022842,002423,087169,093258,069726,090293
0000000717,0000716000,018708,007337,087100,096123,071162,085660
0000000718,0000717000,013324,011363,087223,097777,073923,080935
0000000719,0000718000,007248,014032,087527,098056,077740,076577
0000000720,0000719000,001126,014957,087979,096933,082240,073007
0000000721,0000720000,-04412,014030,088531,094524,086987,070570
0000000722,0000721000,-08783,011370,089114,091077,091521,069497
0000000723,0000722000,-11532,007260,089660,086945,095401,069893
0000000724,0000723000,-12367,002160,090106,082549,098252,071712
0000000725,0000724000,-11186,-03314,090390,078339,099798,074777
0000000726,0000725000,-08113,-08491,090473,074746,099891,078785
0000000727,0000726000,-03459,-12766,090336,072138,098526,083345
0000000728,0000727000,002288,-15547,089985,070779,095839,088011
0000000729,0000728000,008522,-16425,089450,070808,092094,092331
0000000730,0000729000,014592,-15273,088788,072219,087658,095888
0000000731,0000730000,019853,-12144,088073,074865,082962,098341
0000000732,0000731000,023762,-07339,087381,078474,078462,099457
0000000733,0000732000,025901,-01394,086798,082676,074592,099133
0000000734,0000733000,026042,005020,086394,087040,071726,097405
0000000735,0000734000,024154,011215,086220,091119,070141,094445
0000000736,0000735000,020420,016447,086307,094494,069986,090547
0000000737,0000736000,015226,020019,086662,096818,071272,086093
0000000738,0000737000,009111,021474,087255,097852,073868,081519
0000000739,0000738000,002726,020536,088030,097492,077516,077268
0000000740,0000739000,-03261,017175,088913,095778,081856,073752
0000000741,0000740000,-08215,011693,089806,092888,086467,071303
0000000742,0000741000,-11615,004663,090609,089121,090902,070153
0000000743,0000742000,-13101,-03208,091233,084863,094732,070406
0000000744,0000743000,-12501,-11084,091601,080552,097590,072031
0000000745,0000744000,-09864,-18047,091661,076631,099202,074862
0000000746,0000745000,-05444,-23309,091394,073506,099415,078620
0000000747,0000746000,000309,-26221,090816,071498,098216,082933
0000000748,0000747000,006790,-26300,089971,070817,095731,087376
0000000749,0000748000,013313,-23416,088939,071530,092209,091519
0000000750,0000749000,019184,-17776,087829,073561,087999,094964
0000000751,0000750000,023789,-09871,086752,076698,083512,097383
0000000752,0000751000,026637,-00469,085826,080617,079183,098554
0000000753,0000752000,027423,009433,085159,084913,075427,098372
0000000754,0000753000,026043,018801,084828,089146,072605,096863
0000000755,0000754000,022617,026624,084882,092876,070985,094183
0000000756,0000755000,017484,031968,085331,095718,070718,090600
0000000757,0000756000,011166,034155,086145,097375,071820,086471
0000000758,0000757000,004327,032822,087251,097675,074174,082202
0000000759,0000758000,-02308,027962,088542,096587,077539,078209
0000000760,0000759000,-08032,019935,089893,094227,081578,074875
0000000761,0000760000,-12240,009504,091160,090843,085896,072513
0000000762,0000761000,-14490,-02305,092210,086784,090075,071339
0000000763,0000762000,-14529,-14327,092926,082470,093715,071454
0000000764,0000763000,-12330,-25290,093223,078347,096469,072834
0000000765,0000764000,-08089,-33983,093052,074842,098076,075337
0000000766,0000765000,-02223,-39423,092416,072321,098389,078707
0000000767,0000766000,004662,-40911,091365,071049,097390,082608
0000000768,0000767000,011841,-38119,089992,071161,095191,086652
0000000769,0000768000,018551,-31201,088431,072644,092019,090446
0000000770,0000769000,024083,-20767,086839,075340,088194,093626
0000000771,0000770000,027849,-07769,085378,078967,084096,095896
0000000772,0000771000,029451,006539,084199,083148,080118,097053
0000000773,0000772000,028701,020707,083433,087451,076641,097001
0000000774,0000773000,025648,033281,083171,091430,073995,095759
0000000775,0000774000,020573,042914,083455,094671,072426,093462
0000000776,0000775000,013973,048468,084279,096831,072076,090345
0000000777,0000776000,006534,049216,085573,097681,072965,086724
0000000778,0000777000,-00957,044961,087214,097130,074988,082959
0000000779,0000778000,-07701,035986,089044,095237,077930,079419
0000000780,0000779000,-12986,023089,090879,092202,081491,076442
0000000781,0000780000,-16259,007514,092534,088344,085316,074302
0000000782,0000781000,-17168,-09269,093839,084063,089035,073187
0000000783,0000782000,-15595,-25619,094658,079803,092295,073185
0000000784,0000783000,-11664,-39828,094889,076008,094790,074277
0000000785,0000784000,-05744,-50375,094489,073075,096290,076342
0000000786,0000785000,001580,-56054,093480,071317,096662,079163
0000000787,0000786000,009545,-56094,091948,070923,095888,082451
0000000788,0000787000,017302,-50347,090039,071936,094065,085876
0000000789,0000788000,024026,-39312,087944,074251,091392,089103
0000000790,0000789000,029006,-24010,085873,077622,088148,091823
0000000791,0000790000,031730,-05878,084029,081694,084656,093789
0000000792,0000791000,031904,013360,082597,086045,081257,094834
0000000793,0000792000,029479,031818,081730,090221,078271,094880
0000000794,0000793000,024661,047622,081531,093788,075977,093944
0000000795,0000794000,017902,059096,082040,096367,074582,092139
0000000796,0000795000,009883,064878,083229,097683,074205,089658
0000000797,0000796000,001440,064195,084994,097589,074860,086759
0000000798,0000797000,-06523,057013,087159,096092,076461,083735
0000000799,0000798000,-13158,043969,089508,093352,078824,080886
0000000800,0000799000,-17770,026307,091807,089657,081699,078480
0000000801,0000800000,-19890,005733,093829,085397,084796,076734
0000000802,0000801000,-19290,-15837,095377,081014,087810,075792
0000000803,0000802000,-15997,-36332,096290,076966,090459,075717
0000000804,0000803000,-10298,-53648,096458,073676,092500,076490
0000000805,0000804000,-02732,-65962,095843,071496,093751,078011
0000000806,0000805000,005934,-71843,094485,070663,094113,080110
0000000807,0000806000,014788,-70466,092503,071273,093575,082564
0000000808,0000807000,022879,-61872,090095,073265,092218,085122
0000000809,0000808000,029344,-46924,087510,076427,090203,087530
0000000810,0000809000,033518,-27069,085005,080425,087750,089561
0000000811,0000810000,034986,-04192,082819,084838,085112,091037
0000000812,0000811000,033584,019548,081167,089208,082548,091842
0000000813,0000812000,029417,041877,080218,093077,080299,091928
0000000814,0000813000,022862,060572,080080,096039,078569,091320
0000000815,0000814000,014540,073645,080792,097773,077504,090105
0000000816,0000815000,005303,079552,082308,098088,077181,088427
0000000817,0000816000,-03871,077500,084489,096941,077605,086472
0000000818,0000817000,-11994,067617,087111,094450,078701,084442
0000000819,0000818000,-18198,050908,089904,090880,080332,082540
0000000820,0000819000,-21862,029052,092591,086611,082312,080943
0000000821,0000820000,-22630,004128,094916,082088,084431,079788
0000000822,0000821000,-20408,-21528,096654,077784,086479,079157
0000000823,0000822000,-15383,-45468,097631,074149,088264,079079
0000000824,0000823000,-08018,-65323,097736,071568,089629,079525
0000000825,0000824000,000981,-78995,096933,070323,090465,080417
0000000826,0000825000,010686,-84874,095280,070557,090720,081639
0000000827,0000826000,020065,-82177,092930,072253,090404,083048
0000000828,0000827000,028108,-71119,090124,075236,089581,084493
0000000829,0000828000,033953,-52872,087160,079186,088365,085829
0000000830,0000829000,037032,-29305,084328,083685,086904,086935
0000000831,0000830000,037063,-02636,081892,088263,085359,087720
0000000832,0000831000,034018,024608,080091,092443,083886,088139
0000000833,0000832000,028169,049816,079104,095786,082624,088186
0000000834,0000833000,020065,070573,079033,097935,081680,087896
0000000835,0000834000,010493,084653,079914,098651,081117,087337
0000000836,0000835000,000449,090380,081684,097848,080957,086598
0000000837,0000836000,-08992,087090,084166,095601,081179,085775
0000000838,0000837000,-16829,075048,087109,092148,081721,084964
0000000839,0000838000,-22219,055506,090208,087854,082497,084245
0000000840,0000839000,-24627,030570,093135,083179,083403,083682
0000000841,0000840000,-23909,002622,095644,078607,084326,083314
0000000842,0000841000,-20045,-25879,097484,074615,085171,083142
0000000843,0000842000,-13427,-51963,098464,071624,085859,083150
0000000844,0000843000,-04687,-73216,098493,069956,086333,083296
0000000845,0000844000,005336,-87497,097545,069800,086582,083518
0000000846,0000845000,015553,-92964,095693,071185,086617,083758
0000000847,0000846000,024916,-89101,093113,073970,086475,083967
0000000848,0000847000,032387,-76254,090085,077862,086212,084108
0000000849,0000848000,037217,-55787,086914,082445,085888,084167
0000000850,0000849000,038923,-29905,083930,087234,085566,084145
0000000851,0000850000,037391,-01047,081397,091731,085299,084058
0000000852,0000851000,032767,028077,079554,095468,085124,083948
0000000853,0000852000,025440,054646,078603,098048,085055,083859
0000000854,0000853000,016201,076040,078613,099191,085089,083844
0000000855,0000854000,005892,090137,079620,098763,085191,083954
0000000856,0000855000,-04357,095237,081530,096798,085310,084216
0000000857,0000856000,-13437,090851,084147,093499,085392,084635
0000000858,0000857000,-20422,077460,087212,089217,085383,085186
0000000859,0000858000,-24551,056357,090393,084407,085252,085814
0000000860,0000859000,-25502,030079,093371,079578,084979,086452
0000000861,0000860000,-23180,000892,095879,075231,084566,087025
0000000862,0000861000,-17816,-28448,097690,071818,084047,087446
0000000863,0000862000,-09909,-54877,098594,069705,083466,087638
0000000864,0000863000,-00271,-75951,098523,069123,082892,087544
0000000865,0000864000,010113,-89569,097485,070147,082411,087117
0000000866,0000865000,020189,-94177,095551,072677,082112,086359
0000000867,0000866000,028819,-89246,092936,076449,082069,085314
0000000868,0000867000,035147,-75551,089910,081061,082331,084067
0000000869,0000868000,038515,-54370,086781,086023,082910,082742
0000000870,0000869000,038621,-28006,083866,090811,083777,081471
0000000871,0000870000,035532,000858,081436,094931,084870,080394
0000000872,0000871000,029497,029680,079717,097950,086096,079642
0000000873,0000872000,021131,055532,078877,099546,087340,079321
0000000874,0000873000,011293,075797,079004,099540,088471,079505
0000000875,0000874000,000985,088522,080080,097921,089351,080225
0000000876,0000875000,-08684,092431,081991,094855,089853,081455
0000000877,0000876000,-16693,087149,084543,090664,089880,083108
0000000878,0000877000,-22209,073267,087476,085796,089387,085035
0000000879,0000878000,-24707,052373,090483,080767,088386,087049
0000000880,0000879000,-23970,026670,093256,076105,086945,088949
0000000881,0000880000,-20113,-01353,095550,072294,085183,090538
0000000882,0000881000,-13500,-29080,097150,069734,083260,091635
0000000883,0000882000,-04801,-53640,097883,068699,081357,092102
0000000884,0000883000,005045,-72546,097692,069309,079666,091856
0000000885,0000884000,015051,-84142,096608,071507,078377,090873
0000000886,0000885000,024124,-87142,094747,075067,077658,089204
0000000887,0000886000,031318,-81407,092304,079608,077621,086984
0000000888,0000887000,035907,-67740,089537,084648,078314,084413
0000000889,0000888000,037422,-47529,086731,089652,079704,081739
0000000890,0000889000,035804,-22977,084156,094096,081683,079228
0000000891,0000890000,031225,003536,082060,097519,084078,077139
0000000892,0000891000,024145,029433,080640,099559,086669,075694
0000000893,0000892000,015299,052089,080030,099998,089210,075064
0000000894,0000893000,005601,069222,080292,098781,091446,075346
0000000895,0000894000,-03878,079155,081374,096031,093139,076554
0000000896,0000895000,-12151,081140,083150,092036,094087,078611
0000000897,0000896000,-18343,075048,085427,087224,094155,081346
0000000898,0000897000,-21845,061710,087965,082107,093299,084506
0000000899,0000898000,-22346,042670,090507,077226,091567,087788
0000000900,0000899000,-19821,019803,092805,073093,089103,090868
0000000901,0000900000,-14579,-04549,094645,070137,086129,093433
0000000902,0000901000,000741,011234,096616,068464,084850,094993
0000000903,0000902000,007719,004433,096626,069201,084850,096136
0000000904,0000903000,022603,001201,096061,070047,084850,095430
0000000905,0000904000,006720,-08397,094924,073966,084850,094288
0000000906,0000905000,034710,-03508,093335,077816,084850,091298
0000000907,0000906000,025831,-07006,090129,082792,084850,088359
0000000908,0000907000,001026,-14877,087489,084308,084850,084613
0000000909,0000908000,006024,-13649,087636,084308,084850,084613
0000000910,0000909000,006240,-15030,088031,084308,084850,084613
0000000911,0000910000,003560,-16683,088747,084308,084850,084613
0000000912,0000911000,000617,-16947,089289,084308,084850,084613
0000000913,0000912000,000556,-14740,089390,084308,084850,084613
0000000914,0000913000,003941,-11078,089095,084308,084850,084613
0000000915,0000914000,008522,-08227,088699,084308,084850,084613
0000000916,0000915000,011731,-07340,088574,084308,084850,084613
0000000917,0000916000,012429,-07848,088887,084308,084850,084613
0000000918,0000917000,011022,-08585,089442,084308,084850,084613
0000000919,0000918000,009173,-08539,089869,084308,084850,084613
0000000920,0000919000,008919,-07136,089943,084308,084850,084613
0000000921,0000920000,010965,-04829,089710,084308,084850,084613
0000000922,0000921000,013965,-03025,089397,084308,084850,084613
0000000923,0000922000,015894,-02763,089255,084308,084850,084613
0000000924,0000923000,015795,-03768,089401,084308,084850,084613
0000000925,0000924000,014137,-04996,089728,084308,084850,084613
0000000926,0000925000,012182,-05612,089979,084308,084850,084613
0000000927,0000926000,011254,-05329,089973,084308,084850,084613
0000000928,0000927000,011901,-04452,089736,084308,084850,084613
0000000929,0000928000,013375,-03803,089444,084308,084850,084613
0000000930,0000929000,014244,-04130,089280,084308,084850,084613
0000000931,0000930000,013672,-05381,089321,084308,084850,084613
0000000932,0000931000,011989,-06790,089500,084308,084850,084613
0000000933,0000932000,010199,-07635,089647,084308,084850,084613
0000000934,0000933000,009229,-07723,089623,084308,084850,084613
0000000935,0000934000,009418,-07339,089435,084308,084850,084613
0000000936,0000935000,010303,-07022,089208,084308,084850,084613
0000000937,0000936000,010921,-07260,089082,084308,084850,084613
0000000938,0000937000,010595,-08093,089111,084308,084850,084613
0000000939,0000938000,009478,-09040,089244,084308,084850,084613
0000000940,0000939000,008315,-09537,089365,084308,084850,084613
0000000941,0000940000,007800,-09410,089374,084308,084850,084613
0000000942,0000941000,008141,-08907,089266,084308,084850,084613
0000000943,0000942000,008996,-08441,089126,084308,084850,084613
0000000944,0000943000,009713,-08337,089058,084308,084850,084613
0000000945,0000944000,009789,-08640,089103,084308,084850,084613
0000000946,0000945000,009267,-09058,089222,084308,084850,084613
0000000947,0000946000,008661,-09196,089334,084308,084850,084613
0000000948,0000947000,008499,-08891,089367,084308,084850,084613
0000000949,0000948000,008938,-08321,089313,084308,084850,084613
0000000950,0000949000,009716,-07809,089230,084308,084850,084613
0000000951,0000950000,010374,-07589,089192,084308,084850,084613
0000000952,0000951000,010563,-07682,089232,084308,084850,084613
0000000953,0000952000,010286,-07898,089326,084308,084850,084613
0000000954,0000953000,009889,-07965,089410,084308,084850,084613
0000000955,0000954000,009768,-07748,089438,084308,084850,084613
0000000956,0000955000,010060,-07350,089401,084308,084850,084613
0000000957,0000956000,010581,-07011,089338,084308,084850,084613
0000000958,0000957000,011000,-06906,089302,084308,084850,084613
0000000959,0000958000,011073,-07041,089322,084308,084850,084613
0000000960,0000959000,010803,-07277,089379,084308,084850,084613
0000000961,0000960000,010424,-07424,089432,084308,084850,084613
0000000962,0000961000,010224,-07379,089443,084308,084850,084613
0000000963,0000962000,010323,-07198,089408,084308,084850,084613
0000000964,0000963000,010599,-07045,089353,084308,084850,084613
0000000965,0000964000,010812,-07055,089317,084308,084850,084613
0000000966,0000965000,010787,-07234,089321,084308,084850,084613
0000000967,0000966000,010526,-07477,089354,084308,084850,084613
0000000968,0000967000,010193,-07649,089386,084308,084850,084613
0000000969,0000968000,009989,-07675,089390,084308,084850,084613
0000000970,0000969000,010010,-07589,089362,084308,084850,084613
0000000971,0000970000,010179,-07504,089320,084308,084850,084613
0000000972,0000971000,010322,-07520,089292,084308,084850,084613
0000000973,0000972000,010306,-07650,089294,084308,084850,084613
0000000974,0000973000,010129,-07819,089317,084308,084850,084613
0000000975,0000974000,009905,-07930,089342,084308,084850,084613
0000000976,0000975000,009777,-07929,089348,084308,084850,084613
0000000977,0000976000,009814,-07842,089331,084308,084850,084613
0000000978,0000977000,009965,-07747,089305,084308,084850,084613
0000000979,0000978000,010107,-07719,089288,084308,084850,084613
0000000980,0000979000,010138,-07772,089292,084308,084850,084613
0000000981,0000980000,010051,-07856,089312,084308,084850,084613
0000000982,0000981000,009927,-07901,089334,084308,084850,084613
0000000983,0000982000,009867,-07869,089342,084308,084850,084613
0000000984,0000983000,009920,-07777,089334,084308,084850,084613
0000000985,0000984000,010054,-07681,089318,084308,084850,084613
0000000986,0000985000,010181,-07634,089307,084308,084850,084613
0000000987,0000986000,010226,-07651,089311,084308,084850,084613
0000000988,0000987000,010180,-07697,089327,084308,084850,084613
0000000989,0000988000,010101,-07722,089344,084308,084850,084613
0000000990,0000989000,010061,-07695,089351,084308,084850,084613
0000000991,0000990000,010097,-07629,089345,084308,084850,084613
0000000992,0000991000,010189,-07562,089333,084308,084850,084613
0000000993,0000992000,010275,-07534,089325,084308,084850,084613
0000000994,0000993000,010301,-07553,089327,084308,084850,084613
0000000995,0000994000,010260,-07596,089337,084308,084850,084613
0000000996,0000995000,010190,-07628,089348,084308,084850,084613
0000000997,0000996000,010146,-07624,089352,084308,084850,084613
0000000998,0000997000,010156,-07591,089346,084308,084850,084613
0000000999,0000998000,010207,-07557,089337,084308,084850,084613
0000001000,0000999000,010255,-07549,089329,084308,084850,084613
0000001001,0001000000,010263,-07574,089329,084308,084850,084613
0000001002,0001001000,010224,-07617,089335,084308,084850,084613
0000001003,0001002000,010164,-07650,089341,084308,084850,084613
0000001004,0001003000,010122,-07657,089344,084308,084850,084613
0000001005,0001004000,010121,-07641,089340,084308,084850,084613
0000001006,0001005000,010152,-07622,089332,084308,084850,084613
0000001007,0001006000,010183,-07618,089326,084308,084850,084613
0000001008,0001007000,010189,-07638,089326,084308,084850,084613
0000001009,0001008000,010161,-07668,089330,084308,084850,084613
0000001010,0001009000,010120,-07691,089335,084308,084850,084613
0000001011,0001010000,010091,-07695,089337,084308,084850,084613
0000001012,0001011000,010093,-07680,089334,084308,084850,084613
0000001013,0001012000,010118,-07662,089329,084308,084850,084613
0000001014,0001013000,010146,-07654,089325,084308,084850,084613
0000001015,0001014000,010156,-07662,089325,084308,084850,084613
0000001016,0001015000,010142,-07678,089329,084308,084850,084613
0000001017,0001016000,010118,-07690,089333,084308,084850,084613
0000001018,0001017000,010102,-07688,089335,084308,084850,084613
0000001019,0001018000,010107,-07673,089334,084308,084850,084613
0000001020,0001019000,010129,-07656,089331,084308,084850,084613
0000001021,0001020000,010153,-07646,089328,084308,084850,084613
0000001022,0001021000,010164,-07648,089328,084308,084850,084613
0000001023,0001022000,010157,-07657,089331,084308,084850,084613
0000001024,0001023000,010142,-07664,089334,084308,084850,084613
0000001025,0001024000,010131,-07662,089336,084308,084850,084613
0000001026,0001025000,010135,-07651,089335,084308,084850,084613
0000001027,0001026000,010151,-07638,089333,084308,084850,084613
0000001028,0001027000,010167,-07632,089331,084308,084850,084613
0000001029,0001028000,010175,-07634,089331,084308,084850,084613
0000001030,0001029000,010169,-07642,089333,084308,084850,084613
0000001031,0001030000,010156,-07648,089335,084308,084850,084613
0000001032,0001031000,010147,-07649,089336,084308,084850,084613
0000001033,0001032000,010147,-07643,089335,084308,084850,084613
0000001034,0001033000,010156,-07636,089334,084308,084850,084613
0000001035,0001034000,010166,-07633,089332,084308,084850,084613
0000001036,0001035000,010169,-07636,089332,084308,084850,084613
0000001037,0001036000,010164,-07643,089333,084308,084850,084613
0000001038,0001037000,010153,-07650,089334,084308,084850,084613
0000001039,0001038000,010145,-07652,089335,084308,084850,084613
0000001040,0001039000,010144,-07649,089334,084308,084850,084613
0000001041,0001040000,010149,-07645,089333,084308,084850,084613
0000001042,0001041000,010156,-07643,089332,084308,084850,084613
0000001043,0001042000,010158,-07646,089331,084308,084850,084613
0000001044,0001043000,010154,-07651,089332,084308,084850,084613
0000001045,0001044000,010147,-07656,089333,084308,084850,084613
0000001046,0001045000,010141,-07657,089334,084308,084850,084613
0000001047,0001046000,010140,-07655,089333,084308,084850,084613
0000001048,0001047000,010144,-07651,089332,084308,084850,084613
0000001049,0001048000,010149,-07649,089332,084308,084850,084613
0000001050,0001049000,010152,-07650,089331,084308,084850,084613
0000001051,0001050000,010150,-07653,089332,084308,084850,084613
0000001052,0001051000,010145,-07656,089333,084308,084850,084613
0000001053,0001052000,010142,-07656,089333,084308,084850,084613
0000001054,0001053000,010142,-07654,089333,084308,084850,084613
0000001055,0001054000,010145,-07651,089332,084308,084850,084613
0000001056,0001055000,010150,-07649,089332,084308,084850,084613
0000001057,0001056000,010152,-07649,089332,084308,084850,084613
0000001058,0001057000,010152,-07651,089332,084308,084850,084613
0000001059,0001058000,010149,-07652,089333,084308,084850,084613
0000001060,0001059000,010146,-07652,089333,084308,084850,084613
0000001061,0001060000,010146,-07651,089333,084308,084850,084613
0000001062,0001061000,010149,-07648,089333,084308,084850,084613
0000001063,0001062000,010152,-07647,089332,084308,084850,084613
0000001064,0001063000,010154,-07647,089332,084308,084850,084613
0000001065,0001064000,010153,-07648,089333,084308,084850,084613
0000001066,0001065000,010151,-07650,089333,084308,084850,084613
0000001067,0001066000,010149,-07650,089333,084308,084850,084613
0000001068,0001067000,010149,-07649,089333,084308,084850,084613
0000001069,0001068000,010150,-07648,089333,084308,084850,084613
0000001070,0001069000,010152,-07647,089333,084308,084850,084613
0000001071,0001070000,010153,-07647,089332,084308,084850,084613
0000001072,0001071000,010152,-07649,089333,084308,084850,084613
0000001073,0001072000,010151,-07650,089333,084308,084850,084613
0000001074,0001073000,010149,-07650,089333,084308,084850,084613
0000001075,0001074000,010148,-07650,089333,084308,084850,084613
0000001076,0001075000,010149,-07649,089333,084308,084850,084613
0000001077,0001076000,010151,-07648,089333,084308,084850,084613
0000001078,0001077000,010151,-07649,089332,084308,084850,084613
0000001079,0001078000,010151,-07650,089333,084308,084850,084613
0000001080,0001079000,010149,-07651,089333,084308,084850,084613
0000001081,0001080000,010148,-07651,089333,084308,084850,084613
0000001082,0001081000,010148,-07651,089333,084308,084850,084613
0000001083,0001082000,010149,-07650,089333,084308,084850,084613
0000001084,0001083000,010150,-07649,089333,084308,084850,084613
0000001085,0001084000,010150,-07650,089332,084308,084850,084613
0000001086,0001085000,010150,-07650,089333,084308,084850,084613
0000001087,0001086000,010149,-07651,089333,084308,084850,084613
0000001088,0001087000,010148,-07651,089333,084308,084850,084613
0000001089,0001088000,010148,-07651,089333,084308,084850,084613
0000001090,0001089000,010149,-07650,089333,084308,084850,084613
0000001091,0001090000,010150,-07650,089333,084308,084850,084613
0000001092,0001091000,010150,-07650,089333,084308,084850,084613
0000001093,0001092000,010150,-07650,089333,084308,084850,084613
0000001094,0001093000,010150,-07650,089333,084308,084850,084613
0000001095,0001094000,010149,-07650,089333,084308,084850,084613
0000001096,0001095000,010149,-07650,089333,084308,084850,084613
0000001097,0001096000,010149,-07650,089333,084308,084850,084613
0000001098,0001097000,010150,-07649,089333,084308,084850,084613
0000001099,0001098000,010150,-07649,089333,084308,084850,084613
0000001100,0001099000,010150,-07649,089333,084308,084850,084613
0000001101,0001100000,010150,-07650,089333,084308,084850,084613
