0000000001,0000000000,089656,087749,075728,085214,089206,074256
0000000002,0000001000,087108,090183,075842,082198,091923,074555
0000000003,0000002000,084258,092037,076840,078902,093914,075860
0000000004,0000003000,081408,093103,078623,075643,094988,078046
0000000005,0000004000,078830,093279,081025,072739,095038,080900
0000000006,0000005000,076754,092576,083803,070481,094056,084140
0000000007,0000006000,075409,091046,086679,069086,092145,087446
0000000008,0000007000,074935,088815,089384,068689,089486,090501
0000000009,0000008000,075346,086134,091653,069332,086340,093004
0000000010,0000009000,076610,083271,093254,070950,083020,094707
0000000011,0000010000,078632,080469,094032,073386,079846,095445
0000000012,0000011000,081193,078022,093919,076402,077129,095146
0000000013,0000012000,084021,076191,092922,079700,075136,093841
0000000014,0000013000,086874,075121,091137,082958,074063,091655
0000000015,0000014000,089474,074924,088736,085860,074015,088801
0000000016,0000015000,091531,075645,085958,088120,074995,085562
0000000017,0000016000,092867,077185,083082,089515,076906,082255
0000000018,0000017000,093366,079391,080377,089911,079565,079200
0000000019,0000018000,092947,082079,078108,089267,082712,076697
0000000020,0000019000,091664,084962,076508,087650,086032,074994
0000000021,0000020000,089662,087743,075728,085216,089204,074257
0000000022,0000021000,087107,090184,075842,082198,091924,074555
0000000023,0000022000,084255,092040,076839,078899,093917,075860
0000000024,0000023000,081411,093099,078623,075643,094987,078046
0000000025,0000024000,078829,093280,081025,072740,095036,080900
0000000026,0000025000,076751,092579,083803,070479,094058,084140
0000000027,0000026000,075412,091043,086678,069085,092145,087446
0000000028,0000027000,074934,088815,089384,068690,089485,090501
0000000029,0000028000,075343,086137,091653,069331,086341,093004
0000000030,0000029000,076613,083268,093253,070949,083020,094707
0000000031,0000030000,078633,080468,094033,073385,079846,095445
0000000032,0000031000,081188,078026,093920,076401,077129,095146
0000000033,0000032000,084024,076188,092922,079699,075137,093841
0000000034,0000033000,086878,075118,091137,082957,074064,091656
0000000035,0000034000,089469,074928,088737,085859,074016,088802
0000000036,0000035000,091530,075645,085958,088119,074995,085562
0000000037,0000036000,092873,077179,083082,089515,076906,082256
0000000038,0000037000,093363,079394,080377,089910,079566,079201
0000000039,0000038000,092943,082083,078108,089267,082712,076698
0000000040,0000039000,091670,084957,076507,087651,086031,074995
0000000041,0000040000,089663,087742,075728,085214,089205,074257
0000000042,0000041000,087101,090190,075842,082197,091924,074555
0000000043,0000042000,084257,092037,076839,078900,093916,075861
0000000044,0000043000,081416,093095,078623,075643,094987,078046
0000000045,0000044000,078824,093285,081025,072739,095037,080900
0000000046,0000045000,076750,092581,083802,070480,094058,084140
0000000047,0000046000,075417,091038,086678,069085,092145,087446
0000000048,0000047000,074932,088817,089384,068688,089487,090501
0000000049,0000048000,075339,086142,091653,069331,086341,093004
0000000050,0000049000,076616,083265,093253,070949,083020,094707
0000000051,0000050000,078634,080467,094033,073384,079848,095445
0000000052,0000051000,081184,078031,093920,076400,077130,095146
0000000053,0000052000,084025,076187,092922,079699,075136,093841
0000000054,0000053000,086880,075115,091138,082956,074065,091656
0000000055,0000054000,089466,074931,088737,085857,074017,088802
0000000056,0000055000,091530,075645,085959,088119,074995,085563
0000000057,0000056000,092876,077175,083083,089514,076906,082256
0000000058,0000057000,093362,079394,080377,089908,079567,079201
0000000059,0000058000,092942,082084,078108,089266,082712,076698
0000000060,0000059000,091673,084954,076507,087650,086031,074995
0000000061,0000060000,089663,087742,075728,085214,089205,074258
0000000062,0000061000,087100,090192,075841,082197,091923,074556
0000000063,0000062000,084260,092036,076838,078901,093915,075861
0000000064,0000063000,081417,093095,078622,075643,094987,078046
0000000065,0000064000,078823,093287,081024,072740,095037,080900
0000000066,0000065000,076752,092580,083801,070480,094057,084139
0000000067,0000066000,075418,091038,086678,069085,092146,087446
0000000068,0000067000,074929,088820,089384,068689,089487,090500
0000000069,0000068000,075339,086142,091653,069332,086342,093003
0000000070,0000069000,076618,083263,093253,070949,083021,094706
0000000071,0000070000,078630,080470,094034,073384,079849,095444
0000000072,0000071000,081182,078032,093920,076400,077131,095146
0000000073,0000072000,084027,076184,092923,079698,075138,093841
0000000074,0000073000,086878,075116,091139,082954,074066,091656
0000000075,0000074000,089463,074933,088738,085857,074018,088802
0000000076,0000075000,091533,075642,085960,088118,074996,085563
0000000077,0000076000,092877,077174,083084,089512,076907,082257
0000000078,0000077000,093359,079397,080378,089907,079567,079203
0000000079,0000078000,092944,082081,078108,089266,082711,076700
0000000080,0000079000,091676,084950,076507,087649,086030,074997
0000000081,0000080000,089662,087744,075728,085213,089204,074259
0000000082,0000081000,087101,090192,075840,082198,091921,074557
0000000083,0000082000,084264,092032,076837,078901,093913,075862
0000000084,0000083000,081416,093097,078621,075644,094987,078047
0000000085,0000084000,078821,093290,081023,072742,095035,080900
0000000086,0000085000,076755,092579,083800,070482,094056,084138
0000000087,0000086000,075418,091039,086677,069086,092146,087444
0000000088,0000087000,074926,088824,089383,068690,089488,090499
0000000089,0000088000,075340,086142,091652,069333,086342,093002
0000000090,0000089000,076618,083263,093254,070949,083023,094705
0000000091,0000090000,078626,080474,094034,073383,079851,095443
0000000092,0000091000,081181,078032,093921,076399,077133,095145
0000000093,0000092000,084027,076182,092924,079696,075140,093840
0000000094,0000093000,086875,075117,091141,082952,074068,091656
0000000095,0000094000,089461,074933,088739,085855,074019,088803
0000000096,0000095000,091534,075638,085961,088115,074997,085565
0000000097,0000096000,092876,077173,083085,089510,076908,082259
0000000098,0000097000,093359,079396,080379,089906,079566,079205
0000000099,0000098000,092948,082078,078109,089265,082710,076702
0000000100,0000099000,091678,084949,076507,087648,086029,074999
0000000101,0000100000,089662,087745,075727,085214,089202,074261
0000000102,0000101000,087105,090190,075839,082199,091919,074559
0000000103,0000102000,084267,092031,076836,078902,093911,075863
0000000104,0000103000,081415,093099,078619,075645,094984,078047
0000000105,0000104000,078823,093291,081020,072744,095033,080899
0000000106,0000105000,076757,092579,083798,070484,094055,084137
0000000107,0000106000,075416,091042,086675,069088,092146,087442
0000000108,0000107000,074925,088827,089382,068693,089488,090496
0000000109,0000108000,075340,086142,091652,069334,086343,092999
0000000110,0000109000,076614,083265,093254,070949,083025,094702
0000000111,0000110000,078623,080476,094035,073383,079853,095440
0000000112,0000111000,081181,078031,093922,076399,077135,095143
0000000113,0000112000,084025,076182,092927,079694,075143,093839
0000000114,0000113000,086872,075118,091143,082950,074071,091656
0000000115,0000114000,089462,074930,088742,085852,074021,088804
0000000116,0000115000,091535,075635,085964,088112,074998,085566
0000000117,0000116000,092875,077172,083087,089507,076909,082261
0000000118,0000117000,093360,079394,080380,089903,079565,079208
0000000119,0000118000,092951,082073,078109,089263,082709,076705
0000000120,0000119000,091679,084948,076507,087647,086027,075002
0000000121,0000120000,089664,087744,075726,085214,089199,074264
0000000122,0000121000,087109,090187,075837,082200,091915,074561
0000000123,0000122000,084269,092032,076833,078904,093908,075864
0000000124,0000123000,081416,093102,078616,075648,094981,078047
0000000125,0000124000,078826,093291,081017,072748,095031,080898
0000000126,0000125000,076758,092580,083796,070488,094054,084135
0000000127,0000126000,075413,091047,086673,069092,092145,087440
0000000128,0000127000,074924,088830,089380,068696,089488,090493
0000000129,0000128000,075339,086144,091651,069336,086345,092995
0000000130,0000129000,076610,083270,093254,070950,083028,094698
0000000131,0000130000,078619,080479,094036,073383,079856,095437
0000000132,0000131000,081179,078031,093925,076397,077139,095140
0000000133,0000132000,084021,076183,092930,079691,075148,093838
0000000134,0000133000,086869,075118,091147,082947,074075,091655
0000000135,0000134000,089461,074927,088745,085848,074024,088805
0000000136,0000135000,091534,075632,085967,088107,075001,085568
0000000137,0000136000,092874,077170,083090,089503,076909,082265
0000000138,0000137000,093363,079389,080382,089900,079565,079212
0000000139,0000138000,092955,082069,078110,089260,082707,076710
0000000140,0000139000,091681,084946,076507,087646,086024,075007
0000000141,0000140000,089668,087741,075724,085214,089195,074268
0000000142,0000141000,087114,090185,075835,082201,091911,074564
0000000143,0000142000,084271,092033,076830,078907,093904,075866
0000000144,0000143000,081418,093103,078612,075653,094977,078047
0000000145,0000144000,078829,093292,081013,072752,095027,080897
0000000146,0000145000,076757,092584,083792,070492,094052,084133
0000000147,0000146000,075412,091052,086670,069097,092144,087436
0000000148,0000147000,074923,088833,089378,068700,089489,090488
0000000149,0000148000,075335,086148,091650,069339,086348,092990
0000000150,0000149000,076605,083275,093255,070952,083032,094693
0000000151,0000150000,078616,080481,094038,073383,079861,095432
0000000152,0000151000,081175,078031,093928,076395,077145,095137
0000000153,0000152000,084016,076184,092934,079688,075153,093836
0000000154,0000153000,086866,075117,091151,082942,074079,091655
0000000155,0000154000,089461,074923,088750,085842,074028,088806
0000000156,0000155000,091533,075629,085972,088101,075004,085571
0000000157,0000156000,092875,077166,083093,089497,076910,082269
0000000158,0000157000,093367,079382,080384,089895,079564,079217
0000000159,0000158000,092958,082065,078112,089256,082705,076716
0000000160,0000159000,091685,084943,076506,087644,086020,075013
0000000161,0000160000,089675,087737,075722,085214,089189,074273
0000000162,0000161000,087119,090183,075831,082203,091905,074568
0000000163,0000162000,084274,092034,076825,078911,093898,075868
0000000164,0000163000,081423,093104,078607,075658,094971,078048
0000000165,0000164000,078832,093295,081008,072758,095023,080896
0000000166,0000165000,076757,092590,083787,070499,094049,084129
0000000167,0000166000,075411,091057,086665,069103,092143,087431
0000000168,0000167000,074921,088837,089375,068705,089489,090482
0000000169,0000168000,075330,086154,091649,069342,086351,092983
0000000170,0000169000,076599,083280,093255,070954,083036,094687
0000000171,0000170000,078611,080483,094040,073383,079867,095427
0000000172,0000171000,081169,078034,093932,076392,077152,095132
0000000173,0000172000,084010,076185,092939,079684,075160,093833
0000000174,0000173000,086863,075114,091157,082936,074086,091654
0000000175,0000174000,089458,074919,088756,085835,074033,088808
0000000176,0000175000,091531,075625,085977,088094,075007,085575
0000000177,0000176000,092877,077159,083098,089491,076911,082275
0000000178,0000177000,093371,079375,080388,089889,079563,079224
0000000179,0000178000,092961,082060,078113,089252,082701,076723
0000000180,0000179000,091691,084938,076506,087642,086015,075020
0000000181,0000180000,089682,087732,075719,085214,089183,074279
0000000182,0000181000,087125,090181,075827,082206,091898,074573
0000000183,0000182000,084280,092034,076819,078916,093890,075871
0000000184,0000183000,081428,093105,078600,075664,094964,078049
0000000185,0000184000,078834,093299,081001,072766,095017,080894
0000000186,0000185000,076757,092596,083781,070507,094045,084125
0000000187,0000186000,075410,091063,086660,069111,092141,087425
0000000188,0000187000,074918,088844,089371,068711,089491,090475
0000000189,0000188000,075324,086162,091648,069347,086354,092975
0000000190,0000189000,076593,083285,093256,070956,083042,094678
0000000191,0000190000,078604,080487,094043,073383,079875,095419
0000000192,0000191000,081161,078037,093937,076389,077160,095127
0000000193,0000192000,084003,076185,092945,079679,075168,093830
0000000194,0000193000,086858,075111,091164,082929,074094,091654
0000000195,0000194000,089454,074915,088764,085827,074040,088810
0000000196,0000195000,091530,075620,085984,088085,075011,085580
0000000197,0000196000,092879,077151,083104,089482,076913,082282
0000000198,0000197000,093374,079368,080392,089882,079562,079233
0000000199,0000198000,092967,082053,078115,089247,082697,076732
0000000200,0000199000,091698,084930,076505,087640,086008,075029
0000000201,0000200000,089690,087727,075716,085215,089174,074287
0000000202,0000201000,087132,090179,075822,082209,091889,074579
0000000203,0000202000,084287,092034,076812,078922,093880,075875
0000000204,0000203000,081435,093107,078592,075672,094955,078049
0000000205,0000204000,078837,093304,080993,072775,095010,080892
0000000206,0000205000,076758,092603,083773,070517,094040,084120
0000000207,0000206000,075409,091071,086654,069120,092139,087417
0000000208,0000207000,074913,088853,089367,068719,089492,090465
0000000209,0000208000,075317,086171,091646,069353,086359,092965
0000000210,0000209000,076585,083292,093256,070959,083049,094668
0000000211,0000210000,078595,080492,094047,073382,079884,095411
0000000212,0000211000,081151,078040,093943,076386,077171,095120
0000000213,0000212000,083996,076185,092953,079672,075179,093826
0000000214,0000213000,086852,075108,091174,082920,074103,091653
0000000215,0000214000,089450,074910,088773,085816,074048,088812
0000000216,0000215000,091529,075612,085993,088075,075016,085586
0000000217,0000216000,092881,077142,083111,089472,076915,082290
0000000218,0000217000,093379,079358,080397,089873,079561,079243
0000000219,0000218000,092973,082044,078117,089241,082692,076743
0000000220,0000219000,091708,084922,076504,087637,086000,075040
0000000221,0000220000,089700,087721,075712,085215,089165,074297
0000000222,0000221000,087142,090177,075815,082213,091877,074586
0000000223,0000222000,084297,092034,076803,078929,093869,075879
0000000224,0000223000,081442,093110,078582,075682,094945,078050
0000000225,0000224000,078841,093311,080983,072786,095002,080889
0000000226,0000225000,076759,092611,083763,070529,094034,084114
0000000227,0000226000,075407,091080,086646,069131,092137,087408
0000000228,0000227000,074908,088864,089362,068728,089494,090454
0000000229,0000228000,075310,086181,091643,069360,086364,092953
0000000230,0000229000,076576,083300,093258,070962,083058,094657
0000000231,0000230000,078584,080499,094051,073382,079895,095400
0000000232,0000231000,081140,078044,093950,076382,077183,095112
0000000233,0000232000,083987,076184,092962,079664,075191,093821
0000000234,0000233000,086845,075104,091185,082910,074115,091652
0000000235,0000234000,089445,074904,088784,085804,074057,088816
0000000236,0000235000,091528,075602,086003,088062,075022,085592
0000000237,0000236000,092884,077131,083119,089459,076917,082300
0000000238,0000237000,093384,079348,080403,089863,079559,079255
0000000239,0000238000,092982,082033,078119,089233,082687,076757
0000000240,0000239000,091719,084912,076503,087633,085991,075053
0000000241,0000240000,089711,087715,075708,085215,089153,074308
0000000242,0000241000,087153,090173,075807,082218,091864,074595
0000000243,0000242000,084308,092033,076793,078937,093855,075884
0000000244,0000243000,081449,093114,078570,075693,094933,078051
0000000245,0000244000,078846,093318,080970,072800,094992,080885
0000000246,0000245000,076761,092621,083752,070542,094028,084106
0000000247,0000246000,075405,091092,086637,069144,092135,087397
0000000248,0000247000,074901,088877,089355,068740,089496,090441
0000000249,0000248000,075301,086192,091640,069368,086370,092939
0000000250,0000249000,076565,083310,093259,070966,083068,094643
0000000251,0000250000,078571,080507,094056,073381,079908,095388
0000000252,0000251000,081128,078048,093958,076377,077197,095103
0000000253,0000252000,083976,076184,092973,079655,075206,093816
0000000254,0000253000,086835,075101,091197,082897,074128,091651
0000000255,0000254000,089439,074897,088797,085790,074067,088819
0000000256,0000255000,091527,075591,086015,088047,075029,085601
0000000257,0000256000,092886,077118,083130,089445,076920,082312
0000000258,0000257000,093390,079334,080410,089851,079556,079269
0000000259,0000258000,092993,082019,078122,089225,082680,076772
0000000260,0000259000,091731,084901,076501,087629,085980,075068
0000000261,0000260000,089724,087707,075702,085216,089139,074322
0000000262,0000261000,087167,090168,075798,082223,091848,074605
0000000263,0000262000,084320,092033,076781,078947,093840,075890
0000000264,0000263000,081459,093119,078557,075706,094918,078052
0000000265,0000264000,078852,093326,080956,072815,094980,080881
0000000266,0000265000,076763,092632,083739,070559,094020,084098
0000000267,0000266000,075402,091106,086626,069159,092133,087385
0000000268,0000267000,074894,088892,089348,068752,089498,090426
0000000269,0000268000,075291,086206,091637,069377,086378,092922
0000000270,0000269000,076551,083322,093260,070970,083079,094627
0000000271,0000270000,078556,080516,094062,073380,079923,095374
0000000272,0000271000,081113,078053,093968,076371,077214,095092
0000000273,0000272000,083963,076184,092986,079645,075223,093809
0000000274,0000273000,086825,075097,091212,082883,074143,091650
0000000275,0000274000,089433,074888,088813,085773,074080,088824
0000000276,0000275000,091525,075579,086029,088029,075037,085610
0000000277,0000276000,092889,077104,083141,089429,076923,082325
0000000278,0000277000,093398,079319,080418,089837,079554,079286
0000000279,0000278000,093004,082004,078126,089215,082672,076790
0000000280,0000279000,091746,084888,076500,087624,085968,075085
0000000281,0000280000,089740,087697,075696,085217,089123,074337
0000000282,0000281000,087183,090163,075788,082229,091830,074616
0000000283,0000282000,084334,092033,076767,078958,093822,075897
0000000284,0000283000,081469,093124,078541,075722,094902,078053
0000000285,0000284000,078859,093335,080940,072833,094967,080877
0000000286,0000285000,076765,092645,083724,070577,094012,084088
0000000287,0000286000,075398,091122,086613,069177,092130,087370
0000000288,0000287000,074886,088908,089339,068767,089501,090408
0000000289,0000288000,075278,086222,091633,069387,086386,092903
0000000290,0000289000,076536,083336,093262,070975,083093,094608
0000000291,0000290000,078539,080526,094068,073379,079940,095358
0000000292,0000291000,081097,078058,093979,076364,077233,095080
0000000293,0000292000,083948,076185,093001,079632,075242,093802
0000000294,0000293000,086813,075092,091229,082867,074161,091649
0000000295,0000294000,089426,074878,088830,085754,074093,088829
0000000296,0000295000,091523,075565,086046,088010,075046,085621
0000000297,0000296000,092892,077087,083155,089410,076926,082341
0000000298,0000297000,093406,079301,080427,089822,079551,079304
0000000299,0000298000,093018,081987,078130,089204,082663,076810
0000000300,0000299000,091762,084874,076498,087619,085953,075104
0000000301,0000300000,089758,087686,075689,085218,089105,074354
0000000302,0000301000,087201,090156,075776,082237,091810,074629
0000000303,0000302000,084350,092032,076752,078971,093802,075904
0000000304,0000303000,081482,093129,078522,075739,094883,078054
0000000305,0000304000,078867,093346,080921,072853,094952,080871
0000000306,0000305000,076767,092660,083707,070598,094003,084076
0000000307,0000306000,075394,091140,086599,069197,092126,087354
0000000308,0000307000,074877,088927,089329,068784,089505,090388
0000000309,0000308000,075265,086240,091629,069399,086396,092882
0000000310,0000309000,076518,083352,093264,070981,083108,094587
0000000311,0000310000,078520,080538,094076,073378,079959,095340
0000000312,0000311000,081078,078064,093992,076356,077254,095066
0000000313,0000312000,083930,076185,093018,079619,075263,093795
0000000314,0000313000,086799,075086,091248,082848,074180,091648
0000000315,0000314000,089417,074866,088850,085733,074109,088834
0000000316,0000315000,091520,075549,086064,087987,075056,085633
0000000317,0000316000,092896,077068,083170,089389,076929,082358
0000000318,0000317000,093416,079280,080437,089804,079547,079325
0000000319,0000318000,093032,081967,078134,089192,082652,076832
0000000320,0000319000,091780,084857,076497,087613,085937,075126
0000000321,0000320000,089779,087673,075681,085219,089084,074373
0000000322,0000321000,087222,090149,075762,082245,091788,074644
0000000323,0000322000,084368,092032,076734,078986,093779,075912
0000000324,0000323000,081497,093135,078502,075759,094863,078055
0000000325,0000324000,078876,093357,080900,072876,094936,080865
0000000326,0000325000,076770,092677,083687,070621,093992,084063
0000000327,0000326000,075390,091160,086583,069219,092123,087335
0000000328,0000327000,074867,088949,089318,068802,089508,090366
0000000329,0000328000,075249,086261,091624,069412,086407,092858
0000000330,0000329000,076498,083370,093265,070987,083125,094564
0000000331,0000330000,078498,080551,094084,073377,079980,095319
0000000332,0000331000,081056,078072,094006,076347,077278,095051
0000000333,0000332000,083911,076186,093037,079603,075287,093786
0000000334,0000333000,086784,075080,091270,082827,074202,091647
0000000335,0000334000,089408,074854,088872,085709,074127,088841
0000000336,0000335000,091517,075532,086085,087963,075067,085646
0000000337,0000336000,092900,077047,083187,089366,076933,082378
0000000338,0000337000,093427,079257,080450,089785,079543,079349
0000000339,0000338000,093048,081946,078140,089178,082641,076858
0000000340,0000339000,091801,084838,076495,087606,085919,075151
0000000341,0000340000,089802,087659,075672,085221,089061,074394
0000000342,0000341000,087244,090142,075747,082254,091762,074660
0000000343,0000342000,084388,092032,076714,079002,093753,075921
0000000344,0000343000,081513,093142,078479,075781,094840,078056
0000000345,0000344000,078887,093370,080877,072901,094918,080858
0000000346,0000345000,076773,092696,083665,070648,093980,084049
0000000347,0000346000,075386,091183,086564,069243,092119,087315
0000000348,0000347000,074856,088973,089305,068822,089513,090341
0000000349,0000348000,075231,086284,091618,069426,086419,092831
0000000350,0000349000,076476,083390,093267,070994,083144,094539
0000000351,0000350000,078474,080566,094093,073375,080005,095297
0000000352,0000351000,081032,078080,094022,076337,077305,095034
0000000353,0000352000,083889,076187,093058,079586,075314,093777
0000000354,0000353000,086767,075073,091294,082804,074226,091646
0000000355,0000354000,089396,074840,088897,085682,074146,088848
0000000356,0000355000,091514,075512,086108,087935,075080,085662
0000000357,0000356000,092905,077023,083206,089341,076937,082399
0000000358,0000357000,093439,079232,080463,089763,079538,079375
0000000359,0000358000,093066,081921,078146,089163,082628,076885
0000000360,0000359000,091824,084817,076493,087600,085899,075178
0000000361,0000360000,089828,087643,075663,085223,089036,074418
0000000362,0000361000,087270,090133,075731,082265,091734,074677
0000000363,0000362000,084411,092031,076692,079020,093725,075931
0000000364,0000363000,081532,093149,078454,075805,094814,078057
0000000365,0000364000,078898,093385,080850,072929,094898,080850
0000000366,0000365000,076777,092717,083641,070676,093968,084033
0000000367,0000366000,075382,091208,086544,069270,092115,087292
0000000368,0000367000,074844,088999,089290,068845,089518,090314
0000000369,0000368000,075212,086310,091611,069441,086433,092802
0000000370,0000369000,076452,083413,093269,071001,083165,094510
0000000371,0000370000,078447,080583,094103,073373,080031,095272
0000000372,0000371000,081005,078090,094039,076326,077335,095016
0000000373,0000372000,083865,076188,093081,079567,075343,093766
0000000374,0000373000,086747,075065,091321,082779,074253,091645
0000000375,0000374000,089384,074825,088925,085653,074167,088857
0000000376,0000375000,091510,075490,086134,087905,075093,085679
0000000377,0000376000,092909,076997,083228,089312,076941,082423
0000000378,0000377000,093452,079204,080478,089740,079533,079404
0000000379,0000378000,093086,081894,078153,089147,082613,076916
0000000380,0000379000,091850,084793,076491,087592,085877,075208
0000000381,0000380000,089856,087625,075652,085225,089008,074443
0000000382,0000381000,087298,090123,075713,082277,091703,074696
0000000383,0000382000,084437,092029,076668,079040,093694,075942
0000000384,0000383000,081552,093156,078426,075832,094787,078058
0000000385,0000384000,078911,093401,080821,072959,094876,080841
0000000386,0000385000,076781,092739,083613,070708,093954,084015
0000000387,0000386000,075377,091235,086521,069300,092110,087267
0000000388,0000387000,074830,089029,089274,068869,089524,090284
0000000389,0000388000,075191,086339,091604,069458,086448,092770
0000000390,0000389000,076426,083437,093270,071009,083189,094479
0000000391,0000390000,078418,080602,094114,073371,080060,095246
0000000392,0000391000,080975,078101,094058,076314,077367,094996
0000000393,0000392000,083838,076189,093106,079546,075376,093755
0000000394,0000393000,086726,075057,091350,082751,074282,091644
0000000395,0000394000,089370,074809,088955,085621,074189,088866
0000000396,0000395000,091505,075467,086162,087872,075107,085697
0000000397,0000396000,092914,076968,083252,089282,076945,082450
0000000398,0000397000,093465,079173,080495,089715,079527,079435
0000000399,0000398000,093108,081864,078161,089130,082597,076950
0000000400,0000399000,091877,084767,076490,087584,085852,075240
0000000401,0000400000,089887,087605,075641,085228,088978,074471
0000000402,0000401000,083497,091561,077144,083176,092162,075213
0000000403,0000402000,082382,090135,074755,076781,093377,075671
0000000404,0000403000,085309,095119,080382,072886,095599,078905
0000000405,0000404000,084883,091813,079229,074709,094405,080387
0000000406,0000405000,083996,090637,081483,073363,093454,083517
0000000407,0000406000,082890,092020,087247,075833,091072,086203
0000000408,0000407000,083724,085646,085774,076887,088109,088810
0000000409,0000408000,085311,088410,093521,081682,084193,090409
0000000410,0000409000,083160,081738,091377,087555,080619,091794
0000000411,0000410000,082476,080284,093667,088961,077398,092488
0000000412,0000411000,084975,078750,094544,094132,074009,091551
0000000413,0000412000,084247,076604,093218,097451,072874,091199
0000000414,0000413000,083203,077250,093229,099998,070982,088340
0000000415,0000414000,084070,075356,089254,099273,072045,086724
0000000416,0000415000,084362,078260,088722,099254,073254,083820
0000000417,0000416000,084863,077155,083330,097754,075393,080852
0000000418,0000417000,083949,081891,083352,093855,079324,079153
0000000419,0000418000,084010,082844,079434,090112,082306,076546
0000000420,0000419000,085242,085466,077580,084389,086750,076023
0000000421,0000420000,084511,088867,077425,081325,089817,075193
0000000422,0000421000,083993,088539,074696,075939,093054,075969
0000000423,0000422000,084422,092814,077993,072123,095066,077233
0000000424,0000423000,084628,091502,077307,070244,095929,079122
0000000425,0000424000,084095,092941,080802,068752,095934,081815
0000000426,0000425000,083852,090935,082030,069452,094218,084214
0000000427,0000426000,083893,089712,085036,070073,092333,087462
0000000428,0000427000,084171,088428,088511,074041,088643,089382
0000000429,0000428000,083747,084761,089599,077246,085436,091752
0000000430,0000429000,083429,084157,093426,081639,081447,092776
0000000431,0000430000,084004,079466,092370,086024,077951,093207
0000000432,0000431000,083892,079190,094427,089825,075303,093037
0000000433,0000432000,083810,076879,092988,093887,072852,091387
0000000434,0000433000,083887,076374,091932,095182,072403,089946
0000000435,0000434000,084109,076969,090500,096729,072217,087052
0000000436,0000435000,084417,076645,086881,095995,073912,084615
0000000437,0000436000,084147,079287,085416,094448,076225,081774
0000000438,0000437000,084355,079906,081425,091141,079442,079303
0000000439,0000438000,084597,083841,080613,087118,083300,077526
0000000440,0000439000,084534,085044,077487,083126,086850,076046
0000000441,0000440000,084404,087906,076861,077838,090714,075945
0000000442,0000441000,084466,089990,076569,074192,093372,076101
0000000443,0000442000,084450,090561,076195,070092,095732,077680
0000000444,0000443000,084297,092776,079000,067988,096513,079463
0000000445,0000444000,084175,091253,079424,066778,096400,082048
0000000446,0000445000,083971,091623,082940,066631,095109,084911
0000000447,0000446000,084109,089410,084828,068678,092498,087482
0000000448,0000447000,083842,087751,087761,071126,089613,090290
0000000449,0000448000,083709,085606,090252,075185,085621,091968
0000000450,0000449000,083861,082785,091754,079098,082082,093523
0000000451,0000450000,083755,081098,093597,083901,078369,093817
0000000452,0000451000,083831,078091,092877,087833,075445,093440
0000000453,0000452000,083860,077869,093563,091239,073433,092268
0000000454,0000453000,083978,076159,091333,093852,072288,090143
0000000455,0000454000,084123,076838,090045,094565,072683,087826
0000000456,0000455000,084200,077516,087566,094818,073835,084811
0000000457,0000456000,084273,078353,084430,092713,076469,082219
0000000458,0000457000,084422,081139,082703,090100,079536,079517
0000000459,0000458000,084524,082547,079488,086281,083341,077593
0000000460,0000459000,084426,085744,078488,081800,087189,076298
0000000461,0000460000,084542,087374,076681,077416,090692,075730
0000000462,0000461000,084465,089699,076666,072951,093880,076334
0000000463,0000462000,084391,090903,076968,069675,095797,077401
0000000464,0000463000,084326,091535,078147,066822,097033,079601
0000000465,0000464000,084157,091989,080454,065817,096728,082006
0000000466,0000465000,084120,090526,082062,065730,095446,084921
0000000467,0000466000,083971,089932,085452,067260,093054,087784
0000000468,0000467000,083877,087292,087236,070103,089765,090300
0000000469,0000468000,083808,085567,090039,073490,086166,092503
0000000470,0000469000,083805,083076,091778,078081,082148,093705
0000000471,0000470000,083776,080606,092712,082260,078676,094365
0000000472,0000471000,083799,079096,093447,086631,075499,093845
0000000473,0000472000,083912,077186,092473,090060,073419,092675
0000000474,0000473000,083952,077045,091822,092625,072337,090643
0000000475,0000474000,084101,076571,089440,093967,072433,088027
0000000476,0000475000,084179,077713,087569,093747,073870,085248
0000000477,0000476000,084301,078778,084771,092493,076152,082211
0000000478,0000477000,084410,080663,082248,089564,079531,079703
0000000479,0000478000,084447,083135,080256,086132,083170,077471
0000000480,0000479000,084507,084987,078025,081690,087151,076150
0000000481,0000480000,084491,087769,077429,077243,090803,075587
0000000482,0000481000,084487,089137,076532,073063,093866,075943
0000000483,0000482000,084386,090818,077341,069298,096145,077277
0000000484,0000483000,084323,091366,078380,066825,097153,079203
0000000485,0000484000,084216,091378,080183,065245,097152,081920
0000000486,0000485000,084088,090819,082616,065350,095729,084747
0000000487,0000486000,084006,089183,084810,066557,093402,087777
0000000488,0000487000,083883,087736,087640,069197,090123,090451
0000000489,0000488000,083842,085155,089470,072760,086329,092625
0000000490,0000489000,083786,083235,091641,076893,082439,094127
0000000491,0000490000,083788,080813,092505,081475,078638,094628
0000000492,0000491000,083817,079010,092908,085537,075580,094369
0000000493,0000492000,083880,077791,092612,089338,073235,093030
0000000494,0000493000,083973,076835,091151,091911,072154,091051
0000000495,0000494000,084055,077203,089701,093424,072195,088377
0000000496,0000495000,084196,077556,087164,093558,073496,085397
0000000497,0000496000,084276,079122,084983,092243,075937,082405
0000000498,0000497000,084386,080746,082348,089827,079142,079570
0000000499,0000498000,084454,082942,080247,086198,083027,077397
0000000500,0000499000,084484,085221,078562,082132,086943,075812
0000000501,0000500000,084508,087228,077289,077577,090776,075246
0000000502,0000501000,084462,089293,077182,073373,093939,075542
0000000503,0000502000,084416,090277,077312,069649,096256,076796
0000000504,0000503000,084322,091253,078737,066832,097476,078876
0000000505,0000504000,084231,091066,080287,065340,097385,081509
0000000506,0000505000,084110,090451,082556,064987,096160,084599
0000000507,0000506000,084009,089223,084990,066224,093702,087625
0000000508,0000507000,083920,087327,087218,068539,090471,090524
0000000509,0000508000,083834,085425,089581,072012,086589,092813
0000000510,0000509000,083812,083006,091082,076119,082566,094397
0000000511,0000510000,083784,081125,092362,080518,078742,095086
0000000512,0000511000,083821,079160,092545,084850,075439,094756
0000000513,0000512000,083875,077970,092237,088520,073114,093557
0000000514,0000513000,083952,077302,091075,091455,071813,091426
0000000515,0000514000,084060,077228,089283,093042,071858,088754
0000000516,0000515000,084160,078043,087329,093448,073087,085627
0000000517,0000516000,084275,079095,084770,092398,075498,082471
0000000518,0000517000,084359,081018,082624,090081,078801,079550
0000000519,0000518000,084444,082889,080382,086781,082658,077123
0000000520,0000519000,084478,085125,078793,082641,086782,075511
0000000521,0000520000,084494,087185,077715,078305,090634,074741
0000000522,0000521000,084475,088861,077324,073936,093999,075045
0000000523,0000522000,084411,090211,077839,070180,096406,076248
0000000524,0000523000,084346,090732,078785,067217,097724,078358
0000000525,0000524000,084236,090884,080618,065431,097762,081119
0000000526,0000525000,084137,090090,082566,064984,096509,084254
0000000527,0000526000,084027,088982,084942,065831,094146,087523
0000000528,0000527000,083933,087267,087181,068074,090793,090502
0000000529,0000528000,083860,085231,089213,071263,086906,093022
0000000530,0000529000,083810,083230,090934,075318,082738,094716
0000000531,0000530000,083802,081108,091835,079670,078787,095520
0000000532,0000531000,083812,079528,092310,083990,075381,095290
0000000533,0000532000,083872,078195,091799,087866,072862,094049
0000000534,0000533000,083941,077652,090787,090853,071516,091955
0000000535,0000534000,084040,077614,089128,092798,071400,089123
0000000536,0000535000,084147,078229,087100,093352,072637,085924
0000000537,0000536000,084246,079481,084917,092628,074999,082571
0000000538,0000537000,084349,081021,082610,090541,078345,079481
0000000539,0000538000,084418,083052,080731,087400,082299,076896
0000000540,0000539000,084472,084994,079032,083471,086489,075082
0000000541,0000540000,084485,087026,078106,079094,090534,074247
0000000542,0000541000,084472,088625,077755,074799,093985,074412
0000000543,0000542000,084424,089802,078131,070847,096587,075648
0000000544,0000543000,084350,090467,079213,067766,097993,077759
0000000545,0000544000,084262,090381,080733,065721,098140,080622
0000000546,0000545000,084151,089854,082785,064989,096957,083904
0000000547,0000546000,084054,088631,084853,065615,094574,087313
0000000548,0000547000,083953,087108,087076,067519,091234,090526
0000000549,0000548000,083878,085183,088978,070586,087219,093182
0000000550,0000549000,083827,083223,090514,074415,082982,095092
0000000551,0000550000,083805,081363,091511,078759,078857,095995
0000000552,0000551000,083820,079704,091773,083081,075315,095863
0000000553,0000552000,083860,078642,091460,087059,072651,094652
0000000554,0000553000,083933,077984,090363,090274,071149,092501
0000000555,0000554000,084019,078046,088898,092411,070966,089612
0000000556,0000555000,084124,078605,086957,093322,072098,086231
0000000557,0000556000,084226,079737,084871,092830,074480,082741
0000000558,0000557000,084321,081280,082817,091078,077828,079422
0000000559,0000558000,084403,083047,080911,088142,081875,076653
0000000560,0000559000,084452,085018,079477,084379,086182,074662
0000000561,0000560000,084480,086772,078489,080110,090356,073669
0000000562,0000561000,084468,088354,078256,075751,093994,073769
0000000563,0000562000,084431,089418,078579,071749,096719,074942
0000000564,0000563000,084364,089996,079577,068418,098298,077120
0000000565,0000564000,084277,089984,081076,066158,098530,080048
0000000566,0000565000,084179,089382,082874,065097,097434,083493
0000000567,0000566000,084074,088356,084924,065411,095070,087084
0000000568,0000567000,083982,086822,086880,067030,091694,090492
0000000569,0000568000,083898,085124,088722,069808,087625,093378
0000000570,0000569000,083845,083263,090100,073499,083242,095451
0000000571,0000570000,083816,081532,091012,077701,078998,096533
0000000572,0000571000,083820,080062,091292,082071,075270,096475
0000000573,0000572000,083857,079004,090902,086130,072459,095318
0000000574,0000573000,083917,078505,089986,089551,070805,093132
0000000575,0000574000,084002,078479,088525,091970,070500,090143
0000000576,0000575000,084097,079083,086800,093174,071568,086630
0000000577,0000576000,084200,080089,084840,093057,073899,082930
0000000578,0000577000,084295,081517,082953,091591,077293,079420
0000000579,0000578000,084377,083185,081234,088969,081392,076414
0000000580,0000579000,084436,084928,079864,085387,085829,074239
0000000581,0000580000,084465,086609,079054,081241,090146,073078
0000000582,0000581000,084467,087972,078769,076892,093949,073068
0000000583,0000582000,084434,089001,079150,072770,096852,074211
0000000584,0000583000,084378,089467,080040,069269,098569,076398
0000000585,0000584000,084298,089453,081428,066695,098947,079436
0000000586,0000585000,084204,088915,083097,065331,097918,083013
0000000587,0000586000,084105,087914,084924,065264,095605,086811
0000000588,0000587000,084008,086574,086767,066546,092206,090432
0000000589,0000588000,083927,084964,088363,069021,088069,093543
0000000590,0000589000,083864,083329,089665,072471,083580,095832
0000000591,0000590000,083831,081726,090437,076563,079177,097071
0000000592,0000591000,083825,080426,090680,080887,075297,097144
0000000593,0000592000,083852,079496,090320,085066,072298,096023
0000000594,0000593000,083905,079027,089442,088666,070498,093828
0000000595,0000594000,083980,079079,088154,091385,070053,090743
0000000596,0000595000,084072,079586,086533,092937,071027,087084
0000000597,0000596000,084168,080554,084821,093190,073318,083194
0000000598,0000597000,084265,081814,083088,092114,076710,079450
0000000599,0000598000,084348,083335,081569,089800,080882,076225
0000000600,0000599000,084412,084898,080368,086495,085414,073822
0000000601,0000600000,084450,086367,079638,082484,089889,072492
0000000602,0000601000,084459,087611,079446,078184,093852,072352
0000000603,0000602000,084439,088459,079769,073975,096931,073439
0000000604,0000603000,084390,088891,080632,070271,098818,075642
0000000605,0000604000,084320,088822,081849,067415,099328,078757
0000000606,0000605000,084232,088337,083362,065671,098412,082492
0000000607,0000606000,084137,087426,084990,065223,096144,086475
0000000608,0000607000,084042,086212,086598,066091,092759,090332
0000000609,0000608000,083957,084814,088024,068220,088563,093674
0000000610,0000609000,083891,083333,089117,071382,083976,096189
0000000611,0000610000,083848,081972,089805,075292,079436,097616
0000000612,0000611000,083835,080824,089952,079568,075384,097818
0000000613,0000612000,083849,080051,089624,083804,072218,096772
0000000614,0000613000,083892,079668,088822,087611,070240,094562
0000000615,0000614000,083958,079739,087657,090615,069656,091408
0000000616,0000615000,084042,080232,086251,092552,070512,087602
0000000617,0000616000,084135,081069,084728,093220,072740,083520
0000000618,0000617000,084228,082215,083255,092567,076119,079549
0000000619,0000618000,084315,083517,081928,090647,080326,076081
0000000620,0000619000,084383,084880,080937,087643,084956,073455
0000000621,0000620000,084430,086130,080335,083852,089556,071922
0000000622,0000621000,084449,087171,080203,079620,093687,071647
0000000623,0000622000,084439,087878,080543,075366,096936,072652
0000000624,0000623000,084402,088186,081297,071471,098999,074855
0000000625,0000624000,084341,088114,082391,068316,099663,078040
0000000626,0000625000,084262,087637,083683,066189,098866,081908
0000000627,0000626000,084172,086844,085093,065294,096683,086085
0000000628,0000627000,084080,085786,086440,065722,093319,090163
0000000629,0000628000,083993,084588,087626,067422,089103,093754
0000000630,0000629000,083921,083349,088528,070247,084434,096497
0000000631,0000630000,083871,082206,089042,073913,079775,098130
0000000632,0000631000,083847,081295,089134,078083,075569,098483
0000000633,0000632000,083851,080669,088790,082355,072230,097522
0000000634,0000633000,083881,080415,088086,086331,070082,095330
0000000635,0000634000,083937,080519,087069,089641,069333,092113
0000000636,0000635000,084011,080973,085879,091967,070061,088186
0000000637,0000636000,084098,081714,084617,093099,072192,083916
0000000638,0000637000,084189,082678,083396,092918,075530,079726
0000000639,0000638000,084275,083776,082350,091450,079746,076016
0000000640,0000639000,084350,084871,081566,088829,084438,073153
0000000641,0000640000,084404,085885,081142,085307,089149,071415
0000000642,0000641000,084434,086683,081092,081219,093419,070976
0000000643,0000642000,084436,087202,081437,076947,096840,071887
0000000644,0000643000,084412,087396,082107,072899,099072,074059
0000000645,0000644000,084363,087265,083024,069444,099905,077293
0000000646,0000645000,084293,086833,084105,066916,099250,081275
0000000647,0000646000,084211,086138,085226,065545,097175,085625
0000000648,0000647000,084121,085274,086295,065466,093874,089921
0000000649,0000648000,084035,084299,087194,066687,089666,093746
0000000650,0000649000,083959,083332,087851,069088,084959,096728
0000000651,0000650000,083901,082469,088183,072447,080207,098571
0000000652,0000651000,083865,081801,088169,076439,075873,099097
0000000653,0000652000,083856,081389,087831,080696,072375,098244
0000000654,0000653000,083873,081261,087201,084812,070056,096094
0000000655,0000654000,083916,081430,086370,088407,069138,092849
0000000656,0000655000,083979,081844,085418,091144,069710,088819
0000000657,0000656000,084058,082475,084448,092763,071720,084392
0000000658,0000657000,084144,083251,083540,093117,074973,079995
0000000659,0000658000,084231,084090,082796,092165,079157,076058
0000000660,0000659000,084309,084908,082288,090004,083866,072958
0000000661,0000660000,084371,085616,082053,086835,088645,071005
0000000662,0000661000,084412,086147,082127,082959,093028,070389
0000000663,0000662000,084428,086437,082476,078741,096593,071175
0000000664,0000663000,084418,086486,083057,074572,098994,073292
0000000665,0000664000,084383,086291,083792,070846,099998,076537
0000000666,0000665000,084326,085882,084612,067906,099510,080602
0000000667,0000666000,084252,085315,085427,066031,097576,085093
0000000668,0000667000,084168,084643,086152,065395,094382,089579
0000000669,0000668000,084083,083942,086730,066059,090235,093624
0000000670,0000669000,084003,083279,087089,067960,085538,096834
0000000671,0000670000,083937,082740,087202,070918,080746,098896
0000000672,0000671000,083890,082365,087065,074655,076322,099605
0000000673,0000672000,083867,082194,086706,078818,072698,098890
0000000674,0000673000,083869,082239,086172,083023,070219,096814
0000000675,0000674000,083897,082472,085530,086875,069126,093579
0000000676,0000675000,083947,082866,084859,090016,069523,089491
0000000677,0000676000,084015,083371,084214,092154,071372,084944
0000000678,0000677000,084095,083936,083671,093086,074493,080379
0000000679,0000678000,084180,084490,083283,092729,078583,076236
0000000680,0000679000,084260,084978,083087,091113,083248,072918
0000000681,0000680000,084330,085347,083097,088394,088034,070750
0000000682,0000681000,084383,085552,083307,084826,092478,069944
0000000683,0000682000,084413,085584,083684,080742,096151,070581
0000000684,0000683000,084419,085448,084166,076523,098698,072601
0000000685,0000684000,084400,085170,084705,072561,099877,075813
0000000686,0000685000,084357,084783,085233,069226,099574,079907
0000000687,0000686000,084295,084343,085691,066826,097823,084490
0000000688,0000687000,084220,083897,086034,065587,094790,089120
0000000689,0000688000,084137,083493,086225,065622,090773,093348
0000000690,0000689000,084055,083188,086246,066929,086161,096763
0000000691,0000690000,083982,083011,086094,069384,081400,099034
0000000692,0000691000,083924,082982,085805,072756,076953,099938
0000000693,0000692000,083886,083097,085413,076733,073247,099385
0000000694,0000693000,083871,083340,084972,080944,070639,097430
0000000695,0000694000,083882,083670,084543,085001,069376,094257
0000000696,0000695000,083916,084043,084174,088523,069579,090172
0000000697,0000696000,083971,084421,083909,091187,071223,085569
0000000698,0000697000,084042,084747,083778,092744,074148,080892
0000000699,0000698000,084122,084983,083803,093049,078068,076595
0000000700,0000699000,084204,085097,083971,092077,082602,073092
0000000701,0000700000,084280,085073,084267,089917,087309,070726
0000000702,0000701000,084344,084910,084650,086773,091735,069723
0000000703,0000702000,084390,084634,085063,082936,095454,070183
0000000704,0000703000,084413,084283,085454,078761,098110,072060
0000000705,0000704000,084412,083893,085773,074634,099451,075176
0000000706,0000705000,084387,083523,085979,070939,099352,079228
0000000707,0000706000,084339,083217,086036,068017,097826,083826
0000000708,0000707000,084274,083016,085940,066138,095026,088527
0000000709,0000708000,084197,082951,085693,065477,091227,092873
0000000710,0000709000,084116,083042,085317,066092,086800,096446
0000000711,0000710000,084037,083282,084863,067926,082174,098900
0000000712,0000711000,083968,083643,084385,070808,077797,099998
0000000713,0000712000,083914,084092,083944,074472,074088,099636
0000000714,0000713000,083882,084569,083596,078579,071399,097850
0000000715,0000714000,083873,085018,083394,082750,069986,094812
0000000716,0000715000,083889,085386,083364,086602,069979,090815
0000000717,0000716000,083928,085624,083519,089775,071373,086248
0000000718,0000717000,083986,085693,083858,091980,074025,081550
0000000719,0000718000,084059,085574,084346,093012,077674,077179
0000000720,0000719000,084140,085272,084934,092778,081962,073555
0000000721,0000720000,084221,084807,085558,091303,086470,071027
0000000722,0000721000,084295,084228,086144,088721,090766,069836
0000000723,0000722000,084356,083601,086615,085272,094437,070094
0000000724,0000723000,084398,082993,086916,081271,097137,071773
0000000725,0000724000,084417,082472,087003,077088,098611,074711
0000000726,0000725000,084411,082104,086852,073107,098725,078621
0000000727,0000726000,084382,081939,086468,069695,097475,083126
0000000728,0000727000,084331,082004,085880,067168,094991,087786
0000000729,0000728000,084263,082311,085140,065755,091523,092152
0000000730,0000729000,084184,082839,084322,065586,087412,095801
0000000731,0000730000,084102,083539,083519,066672,083059,098387
0000000732,0000731000,084023,084340,082823,068915,078884,099662
0000000733,0000732000,083955,085161,082312,072108,075283,099512
0000000734,0000733000,083903,085910,082055,075960,072595,097954
0000000735,0000734000,083874,086504,082090,080118,071073,095141
0000000736,0000735000,083868,086876,082427,084199,070853,091348
0000000737,0000736000,083888,086972,083045,087829,071947,086944
0000000738,0000737000,083930,086763,083898,090673,074237,082358
0000000739,0000738000,083992,086261,084902,092473,077490,078035
0000000740,0000739000,084068,085503,085954,093065,081382,074390
0000000741,0000740000,084151,084558,086947,092399,085533,071769
0000000742,0000741000,084234,083523,087763,090536,089545,070418
0000000743,0000742000,084309,082506,088313,087646,093037,070457
0000000744,0000743000,084370,081607,088528,083992,095681,071878
0000000745,0000744000,084410,080930,088373,079907,097234,074538
0000000746,0000745000,084427,080555,087844,075765,097555,078177
0000000747,0000746000,084419,080531,086982,071945,096628,082437
0000000748,0000747000,084385,080881,085860,068799,094557,086902
0000000749,0000748000,084330,081584,084583,066613,091556,091139
0000000750,0000749000,084258,082581,083285,065582,087927,094743
0000000751,0000750000,084176,083774,082101,065800,084026,097371
0000000752,0000751000,084090,085048,081159,067243,080228,098784
0000000753,0000752000,084008,086273,080563,069781,076889,098855
0000000754,0000753000,083939,087322,080388,073185,074322,097586
0000000755,0000754000,083887,088085,080666,077147,072761,095107
0000000756,0000755000,083858,088470,081387,081305,072344,091664
0000000757,0000756000,083855,088422,082498,085278,073093,087595
0000000758,0000757000,083878,087925,083898,088704,074920,083301
0000000759,0000758000,083925,087020,085450,091271,077630,079199
0000000760,0000759000,083992,085784,086996,092749,080946,075682
0000000761,0000760000,084073,084338,088377,093006,084541,073077
0000000762,0000761000,084161,082824,089447,092022,088072,071622
0000000763,0000762000,084248,081392,090089,089886,091207,071442
0000000764,0000763000,084327,080185,090228,086789,093656,072544
0000000765,0000764000,084390,079333,089831,083010,095198,074811
0000000766,0000765000,084431,078939,088915,078892,095702,078015
0000000767,0000766000,084446,079058,087555,074811,095136,081838
0000000768,0000767000,084434,079698,085879,071139,093578,085902
0000000769,0000768000,084396,080808,084050,068209,091200,089812
0000000770,0000769000,084335,082280,082255,066283,088247,093195
0000000771,0000770000,084257,083975,080680,065533,085015,095736
0000000772,0000771000,084168,085728,079480,066022,081811,097210
0000000773,0000772000,084076,087369,078788,067707,078935,097492
0000000774,0000773000,083990,088729,078685,070437,076649,096569
0000000775,0000774000,083916,089671,079200,073969,075156,094545
0000000776,0000775000,083863,090078,080305,077985,074581,091625
0000000777,0000776000,083835,089888,081910,082118,074956,088105
0000000778,0000777000,083835,089106,083860,085993,076221,084333
0000000779,0000778000,083863,087799,085959,089260,078229,080678
0000000780,0000779000,083916,086095,087996,091625,080764,077487
0000000781,0000780000,083991,084159,089762,092880,083574,075052
0000000782,0000781000,084079,082176,091084,092915,086389,073588
0000000783,0000782000,084174,080334,091827,091730,088948,073214
0000000784,0000783000,084268,078820,091898,089427,091020,073946
0000000785,0000784000,084351,077794,091270,086211,092427,075698
0000000786,0000785000,084416,077374,089982,082369,093055,078285
0000000787,0000786000,084457,077631,088142,078250,092870,081443
0000000788,0000787000,084470,078551,085930,074227,091918,084855
0000000789,0000788000,084453,080046,083573,070665,090320,088188
0000000790,0000789000,084408,081968,081309,067881,088252,091126
0000000791,0000790000,084339,084131,079363,066121,085925,093403
0000000792,0000791000,084252,086332,077923,065539,083562,094823
0000000793,0000792000,084155,088361,077133,066184,081382,095276
0000000794,0000793000,084056,090017,077094,068001,079575,094740
0000000795,0000794000,083964,091124,077826,070831,078295,093287
0000000796,0000795000,083888,091553,079285,074422,077637,091079
0000000797,0000796000,083834,091233,081346,078453,077634,088345
0000000798,0000797000,083809,090185,083799,082555,078256,085362
0000000799,0000798000,083814,088519,086392,086361,079411,082422
0000000800,0000799000,083849,086395,088863,089529,080964,079802
0000000801,0000800000,083910,084027,090973,091782,082751,077735
0000000802,0000801000,083993,081630,092517,092922,084598,076396
0000000803,0000802000,084090,079431,093348,092851,086340,075885
0000000804,0000803000,084193,077648,093362,091574,087825,076222
0000000805,0000804000,084293,076472,092531,089202,088936,077351
0000000806,0000805000,084380,076038,090917,085942,089596,079137
0000000807,0000806000,084446,076415,088661,082085,089777,081389
0000000808,0000807000,084484,077579,085993,077980,089495,083875
0000000809,0000808000,084492,079398,083195,073999,088810,086351
0000000810,0000809000,084468,081693,080545,070496,087815,088586
0000000811,0000810000,084415,084241,078295,067778,086620,090385
0000000812,0000811000,084337,086804,076662,066082,085344,091600
0000000813,0000812000,084242,089146,075801,065557,084101,092146
0000000814,0000813000,084137,091034,075812,066248,082991,092004
0000000815,0000814000,084031,092265,076730,068097,082094,091217
0000000816,0000815000,083936,092697,078478,070945,081463,089891
0000000817,0000816000,083858,092268,080898,074539,081119,088175
0000000818,0000817000,083807,091008,083743,078558,081058,086250
0000000819,0000818000,083787,089061,086707,082635,081253,084306
0000000820,0000819000,083799,086628,089498,086409,081657,082522
0000000821,0000820000,083842,083937,091857,089549,082216,081049
0000000822,0000821000,083912,081243,093558,091781,082871,080002
0000000823,0000822000,084004,078793,094437,092911,083564,079449
0000000824,0000823000,084109,076828,094398,092840,084248,079405
0000000825,0000824000,084218,075561,093410,091573,084886,079838
0000000826,0000825000,084321,075139,091552,089216,085454,080675
0000000827,0000826000,084408,075613,089011,085976,085940,081809
0000000828,0000827000,084472,076949,086031,082141,086338,083115
0000000829,0000828000,084505,078997,082946,078059,086640,084466
0000000830,0000829000,084505,081521,080065,074095,086845,085737
0000000831,0000830000,084473,084312,077632,070593,086955,086827
0000000832,0000831000,084412,087102,075887,067862,086961,087660
0000000833,0000832000,084326,089610,075010,066136,086861,088190
0000000834,0000833000,084224,091619,075080,065567,086649,088403
0000000835,0000834000,084114,092900,076118,066205,086310,088325
0000000836,0000835000,084005,093299,078060,067999,085840,087998
0000000837,0000836000,083910,092783,080682,070796,085239,087479
0000000838,0000837000,083835,091402,083731,074346,084522,086838
0000000839,0000838000,083790,089295,086885,078333,083726,086133
0000000840,0000839000,083777,086713,089806,082393,082904,085430
0000000841,0000840000,083796,083883,092265,086179,082109,084774
0000000842,0000841000,083847,081043,094021,089357,081417,084200
0000000843,0000842000,083924,078518,094886,091650,080893,083728
0000000844,0000843000,084022,076516,094772,092863,080598,083365
0000000845,0000844000,084131,075248,093696,092884,080601,083096
0000000846,0000845000,084241,074876,091721,091714,080937,082905
0000000847,0000846000,084343,075429,089059,089445,081622,082788
0000000848,0000847000,084427,076839,086000,086280,082631,082734
0000000849,0000848000,084484,078952,082849,082497,083901,082753
0000000850,0000849000,084510,081547,079938,078442,085332,082845
0000000851,0000850000,084504,084369,077499,074466,086808,083021
0000000852,0000851000,084465,087186,075780,070916,088197,083296
0000000853,0000852000,084397,089682,074952,068104,089362,083672
0000000854,0000853000,084307,091636,075099,066265,090186,084159
0000000855,0000854000,084203,092853,076208,065569,090548,084759
0000000856,0000855000,084093,093179,078180,066071,090379,085459
0000000857,0000856000,083987,092607,080817,067737,089647,086218
0000000858,0000857000,083897,091194,083828,070423,088381,086980
0000000859,0000858000,083829,089108,086910,073891,086672,087671
0000000860,0000859000,083790,086567,089742,077829,084660,088218
0000000861,0000860000,083783,083807,092099,081888,082520,088557
0000000862,0000861000,083809,081071,093753,085721,080446,088619
0000000863,0000862000,083864,078664,094513,088986,078641,088371
0000000864,0000863000,083944,076814,094321,091409,077280,087793
0000000865,0000864000,084042,075673,093209,092776,076530,086890
0000000866,0000865000,084149,075404,091276,092967,076504,085702
0000000867,0000866000,084255,076003,088714,091964,077245,084315
0000000868,0000867000,084350,077383,085824,089844,078722,082852
0000000869,0000868000,084427,079393,082892,086800,080823,081445
0000000870,0000869000,084478,081836,080185,083098,083371,080241
0000000871,0000870000,084497,084474,077972,079069,086133,079370
0000000872,0000871000,084486,087046,076447,075063,088860,078940
0000000873,0000872000,084444,089313,075771,071430,091290,079026
0000000874,0000873000,084376,091024,076002,068483,093179,079660
0000000875,0000874000,084288,092027,077117,066473,094323,080832
0000000876,0000875000,084188,092230,078976,065581,094570,082470
0000000877,0000876000,084084,091623,081386,065883,093859,084451
0000000878,0000877000,083986,090298,084097,067361,092222,086594
0000000879,0000878000,083904,088394,086820,069884,089788,088697
0000000880,0000879000,083843,086115,089309,073231,086771,090551
0000000881,0000880000,083810,083669,091324,077106,083444,091965
0000000882,0000881000,083807,081304,092683,081167,080117,092780
0000000883,0000882000,083834,079258,093242,085064,077106,092885
0000000884,0000883000,083887,077741,092954,088455,074709,092233
0000000885,0000884000,083963,076893,091874,091055,073177,090839
0000000886,0000885000,084054,076777,090124,092633,072692,088797
0000000887,0000886000,084152,077394,087907,093053,073335,086275
0000000888,0000887000,084249,078641,085450,092274,075074,083500
0000000889,0000888000,084336,080391,083007,090359,077768,080738
0000000890,0000889000,084405,082464,080797,087480,081176,078257
0000000891,0000890000,084450,084652,079041,083886,084986,076312
0000000892,0000891000,084467,086737,077906,079897,088840,075105
0000000893,0000892000,084456,088506,077489,075859,092372,074784
0000000894,0000893000,084418,089782,077833,072122,095234,075417
0000000895,0000894000,084358,090438,078872,069007,097135,076980
0000000896,0000895000,084279,090449,080470,066781,097866,079361
0000000897,0000896000,084189,089834,082443,065642,097326,082357
0000000898,0000897000,084096,088677,084590,065687,095546,085695
0000000899,0000898000,084009,087116,086691,066920,092673,089057
0000000900,0000899000,083934,085307,088544,069231,088968,092117
0000000901,0000900000,083879,083432,089983,072418,084774,094568
0000000902,0000901000,083673,092792,093290,075101,084527,096205
0000000903,0000902000,082180,099073,090610,079298,084527,096722
0000000904,0000903000,072948,085050,089176,079298,084527,097611
0000000905,0000904000,073121,079551,095475,079298,084527,094575
0000000906,0000905000,077981,080672,084449,079298,084527,091351
0000000907,0000906000,084021,083243,084753,079298,084527,088962
0000000908,0000907000,077033,070455,084157,079298,084527,084851
0000000909,0000908000,089177,075972,099998,079298,084527,084851
0000000910,0000909000,089327,072423,094470,079298,084527,084851
0000000911,0000910000,088596,071379,080656,079298,084527,084851
0000000912,0000911000,099998,082869,087431,079298,084527,084851
0000000913,0000912000,088136,070637,079126,079298,084527,084851
0000000914,0000913000,095041,079139,082853,079298,084527,084851
0000000915,0000914000,097817,086598,076017,079298,084527,084851
0000000916,0000915000,089486,083547,067315,079298,084527,084851
0000000917,0000916000,093619,092191,081724,079298,084527,084851
0000000918,0000917000,082464,086370,075435,079298,084527,084851
0000000919,0000918000,084287,094194,072835,079298,084527,084851
0000000920,0000919000,085955,099998,076153,079298,084527,084851
0000000921,0000920000,073945,089776,077665,079298,084527,084851
0000000922,0000921000,077381,094913,091419,079298,084527,084851
0000000923,0000922000,072953,092213,084736,079298,084527,084851
0000000924,0000923000,073434,091531,083087,079298,084527,084851
0000000925,0000924000,077013,090340,094808,079298,084527,084851
0000000926,0000925000,070022,078225,095081,079298,084527,084851
0000000927,0000926000,078162,083155,098219,079298,084527,084851
0000000928,0000927000,080545,081374,092146,079298,084527,084851
0000000929,0000928000,080458,074350,091931,079298,084527,084851
0000000930,0000929000,086959,074444,099878,079298,084527,084851
0000000931,0000930000,085463,070158,090234,079298,084527,084851
0000000932,0000931000,092991,076565,086150,079298,084527,084851
0000000933,0000932000,094908,076422,085242,079298,084527,084851
0000000934,0000933000,091315,071862,083532,079298,084527,084851
0000000935,0000934000,096536,079920,083397,079298,084527,084851
0000000936,0000935000,094096,082373,072137,079298,084527,084851
0000000937,0000936000,094030,086018,072694,079298,084527,084851
0000000938,0000937000,091705,087311,078627,079298,084527,084851
0000000939,0000938000,085226,087294,074896,079298,084527,084851
0000000940,0000939000,087372,096714,074029,079298,084527,084851
0000000941,0000940000,082496,095772,072905,079298,084527,084851
0000000942,0000941000,078013,092532,080325,079298,084527,084851
0000000943,0000942000,076829,093988,086888,079298,084527,084851
0000000944,0000943000,072898,093270,082321,079298,084527,084851
0000000945,0000944000,075352,094772,086167,079298,084527,084851
0000000946,0000945000,073377,087678,092167,079298,084527,084851
0000000947,0000946000,072188,082061,095752,079298,084527,084851
0000000948,0000947000,076797,084348,096038,079298,084527,084851
0000000949,0000948000,077505,080576,091629,079298,084527,084851
0000000950,0000949000,081558,076743,096284,079298,084527,084851
0000000951,0000950000,084009,072657,097929,079298,084527,084851
0000000952,0000951000,086056,072375,091461,079298,084527,084851
0000000953,0000952000,091816,076575,087991,079298,084527,084851
0000000954,0000953000,092103,073181,085667,079298,084527,084851
0000000955,0000954000,093822,072942,086413,079298,084527,084851
0000000956,0000955000,095572,077890,081818,079298,084527,084851
0000000957,0000956000,094489,081774,073996,079298,084527,084851
0000000958,0000957000,095125,085119,075253,079298,084527,084851
0000000959,0000958000,091418,084267,076413,079298,084527,084851
0000000960,0000959000,088797,088460,074946,079298,084527,084851
0000000961,0000960000,087419,095132,072856,079298,084527,084851
0000000962,0000961000,082758,094772,073310,079298,084527,084851
0000000963,0000962000,080579,093757,080305,079298,084527,084851
0000000964,0000963000,077127,093400,082517,079298,084527,084851
0000000965,0000964000,074528,095225,081932,079298,084527,084851
0000000966,0000965000,074238,094847,086094,079298,084527,084851
0000000967,0000966000,072508,088164,090801,079298,084527,084851
0000000968,0000967000,073785,085345,094735,079298,084527,084851
0000000969,0000968000,074949,084778,093994,079298,084527,084851
0000000970,0000969000,076157,081809,093583,079298,084527,084851
0000000971,0000970000,079966,077563,097242,079298,084527,084851
0000000972,0000971000,082491,073063,096535,079298,084527,084851
0000000973,0000972000,086241,074027,092957,079298,084527,084851
0000000974,0000973000,089131,075211,089760,079298,084527,084851
0000000975,0000974000,090899,072662,088126,079298,084527,084851
0000000976,0000975000,094376,072930,086992,079298,084527,084851
0000000977,0000976000,095242,076132,081253,079298,084527,084851
0000000978,0000977000,094913,080631,077223,079298,084527,084851
0000000979,0000978000,094584,082816,076818,079298,084527,084851
0000000980,0000979000,092947,083446,075587,079298,084527,084851
0000000981,0000980000,091549,088209,074099,079298,084527,084851
0000000982,0000981000,087805,092622,072628,079298,084527,084851
0000000983,0000982000,083907,094076,074507,079298,084527,084851
0000000984,0000983000,081927,094028,078191,079298,084527,084851
0000000985,0000984000,079071,094025,079216,079298,084527,084851
0000000986,0000985000,076116,095887,081482,079298,084527,084851
0000000987,0000986000,073163,094482,085735,079298,084527,084851
0000000988,0000987000,072688,090298,089391,079298,084527,084851
0000000989,0000988000,074371,087826,091762,079298,084527,084851
0000000990,0000989000,074058,085625,092941,079298,084527,084851
0000000991,0000990000,074680,082812,095690,079298,084527,084851
0000000992,0000991000,077668,078827,097085,079298,084527,084851
0000000993,0000992000,081684,075357,095379,079298,084527,084851
0000000994,0000993000,085333,074615,093779,079298,084527,084851
0000000995,0000994000,086658,073773,092457,079298,084527,084851
0000000996,0000995000,089401,072842,090723,079298,084527,084851
0000000997,0000996000,093725,073124,086798,079298,084527,084851
0000000998,0000997000,095550,075039,081956,079298,084527,084851
0000000999,0000998000,094828,078178,080502,079298,084527,084851
0000001000,0000999000,093903,080467,078720,079298,084527,084851
0000001001,0001000000,094412,083253,075184,079298,084527,084851
0000001002,0001001000,093597,087084,072942,079298,084527,084851
0000001003,0001002000,089296,089857,073547,079298,084527,084851
0000001004,0001003000,085258,092557,075503,079298,084527,084851
0000001005,0001004000,083132,094374,075724,079298,084527,084851
0000001006,0001005000,081369,095062,076365,079298,084527,084851
0000001007,0001006000,077765,095256,080527,079298,084527,084851
0000001008,0001007000,073403,094187,085280,079298,084527,084851
0000001009,0001008000,072868,092781,087513,079298,084527,084851
0000001010,0001009000,074398,090424,088501,079298,084527,084851
0000001011,0001010000,073946,086809,092045,079298,084527,084851
0000001012,0001011000,073380,083385,096662,079298,084527,084851
0000001013,0001012000,075495,080785,096739,079298,084527,084851
0000001014,0001013000,080252,078435,094374,079298,084527,084851
0000001015,0001014000,083766,075267,094331,079298,084527,084851
0000001016,0001015000,084925,072723,095206,079298,084527,084851
0000001017,0001016000,087494,072940,092877,079298,084527,084851
0000001018,0001017000,092028,073879,087210,079298,084527,084851
0000001019,0001018000,095201,074268,083529,079298,084527,084851
0000001020,0001019000,094851,075271,083244,079298,084527,084851
0000001021,0001020000,093816,078255,080855,079298,084527,084851
0000001022,0001021000,094941,082653,075629,079298,084527,084851
0000001023,0001022000,094898,085673,072617,079298,084527,084851
0000001024,0001023000,091460,087134,074370,079298,084527,084851
0000001025,0001024000,087167,090263,075906,079298,084527,084851
0000001026,0001025000,084634,094222,074138,079298,084527,084851
0000001027,0001026000,083107,095824,074217,079298,084527,084851
0000001028,0001027000,079763,094549,078926,079298,084527,084851
0000001029,0001028000,075215,093836,083918,079298,084527,084851
0000001030,0001029000,073277,094569,085443,079298,084527,084851
0000001031,0001030000,073895,093035,086134,079298,084527,084851
0000001032,0001031000,073999,088538,090556,079298,084527,084851
0000001033,0001032000,073020,084463,095764,079298,084527,084851
0000001034,0001033000,073927,082772,096294,079298,084527,084851
0000001035,0001034000,077838,081180,094219,079298,084527,084851
0000001036,0001035000,081566,076829,094725,079298,084527,084851
0000001037,0001036000,083586,072874,096612,079298,084527,084851
0000001038,0001037000,085833,072877,094534,079298,084527,084851
0000001039,0001038000,089535,074414,089070,079298,084527,084851
0000001040,0001039000,093436,073940,085812,079298,084527,084851
0000001041,0001040000,094822,073175,085154,079298,084527,084851
0000001042,0001041000,094431,075999,082632,079298,084527,084851
0000001043,0001042000,094754,081001,077481,079298,084527,084851
0000001044,0001043000,095191,083909,073959,079298,084527,084851
0000001045,0001044000,093556,085026,074567,079298,084527,084851
0000001046,0001045000,089921,087839,075411,079298,084527,084851
0000001047,0001046000,086626,092670,073761,079298,084527,084851
0000001048,0001047000,084334,095505,073368,079298,084527,084851
0000001049,0001048000,081682,094543,076876,079298,084527,084851
0000001050,0001049000,078195,093707,081223,079298,084527,084851
0000001051,0001050000,074819,095120,083242,079298,084527,084851
0000001052,0001051000,073302,094906,084870,079298,084527,084851
0000001053,0001052000,073564,090981,088626,079298,084527,084851
0000001054,0001053000,073578,086588,092958,079298,084527,084851
0000001055,0001054000,073421,084617,095070,079298,084527,084851
0000001056,0001055000,075094,083060,095022,079298,084527,084851
0000001057,0001056000,078553,079270,095274,079298,084527,084851
0000001058,0001057000,082024,074827,096304,079298,084527,084851
0000001059,0001058000,084637,073142,095368,079298,084527,084851
0000001060,0001059000,086954,074032,092108,079298,084527,084851
0000001061,0001060000,090298,073951,088921,079298,084527,084851
0000001062,0001061000,093807,072715,086584,079298,084527,084851
0000001063,0001062000,095369,074112,083648,079298,084527,084851
0000001064,0001063000,094697,078072,080403,079298,084527,084851
0000001065,0001064000,094421,081502,077170,079298,084527,084851
0000001066,0001065000,094746,083523,074901,079298,084527,084851
0000001067,0001066000,093123,085998,074000,079298,084527,084851
0000001068,0001067000,089404,089705,074000,079298,084527,084851
0000001069,0001068000,085696,093357,074119,079298,084527,084851
0000001070,0001069000,083168,094814,075108,079298,084527,084851
0000001071,0001070000,081299,094448,077421,079298,084527,084851
0000001072,0001071000,077802,094682,080649,079298,084527,084851
0000001073,0001072000,073879,095188,084047,079298,084527,084851
0000001074,0001073000,072706,093514,086948,079298,084527,084851
0000001075,0001074000,073954,090026,089110,079298,084527,084851
0000001076,0001075000,074024,086714,092421,079298,084527,084851
0000001077,0001076000,073340,084146,095640,079298,084527,084851
0000001078,0001077000,075184,081674,096262,079298,084527,084851
0000001079,0001078000,079527,078452,095189,079298,084527,084851
0000001080,0001079000,083191,074850,095060,079298,084527,084851
0000001081,0001080000,085001,073092,095062,079298,084527,084851
0000001082,0001081000,086986,073458,092684,079298,084527,084851
0000001083,0001082000,091157,073679,088278,079298,084527,084851
0000001084,0001083000,094992,073465,084699,079298,084527,084851
0000001085,0001084000,095233,074729,083155,079298,084527,084851
0000001086,0001085000,093942,078128,081078,079298,084527,084851
0000001087,0001086000,094591,081926,076620,079298,084527,084851
0000001088,0001087000,095209,084725,073195,079298,084527,084851
0000001089,0001088000,092676,086585,073875,079298,084527,084851
0000001090,0001089000,088116,089647,075361,079298,084527,084851
0000001091,0001090000,084973,093711,074451,079298,084527,084851
0000001092,0001091000,083407,095607,074118,079298,084527,084851
0000001093,0001092000,081013,094637,077491,079298,084527,084851
0000001094,0001093000,076598,094120,082417,079298,084527,084851
0000001095,0001094000,073214,094811,085111,079298,084527,084851
0000001096,0001095000,073326,093729,086076,079298,084527,084851
0000001097,0001096000,074296,089754,089078,079298,084527,084851
0000001098,0001097000,073403,085653,094080,079298,084527,084851
0000001099,0001098000,073148,083453,096526,079298,084527,084851
0000001100,0001099000,076110,081906,095129,079298,084527,084851
0000001101,0001100000,080462,078217,094453,079298,084527,084851
