0000000001,0000000000,088278,087258,074544,085094,089166,074326
0000000002,0000001000,085729,089692,074658,082076,091885,074624
0000000003,0000002000,082882,091543,075656,078781,093875,075930
0000000004,0000003000,080029,092611,077439,075526,094945,078115
0000000005,0000004000,077448,092791,079841,072619,094998,080969
0000000006,0000005000,075375,092084,082619,070358,094019,084209
0000000007,0000006000,074033,090551,085494,068966,092104,087515
0000000008,0000007000,073555,088324,088200,068572,089443,090571
0000000009,0000008000,073965,085645,090469,069210,086302,093074
0000000010,0000009000,075233,082778,092069,070828,082981,094777
0000000011,0000010000,077255,079977,092848,073266,079805,095514
0000000012,0000011000,079813,077531,092734,076282,077088,095216
0000000013,0000012000,082642,075699,091738,079579,075096,093910
0000000014,0000013000,085496,074629,089953,082837,074024,091725
0000000015,0000014000,088095,074432,087552,085739,073975,088871
0000000016,0000015000,090153,075153,084774,087999,074955,085631
0000000017,0000016000,091488,076693,081898,089396,076865,082325
0000000018,0000017000,091987,078900,079193,089790,079526,079270
0000000019,0000018000,091569,081587,076923,089146,082673,076767
0000000020,0000019000,090286,084470,075323,087531,085991,075064
0000000021,0000020000,088283,087252,074544,085096,089164,074326
0000000022,0000021000,085728,089693,074658,082076,091884,074624
0000000023,0000022000,082877,091548,075655,078779,093877,075930
0000000024,0000023000,080033,092608,077439,075524,094946,078115
0000000025,0000024000,077450,092789,079841,072620,094997,080969
0000000026,0000025000,075373,092088,082618,070358,094019,084209
0000000027,0000026000,074033,090551,085494,068965,092105,087516
0000000028,0000027000,073556,088323,088200,068570,089445,090571
0000000029,0000028000,073964,085646,090469,069211,086301,093074
0000000030,0000029000,075234,082777,092069,070829,082980,094777
0000000031,0000030000,077254,079977,092849,073265,079806,095515
0000000032,0000031000,079810,077534,092735,076280,077089,095216
0000000033,0000032000,082645,075697,091737,079579,075096,093911
0000000034,0000033000,085499,074627,089953,082837,074024,091725
0000000035,0000034000,088090,074436,087552,085738,073976,088871
0000000036,0000035000,090152,075153,084774,087999,074955,085631
0000000037,0000036000,091494,076688,081898,089395,076866,082325
0000000038,0000037000,091985,078902,079193,089789,079526,079270
0000000039,0000038000,091565,081591,076924,089147,082672,076767
0000000040,0000039000,090291,084465,075323,087531,085991,075064
0000000041,0000040000,088284,087250,074544,085094,089165,074326
0000000042,0000041000,085723,089698,074658,082077,091884,074625
0000000043,0000042000,082879,091546,075654,078780,093876,075930
0000000044,0000043000,080037,092604,077438,075523,094947,078116
0000000045,0000044000,077446,092793,079841,072619,094997,080969
0000000046,0000045000,075372,092089,082618,070359,094017,084209
0000000047,0000046000,074038,090547,085494,068965,092105,087515
0000000048,0000047000,073553,088325,088200,068568,089447,090570
0000000049,0000048000,073960,085650,090469,069211,086301,093073
0000000050,0000049000,075237,082773,092069,070829,082980,094776
0000000051,0000050000,077255,079976,092849,073264,079808,095514
0000000052,0000051000,079805,077539,092735,076280,077090,095216
0000000053,0000052000,082646,075695,091738,079579,075096,093911
0000000054,0000053000,085502,074623,089954,082836,074025,091725
0000000055,0000054000,088087,074440,087553,085737,073977,088871
0000000056,0000055000,090151,075153,084774,087999,074955,085632
0000000057,0000056000,091497,076683,081898,089394,076866,082326
0000000058,0000057000,091983,078903,079193,089788,079527,079271
0000000059,0000058000,091563,081592,076924,089146,082672,076768
0000000060,0000059000,090294,084462,075323,087530,085991,075065
0000000061,0000060000,088285,087250,074544,085094,089165,074327
0000000062,0000061000,085722,089700,074657,082077,091883,074625
0000000063,0000062000,082881,091544,075654,078781,093874,075930
0000000064,0000063000,080038,092603,077438,075523,094947,078116
0000000065,0000064000,077444,092796,079840,072620,094997,080969
0000000066,0000065000,075373,092089,082617,070360,094017,084209
0000000067,0000066000,074039,090546,085494,068965,092106,087515
0000000068,0000067000,073551,088329,088199,068569,089447,090569
0000000069,0000068000,073960,085650,090468,069211,086302,093072
0000000070,0000069000,075239,082771,092069,070829,082981,094776
0000000071,0000070000,077252,079978,092849,073263,079809,095513
0000000072,0000071000,079803,077540,092736,076280,077091,095215
0000000073,0000072000,082648,075693,091739,079578,075098,093910
0000000074,0000073000,085500,074624,089955,082834,074026,091725
0000000075,0000074000,088084,074441,087554,085736,073977,088872
0000000076,0000075000,090154,075150,084775,087997,074955,085633
0000000077,0000076000,091498,076682,081899,089392,076867,082327
0000000078,0000077000,091981,078905,079194,089787,079526,079272
0000000079,0000078000,091566,081590,076924,089146,082671,076769
0000000080,0000079000,090297,084459,075323,087529,085990,075066
0000000081,0000080000,088283,087252,074543,085093,089164,074328
0000000082,0000081000,085723,089700,074656,082078,091881,074626
0000000083,0000082000,082885,091541,075653,078781,093873,075931
0000000084,0000083000,080037,092605,077437,075523,094946,078116
0000000085,0000084000,077443,092798,079838,072621,094995,080969
0000000086,0000085000,075376,092087,082616,070362,094016,084208
0000000087,0000086000,074039,090547,085493,068966,092106,087514
0000000088,0000087000,073547,088333,088199,068570,089448,090568
0000000089,0000088000,073961,085650,090468,069213,086302,093071
0000000090,0000089000,075239,082771,092069,070829,082983,094774
0000000091,0000090000,077248,079982,092850,073263,079811,095512
0000000092,0000091000,079802,077540,092737,076279,077093,095214
0000000093,0000092000,082649,075690,091740,079576,075100,093910
0000000094,0000093000,085497,074625,089957,082832,074028,091725
0000000095,0000094000,088083,074441,087555,085734,073979,088872
0000000096,0000095000,090156,075146,084777,087995,074956,085634
0000000097,0000096000,091497,076681,081901,089390,076868,082328
0000000098,0000097000,091980,078905,079194,089785,079526,079274
0000000099,0000098000,091569,081586,076924,089145,082670,076772
0000000100,0000099000,090299,084457,075323,087528,085989,075068
0000000101,0000100000,088283,087253,074543,085093,089162,074330
0000000102,0000101000,085726,089698,074655,082079,091879,074628
0000000103,0000102000,082888,091540,075651,078782,093871,075932
0000000104,0000103000,080037,092608,077435,075525,094944,078116
0000000105,0000104000,077444,092799,079836,072624,094993,080968
0000000106,0000105000,075378,092087,082614,070364,094015,084207
0000000107,0000106000,074037,090551,085491,068968,092106,087512
0000000108,0000107000,073546,088336,088197,068572,089448,090566
0000000109,0000108000,073961,085650,090467,069214,086303,093068
0000000110,0000109000,075236,082774,092070,070829,082985,094771
0000000111,0000110000,077244,079985,092851,073263,079813,095510
0000000112,0000111000,079802,077539,092738,076278,077095,095212
0000000113,0000112000,082646,075690,091742,079574,075103,093909
0000000114,0000113000,085493,074627,089959,082830,074031,091725
0000000115,0000114000,088083,074438,087557,085732,073981,088873
0000000116,0000115000,090156,075143,084779,087992,074958,085636
0000000117,0000116000,091496,076680,081903,089386,076868,082331
0000000118,0000117000,091982,078902,079196,089783,079525,079277
0000000119,0000118000,091573,081582,076925,089143,082668,076775
0000000120,0000119000,090300,084456,075323,087527,085987,075072
0000000121,0000120000,088285,087252,074541,085094,089159,074333
0000000122,0000121000,085731,089695,074653,082080,091875,074630
0000000123,0000122000,082890,091540,075649,078784,093868,075933
0000000124,0000123000,080037,092610,077432,075528,094941,078116
0000000125,0000124000,077447,092800,079833,072628,094991,080968
0000000126,0000125000,075379,092089,082611,070367,094014,084205
0000000127,0000126000,074035,090556,085489,068972,092105,087509
0000000128,0000127000,073545,088338,088195,068575,089448,090562
0000000129,0000128000,073960,085652,090467,069216,086305,093064
0000000130,0000129000,075231,082778,092070,070830,082988,094768
0000000131,0000130000,077240,079987,092852,073263,079816,095506
0000000132,0000131000,079800,077539,092740,076277,077099,095210
0000000133,0000132000,082643,075691,091745,079571,075108,093907
0000000134,0000133000,085490,074627,089962,082826,074035,091725
0000000135,0000134000,088083,074435,087561,085728,073984,088874
0000000136,0000135000,090156,075140,084783,087987,074961,085638
0000000137,0000136000,091495,076678,081905,089382,076869,082334
0000000138,0000137000,091985,078897,079198,089780,079525,079281
0000000139,0000138000,091576,081577,076926,089140,082667,076779
0000000140,0000139000,090302,084454,075323,087526,085984,075076
0000000141,0000140000,088290,087250,074540,085094,089155,074337
0000000142,0000141000,085735,089693,074650,082081,091871,074633
0000000143,0000142000,082892,091541,075645,078787,093864,075935
0000000144,0000143000,080040,092612,077428,075532,094937,078117
0000000145,0000144000,077450,092801,079829,072632,094987,080967
0000000146,0000145000,075379,092093,082608,070372,094012,084202
0000000147,0000146000,074033,090560,085485,068976,092104,087505
0000000148,0000147000,073544,088341,088193,068580,089449,090557
0000000149,0000148000,073957,085656,090466,069219,086308,093059
0000000150,0000149000,075226,082783,092070,070831,082992,094762
0000000151,0000150000,077237,079989,092853,073263,079821,095502
0000000152,0000151000,079796,077540,092744,076275,077105,095206
0000000153,0000152000,082637,075692,091749,079568,075113,093905
0000000154,0000153000,085487,074625,089967,082822,074039,091724
0000000155,0000154000,088082,074431,087566,085722,073988,088876
0000000156,0000155000,090154,075137,084787,087981,074964,085641
0000000157,0000156000,091496,076674,081909,089377,076870,082339
0000000158,0000157000,091988,078891,079200,089775,079524,079287
0000000159,0000158000,091579,081573,076927,089136,082664,076785
0000000160,0000159000,090306,084451,075322,087524,085980,075082
0000000161,0000160000,088296,087245,074538,085094,089149,074342
0000000162,0000161000,085741,089691,074647,082083,091865,074637
0000000163,0000162000,082896,091542,075641,078791,093858,075938
0000000164,0000163000,080044,092613,077422,075538,094931,078117
0000000165,0000164000,077453,092803,079824,072638,094983,080965
0000000166,0000165000,075378,092098,082603,070378,094009,084199
0000000167,0000166000,074032,090566,085481,068983,092103,087500
0000000168,0000167000,073543,088346,088190,068585,089450,090551
0000000169,0000168000,073952,085662,090465,069222,086311,093053
0000000170,0000169000,075220,082788,092071,070833,082996,094756
0000000171,0000170000,077232,079991,092856,073263,079827,095496
0000000172,0000171000,079790,077542,092748,076272,077112,095202
0000000173,0000172000,082631,075693,091754,079563,075120,093902
0000000174,0000173000,085484,074622,089973,082816,074046,091724
0000000175,0000174000,088079,074427,087572,085715,073993,088877
0000000176,0000175000,090152,075134,084793,087974,074967,085645
0000000177,0000176000,091498,076668,081914,089370,076871,082344
0000000178,0000177000,091992,078884,079203,089769,079523,079294
0000000179,0000178000,091583,081568,076929,089132,082661,076793
0000000180,0000179000,090312,084446,075321,087522,085974,075089
0000000181,0000180000,088303,087240,074535,085094,089142,074349
0000000182,0000181000,085746,089689,074643,082086,091858,074642
0000000183,0000182000,082901,091543,075635,078795,093850,075941
0000000184,0000183000,080050,092614,077416,075544,094924,078118
0000000185,0000184000,077455,092807,079817,072645,094977,080963
0000000186,0000185000,075378,092105,082596,070386,094005,084194
0000000187,0000186000,074031,090572,085476,068990,092101,087494
0000000188,0000187000,073539,088352,088187,068591,089451,090544
0000000189,0000188000,073946,085670,090463,069227,086314,093044
0000000190,0000189000,075214,082794,092071,070836,083002,094748
0000000191,0000190000,077226,079995,092859,073262,079835,095489
0000000192,0000191000,079782,077545,092752,076269,077120,095196
0000000193,0000192000,082625,075694,091761,079558,075128,093899
0000000194,0000193000,085479,074619,089980,082809,074054,091723
0000000195,0000194000,088076,074423,087580,085706,074000,088879
0000000196,0000195000,090151,075128,084800,087965,074971,085649
0000000197,0000196000,091500,076660,081919,089362,076873,082351
0000000198,0000197000,091996,078876,079208,089762,079522,079302
0000000199,0000198000,091588,081561,076930,089127,082657,076802
0000000200,0000199000,090320,084439,075320,087519,085968,075098
0000000201,0000200000,088312,087235,074532,085094,089134,074357
0000000202,0000201000,085754,089688,074637,082089,091848,074648
0000000203,0000202000,082909,091543,075628,078801,093840,075944
0000000204,0000203000,080056,092616,077408,075552,094915,078119
0000000205,0000204000,077458,092813,079808,072655,094970,080961
0000000206,0000205000,075379,092112,082588,070396,094000,084189
0000000207,0000206000,074030,090579,085469,069000,092099,087486
0000000208,0000207000,073535,088361,088183,068599,089452,090534
0000000209,0000208000,073939,085679,090461,069233,086319,093034
0000000210,0000209000,075207,082800,092072,070839,083009,094738
0000000211,0000210000,077217,080000,092862,073262,079844,095480
0000000212,0000211000,079772,077549,092758,076266,077131,095189
0000000213,0000212000,082617,075693,091769,079552,075139,093895
0000000214,0000213000,085474,074616,089989,082800,074063,091722
0000000215,0000214000,088071,074419,087589,085696,074008,088882
0000000216,0000215000,090150,075120,084808,087954,074976,085655
0000000217,0000216000,091503,076650,081927,089352,076875,082359
0000000218,0000217000,092000,078867,079213,089753,079520,079312
0000000219,0000218000,091595,081552,076932,089121,082652,076813
0000000220,0000219000,090329,084430,075319,087516,085960,075109
0000000221,0000220000,088321,087229,074528,085095,089124,074366
0000000222,0000221000,085763,089685,074631,082093,091837,074656
0000000223,0000222000,082918,091542,075619,078809,093829,075948
0000000224,0000223000,080063,092619,077398,075562,094905,078119
0000000225,0000224000,077462,092819,079798,072666,094962,080958
0000000226,0000225000,075380,092120,082579,070408,093994,084183
0000000227,0000226000,074029,090589,085462,069011,092097,087477
0000000228,0000227000,073529,088373,088177,068608,089454,090523
0000000229,0000228000,073931,085689,090459,069239,086324,093022
0000000230,0000229000,075197,082808,092073,070842,083018,094726
0000000231,0000230000,077205,080007,092867,073261,079855,095470
0000000232,0000231000,079761,077552,092765,076261,077143,095181
0000000233,0000232000,082608,075693,091778,079544,075151,093891
0000000234,0000233000,085466,074613,090000,082789,074075,091722
0000000235,0000234000,088066,074413,087600,085684,074017,088885
0000000236,0000235000,090149,075111,084819,087942,074982,085662
0000000237,0000236000,091505,076639,081935,089339,076877,082369
0000000238,0000237000,092005,078856,079218,089743,079519,079325
0000000239,0000238000,091604,081541,076935,089113,082646,076826
0000000240,0000239000,090340,084420,075318,087513,085951,075122
0000000241,0000240000,088332,087223,074523,085095,089113,074378
0000000242,0000241000,085775,089681,074623,082097,091824,074664
0000000243,0000242000,082929,091541,075609,078817,093815,075954
0000000244,0000243000,080071,092623,077386,075573,094892,078120
0000000245,0000244000,077467,092826,079786,072679,094952,080955
0000000246,0000245000,075382,092129,082568,070422,093988,084176
0000000247,0000246000,074026,090600,085452,069024,092095,087466
0000000248,0000247000,073522,088386,088171,068619,089456,090510
0000000249,0000248000,073922,085701,090456,069247,086330,093008
0000000250,0000249000,075186,082818,092075,070846,083028,094712
0000000251,0000250000,077192,080015,092872,073261,079868,095457
0000000252,0000251000,079749,077556,092774,076256,077157,095172
0000000253,0000252000,082597,075692,091789,079535,075166,093885
0000000254,0000253000,085457,074609,090013,082777,074088,091721
0000000255,0000254000,088060,074405,087613,085670,074027,088889
0000000256,0000255000,090148,075100,084831,087927,074989,085670
0000000257,0000256000,091508,076626,081945,089325,076880,082381
0000000258,0000257000,092011,078843,079225,089731,079516,079339
0000000259,0000258000,091614,081528,076938,089105,082639,076841
0000000260,0000259000,090353,084409,075317,087508,085940,075137
0000000261,0000260000,088346,087215,074518,085096,089099,074391
0000000262,0000261000,085788,089677,074614,082103,091808,074674
0000000263,0000262000,082941,091541,075597,078827,093800,075959
0000000264,0000263000,080080,092627,077372,075586,094878,078121
0000000265,0000264000,077473,092835,079772,072695,094940,080951
0000000266,0000265000,075384,092140,082555,070438,093980,084167
0000000267,0000266000,074023,090614,085442,069039,092093,087454
0000000268,0000267000,073515,088400,088163,068632,089458,090495
0000000269,0000268000,073912,085714,090453,069256,086338,092991
0000000270,0000269000,075172,082830,092076,070850,083039,094696
0000000271,0000270000,077177,080024,092878,073260,079883,095443
0000000272,0000271000,079735,077561,092784,076251,077174,095161
0000000273,0000272000,082584,075692,091802,079524,075182,093879
0000000274,0000273000,085446,074605,090028,082763,074103,091720
0000000275,0000274000,088054,074396,087628,085653,074039,088893
0000000276,0000275000,090147,075087,084845,087909,074997,085679
0000000277,0000276000,091510,076612,081957,089309,076882,082395
0000000278,0000277000,092019,078827,079233,089717,079514,079355
0000000279,0000278000,091626,081512,076941,089095,082632,076859
0000000280,0000279000,090367,084396,075316,087504,085928,075154
0000000281,0000280000,088361,087206,074512,085097,089083,074406
0000000282,0000281000,085805,089671,074603,082109,091790,074686
0000000283,0000282000,082955,091541,075583,078838,093782,075966
0000000284,0000283000,080091,092632,077356,075602,094862,078122
0000000285,0000284000,077480,092844,079756,072713,094927,080946
0000000286,0000285000,075386,092153,082539,070457,093972,084157
0000000287,0000286000,074019,090630,085429,069057,092090,087439
0000000288,0000287000,073507,088417,088155,068647,089461,090477
0000000289,0000288000,073900,085730,090449,069267,086346,092973
0000000290,0000289000,075157,082845,092078,070855,083053,094678
0000000291,0000290000,077160,080035,092884,073259,079900,095427
0000000292,0000291000,079718,077566,092795,076244,077193,095149
0000000293,0000292000,082569,075693,091817,079512,075202,093872
0000000294,0000293000,085434,074600,090045,082746,074121,091719
0000000295,0000294000,088047,074386,087646,085634,074053,088898
0000000296,0000295000,090145,075073,084861,087889,075006,085690
0000000297,0000296000,091513,076595,081970,089290,076886,082410
0000000298,0000297000,092028,078809,079242,089702,079510,079374
0000000299,0000298000,091639,081495,076945,089084,082623,076879
0000000300,0000299000,090383,084382,075314,087498,085913,075174
0000000301,0000300000,088380,087195,074505,085098,089064,074423
0000000302,0000301000,085823,089665,074591,082117,091770,074699
0000000303,0000302000,082971,091541,075567,078851,093761,075973
0000000304,0000303000,080103,092638,077338,075619,094843,078123
0000000305,0000304000,077488,092854,079737,072733,094912,080940
0000000306,0000305000,075388,092168,082522,070478,093963,084145
0000000307,0000306000,074016,090649,085415,069076,092086,087423
0000000308,0000307000,073498,088436,088145,068663,089465,090457
0000000309,0000308000,073886,085748,090445,069278,086356,092951
0000000310,0000309000,075139,082861,092079,070861,083068,094657
0000000311,0000310000,077141,080046,092892,073258,079919,095409
0000000312,0000311000,079699,077573,092808,076236,077214,095136
0000000313,0000312000,082552,075694,091834,079498,075223,093864
0000000314,0000313000,085420,074594,090064,082728,074140,091718
0000000315,0000314000,088039,074375,087666,085613,074069,088904
0000000316,0000315000,090142,075057,084880,087867,075016,085702
0000000317,0000316000,091517,076577,081986,089269,076889,082428
0000000318,0000317000,092038,078788,079253,089684,079507,079395
0000000319,0000318000,091653,081476,076950,089072,082612,076902
0000000320,0000319000,090401,084365,075312,087493,085897,075196
0000000321,0000320000,088400,087182,074497,085099,089044,074442
0000000322,0000321000,085843,089658,074578,082125,091747,074713
0000000323,0000322000,082989,091541,075549,078866,093739,075982
0000000324,0000323000,080118,092644,077318,075639,094823,078124
0000000325,0000324000,077498,092866,079716,072756,094896,080934
0000000326,0000325000,075391,092185,082503,070501,093952,084133
0000000327,0000326000,074012,090669,085398,069099,092083,087404
0000000328,0000327000,073488,088457,088133,068682,089468,090435
0000000329,0000328000,073870,085769,090440,069291,086367,092927
0000000330,0000329000,075119,082879,092081,070867,083085,094634
0000000331,0000330000,077120,080060,092900,073257,079941,095389
0000000332,0000331000,079677,077580,092822,076227,077238,095120
0000000333,0000332000,082532,075694,091853,079483,075247,093856
0000000334,0000333000,085405,074588,090086,082707,074162,091716
0000000335,0000334000,088029,074362,087688,085589,074086,088911
0000000336,0000335000,090139,075040,084900,087842,075027,085716
0000000337,0000336000,091521,076555,082003,089246,076893,082447
0000000338,0000337000,092048,078766,079265,089665,079503,079418
0000000339,0000338000,091670,081454,076956,089058,082601,076927
0000000340,0000339000,090422,084346,075310,087486,085879,075220
0000000341,0000340000,088424,087167,074488,085101,089021,074464
0000000342,0000341000,085866,089650,074563,082134,091722,074729
0000000343,0000342000,083009,091540,075529,078882,093713,075991
0000000344,0000343000,080134,092650,077295,075661,094800,078126
0000000345,0000344000,077508,092879,079692,072781,094878,080927
0000000346,0000345000,075394,092204,082481,070527,093940,084118
0000000347,0000346000,074008,090691,085380,069123,092079,087384
0000000348,0000347000,073477,088481,088121,068702,089473,090410
0000000349,0000348000,073852,085792,090434,069306,086379,092901
0000000350,0000349000,075098,082899,092083,070873,083104,094608
0000000351,0000350000,077096,080075,092909,073255,079965,095366
0000000352,0000351000,079653,077589,092837,076217,077265,095104
0000000353,0000352000,082510,075695,091874,079466,075274,093846
0000000354,0000353000,085388,074581,090110,082684,074186,091715
0000000355,0000354000,088018,074348,087713,085562,074106,088918
0000000356,0000355000,090135,075020,084924,087815,075039,085731
0000000357,0000356000,091526,076531,082022,089220,076897,082469
0000000358,0000357000,092060,078740,079279,089643,079498,079445
0000000359,0000358000,091688,081430,076962,089043,082588,076955
0000000360,0000359000,090445,084325,075309,087479,085859,075247
0000000361,0000360000,088449,087151,074478,085103,088996,074487
0000000362,0000361000,085891,089641,074547,082145,091694,074747
0000000363,0000362000,083032,091539,075507,078900,093685,076000
0000000364,0000363000,080153,092657,077269,075685,094774,078127
0000000365,0000364000,077520,092893,079666,072809,094858,080919
0000000366,0000365000,075398,092225,082456,070556,093927,084102
0000000367,0000366000,074003,090716,085360,069150,092075,087361
0000000368,0000367000,073465,088508,088106,068725,089478,090383
0000000369,0000368000,073833,085818,090427,069321,086393,092872
0000000370,0000369000,075073,082921,092084,070881,083125,094580
0000000371,0000370000,077069,080092,092919,073253,079991,095342
0000000372,0000371000,079626,077598,092855,076206,077295,095085
0000000373,0000372000,082486,075696,091897,079446,075303,093836
0000000374,0000373000,085369,074573,090137,082658,074213,091714
0000000375,0000374000,088005,074333,087740,085533,074127,088926
0000000376,0000375000,090131,074999,084949,087785,075053,085748
0000000377,0000376000,091531,076505,082044,089192,076901,082493
0000000378,0000377000,092073,078712,079294,089620,079493,079473
0000000379,0000378000,091708,081403,076969,089027,082573,076986
0000000380,0000379000,090471,084301,075307,087472,085837,075277
0000000381,0000380000,088477,087133,074468,085105,088968,074513
0000000382,0000381000,085919,089631,074529,082157,091663,074766
0000000383,0000382000,083058,091538,075483,078920,093654,076011
0000000384,0000383000,080173,092665,077241,075712,094747,078128
0000000385,0000384000,077533,092909,079637,072839,094836,080911
0000000386,0000385000,075402,092248,082429,070588,093914,084084
0000000387,0000386000,073998,090743,085337,069179,092070,087336
0000000388,0000387000,073451,088537,088090,068749,089484,090353
0000000389,0000388000,073812,085847,090419,069338,086408,092839
0000000390,0000389000,075047,082946,092086,070888,083149,094549
0000000391,0000390000,077039,080110,092930,073250,080020,095315
0000000392,0000391000,079596,077609,092873,076193,077327,095065
0000000393,0000392000,082459,075698,091922,079425,075336,093825
0000000394,0000393000,085347,074566,090166,082631,074242,091713
0000000395,0000394000,087991,074317,087771,085501,074149,088936
0000000396,0000395000,090126,074975,084978,087752,075067,085767
0000000397,0000396000,091535,076476,082068,089161,076905,082519
0000000398,0000397000,092087,078681,079311,089594,079487,079505
0000000399,0000398000,091730,081373,076977,089009,082557,077019
0000000400,0000399000,090499,084275,075305,087464,085812,075309
0000000401,0000400000,088508,087113,074457,085107,088937,074541
0000000402,0000401000,081913,091415,076306,079423,092146,075307
0000000403,0000402000,080597,089193,073121,078187,093630,076034
0000000404,0000403000,084947,094369,078938,075120,095491,078906
0000000405,0000404000,084438,091734,078456,073675,093972,080064
0000000406,0000405000,080381,089639,079795,072044,093569,083744
0000000407,0000406000,081499,090297,084826,077155,090544,085787
0000000408,0000407000,084532,085804,085224,077742,087706,088508
0000000409,0000408000,081881,087071,091476,080631,083577,089894
0000000410,0000409000,080230,080274,089199,086527,079785,091063
0000000411,0000410000,082497,080679,093371,090152,076650,091833
0000000412,0000411000,083918,077558,092647,093856,073183,090818
0000000413,0000412000,080837,076058,091947,095769,072016,090438
0000000414,0000413000,081505,076273,091549,099998,070327,087772
0000000415,0000414000,084442,075973,089164,099333,071421,086176
0000000416,0000415000,082705,077992,087728,098667,072473,083119
0000000417,0000416000,081968,076589,082067,096695,075353,080884
0000000418,0000417000,083522,082075,082859,094174,078966,078856
0000000419,0000418000,084485,082136,078040,089894,082319,076629
0000000420,0000419000,082785,086232,077682,084046,086808,076159
0000000421,0000420000,082718,087663,075579,081625,089851,075306
0000000422,0000421000,084204,088947,074436,075817,093503,076509
0000000423,0000422000,083538,092109,076626,072637,095007,077280
0000000424,0000423000,082279,090251,075417,070146,096279,079585
0000000425,0000424000,082633,092709,079894,069357,095878,081881
0000000426,0000425000,083653,090131,080529,069492,094248,084379
0000000427,0000426000,081848,089356,084005,070307,092084,087346
0000000428,0000427000,081734,086375,085750,074220,088317,089188
0000000429,0000428000,082698,084864,088965,077158,085115,091566
0000000430,0000429000,082184,082666,091217,081744,080687,092141
0000000431,0000430000,081661,079175,091361,085351,077546,092919
0000000432,0000431000,081932,078861,093351,090251,074419,092265
0000000433,0000432000,082862,075557,090929,092984,072438,091075
0000000434,0000433000,082288,076926,091759,094749,071683,089314
0000000435,0000434000,082301,075609,088404,096653,071750,086662
0000000436,0000435000,083056,077393,086905,095392,073689,084460
0000000437,0000436000,083426,078946,084373,094188,075822,081424
0000000438,0000437000,082935,079824,080657,090606,079639,079548
0000000439,0000438000,083174,083454,079558,087419,083161,077437
0000000440,0000439000,083968,084785,076587,082726,087261,076512
0000000441,0000440000,083237,088226,076546,078044,090881,076178
0000000442,0000441000,083201,088816,074759,074203,093742,076550
0000000443,0000442000,083332,091104,076110,070465,096105,078146
0000000444,0000443000,083244,091040,076630,068352,096677,079736
0000000445,0000444000,082740,091108,078624,066525,096755,082531
0000000446,0000445000,082439,090772,081421,067538,094966,084907
0000000447,0000446000,082693,088323,083055,068477,092659,087788
0000000448,0000447000,082240,087580,086876,071329,089212,090039
0000000449,0000448000,081990,083823,087736,075130,085405,091902
0000000450,0000449000,082032,082669,090907,079069,081629,093214
0000000451,0000450000,082314,079858,091606,083761,077773,093358
0000000452,0000451000,081979,078116,092143,087254,075068,093193
0000000453,0000452000,082157,076992,091937,091178,072695,091646
0000000454,0000453000,082649,075886,090306,093141,072027,089981
0000000455,0000454000,082584,076742,089194,094423,072131,087357
0000000456,0000455000,082847,076765,086087,094076,073709,084752
0000000457,0000456000,083000,079162,084535,092565,076319,082120
0000000458,0000457000,083396,080207,081079,089871,079555,079578
0000000459,0000458000,083334,083056,079343,085811,083611,077902
0000000460,0000459000,083348,085045,077161,082063,087336,076486
0000000461,0000460000,083535,087198,075879,077158,091250,076340
0000000462,0000461000,083407,089603,075958,073331,094099,076618
0000000463,0000462000,083204,089984,075446,069623,096350,078036
0000000464,0000463000,083016,091442,077431,067215,097287,079956
0000000465,0000464000,083031,090586,078413,066029,097000,082398
0000000466,0000465000,082575,090337,081224,065848,095644,085256
0000000467,0000466000,082437,088602,083436,067599,092938,087817
0000000468,0000467000,082322,086808,086036,069933,089787,090482
0000000469,0000468000,082150,084693,088436,073749,085733,092232
0000000470,0000469000,082098,081987,089937,077654,081922,093639
0000000471,0000470000,081998,080375,091712,082224,078130,093976
0000000472,0000471000,082237,077965,091544,086211,075069,093564
0000000473,0000472000,082233,077372,091885,089597,072964,092353
0000000474,0000473000,082404,076174,090172,092298,071851,090274
0000000475,0000474000,082641,076639,088744,093305,072231,087921
0000000476,0000475000,082886,077404,086520,093535,073534,084985
0000000477,0000476000,083028,078563,083840,091853,076237,082350
0000000478,0000477000,083188,080899,081799,089463,079504,079717
0000000479,0000478000,083438,082543,079015,085798,083462,077796
0000000480,0000479000,083384,085276,077692,081598,087463,076493
0000000481,0000480000,083465,086964,076017,077317,091173,075993
0000000482,0000481000,083361,089108,075911,073022,094395,076521
0000000483,0000482000,083294,090134,076070,069640,096465,077662
0000000484,0000483000,083107,090760,077173,066821,097657,079791
0000000485,0000484000,082858,090787,078974,065649,097335,082210
0000000486,0000485000,082744,089689,080846,065393,095984,085131
0000000487,0000486000,082468,088758,083709,066755,093406,087928
0000000488,0000487000,082312,086457,085648,069241,090017,090508
0000000489,0000488000,082155,084747,088327,072623,086152,092620
0000000490,0000489000,082136,082198,089842,076873,082024,093888
0000000491,0000490000,082066,080215,091121,081005,078328,094494
0000000492,0000491000,082131,078531,091638,085351,075037,093997
0000000493,0000492000,082280,077121,091144,088763,072885,092835
0000000494,0000493000,082391,076841,090356,091494,071717,090750
0000000495,0000494000,082636,076619,088334,092912,071916,088212
0000000496,0000495000,082784,077690,086545,093054,073347,085335
0000000497,0000496000,083058,078746,083880,091910,075844,082373
0000000498,0000497000,083195,080793,081710,089372,079323,079794
0000000499,0000498000,083326,082756,079420,086106,083177,077575
0000000500,0000499000,083438,084914,077639,081871,087361,076250
0000000501,0000500000,083430,087131,076601,077668,091138,075629
0000000502,0000501000,083397,088564,075884,073384,094420,076052
0000000503,0000502000,083261,090068,076535,069792,096704,077287
0000000504,0000503000,083152,090354,077260,067084,097840,079306
0000000505,0000504000,082912,090495,079125,065423,097744,081959
0000000506,0000505000,082734,089591,081071,065271,096286,084840
0000000507,0000506000,082520,088317,083418,066227,093829,087892
0000000508,0000507000,082337,086626,085813,068645,090336,090552
0000000509,0000508000,082216,084429,087845,071876,086420,092825
0000000510,0000509000,082092,082479,089778,075955,082242,094265
0000000511,0000510000,082122,080250,090685,080234,078340,094880
0000000512,0000511000,082126,078792,091361,084408,075051,094560
0000000513,0000512000,082246,077416,090856,088139,072647,093272
0000000514,0000513000,082394,077014,089963,090852,071498,091272
0000000515,0000514000,082585,077076,088326,092625,071526,088558
0000000516,0000515000,082790,077726,086239,092888,072957,085601
0000000517,0000516000,082980,079161,084100,092003,075443,082490
0000000518,0000517000,083188,080696,081614,089743,078905,079701
0000000519,0000518000,083299,082882,079735,086497,082906,077396
0000000520,0000519000,083416,084797,077861,082565,087086,075825
0000000521,0000520000,083416,086898,076858,078214,091086,075199
0000000522,0000521000,083399,088443,076361,074069,094403,075457
0000000523,0000522000,083297,089587,076674,070259,096883,076745
0000000524,0000523000,083136,090192,077697,067441,098093,078768
0000000525,0000524000,082978,089995,079162,065597,098078,081504
0000000526,0000525000,082750,089425,081297,065136,096712,084556
0000000527,0000526000,082568,088020,083328,065965,094192,087700
0000000528,0000527000,082369,086498,085715,068035,090754,090624
0000000529,0000528000,082240,084421,087659,071235,086680,092982
0000000530,0000529000,082136,082453,089367,075062,082470,094652
0000000531,0000530000,082107,080557,090463,079401,078389,095338
0000000532,0000531000,082145,078890,090828,083567,074983,095110
0000000533,0000532000,082223,077889,090633,087391,072454,093848
0000000534,0000533000,082382,077253,089533,090353,071145,091772
0000000535,0000534000,082538,077463,088144,092245,071140,089022
0000000536,0000535000,082760,078042,086114,092894,072446,085857
0000000537,0000536000,082946,079347,084033,092149,074985,082644
0000000538,0000537000,083133,080927,081823,090229,078417,079606
0000000539,0000538000,083286,082803,079843,087126,082531,077150
0000000540,0000539000,083373,084831,078278,083348,086804,075398
0000000541,0000540000,083422,086597,077130,079073,090925,074627
0000000542,0000541000,083384,088232,076844,074851,094425,074839
0000000543,0000542000,083315,089194,077015,071018,096996,076053
0000000544,0000543000,083166,089797,078032,067919,098390,078173
0000000545,0000544000,083003,089640,079457,065941,098421,080948
0000000546,0000545000,082801,088993,081345,065129,097162,084189
0000000547,0000546000,082602,087846,083437,065731,094631,087489
0000000548,0000547000,082424,086214,085494,067530,091172,090620
0000000549,0000548000,082261,084449,087495,070488,087039,093191
0000000550,0000549000,082176,082469,088958,074227,082684,095011
0000000551,0000550000,082117,080763,090065,078423,078508,095881
0000000552,0000551000,082145,079202,090391,082693,074903,095691
0000000553,0000552000,082217,078227,090148,086557,072267,094502
0000000554,0000553000,082346,077732,089218,089764,070788,092355
0000000555,0000554000,082517,077799,087782,091872,070696,089524
0000000556,0000555000,082702,078496,086021,092819,071930,086207
0000000557,0000556000,082909,079574,083938,092396,074429,082792
0000000558,0000557000,083083,081158,081993,090712,077916,079570
0000000559,0000558000,083246,082848,080075,087912,082065,076866
0000000560,0000559000,083344,084740,078624,084233,086489,074962
0000000561,0000560000,083401,086422,077618,080104,090718,074004
0000000562,0000561000,083389,087842,077261,075823,094403,074144
0000000563,0000562000,083316,088851,077546,071904,097117,075313
0000000564,0000563000,083202,089272,078385,068618,098654,077468
0000000565,0000564000,083031,089222,079818,066354,098815,080355
0000000566,0000565000,082853,088545,081491,065281,097607,083727
0000000567,0000566000,082650,087511,083472,065514,095137,087255
0000000568,0000567000,082471,086003,085384,067061,091626,090573
0000000569,0000568000,082312,084337,087183,069713,087451,093394
0000000570,0000569000,082201,082586,088605,073301,082964,095397
0000000571,0000570000,082146,080920,089524,077382,078653,096437
0000000572,0000571000,082144,079600,089909,081653,074891,096355
0000000573,0000572000,082211,078629,089584,085644,072078,095193
0000000574,0000573000,082317,078244,088785,089011,070470,093034
0000000575,0000574000,082479,078296,087427,091436,070231,090080
0000000576,0000575000,082656,078934,085788,092658,071405,086632
0000000577,0000576000,082851,079969,083927,092613,073845,082994
0000000578,0000577000,083037,081354,082076,091234,077361,079558
0000000579,0000578000,083192,082984,080400,088726,081570,076618
0000000580,0000579000,083314,084627,079008,085263,086099,074499
0000000581,0000580000,083372,086213,078169,081231,090485,073380
0000000582,0000581000,083384,087454,077810,076988,094316,073387
0000000583,0000582000,083327,088373,078106,072936,097219,074533
0000000584,0000583000,083225,088744,078900,069487,098893,076694
0000000585,0000584000,083076,088648,080175,066915,099202,079695
0000000586,0000585000,082899,088080,081757,065526,098076,083216
0000000587,0000586000,082711,087061,083493,065392,095654,086953
0000000588,0000587000,082523,085758,085286,066581,092143,090508
0000000589,0000588000,082367,084205,086850,068945,087898,093559
0000000590,0000589000,082240,082659,088157,072271,083321,095800
0000000591,0000590000,082173,081163,088963,076246,078852,097003
0000000592,0000591000,082155,079982,089267,080465,074942,097062
0000000593,0000592000,082199,079163,088990,084568,071945,095941
0000000594,0000593000,082296,078791,088208,088119,070184,093768
0000000595,0000594000,082433,078916,087023,090834,069806,090719
0000000596,0000595000,082607,079456,085496,092413,070872,087110
0000000597,0000596000,082789,080428,083872,092733,073267,083274
0000000598,0000597000,082976,081650,082195,091753,076767,079586
0000000599,0000598000,083137,083109,080712,089554,081039,076414
0000000600,0000599000,083266,084573,079510,086376,085654,074052
0000000601,0000600000,083344,085935,078755,082485,090188,072752
0000000602,0000601000,083367,087057,078502,078295,094177,072621
0000000603,0000602000,083337,087795,078750,074164,097253,073705
0000000604,0000603000,083248,088132,079518,070511,099100,075884
0000000605,0000604000,083120,087995,080630,067663,099546,078965
0000000606,0000605000,082953,087485,082054,065891,098542,082654
0000000607,0000606000,082774,086569,083589,065376,096176,086586
0000000608,0000607000,082590,085405,085142,066145,092690,090394
0000000609,0000608000,082425,084072,086525,068159,088399,093690
0000000610,0000609000,082294,082694,087617,071189,083737,096172
0000000611,0000610000,082205,081446,088324,074978,079140,097575
0000000612,0000611000,082174,080417,088521,079140,075066,097773
0000000613,0000612000,082194,079760,088271,083295,071904,096733
0000000614,0000613000,082272,079462,087551,087050,069964,094546
0000000615,0000614000,082391,079606,086495,090044,069442,091425
0000000616,0000615000,082549,080114,085175,092013,070377,087658
0000000617,0000616000,082725,080948,083747,092744,072699,083622
0000000618,0000617000,082905,082042,082334,092195,076168,079690
0000000619,0000618000,083073,083265,081051,090392,080464,076262
0000000620,0000619000,083208,084527,080076,087526,085160,073659
0000000621,0000620000,083305,085652,079450,083861,089809,072144
0000000622,0000621000,083346,086580,079283,079746,093958,071869
0000000623,0000622000,083337,087163,079544,075581,097197,072862
0000000624,0000623000,083272,087394,080221,071738,099224,075042
0000000625,0000624000,083161,087255,081210,068600,099827,078192
0000000626,0000625000,083014,086763,082411,066440,098957,082026
0000000627,0000626000,082841,085988,083733,065482,096687,086161
0000000628,0000627000,082665,084980,085006,065804,093241,090206
0000000629,0000628000,082495,083876,086154,067383,088947,093765
0000000630,0000629000,082355,082736,087026,070071,084219,096489
0000000631,0000630000,082252,081729,087560,073601,079521,098115
0000000632,0000631000,082198,080932,087681,077654,075299,098471
0000000633,0000632000,082198,080424,087407,081829,071974,097528
0000000634,0000633000,082249,080254,086782,085753,069860,095357
0000000635,0000634000,082350,080410,085857,089042,069170,092175
0000000636,0000635000,082487,080883,084770,091400,069965,088279
0000000637,0000636000,082653,081589,083588,092598,072173,084044
0000000638,0000637000,082827,082502,082451,092521,075584,079882
0000000639,0000638000,082996,083494,081446,091184,079864,076193
0000000640,0000639000,083142,084482,080698,088700,084606,073343
0000000641,0000640000,083252,085363,080265,085323,089343,071603
0000000642,0000641000,083317,086034,080184,081357,093623,071156
0000000643,0000642000,083329,086445,080476,077189,097023,072044
0000000644,0000643000,083291,086549,081060,073200,099220,074191
0000000645,0000644000,083202,086381,081895,069767,099998,077392
0000000646,0000645000,083075,085931,082871,067213,099280,081342
0000000647,0000646000,082917,085279,083910,065772,097140,085663
0000000648,0000647000,082747,084479,084895,065592,093775,089933
0000000649,0000648000,082579,083608,085739,066676,089517,093746
0000000650,0000649000,082428,082766,086365,068936,084771,096722
0000000651,0000650000,082311,082032,086686,072145,080003,098574
0000000652,0000651000,082235,081500,086704,076006,075671,099115
0000000653,0000652000,082210,081191,086407,080156,072196,098287
0000000654,0000653000,082235,081153,085860,084204,069916,096167
0000000655,0000654000,082310,081356,085111,087777,069047,092952
0000000656,0000655000,082426,081773,084258,090534,069677,088955
0000000657,0000656000,082574,082361,083379,092225,071740,084552
0000000658,0000657000,082740,083055,082551,092681,075043,080175
0000000659,0000658000,082907,083788,081876,091869,079262,076244
0000000660,0000659000,083062,084468,081401,089859,083993,073142
0000000661,0000660000,083186,085046,081188,086844,088775,071175
0000000662,0000661000,083273,085437,081238,083110,093143,070535
0000000663,0000662000,083312,085622,081548,079003,096679,071292
0000000664,0000663000,083301,085592,082057,074914,099037,073373
0000000665,0000664000,083241,085360,082707,071215,099995,076585
0000000666,0000665000,083136,084963,083436,068259,099457,080617
0000000667,0000666000,082998,084442,084151,066316,097480,085085
0000000668,0000667000,082838,083867,084797,065573,094252,089557
0000000669,0000668000,082673,083278,085299,066099,090085,093599
0000000670,0000669000,082516,082760,085614,067841,085385,096819
0000000671,0000670000,082383,082361,085702,070639,080605,098900
0000000672,0000671000,082286,082122,085574,074223,076210,099640
0000000673,0000672000,082233,082063,085254,078266,072622,098960
0000000674,0000673000,082229,082177,084778,082385,070189,096924
0000000675,0000674000,082274,082445,084223,086201,069141,093725
0000000676,0000675000,082365,082816,083639,089356,069578,089669
0000000677,0000676000,082492,083265,083096,091556,071458,085146
0000000678,0000677000,082644,083726,082639,092599,074593,080591
0000000679,0000678000,082807,084151,082330,092382,078685,076447
0000000680,0000679000,082966,084493,082190,090933,083333,073113
0000000681,0000680000,083106,084710,082229,088383,088087,070918
0000000682,0000681000,083214,084781,082444,084975,092487,070075
0000000683,0000682000,083281,084701,082786,081025,096110,070669
0000000684,0000683000,083301,084501,083217,076902,098608,072645
0000000685,0000684000,083272,084196,083674,072987,099742,075814
0000000686,0000685000,083196,083838,084112,069644,099408,079874
0000000687,0000686000,083082,083469,084472,067186,097640,084432
0000000688,0000687000,082938,083132,084720,065838,094611,089053
0000000689,0000688000,082779,082870,084831,065729,090615,093285
0000000690,0000689000,082619,082717,084783,066865,086043,096720
0000000691,0000690000,082473,082700,084596,069141,081336,099023
0000000692,0000691000,082354,082806,084293,072343,076950,099969
0000000693,0000692000,082272,083031,083925,076173,073308,099467
0000000694,0000693000,082236,083336,083533,080278,070755,097562
0000000695,0000694000,082248,083681,083178,084276,069535,094438
0000000696,0000695000,082307,084020,082900,087798,069760,090391
0000000697,0000696000,082408,084313,082731,090515,071405,085815
0000000698,0000697000,082541,084519,082701,092178,074306,081149
0000000699,0000698000,082695,084602,082812,092631,078179,076845
0000000700,0000699000,082855,084555,083056,091834,082646,073320
0000000701,0000700000,083007,084368,083397,089864,087274,070916
0000000702,0000701000,083136,084066,083800,086903,091616,069865
0000000703,0000702000,083232,083686,084200,083227,095255,070267
0000000704,0000703000,083286,083275,084548,079173,097846,072085
0000000705,0000704000,083292,082881,084800,075118,099145,075144
0000000706,0000705000,083251,082554,084916,071435,099032,079150
0000000707,0000706000,083165,082345,084877,068467,097523,083717
0000000708,0000707000,083044,082275,084677,066487,094770,088403
0000000709,0000708000,082896,082372,084336,065677,091046,092755
0000000710,0000709000,082738,082635,083880,066112,086715,096350
0000000711,0000710000,082581,083040,083368,067747,082198,098845
0000000712,0000711000,082442,083543,082863,070433,077929,099998
0000000713,0000712000,082331,084092,082424,073921,074318,099701
0000000714,0000713000,082260,084623,082114,077890,071704,097982
0000000715,0000714000,082234,085068,081973,081975,070334,095009
0000000716,0000715000,082257,085380,082028,085799,070332,091068
0000000717,0000716000,082326,085511,082282,089010,071691,086539
0000000718,0000717000,082434,085435,082725,091310,074270,081863
0000000719,0000718000,082573,085145,083314,092490,077813,077489
0000000720,0000719000,082729,084662,083988,092442,081970,073843
0000000721,0000720000,082888,084029,084678,091173,086337,071273
0000000722,0000721000,083037,083309,085299,088802,090494,070022
0000000723,0000722000,083162,082585,085776,085545,094046,070207
0000000724,0000723000,083251,081932,086049,081702,096658,071809
0000000725,0000724000,083297,081424,086080,077624,098087,074671
0000000726,0000725000,083294,081124,085849,073687,098204,078514
0000000727,0000726000,083244,081077,085368,070253,097008,082968
0000000728,0000727000,083150,081300,084674,067639,094625,087599
0000000729,0000728000,083022,081788,083829,066082,091297,091958
0000000730,0000729000,082870,082503,082919,065724,087353,095626
0000000731,0000730000,082709,083373,082043,066596,083178,098253
0000000732,0000731000,082552,084314,081302,068615,079173,099593
0000000733,0000732000,082414,085226,080778,071598,075717,099522
0000000734,0000733000,082307,086011,080540,075272,073132,098052
0000000735,0000734000,082241,086582,080624,079303,071659,095328
0000000736,0000735000,082222,086873,081035,083320,071427,091615
0000000737,0000736000,082252,086838,081749,086955,072447,087276
0000000738,0000737000,082329,086460,082707,089874,074606,082733
0000000739,0000738000,082445,085768,083818,091812,077682,078426
0000000740,0000739000,082590,084818,084967,092593,081367,074769
0000000741,0000740000,082752,083702,086037,092150,085300,072109
0000000742,0000741000,082915,082533,086906,090524,089105,070692
0000000743,0000742000,083066,081431,087477,087864,092423,070645
0000000744,0000743000,083191,080507,087684,084410,094946,071966
0000000745,0000744000,083278,079864,087488,080475,096444,074523
0000000746,0000745000,083319,079582,086891,076421,096786,078063
0000000747,0000746000,083310,079702,085938,072617,095952,082242
0000000748,0000747000,083252,080232,084713,069413,094042,086647
0000000749,0000748000,083150,081133,083329,067099,091257,090854
0000000750,0000749000,083013,082324,081932,065883,087880,094458
0000000751,0000750000,082854,083686,080666,065873,084240,097121
0000000752,0000751000,082685,085088,079665,067067,080688,098599
0000000753,0000752000,082523,086387,079040,069358,077554,098762
0000000754,0000753000,082382,087450,078865,072538,075129,097605
0000000755,0000754000,082274,088166,079174,076322,073629,095245
0000000756,0000755000,082210,088445,079954,080365,073185,091918
0000000757,0000756000,082196,088240,081149,084297,073821,087953
0000000758,0000757000,082233,087553,082648,087761,075454,083738
0000000759,0000758000,082319,086445,084304,090440,077907,079685
0000000760,0000759000,082445,085016,085949,092097,080926,076180
0000000761,0000760000,082601,083406,087413,092583,084214,073549
0000000762,0000761000,082771,081774,088546,091858,087456,072030
0000000763,0000762000,082943,080279,089225,089988,090352,071753
0000000764,0000763000,083100,079073,089374,087139,092637,072733
0000000765,0000764000,083229,078282,088956,083567,094109,074863
0000000766,0000765000,083316,078008,087991,079595,094643,077930
0000000767,0000766000,083354,078295,086557,075585,094212,081626
0000000768,0000767000,083338,079133,084789,071901,092880,085587
0000000769,0000768000,083271,080448,082862,068879,090799,089426
0000000770,0000769000,083158,082110,080973,066787,088190,092779
0000000771,0000770000,083009,083959,079315,065810,085312,095334
0000000772,0000771000,082838,085818,078051,066034,082440,096867
0000000773,0000772000,082659,087505,077315,067437,079838,097249
0000000774,0000773000,082488,088850,077194,069896,077740,096459
0000000775,0000774000,082340,089714,077717,073191,076330,094588
0000000776,0000775000,082230,089987,078859,077027,075719,091829
0000000777,0000776000,082168,089619,080527,081055,075943,088461
0000000778,0000777000,082160,088633,082556,084911,076950,084820
0000000779,0000778000,082207,087123,084742,088245,078618,081260
0000000780,0000779000,082304,085237,086865,090758,080765,078120
0000000781,0000780000,082443,083159,088709,092231,083173,075685
0000000782,0000781000,082612,081088,090096,092534,085612,074170
0000000783,0000782000,082796,079217,090888,091643,087861,073694
0000000784,0000783000,082979,077738,090986,089634,089719,074284
0000000785,0000784000,083144,076807,090362,086685,091031,075866
0000000786,0000785000,083276,076535,089052,083059,091696,078269
0000000787,0000786000,083363,076980,087165,079082,091680,081247
0000000788,0000787000,083395,078105,084889,075115,091014,084500
0000000789,0000788000,083370,079798,082460,071518,089793,087709
0000000790,0000789000,083291,081890,080122,068610,088158,090573
0000000791,0000790000,083164,084176,078106,066647,086278,092832
0000000792,0000791000,083001,086445,076605,065801,084333,094295
0000000793,0000792000,082816,088480,075763,066145,082498,094846
0000000794,0000793000,082624,090081,075687,067649,080931,094459
0000000795,0000794000,082444,091073,076403,070183,079759,093193
0000000796,0000795000,082291,091340,077869,073523,079064,091191
0000000797,0000796000,082180,090825,079956,077371,078879,088664
0000000798,0000797000,082123,089574,082453,081377,079189,085870
0000000799,0000798000,082124,087719,085098,085180,079931,083082
0000000800,0000799000,082183,085445,087626,088441,081011,080562
0000000801,0000800000,082295,082975,089793,090875,082310,078533
0000000802,0000801000,082449,080537,091393,092268,083703,077165
0000000803,0000802000,082632,078357,092277,092500,085065,076558
0000000804,0000803000,082829,076653,092334,091550,086287,076741
0000000805,0000804000,083022,075612,091532,089498,087276,077671
0000000806,0000805000,083194,075353,089931,086525,087971,079230
0000000807,0000806000,083327,075929,087672,082892,088344,081248
0000000808,0000807000,083409,077290,084985,078928,088395,083516
0000000809,0000808000,083432,079282,082159,074993,088152,085811
0000000810,0000809000,083395,081706,079475,071435,087662,087919
0000000811,0000810000,083302,084327,077182,068566,086990,089658
0000000812,0000811000,083160,086902,075503,066637,086202,090889
0000000813,0000812000,082983,089195,074591,065815,085365,091523
0000000814,0000813000,082784,090979,074553,066172,084540,091536
0000000815,0000814000,082582,092054,075429,067681,083777,090958
0000000816,0000815000,082396,092298,077144,070210,083114,089876
0000000817,0000816000,082242,091673,079538,073539,082571,088417
0000000818,0000817000,082136,090221,082377,077370,082162,086738
0000000819,0000818000,082088,088120,085339,081354,081896,085003
0000000820,0000819000,082101,085595,088133,085138,081770,083372
0000000821,0000820000,082173,082859,090518,088392,081780,081981
0000000822,0000821000,082299,080181,092258,090830,081923,080934
0000000823,0000822000,082467,077817,093177,092241,082189,080301
0000000824,0000823000,082662,075985,093191,092503,082570,080106
0000000825,0000824000,082869,074889,092264,091590,083063,080324
0000000826,0000825000,083067,074670,090456,089579,083660,080904
0000000827,0000826000,083238,075343,087965,086643,084346,081762
0000000828,0000827000,083367,076846,085034,083043,085098,082799
0000000829,0000828000,083439,079022,081982,079103,085874,083916
0000000830,0000829000,083451,081615,079120,075179,086623,085010
0000000831,0000830000,083402,084408,076692,071609,087296,085997
0000000832,0000831000,083295,087144,074925,068708,087829,086811
0000000833,0000832000,083141,089539,074007,066725,088169,087408
0000000834,0000833000,082953,091381,074027,065834,088269,087768
0000000835,0000834000,082748,092466,074997,066114,088083,087905
0000000836,0000835000,082542,092663,076857,067543,087590,087842
0000000837,0000836000,082357,091953,079400,070001,086790,087614
0000000838,0000837000,082209,090416,082372,073272,085719,087258
0000000839,0000838000,082112,088218,085449,077065,084449,086806
0000000840,0000839000,082076,085607,088316,081032,083081,086301
0000000841,0000840000,082100,082805,090752,084835,081722,085768
0000000842,0000841000,082185,080062,092508,088137,080501,085230
0000000843,0000842000,082320,077692,093398,090653,079534,084706
0000000844,0000843000,082497,075880,093340,092167,078924,084206
0000000845,0000844000,082697,074826,092347,092542,078771,083726
0000000846,0000845000,082904,074667,090467,091749,079126,083269
0000000847,0000846000,083098,075403,087920,089844,080002,082858
0000000848,0000847000,083263,076939,084979,086999,081356,082508
0000000849,0000848000,083381,079115,081938,083461,083089,082259
0000000850,0000849000,083442,081700,079113,079555,085054,082137
0000000851,0000850000,083444,084446,076735,075618,087082,082174
0000000852,0000851000,083384,087127,075035,071996,088988,082393
0000000853,0000852000,083270,089436,074187,069004,090587,082807
0000000854,0000853000,083111,091166,074289,066896,091719,083419
0000000855,0000854000,082921,092150,075305,065862,092236,084218
0000000856,0000855000,082718,092270,077153,065987,092052,085178
0000000857,0000856000,082519,091524,079649,067271,091137,086230
0000000858,0000857000,082343,090007,082507,069603,089545,087288
0000000859,0000858000,082206,087906,085433,072778,087396,088253
0000000860,0000859000,082121,085412,088147,076511,084875,089026
0000000861,0000860000,082093,082765,090420,080472,082211,089516
0000000862,0000861000,082126,080217,092020,084319,079647,089648
0000000863,0000862000,082215,078033,092783,087712,077428,089381
0000000864,0000863000,082353,076422,092646,090364,075775,088694
0000000865,0000864000,082527,075537,091626,092041,074881,087605
0000000866,0000865000,082720,075479,089830,092599,074867,086172
0000000867,0000866000,082918,076222,087447,091985,075774,084505
0000000868,0000867000,083101,077674,084752,090245,077554,082751
0000000869,0000868000,083253,079671,081998,087535,080061,081073
0000000870,0000869000,083360,082023,079454,084090,083075,079643
0000000871,0000870000,083413,084493,077363,080222,086319,078609
0000000872,0000871000,083408,086846,075909,076263,089497,078097
0000000873,0000872000,083346,088854,075246,072563,092302,078186
0000000874,0000873000,083235,090290,075436,069437,094457,078910
0000000875,0000874000,083082,091040,076448,067156,095732,080246
0000000876,0000875000,082903,091039,078145,065920,095966,082108
0000000877,0000876000,082713,090305,080357,065835,095105,084350
0000000878,0000877000,082528,088937,082843,066919,093198,086765
0000000879,0000878000,082366,087090,085345,069074,090406,089128
0000000880,0000879000,082241,084947,087640,072115,086975,091204
0000000881,0000880000,082164,082705,089504,075770,083225,092782
0000000882,0000881000,082140,080607,090763,079718,079504,093689
0000000883,0000882000,082172,078853,091284,083617,076166,093807
0000000884,0000883000,082255,077625,091040,087127,073541,093087
0000000885,0000884000,082381,077034,090064,089950,071901,091554
0000000886,0000885000,082540,077117,088487,091838,071431,089318
0000000887,0000886000,082717,077834,086495,092629,072203,086563
0000000888,0000887000,082897,079087,084290,092246,074174,083542
0000000889,0000888000,083064,080749,082096,090724,077171,080541
0000000890,0000889000,083204,082638,080115,088193,080924,077853
0000000891,0000890000,083303,084577,078548,084876,085085,075747
0000000892,0000891000,083354,086362,077532,081067,089262,074442
0000000893,0000892000,083353,087812,077171,077095,093057,074096
0000000894,0000893000,083302,088777,077488,073307,096097,074772
0000000895,0000894000,083206,089180,078414,070026,098079,076444
0000000896,0000895000,083073,089013,079827,067537,098790,078985
0000000897,0000896000,082915,088316,081561,066056,098140,082176
0000000898,0000897000,082745,087191,083434,065713,096173,085724
0000000899,0000898000,082579,085760,085252,066542,093061,089293
0000000900,0000899000,082430,084170,086852,068470,089091,092539
0000000901,0000900000,082312,082584,088075,071331,084632,095138
0000000902,0000901000,082054,093218,091791,073593,084487,097047
0000000903,0000902000,081559,099998,088905,078878,084487,097189
0000000904,0000903000,075336,085205,085930,079178,084487,098224
0000000905,0000904000,069805,078631,093587,079178,084487,095805
0000000906,0000905000,071654,082250,084611,079178,084487,091627
0000000907,0000906000,081720,084561,080668,079178,084487,089124
0000000908,0000907000,081002,071221,082567,079178,084487,084921
0000000909,0000908000,085175,071901,099040,079178,084487,084921
0000000910,0000909000,083930,074401,097889,079178,084487,084921
0000000911,0000910000,085191,073178,080112,079178,084487,084921
0000000912,0000911000,099998,079431,083639,079178,084487,084921
0000000913,0000912000,090452,068882,080913,079178,084487,084921
0000000914,0000913000,089981,077173,082806,079178,084487,084921
0000000915,0000914000,094867,087851,075602,079178,084487,084921
0000000916,0000915000,091041,082340,066156,079178,084487,084921
0000000917,0000916000,093457,086873,079900,079178,084487,084921
0000000918,0000917000,082160,086499,076756,079178,084487,084921
0000000919,0000918000,081843,094693,069529,079178,084487,084921
0000000920,0000919000,086883,099251,072334,079178,084487,084921
0000000921,0000920000,075706,088089,077405,079178,084487,084921
0000000922,0000921000,073727,092969,090203,079178,084487,084921
0000000923,0000922000,071448,095223,083026,079178,084487,084921
0000000924,0000923000,073884,092281,078126,079178,084487,084921
0000000925,0000924000,077107,088496,091974,079178,084487,084921
0000000926,0000925000,067538,079047,096626,079178,084487,084921
0000000927,0000926000,072465,084455,096615,079178,084487,084921
0000000928,0000927000,079854,083219,089520,079178,084487,084921
0000000929,0000928000,081033,073132,089889,079178,084487,084921
0000000930,0000929000,083444,072808,099998,079178,084487,084921
0000000931,0000930000,081186,072256,091975,079178,084487,084921
0000000932,0000931000,089856,076479,084295,079178,084487,084921
0000000933,0000932000,095368,074365,084318,079178,084487,084921
0000000934,0000933000,090395,069671,084632,079178,084487,084921
0000000935,0000934000,092501,078974,083287,079178,084487,084921
0000000936,0000935000,093123,082961,071534,079178,084487,084921
0000000937,0000936000,094467,083104,070979,079178,084487,084921
0000000938,0000937000,091467,084221,078670,079178,084487,084921
0000000939,0000938000,083672,087056,074996,079178,084487,084921
0000000940,0000939000,086152,096338,070752,079178,084487,084921
0000000941,0000940000,084482,094772,070292,079178,084487,084921
0000000942,0000941000,077907,090421,079083,079178,084487,084921
0000000943,0000942000,074191,093860,085893,079178,084487,084921
0000000944,0000943000,071894,095132,079815,079178,084487,084921
0000000945,0000944000,075641,094325,081829,079178,084487,084921
0000000946,0000945000,073303,087071,090610,079178,084487,084921
0000000947,0000946000,068860,082934,095288,079178,084487,084921
0000000948,0000947000,073078,086051,094063,079178,084487,084921
0000000949,0000948000,076971,081432,089514,079178,084487,084921
0000000950,0000949000,080286,075450,094789,079178,084487,084921
0000000951,0000950000,080579,072920,098343,079178,084487,084921
0000000952,0000951000,082303,073690,091328,079178,084487,084921
0000000953,0000952000,089874,075909,086567,079178,084487,084921
0000000954,0000953000,091508,071468,085927,079178,084487,084921
0000000955,0000954000,091088,071328,087124,079178,084487,084921
0000000956,0000955000,092875,077713,081552,079178,084487,084921
0000000957,0000956000,094060,080813,072986,079178,084487,084921
0000000958,0000957000,095007,081983,074571,079178,084487,084921
0000000959,0000958000,090393,082447,076914,079178,084487,084921
0000000960,0000959000,087097,088018,073810,079178,084487,084921
0000000961,0000960000,087690,094131,070199,079178,084487,084921
0000000962,0000961000,084217,092821,071431,079178,084487,084921
0000000963,0000962000,079421,092337,079116,079178,084487,084921
0000000964,0000963000,075375,094149,080889,079178,084487,084921
0000000965,0000964000,074331,095716,078626,079178,084487,084921
0000000966,0000965000,074662,093958,083061,079178,084487,084921
0000000967,0000966000,071255,088147,089632,079178,084487,084921
0000000968,0000967000,070603,086800,092901,079178,084487,084921
0000000969,0000968000,073016,086335,091492,079178,084487,084921
0000000970,0000969000,075335,081502,091866,079178,084487,084921
0000000971,0000970000,077532,077087,096632,079178,084487,084921
0000000972,0000971000,078832,074520,096175,079178,084487,084921
0000000973,0000972000,083455,074836,091581,079178,084487,084921
0000000974,0000973000,087877,073982,089169,079178,084487,084921
0000000975,0000974000,088739,071122,089071,079178,084487,084921
0000000976,0000975000,090907,072518,087398,079178,084487,084921
0000000977,0000976000,093640,076113,080160,079178,084487,084921
0000000978,0000977000,094744,078378,076477,079178,084487,084921
0000000979,0000978000,093596,079810,077610,079178,084487,084921
0000000980,0000979000,090967,082428,075857,079178,084487,084921
0000000981,0000980000,090608,087874,071978,079178,084487,084921
0000000982,0000981000,089045,090689,070467,079178,084487,084921
0000000983,0000982000,084431,091395,073630,079178,084487,084921
0000000984,0000983000,080139,093515,077216,079178,084487,084921
0000000985,0000984000,078066,094993,076502,079178,084487,084921
0000000986,0000985000,076938,095278,077967,079178,084487,084921
0000000987,0000986000,073405,093160,083848,079178,084487,084921
0000000988,0000987000,070416,090843,088166,079178,084487,084921
0000000989,0000988000,071836,089926,088906,079178,084487,084921
0000000990,0000989000,073335,086531,089955,079178,084487,084921
0000000991,0000990000,073591,081781,094595,079178,084487,084921
0000000992,0000991000,074390,079230,096906,079178,084487,084921
0000000993,0000992000,078023,077605,093882,079178,084487,084921
0000000994,0000993000,083478,075201,091779,079178,084487,084921
0000000995,0000994000,085407,072001,092606,079178,084487,084921
0000000996,0000995000,086110,071632,092096,079178,084487,084921
0000000997,0000996000,090065,073764,086703,079178,084487,084921
0000000998,0000997000,094416,074828,080399,079178,084487,084921
0000000999,0000998000,094719,075294,080270,079178,084487,084921
0000001000,0000999000,092173,077753,080220,079178,084487,084921
0000001001,0001000000,091910,082674,075206,079178,084487,084921
0000001002,0001001000,093270,086576,070628,079178,084487,084921
0000001003,0001002000,090727,087268,071794,079178,084487,084921
0000001004,0001003000,085120,089774,075247,079178,084487,084921
0000001005,0001004000,081349,094167,074707,079178,084487,084921
0000001006,0001005000,080885,095723,073175,079178,084487,084921
0000001007,0001006000,078979,094101,077307,079178,084487,084921
0000001008,0001007000,073434,092736,083762,079178,084487,084921
0000001009,0001008000,070497,093566,085973,079178,084487,084921
0000001010,0001009000,072427,092480,085361,079178,084487,084921
0000001011,0001010000,073639,087245,088928,079178,084487,084921
0000001012,0001011000,072175,082639,095459,079178,084487,084921
0000001013,0001012000,072098,081608,096340,079178,084487,084921
0000001014,0001013000,076846,080507,092622,079178,084487,084921
0000001015,0001014000,082126,075828,092326,079178,084487,084921
0000001016,0001015000,083275,071410,095189,079178,084487,084921
0000001017,0001016000,084026,072214,093937,079178,084487,084921
0000001018,0001017000,088538,074512,087062,079178,084487,084921
0000001019,0001018000,093735,073785,082422,079178,084487,084921
0000001020,0001019000,094259,072789,083215,079178,084487,084921
0000001021,0001020000,091938,076049,081953,079178,084487,084921
0000001022,0001021000,092600,081833,075677,079178,084487,084921
0000001023,0001022000,094503,084520,071133,079178,084487,084921
0000001024,0001023000,092265,084693,072977,079178,084487,084921
0000001025,0001024000,086838,087986,075401,079178,084487,084921
0000001026,0001025000,083463,093489,073048,079178,084487,084921
0000001027,0001026000,082968,095550,071538,079178,084487,084921
0000001028,0001027000,080493,093519,076167,079178,084487,084921
0000001029,0001028000,075073,092829,082050,079178,084487,084921
0000001030,0001029000,071806,094975,083399,079178,084487,084921
0000001031,0001030000,072548,094232,083276,079178,084487,084921
0000001032,0001031000,073274,088975,087771,079178,084487,084921
0000001033,0001032000,071633,084603,093938,079178,084487,084921
0000001034,0001033000,071213,083742,095024,079178,084487,084921
0000001035,0001034000,075055,082403,092676,079178,084487,084921
0000001036,0001035000,079495,077409,093195,079178,084487,084921
0000001037,0001036000,081200,072795,096018,079178,084487,084921
0000001038,0001037000,082737,072741,094691,079178,084487,084921
0000001039,0001038000,086717,074278,089007,079178,084487,084921
0000001040,0001039000,091307,073256,085532,079178,084487,084921
0000001041,0001040000,093044,071780,085294,079178,084487,084921
0000001042,0001041000,092663,074485,082857,079178,084487,084921
0000001043,0001042000,093174,079479,077510,079178,084487,084921
0000001044,0001043000,094308,082012,073713,079178,084487,084921
0000001045,0001044000,093178,083083,073811,079178,084487,084921
0000001046,0001045000,089556,086366,074205,079178,084487,084921
0000001047,0001046000,086434,091140,072432,079178,084487,084921
0000001048,0001047000,084490,093913,071735,079178,084487,084921
0000001049,0001048000,081396,093758,074901,079178,084487,084921
0000001050,0001049000,077825,093526,078717,079178,084487,084921
0000001051,0001050000,074745,094910,080469,079178,084487,084921
0000001052,0001051000,072821,094808,082402,079178,084487,084921
0000001053,0001052000,071967,091421,086724,079178,084487,084921
0000001054,0001053000,071787,087799,090479,079178,084487,084921
0000001055,0001054000,071915,085716,092432,079178,084487,084921
0000001056,0001055000,073285,083289,093530,079178,084487,084921
0000001057,0001056000,075773,079698,094586,079178,084487,084921
0000001058,0001057000,078775,076111,095212,079178,084487,084921
0000001059,0001058000,082006,073826,094252,079178,084487,084921
0000001060,0001059000,085073,073058,091930,079178,084487,084921
0000001061,0001060000,087576,072899,089618,079178,084487,084921
0000001062,0001061000,090640,072561,086867,079178,084487,084921
0000001063,0001062000,093519,073523,083024,079178,084487,084921
0000001064,0001063000,093995,075894,080222,079178,084487,084921
0000001065,0001064000,093118,078847,078094,079178,084487,084921
0000001066,0001065000,093050,082040,075000,079178,084487,084921
0000001067,0001066000,092570,085351,072168,079178,084487,084921
0000001068,0001067000,090137,087655,072250,079178,084487,084921
0000001069,0001068000,085957,090528,073628,079178,084487,084921
0000001070,0001069000,082253,093743,074055,079178,084487,084921
0000001071,0001070000,080648,095007,074437,079178,084487,084921
0000001072,0001071000,078590,094311,077198,079178,084487,084921
0000001073,0001072000,074226,093890,081931,079178,084487,084921
0000001074,0001073000,070941,093606,085569,079178,084487,084921
0000001075,0001074000,071771,091845,086430,079178,084487,084921
0000001076,0001075000,073227,087967,088892,079178,084487,084921
0000001077,0001076000,072430,084029,093630,079178,084487,084921
0000001078,0001077000,072294,081865,095894,079178,084487,084921
0000001079,0001078000,075778,080176,094163,079178,084487,084921
0000001080,0001079000,080723,076224,093108,079178,084487,084921
0000001081,0001080000,083378,072400,094311,079178,084487,084921
0000001082,0001081000,084270,072243,093575,079178,084487,084921
0000001083,0001082000,087432,073805,088814,079178,084487,084921
0000001084,0001083000,092471,073519,084112,079178,084487,084921
0000001085,0001084000,094471,072835,082758,079178,084487,084921
0000001086,0001085000,092842,075390,081853,079178,084487,084921
0000001087,0001086000,092412,080383,077297,079178,084487,084921
0000001088,0001087000,093995,083760,072310,079178,084487,084921
0000001089,0001088000,093168,084771,072151,079178,084487,084921
0000001090,0001089000,088561,087011,074495,079178,084487,084921
0000001091,0001090000,084314,091938,073825,079178,084487,084921
0000001092,0001091000,082852,095262,071969,079178,084487,084921
0000001093,0001092000,081351,094379,074344,079178,084487,084921
0000001094,0001093000,077132,093067,079893,079178,084487,084921
0000001095,0001094000,072570,094335,083168,079178,084487,084921
0000001096,0001095000,071650,094704,083727,079178,084487,084921
0000001097,0001096000,072990,090971,086117,079178,084487,084921
0000001098,0001097000,072542,086171,091356,079178,084487,084921
0000001099,0001098000,071210,084007,094868,079178,084487,084921
0000001100,0001099000,073060,082857,094159,079178,084487,084921
0000001101,0001100000,077573,079397,093115,079178,084487,084921
