0000000001,0000000000,091271,087614,075356,092685,089780,074133
0000000002,0000001000,088723,090048,075470,089670,092496,074432
0000000003,0000002000,085872,091903,076468,086370,094491,075737
0000000004,0000003000,083026,092964,078250,083115,095560,077923
0000000005,0000004000,080442,093148,080652,080211,095610,080777
0000000006,0000005000,078370,092441,083431,077950,094631,084017
0000000007,0000006000,077024,090911,086306,076556,092718,087323
0000000008,0000007000,076551,088679,089011,076161,090059,090378
0000000009,0000008000,076959,086002,091281,076802,086915,092881
0000000010,0000009000,078227,083134,092881,078420,083594,094584
0000000011,0000010000,080246,080336,093660,080857,080419,095322
0000000012,0000011000,082807,077887,093546,083871,077703,095023
0000000013,0000012000,085636,076056,092550,087170,075710,093718
0000000014,0000013000,088490,074985,090765,090429,074637,091532
0000000015,0000014000,091087,074790,088364,093331,074588,088678
0000000016,0000015000,093146,075509,085586,095589,075570,085439
0000000017,0000016000,094482,077049,082710,096987,077478,082132
0000000018,0000017000,094981,079257,080005,097381,080139,079077
0000000019,0000018000,094562,081944,077736,096738,083286,076574
0000000020,0000019000,093279,084826,076136,095121,086606,074871
0000000021,0000020000,091277,087608,075356,092687,089777,074133
0000000022,0000021000,088722,090049,075470,089667,092498,074432
0000000023,0000022000,085871,091904,076467,086371,094490,075737
0000000024,0000023000,083026,092965,078251,083114,095561,077923
0000000025,0000024000,080445,093145,080653,080211,095610,080777
0000000026,0000025000,078367,092445,083430,077949,094632,084017
0000000027,0000026000,077027,090908,086306,076556,092718,087323
0000000028,0000027000,076549,088681,089012,076160,090059,090378
0000000029,0000028000,076958,086002,091280,076801,086915,092881
0000000030,0000029000,078227,083134,092881,078419,083594,094584
0000000031,0000030000,080248,080334,093661,080856,080420,095322
0000000032,0000031000,082803,077892,093547,083871,077703,095023
0000000033,0000032000,085638,076054,092549,087169,075710,093718
0000000034,0000033000,088492,074984,090765,090428,074637,091533
0000000035,0000034000,091084,074793,088365,093329,074590,088679
0000000036,0000035000,093145,075510,085586,095590,075569,085439
0000000037,0000036000,094488,077044,082710,096986,077480,082133
0000000038,0000037000,094978,079259,080005,097380,080140,079078
0000000039,0000038000,094558,081947,077736,096737,083286,076575
0000000040,0000039000,093285,084822,076135,095122,086605,074872
0000000041,0000040000,091278,087607,075356,092685,089779,074134
0000000042,0000041000,088717,090055,075470,089668,092497,074432
0000000043,0000042000,085873,091902,076466,086371,094489,075738
0000000044,0000043000,083031,092960,078250,083114,095561,077923
0000000045,0000044000,080440,093150,080652,080210,095611,080777
0000000046,0000045000,078366,092446,083430,077950,094631,084016
0000000047,0000046000,077032,090904,086306,076556,092719,087323
0000000048,0000047000,076547,088682,089012,076159,090061,090378
0000000049,0000048000,076954,086007,091280,076802,086915,092881
0000000050,0000049000,078231,083130,092881,078420,083594,094584
0000000051,0000050000,080248,080333,093661,080855,080421,095322
0000000052,0000051000,082798,077896,093547,083871,077704,095023
0000000053,0000052000,085639,076052,092550,087169,075710,093718
0000000054,0000053000,088495,074980,090766,090426,074638,091533
0000000055,0000054000,091080,074796,088365,093328,074591,088679
0000000056,0000055000,093144,075510,085587,095589,075569,085440
0000000057,0000056000,094491,077040,082711,096985,077480,082133
0000000058,0000057000,094977,079259,080005,097379,080140,079079
0000000059,0000058000,094557,081949,077736,096737,083285,076575
0000000060,0000059000,093288,084818,076135,095121,086604,074872
0000000061,0000060000,091279,087607,075356,092685,089778,074135
0000000062,0000061000,088715,090057,075469,089668,092497,074433
0000000063,0000062000,085875,091900,076466,086372,094488,075738
0000000064,0000063000,083032,092960,078250,083114,095561,077923
0000000065,0000064000,080438,093153,080651,080211,095610,080777
0000000066,0000065000,078367,092446,083429,077951,094631,084016
0000000067,0000066000,077033,090903,086305,076556,092719,087322
0000000068,0000067000,076544,088686,089011,076160,090061,090377
0000000069,0000068000,076954,086007,091280,076802,086915,092880
0000000070,0000069000,078232,083129,092881,078419,083595,094583
0000000071,0000070000,080245,080335,093661,080854,080423,095321
0000000072,0000071000,082797,077897,093548,083870,077705,095023
0000000073,0000072000,085641,076050,092551,087168,075711,093718
0000000074,0000073000,088493,074981,090767,090425,074640,091533
0000000075,0000074000,091077,074798,088366,093327,074591,088679
0000000076,0000075000,093147,075507,085588,095588,075569,085440
0000000077,0000076000,094491,077039,082712,096983,077481,082134
0000000078,0000077000,094974,079261,080006,097378,080140,079080
0000000079,0000078000,094559,081946,077736,096737,083284,076577
0000000080,0000079000,093291,084815,076135,095120,086604,074874
0000000081,0000080000,091277,087609,075355,092684,089778,074136
0000000082,0000081000,088717,090056,075468,089669,092495,074434
0000000083,0000082000,085879,091897,076465,086372,094487,075739
0000000084,0000083000,083031,092962,078249,083114,095560,077923
0000000085,0000084000,080437,093155,080650,080212,095609,080776
0000000086,0000085000,078370,092444,083428,077953,094630,084015
0000000087,0000086000,077033,090904,086304,076557,092720,087321
0000000088,0000087000,076541,088690,089010,076161,090061,090375
0000000089,0000088000,076955,086007,091280,076804,086916,092878
0000000090,0000089000,078232,083128,092881,078419,083597,094581
0000000091,0000090000,080241,080339,093662,080854,080425,095320
0000000092,0000091000,082796,077898,093549,083870,077706,095022
0000000093,0000092000,085642,076047,092552,087167,075714,093717
0000000094,0000093000,088490,074982,090769,090423,074642,091533
0000000095,0000094000,091076,074798,088367,093325,074592,088680
0000000096,0000095000,093149,075503,085589,095586,075570,085442
0000000097,0000096000,094491,077038,082713,096980,077481,082136
0000000098,0000097000,094974,079261,080007,097376,080140,079082
0000000099,0000098000,094562,081943,077737,096735,083283,076579
0000000100,0000099000,093293,084813,076135,095119,086603,074876
0000000101,0000100000,091277,087610,075355,092684,089776,074138
0000000102,0000101000,088720,090055,075467,089670,092492,074435
0000000103,0000102000,085882,091896,076463,086373,094485,075740
0000000104,0000103000,083031,092964,078247,083116,095558,077924
0000000105,0000104000,080438,093156,080648,080215,095607,080776
0000000106,0000105000,078372,092444,083426,077955,094629,084014
0000000107,0000106000,077031,090908,086303,076559,092719,087319
0000000108,0000107000,076540,088693,089009,076163,090061,090373
0000000109,0000108000,076955,086007,091279,076805,086917,092876
0000000110,0000109000,078229,083131,092881,078420,083599,094579
0000000111,0000110000,080237,080342,093662,080854,080427,095317
0000000112,0000111000,082795,077897,093550,083869,077709,095020
0000000113,0000112000,085640,076047,092554,087165,075717,093716
0000000114,0000113000,088486,074984,090771,090420,074645,091533
0000000115,0000114000,091076,074795,088370,093323,074594,088681
0000000116,0000115000,093150,075500,085592,095582,075572,085443
0000000117,0000116000,094489,077037,082715,096977,077482,082138
0000000118,0000117000,094975,079258,080008,097374,080139,079085
0000000119,0000118000,094566,081938,077737,096733,083282,076582
0000000120,0000119000,093294,084812,076135,095118,086601,074879
0000000121,0000120000,091279,087609,075353,092685,089772,074141
0000000122,0000121000,088724,090052,075465,089671,092489,074438
0000000123,0000122000,085884,091897,076461,086375,094482,075741
0000000124,0000123000,083031,092967,078244,083119,095555,077924
0000000125,0000124000,080441,093156,080645,080218,095604,080775
0000000126,0000125000,078373,092446,083423,077958,094627,084012
0000000127,0000126000,077028,090913,086300,076562,092719,087316
0000000128,0000127000,076539,088695,089007,076166,090062,090370
0000000129,0000128000,076954,086009,091279,076807,086919,092872
0000000130,0000129000,078225,083135,092882,078421,083602,094575
0000000131,0000130000,080234,080344,093664,080854,080430,095314
0000000132,0000131000,082793,077896,093552,083868,077713,095017
0000000133,0000132000,085636,076048,092557,087162,075721,093715
0000000134,0000133000,088483,074984,090775,090417,074648,091532
0000000135,0000134000,091076,074792,088373,093318,074597,088682
0000000136,0000135000,093149,075497,085595,095578,075574,085446
0000000137,0000136000,094489,077035,082718,096973,077483,082142
0000000138,0000137000,094978,079254,080010,097371,080138,079089
0000000139,0000138000,094569,081934,077738,096731,083280,076587
0000000140,0000139000,093296,084811,076135,095116,086598,074884
0000000141,0000140000,091283,087606,075352,092685,089768,074145
0000000142,0000141000,088729,090049,075462,089672,092485,074441
0000000143,0000142000,085886,091898,076457,086378,094477,075743
0000000144,0000143000,083034,092968,078240,083123,095550,077924
0000000145,0000144000,080444,093157,080641,080223,095601,080774
0000000146,0000145000,078373,092450,083419,077963,094625,084010
0000000147,0000146000,077027,090917,086297,076567,092718,087313
0000000148,0000147000,076538,088698,089005,076170,090062,090365
0000000149,0000148000,076950,086013,091278,076809,086921,092867
0000000150,0000149000,078219,083140,092882,078422,083606,094570
0000000151,0000150000,080230,080346,093665,080854,080435,095309
0000000152,0000151000,082789,077897,093556,083865,077719,095014
0000000153,0000152000,085630,076050,092561,087158,075727,093713
0000000154,0000153000,088480,074982,090779,090413,074653,091532
0000000155,0000154000,091075,074788,088378,093313,074601,088683
0000000156,0000155000,093147,075494,085600,095572,075577,085448
0000000157,0000156000,094489,077031,082721,096968,077484,082146
0000000158,0000157000,094982,079247,080013,097366,080137,079094
0000000159,0000158000,094573,081930,077740,096727,083278,076593
0000000160,0000159000,093300,084807,076134,095115,086593,074889
0000000161,0000160000,091290,087602,075350,092685,089763,074150
0000000162,0000161000,088735,090048,075459,089674,092479,074445
0000000163,0000162000,085890,091899,076453,086381,094471,075745
0000000164,0000163000,083038,092969,078234,083129,095544,077925
0000000165,0000164000,080447,093160,080635,080229,095596,080773
0000000166,0000165000,078372,092455,083414,077969,094622,084006
0000000167,0000166000,077026,090923,086293,076574,092716,087308
0000000168,0000167000,076536,088703,089002,076175,090063,090359
0000000169,0000168000,076945,086019,091277,076813,086924,092860
0000000170,0000169000,078214,083145,092882,078424,083610,094563
0000000171,0000170000,080226,080348,093668,080854,080441,095304
0000000172,0000171000,082783,077899,093559,083863,077726,095009
0000000173,0000172000,085624,076051,092566,087154,075733,093710
0000000174,0000173000,088477,074979,090785,090407,074659,091531
0000000175,0000174000,091073,074784,088384,093306,074607,088685
0000000176,0000175000,093146,075490,085605,095565,075581,085452
0000000177,0000176000,094491,077024,082726,096961,077485,082152
0000000178,0000177000,094986,079240,080016,097360,080137,079101
0000000179,0000178000,094576,081924,077741,096723,083275,076600
0000000180,0000179000,093306,084802,076134,095113,086588,074897
0000000181,0000180000,091297,087597,075347,092685,089756,074156
0000000182,0000181000,088740,090046,075455,089676,092471,074450
0000000183,0000182000,085895,091899,076447,086386,094463,075748
0000000184,0000183000,083044,092970,078228,083135,095537,077925
0000000185,0000184000,080449,093164,080629,080236,095591,080771
0000000186,0000185000,078372,092462,083408,077977,094618,084002
0000000187,0000186000,077025,090929,086287,076581,092715,087301
0000000188,0000187000,076533,088710,088999,076182,090064,090351
0000000189,0000188000,076939,086027,091275,076818,086928,092852
0000000190,0000189000,078208,083151,092883,078427,083616,094555
0000000191,0000190000,080219,080352,093671,080853,080448,095296
0000000192,0000191000,082775,077902,093564,083860,077734,095004
0000000193,0000192000,085618,076051,092573,087149,075742,093707
0000000194,0000193000,088473,074976,090792,090400,074667,091531
0000000195,0000194000,091069,074780,088392,093297,074613,088687
0000000196,0000195000,093144,075485,085612,095556,075585,085457
0000000197,0000196000,094494,077016,082732,096953,077486,082159
0000000198,0000197000,094989,079232,080020,097353,080136,079110
0000000199,0000198000,094581,081918,077743,096718,083271,076609
0000000200,0000199000,093313,084795,076133,095110,086581,074906
0000000201,0000200000,091305,087592,075344,092685,089748,074164
0000000202,0000201000,088748,090044,075449,089680,092462,074456
0000000203,0000202000,085903,091899,076440,086392,094454,075752
0000000204,0000203000,083050,092972,078219,083143,095529,077926
0000000205,0000204000,080452,093169,080620,080246,095584,080768
0000000206,0000205000,078373,092469,083400,077987,094614,083997
0000000207,0000206000,077024,090936,086281,076591,092713,087294
0000000208,0000207000,076528,088719,088994,076190,090066,090342
0000000209,0000208000,076932,086036,091273,076823,086932,092842
0000000210,0000209000,078200,083157,092884,078430,083623,094545
0000000211,0000210000,080210,080357,093674,080853,080458,095288
0000000212,0000211000,082766,077906,093570,083856,077744,094997
0000000213,0000212000,085610,076050,092581,087143,075752,093703
0000000214,0000213000,088467,074973,090802,090391,074677,091530
0000000215,0000214000,091064,074775,088401,093287,074621,088690
0000000216,0000215000,093143,075477,085621,095545,075590,085463
0000000217,0000216000,094496,077007,082739,096942,077488,082167
0000000218,0000217000,094993,079223,080025,097344,080134,079120
0000000219,0000218000,094588,081909,077745,096711,083266,076620
0000000220,0000219000,093323,084787,076132,095107,086574,074917
0000000221,0000220000,091315,087586,075340,092686,089738,074174
0000000222,0000221000,088757,090042,075443,089684,092451,074463
0000000223,0000222000,085912,091899,076431,086399,094442,075756
0000000224,0000223000,083057,092975,078210,083153,095518,077927
0000000225,0000224000,080456,093176,080610,080257,095575,080765
0000000226,0000225000,078374,092477,083390,077999,094608,083990
0000000227,0000226000,077022,090946,086273,076602,092711,087285
0000000228,0000227000,076523,088730,088989,076199,090068,090331
0000000229,0000228000,076924,086046,091271,076830,086938,092830
0000000230,0000229000,078191,083166,092885,078433,083631,094534
0000000231,0000230000,080199,080364,093679,080852,080469,095277
0000000232,0000231000,082755,077910,093577,083852,077757,094989
0000000233,0000232000,085601,076050,092590,087135,075765,093698
0000000234,0000233000,088459,074970,090813,090380,074688,091529
0000000235,0000234000,091059,074770,088412,093275,074630,088693
0000000236,0000235000,093143,075468,085631,095532,075596,085470
0000000237,0000236000,094498,076996,082748,096930,077491,082177
0000000238,0000237000,094999,079212,080031,097334,080132,079132
0000000239,0000238000,094597,081897,077747,096704,083260,076634
0000000240,0000239000,093334,084777,076131,095104,086564,074930
0000000241,0000240000,091326,087579,075336,092686,089726,074185
0000000242,0000241000,088768,090038,075435,089688,092437,074472
0000000243,0000242000,085923,091898,076421,086408,094429,075761
0000000244,0000243000,083065,092979,078198,083164,095506,077928
0000000245,0000244000,080461,093183,080598,080270,095565,080762
0000000246,0000245000,078376,092486,083379,078013,094602,083983
0000000247,0000246000,077020,090957,086264,076615,092709,087274
0000000248,0000247000,076516,088743,088982,076210,090070,090318
0000000249,0000248000,076916,086058,091268,076838,086944,092815
0000000250,0000249000,078180,083176,092886,078437,083641,094520
0000000251,0000250000,080186,080372,093684,080852,080481,095265
0000000252,0000251000,082742,077914,093586,083847,077771,094980
0000000253,0000252000,085591,076050,092601,087126,075779,093693
0000000254,0000253000,088450,074966,090825,090368,074702,091528
0000000255,0000254000,091054,074762,088425,093260,074641,088696
0000000256,0000255000,093142,075457,085643,095517,075603,085478
0000000257,0000256000,094501,076983,082758,096916,077493,082189
0000000258,0000257000,095005,079199,080038,097322,080130,079146
0000000259,0000258000,094607,081884,077750,096696,083253,076649
0000000260,0000259000,093346,084766,076129,095099,086554,074945
0000000261,0000260000,091340,087572,075330,092687,089712,074198
0000000262,0000261000,088782,090033,075426,089694,092422,074482
0000000263,0000262000,085935,091898,076409,086418,094413,075767
0000000264,0000263000,083074,092984,078184,083177,095492,077929
0000000265,0000264000,080467,093191,080584,080286,095554,080758
0000000266,0000265000,078378,092497,083366,078029,094594,083974
0000000267,0000266000,077017,090971,086253,076630,092706,087261
0000000268,0000267000,076509,088757,088975,076223,090072,090302
0000000269,0000268000,076905,086071,091265,076847,086951,092799
0000000270,0000269000,078166,083188,092888,078441,083653,094504
0000000271,0000270000,080171,080382,093689,080851,080496,095251
0000000272,0000271000,082728,077918,093596,083841,077787,094969
0000000273,0000272000,085578,076050,092614,087115,075796,093686
0000000274,0000273000,088439,074962,090840,090353,074717,091527
0000000275,0000274000,091047,074753,088441,093244,074653,088701
0000000276,0000275000,093140,075444,085657,095500,075611,085487
0000000277,0000276000,094504,076969,082769,096899,077496,082202
0000000278,0000277000,095012,079184,080046,097308,080127,079163
0000000279,0000278000,094619,081869,077754,096686,083245,076667
0000000280,0000279000,093361,084753,076128,095095,086541,074962
0000000281,0000280000,091355,087562,075324,092688,089696,074214
0000000282,0000281000,088798,090028,075415,089700,092404,074493
0000000283,0000282000,085949,091897,076395,086429,094395,075773
0000000284,0000283000,083085,092989,078168,083193,095475,077930
0000000285,0000284000,080474,093200,080567,080304,095541,080753
0000000286,0000285000,078380,092510,083351,078048,094586,083964
0000000287,0000286000,077013,090987,086241,076647,092703,087247
0000000288,0000287000,076501,088774,088966,076238,090075,090285
0000000289,0000288000,076893,086087,091261,076858,086960,092780
0000000290,0000289000,078150,083202,092889,078446,083667,094485
0000000291,0000290000,080154,080392,093696,080850,080513,095235
0000000292,0000291000,082711,077923,093607,083834,077807,094957
0000000293,0000292000,085562,076050,092629,087103,075815,093679
0000000294,0000293000,088427,074957,090857,090337,074734,091526
0000000295,0000294000,091040,074743,088458,093225,074667,088706
0000000296,0000295000,093138,075430,085674,095480,075620,085498
0000000297,0000296000,094507,076952,082783,096881,077499,082218
0000000298,0000297000,095021,079166,080055,097292,080124,079181
0000000299,0000298000,094632,081851,077758,096675,083236,076687
0000000300,0000299000,093377,084738,076126,095089,086527,074981
0000000301,0000300000,091373,087551,075317,092689,089678,074231
0000000302,0000301000,088817,090021,075403,089708,092384,074506
0000000303,0000302000,085965,091897,076379,086442,094375,075781
0000000304,0000303000,083097,092994,078150,083210,095457,077931
0000000305,0000304000,080482,093211,080549,080324,095526,080748
0000000306,0000305000,078382,092525,083334,078069,094576,083953
0000000307,0000306000,077009,091006,086226,076667,092700,087230
0000000308,0000307000,076492,088793,088956,076254,090078,090265
0000000309,0000308000,076879,086105,091257,076869,086970,092759
0000000310,0000309000,078133,083218,092891,078452,083682,094464
0000000311,0000310000,080135,080404,093704,080849,080533,095217
0000000312,0000311000,082692,077930,093620,083827,077828,094943
0000000313,0000312000,085545,076051,092646,087089,075837,093672
0000000314,0000313000,088414,074951,090876,090319,074754,091525
0000000315,0000314000,091032,074731,088478,093203,074683,088712
0000000316,0000315000,093135,075414,085692,095458,075630,085510
0000000317,0000316000,094510,076933,082798,096860,077503,082235
0000000318,0000317000,095031,079145,080066,097275,080120,079202
0000000319,0000318000,094647,081832,077762,096663,083226,076709
0000000320,0000319000,093395,084722,076125,095084,086511,075003
0000000321,0000320000,091394,087538,075309,092690,089658,074250
0000000322,0000321000,088837,090014,075390,089716,092361,074521
0000000323,0000322000,085983,091897,076361,086456,094352,075789
0000000324,0000323000,083112,093000,078129,083230,095436,077932
0000000325,0000324000,080492,093222,080528,080346,095510,080742
0000000326,0000325000,078385,092542,083314,078092,094566,083940
0000000327,0000326000,077005,091026,086210,076689,092696,087212
0000000328,0000327000,076482,088814,088945,076273,090082,090243
0000000329,0000328000,076864,086126,091251,076882,086981,092735
0000000330,0000329000,078113,083236,092893,078458,083699,094441
0000000331,0000330000,080113,080417,093712,080847,080554,095196
0000000332,0000331000,082671,077937,093634,083818,077852,094928
0000000333,0000332000,085525,076051,092665,087074,075861,093663
0000000334,0000333000,088398,074945,090898,090298,074776,091524
0000000335,0000334000,091022,074719,088500,093179,074700,088718
0000000336,0000335000,093132,075397,085713,095433,075641,085523
0000000337,0000336000,094515,076912,082815,096837,077506,082255
0000000338,0000337000,095042,079122,080078,097255,080116,079226
0000000339,0000338000,094663,081810,077768,096649,083214,076735
0000000340,0000339000,093416,084703,076123,095077,086493,075028
0000000341,0000340000,091417,087524,075300,092692,089635,074271
0000000342,0000341000,088860,090006,075375,089725,092336,074537
0000000343,0000342000,086003,091897,076341,086473,094327,075798
0000000344,0000343000,083128,093007,078107,083252,095413,077933
0000000345,0000344000,080502,093236,080504,080372,095491,080735
0000000346,0000345000,078388,092561,083292,078118,094554,083926
0000000347,0000346000,077001,091048,086192,076714,092692,087191
0000000348,0000347000,076471,088838,088932,076293,090087,090218
0000000349,0000348000,076846,086150,091246,076896,086993,092708
0000000350,0000349000,078091,083256,092894,078464,083718,094415
0000000351,0000350000,080089,080432,093721,080846,080578,095174
0000000352,0000351000,082646,077946,093649,083808,077879,094911
0000000353,0000352000,085503,076052,092686,087056,075888,093654
0000000354,0000353000,088381,074938,090922,090275,074800,091523
0000000355,0000354000,091011,074705,088525,093153,074719,088726
0000000356,0000355000,093128,075377,085736,095406,075653,085539
0000000357,0000356000,094519,076888,082834,096811,077510,082276
0000000358,0000357000,095054,079097,080091,097234,080112,079252
0000000359,0000358000,094681,081786,077774,096634,083201,076762
0000000360,0000359000,093439,084681,076121,095070,086472,075055
0000000361,0000360000,091443,087508,075291,092693,089609,074295
0000000362,0000361000,088885,089998,075359,089736,092308,074554
0000000363,0000362000,086026,091896,076319,086491,094299,075808
0000000364,0000363000,083147,093014,078081,083276,095388,077934
0000000365,0000364000,080514,093250,080478,080400,095471,080727
0000000366,0000365000,078392,092582,083268,078147,094541,083910
0000000367,0000366000,076997,091073,086171,076741,092688,087168
0000000368,0000367000,076459,088865,088918,076315,090092,090190
0000000369,0000368000,076827,086175,091239,076912,087007,092679
0000000370,0000369000,078067,083278,092896,078471,083739,094387
0000000371,0000370000,080062,080449,093731,080844,080605,095149
0000000372,0000371000,082619,077956,093667,083797,077908,094893
0000000373,0000372000,085479,076053,092709,087037,075917,093643
0000000374,0000373000,088362,074930,090949,090249,074826,091522
0000000375,0000374000,090998,074690,088553,093123,074740,088734
0000000376,0000375000,093124,075355,085762,095376,075666,085556
0000000377,0000376000,094524,076861,082856,096783,077514,082300
0000000378,0000377000,095066,079069,080107,097211,080106,079281
0000000379,0000378000,094701,081759,077781,096618,083187,076793
0000000380,0000379000,093465,084658,076119,095063,086450,075085
0000000381,0000380000,091471,087490,075280,092696,089582,074320
0000000382,0000381000,088913,089987,075341,089747,092277,074573
0000000383,0000382000,086052,091894,076295,086511,094268,075819
0000000384,0000383000,083167,093021,078053,083302,095360,077935
0000000385,0000384000,080527,093266,080449,080430,095449,080718
0000000386,0000385000,078396,092605,083241,078179,094527,083892
0000000387,0000386000,076992,091100,086149,076770,092684,087143
0000000388,0000387000,076445,088894,088902,076340,090097,090160
0000000389,0000388000,076806,086204,091231,076929,087022,092647
0000000390,0000389000,078041,083303,092898,078479,083762,094356
0000000391,0000390000,080032,080468,093742,080841,080634,095123
0000000392,0000391000,082590,077966,093685,083784,077941,094873
0000000393,0000392000,085453,076055,092734,087016,075949,093632
0000000394,0000393000,088340,074923,090978,090221,074855,091521
0000000395,0000394000,090984,074674,088583,093091,074763,088743
0000000396,0000395000,093119,075332,085790,095343,075681,085574
0000000397,0000396000,094529,076833,082880,096752,077519,082327
0000000398,0000397000,095080,079038,080124,097185,080100,079312
0000000399,0000398000,094723,081729,077789,096600,083171,076827
0000000400,0000399000,093492,084631,076118,095055,086426,075117
0000000401,0000400000,091502,087470,075269,092698,089551,074348
0000000402,0000401000,082381,093766,079119,092146,092079,074432
0000000403,0000402000,086114,089773,074159,090700,092824,074415
0000000404,0000403000,082825,093621,078670,088104,094655,077250
0000000405,0000404000,080782,091823,079050,083595,094442,079695
0000000406,0000405000,084017,091643,082299,080231,094215,083543
0000000407,0000406000,080778,092221,087257,076467,092660,087063
0000000408,0000407000,082162,083888,083865,072678,091105,091095
0000000409,0000408000,080750,086810,091779,069720,088563,094088
0000000410,0000409000,085400,079529,088969,068151,086125,096627
0000000411,0000410000,081723,080847,093972,067919,083619,098057
0000000412,0000411000,087781,077541,093087,068271,081155,098081
0000000413,0000412000,086564,075790,092131,071245,079852,097610
0000000414,0000413000,086210,075679,091339,074026,077971,094824
0000000415,0000414000,091038,074172,087765,078077,078154,092405
0000000416,0000415000,086920,078852,089035,082253,078369,088570
0000000417,0000416000,092025,077336,083191,086962,079282,084407
0000000418,0000417000,088197,083001,084137,090846,081495,080993
0000000419,0000418000,089037,081750,078034,093614,083425,077305
0000000420,0000419000,087996,086758,078539,095969,086118,074965
0000000421,0000420000,086803,088991,077232,096390,088381,073258
0000000422,0000421000,085950,089908,075803,095939,090863,073190
0000000423,0000422000,084192,093995,078922,094000,092316,073788
0000000424,0000423000,084507,090660,076246,091349,093632,076029
0000000425,0000424000,080329,093247,080966,087402,093842,078834
0000000426,0000425000,083944,090124,081106,083236,093331,082360
0000000427,0000426000,080592,090299,085513,079517,092337,086459
0000000428,0000427000,082229,086976,087001,075705,090030,089770
0000000429,0000428000,083224,084284,089078,073086,088203,093544
0000000430,0000429000,081902,082209,091351,071215,085267,095670
0000000431,0000430000,085763,078198,090921,070871,082847,097266
0000000432,0000431000,084588,078966,094016,071603,080601,097599
0000000433,0000432000,087798,075022,090861,073728,078670,096580
0000000434,0000433000,087497,076889,092102,077092,077558,094623
0000000435,0000434000,089163,075098,088300,080742,077066,091563
0000000436,0000435000,088929,076914,086794,085117,077618,088085
0000000437,0000436000,089791,079454,085174,089166,078570,083949
0000000438,0000437000,089877,080346,081472,093133,080673,080381
0000000439,0000438000,087837,084656,081031,095892,082772,076798
0000000440,0000439000,089403,085177,077211,097856,085450,074362
0000000441,0000440000,085453,089239,077843,098466,088010,072846
0000000442,0000441000,086556,089778,076068,097585,090146,072334
0000000443,0000442000,084362,092443,077812,095794,092225,073475
0000000444,0000443000,083169,092250,078289,092690,093107,075207
0000000445,0000444000,083110,091662,079739,089109,093682,078337
0000000446,0000445000,081312,091456,082707,084835,093149,081843
0000000447,0000446000,082433,088230,083623,080899,091939,085758
0000000448,0000447000,081528,088013,088048,077293,090041,089543
0000000449,0000448000,083240,083700,088342,074489,087676,092881
0000000450,0000449000,082858,082404,091310,072872,085103,095480
0000000451,0000450000,085019,079228,091617,072338,082374,096874
0000000452,0000451000,085510,077371,091977,073290,080207,097392
0000000453,0000452000,086711,076792,092209,075239,078113,096304
0000000454,0000453000,088800,075430,090266,078510,077073,094465
0000000455,0000454000,087950,076765,089595,082297,076544,091392
0000000456,0000455000,090204,076508,086114,086463,076955,087770
0000000457,0000456000,088980,079460,085060,090622,078250,083928
0000000458,0000457000,089584,080628,081729,094193,080005,079927
0000000459,0000458000,088862,083906,080374,097125,082534,076674
0000000460,0000459000,087802,086249,078527,098777,085060,073963
0000000461,0000460000,087093,088029,076960,099382,087782,072476
0000000462,0000461000,085310,090832,077492,098473,090102,072034
0000000463,0000462000,084906,090934,076736,096463,092059,072959
0000000464,0000463000,082917,092684,079146,093411,093243,074927
0000000465,0000464000,083188,091395,079816,089625,093655,077872
0000000466,0000465000,081625,090957,082480,085578,093303,081584
0000000467,0000466000,082086,088930,084487,081455,091931,085399
0000000468,0000467000,082287,086708,086747,077998,090146,089402
0000000469,0000468000,082295,084688,089210,075165,087592,092688
0000000470,0000469000,084138,081567,090244,073583,084966,095380
0000000471,0000470000,084161,080063,092105,073176,082260,096940
0000000472,0000471000,086186,077236,091425,074071,079782,097279
0000000473,0000472000,086775,076903,091900,076213,077892,096491
0000000474,0000473000,088203,075815,090234,079292,076552,094407
0000000475,0000474000,088856,076404,088853,083197,076167,091493
0000000476,0000475000,089344,077567,086907,087276,076507,087767
0000000477,0000476000,089685,078693,084147,091396,077824,083861
0000000478,0000477000,088976,081523,082584,094923,079713,079876
0000000479,0000478000,089145,083229,079808,097682,082226,076462
0000000480,0000479000,087447,086404,078938,099336,084969,073800
0000000481,0000480000,087140,088101,077365,099703,087674,072134
0000000482,0000481000,085458,090282,077353,098850,090249,071811
0000000483,0000482000,084369,091317,077592,096660,092145,072565
0000000484,0000483000,083619,091707,078613,093600,093522,074658
0000000485,0000484000,082337,091791,080588,089752,093934,077597
0000000486,0000485000,082415,090236,082070,085671,093532,081304
0000000487,0000486000,081752,089206,084944,081656,092266,085317
0000000488,0000487000,082437,086433,086483,078133,090255,089240
0000000489,0000488000,082630,084565,088970,075484,087761,092761
0000000490,0000489000,083809,081867,090302,073867,084917,095417
0000000491,0000490000,084735,079672,091328,073606,082162,097108
0000000492,0000491000,085849,078079,091813,074541,079546,097469
0000000493,0000492000,087293,076504,091035,076760,077557,096692
0000000494,0000493000,087814,076488,090429,079901,076185,094635
0000000495,0000494000,089195,076335,088354,083747,075701,091630
0000000496,0000495000,089133,077789,086825,087892,076140,087947
0000000497,0000496000,089602,079039,084305,091875,077378,083847
0000000498,0000497000,089215,081333,082339,095415,079465,079908
0000000499,0000498000,088554,083636,080342,098022,081990,076318
0000000500,0000499000,087892,085870,078679,099595,084897,073613
0000000501,0000500000,086549,088397,078037,099849,087758,071909
0000000502,0000501000,085698,089750,077302,098853,090389,071476
0000000503,0000502000,084203,091331,078141,096643,092486,072304
0000000504,0000503000,083541,091398,078808,093446,093853,074319
0000000505,0000504000,082479,091375,080625,089628,094385,077378
0000000506,0000505000,082223,090283,082485,085484,093924,081087
0000000507,0000506000,082109,088636,084582,081542,092663,085226
0000000508,0000507000,082206,086754,086838,078062,090546,089221
0000000509,0000508000,083109,084182,088471,075496,087939,092839
0000000510,0000509000,083610,082136,090286,074012,084995,095615
0000000511,0000510000,085037,079678,090897,073801,082032,097315
0000000512,0000511000,085941,078253,091473,074897,079368,097811
0000000513,0000512000,087216,076890,090864,077141,077179,096963
0000000514,0000513000,088161,076542,089916,080393,075792,094961
0000000515,0000514000,088858,076886,088407,084231,075233,091883
0000000516,0000515000,089410,077693,086353,088371,075673,088129
0000000517,0000516000,089302,079519,084542,092319,076990,083971
0000000518,0000517000,089267,081254,082193,095747,079121,079890
0000000519,0000518000,088383,083770,080614,098293,081821,076251
0000000520,0000519000,087750,085851,078962,099697,084823,073399
0000000521,0000520000,086512,088094,078176,099866,087889,071674
0000000522,0000521000,085414,089755,077877,098708,090622,071148
0000000523,0000522000,084369,090803,078235,096420,092878,071989
0000000524,0000523000,083227,091359,079368,093145,094324,074009
0000000525,0000524000,082722,090875,080675,089279,094887,077101
0000000526,0000525000,082096,090126,082767,085166,094467,080923
0000000527,0000526000,082228,088365,084565,081226,093100,085101
0000000528,0000527000,082389,086581,086733,077867,090945,089263
0000000529,0000528000,083093,084253,088420,075372,088160,092943
0000000530,0000529000,083950,082010,089829,074044,085089,095847
0000000531,0000530000,084981,080039,090760,073951,081950,097619
0000000532,0000531000,086232,078252,090874,075170,079123,098161
0000000533,0000532000,087171,077347,090654,077531,076821,097349
0000000534,0000533000,088315,076773,089471,080831,075311,095304
0000000535,0000534000,088826,077224,088154,084733,074738,092213
0000000536,0000535000,089345,078045,086239,088829,075143,088341
0000000537,0000536000,089319,079631,084348,092751,076552,084123
0000000538,0000537000,088987,081560,082412,096063,078754,079903
0000000539,0000538000,088433,083655,080641,098495,081610,076164
0000000540,0000539000,087423,085958,079407,099759,084784,073214
0000000541,0000540000,086488,087815,078421,099764,088001,071384
0000000542,0000541000,085225,089569,078360,098488,090935,070837
0000000543,0000542000,084258,090473,078631,096055,093298,071622
0000000544,0000543000,083239,090958,079690,092725,094876,073691
0000000545,0000544000,082619,090621,081087,088799,095468,076809
0000000546,0000545000,082259,089657,082822,084712,095063,080724
0000000547,0000546000,082196,088249,084772,080824,093634,085000
0000000548,0000547000,082636,086272,086531,077559,091368,089274
0000000549,0000548000,083154,084274,088308,075208,088450,093086
0000000550,0000549000,084181,082031,089470,074015,085180,096076
0000000551,0000550000,085142,080196,090347,074103,081884,097965
0000000552,0000551000,086323,078568,090482,075447,078853,098534
0000000553,0000552000,087375,077597,090107,077948,076426,097767
0000000554,0000553000,088252,077263,089164,081319,074794,095694
0000000555,0000554000,088953,077498,087716,085259,074166,092552
0000000556,0000555000,089204,078504,086122,089344,074583,088608
0000000557,0000556000,089276,079852,084192,093187,076032,084270
0000000558,0000557000,088826,081778,082512,096402,078366,079953
0000000559,0000558000,088245,083740,080867,098668,081357,076071
0000000560,0000559000,087285,085853,079689,099780,084731,073029
0000000561,0000560000,086243,087719,078941,099599,088126,071095
0000000562,0000561000,085156,089181,078752,098171,091254,070496
0000000563,0000562000,084052,090194,079208,095605,093771,071255
0000000564,0000563000,083258,090465,080062,092182,095456,073333
0000000565,0000564000,082559,090235,081498,088231,096122,076514
0000000566,0000565000,082335,089252,083046,084149,095700,080491
0000000567,0000566000,082328,087912,084842,080351,094230,084893
0000000568,0000567000,082738,086097,086507,077196,091832,089268
0000000569,0000568000,083414,084119,088010,075014,088766,093213
0000000570,0000569000,084305,082163,089177,073996,085302,096314
0000000571,0000570000,085402,080310,089805,074269,081801,098293
0000000572,0000571000,086439,078938,090016,075788,078587,098932
0000000573,0000572000,087528,077965,089533,078416,075985,098180
0000000574,0000573000,088310,077720,088680,081888,074247,096109
0000000575,0000574000,088940,077983,087344,085849,073543,092903
0000000576,0000575000,089180,078892,085809,089917,073971,088892
0000000577,0000576000,089099,080265,084146,093667,075470,084442
0000000578,0000577000,088720,081952,082522,096749,077926,080010
0000000579,0000578000,087980,083896,081161,098841,081082,076007
0000000580,0000579000,087114,085760,080035,099751,084643,072844
0000000581,0000580000,086013,087537,079471,099380,088256,070826
0000000582,0000581000,084976,088844,079321,097762,091570,070149
0000000583,0000582000,083948,089741,079764,095062,094267,070890
0000000584,0000583000,083150,090005,080633,091539,096066,072968
0000000585,0000584000,082607,089674,081882,087561,096806,076198
0000000586,0000585000,082359,088834,083387,083512,096385,080250
0000000587,0000586000,082505,087475,084914,079809,094853,084751
0000000588,0000587000,082894,085859,086471,076808,092342,089248
0000000589,0000588000,083652,083992,087737,074809,089102,093305
0000000590,0000589000,084539,082209,088750,074011,085447,096531
0000000591,0000590000,085607,080543,089286,074487,081725,098595
0000000592,0000591000,086662,079265,089366,076203,078315,099309
0000000593,0000592000,087622,078478,088945,078977,075532,098585
0000000594,0000593000,088422,078213,088064,082543,073667,096510
0000000595,0000594000,088899,078569,086906,086533,072897,093267
0000000596,0000595000,089121,079386,085461,090553,073312,089178
0000000597,0000596000,088944,080702,084023,094199,074877,084639
0000000598,0000597000,088509,082253,082598,097109,077444,080086
0000000599,0000598000,087760,084010,081407,099001,080774,075972
0000000600,0000599000,086835,085740,080512,099679,084531,072692
0000000601,0000600000,085805,087271,080022,099085,088363,070581
0000000602,0000601000,084743,088492,080016,097265,091883,069834
0000000603,0000602000,083831,089206,080414,094408,094756,070538
0000000604,0000603000,083061,089435,081278,090796,096692,072619
0000000605,0000604000,082623,089068,082392,086792,097499,075876
0000000606,0000605000,082457,088264,083728,082802,097094,080000
0000000607,0000606000,082650,087021,085086,079218,095498,084584
0000000608,0000607000,083142,085506,086380,076404,092875,089190
0000000609,0000608000,083883,083871,087478,074627,089465,093359
0000000610,0000609000,084836,082227,088246,074073,085606,096692
0000000611,0000610000,085844,080804,088681,074791,081670,098853
0000000612,0000611000,086888,079670,088636,076715,078046,099633
0000000613,0000612000,087772,079029,088214,079652,075086,098955
0000000614,0000613000,088487,078851,087396,083306,073081,096880
0000000615,0000614000,088899,079207,086327,087314,072238,093614
0000000616,0000615000,088999,080023,085095,091266,072638,089467
0000000617,0000616000,088785,081191,083830,094774,074258,084849
0000000618,0000617000,088245,082637,082681,097483,076941,080199
0000000619,0000618000,087494,084169,081689,099129,080434,075979
0000000620,0000619000,086534,085704,081029,099548,084395,072600
0000000621,0000620000,085529,087015,080694,098696,088439,070392
0000000622,0000621000,084523,088041,080773,096659,092174,069578
0000000623,0000622000,083658,088626,081219,093636,095225,070234
0000000624,0000623000,083006,088731,081997,089936,097301,072303
0000000625,0000624000,082627,088377,083018,085926,098188,075576
0000000626,0000625000,082587,087577,084134,082015,097795,079744
0000000627,0000626000,082838,086465,085292,078591,096152,084397
0000000628,0000627000,083411,085101,086314,075996,093415,089085
0000000629,0000628000,084189,083676,087161,074487,089846,093352
0000000630,0000629000,085143,082271,087716,074211,085787,096777
0000000631,0000630000,086149,081059,087950,075201,081640,099028
0000000632,0000631000,087114,080163,087824,077354,077805,099878
0000000633,0000632000,087952,079652,087349,080458,074662,099248
0000000634,0000633000,088545,079602,086615,084199,072519,097195
0000000635,0000634000,088876,079972,085657,088200,071592,093921
0000000636,0000635000,088866,080754,084636,092059,071976,089746
0000000637,0000636000,088562,081809,083617,095386,073639,085072
0000000638,0000637000,087964,083072,082727,097853,076430,080355
0000000639,0000638000,087154,084400,082027,099211,080076,076052
0000000640,0000639000,086207,085659,081592,099329,084229,072589
0000000641,0000640000,085205,086745,081472,098192,088481,070299
0000000642,0000641000,084277,087523,081647,095916,092418,069415
0000000643,0000642000,083481,087943,082141,092726,095651,070020
0000000644,0000643000,082939,087930,082853,088944,097864,072055
0000000645,0000644000,082670,087539,083728,084955,098836,075323
0000000646,0000645000,082728,086791,084646,081157,098464,079503
0000000647,0000646000,083089,085782,085524,077935,096783,084191
0000000648,0000647000,083714,084626,086273,075608,093947,088929
0000000649,0000648000,084554,083420,086808,074410,090230,093259
0000000650,0000649000,085499,082301,087116,074457,085990,096757
0000000651,0000650000,086485,081353,087127,075746,081643,099079
0000000652,0000651000,087382,080707,086876,078148,077612,099998
0000000653,0000652000,088125,080392,086370,081420,074293,099423
0000000654,0000653000,088617,080458,085685,085234,072016,097413
0000000655,0000654000,088817,080885,084889,089202,071003,094162
0000000656,0000655000,088707,081605,084079,092925,071360,089992
0000000657,0000656000,088289,082549,083356,096026,073057,085306
0000000658,0000657000,087629,083601,082763,098196,075935,080560
0000000659,0000658000,086767,084677,082387,099219,079716,076216
0000000660,0000659000,085818,085643,082236,098993,084036,072697
0000000661,0000660000,084855,086432,082338,097541,088476,070348
0000000662,0000661000,083989,086949,082664,095008,092597,069399
0000000663,0000662000,083305,087143,083190,091651,095998,069944
0000000664,0000663000,082870,087008,083853,087808,098342,071925
0000000665,0000664000,082740,086557,084557,083869,099397,075150
0000000666,0000665000,082911,085861,085247,080232,099056,079301
0000000667,0000666000,083383,084982,085820,077265,097349,083974
0000000668,0000667000,084086,084042,086235,075265,094438,088713
0000000669,0000668000,084964,083114,086440,074430,090600,093059
0000000670,0000669000,085918,082301,086432,074845,086210,096589
0000000671,0000670000,086854,081685,086207,076466,081693,098957
0000000672,0000671000,087683,081318,085792,079129,077492,099934
0000000673,0000672000,088306,081244,085247,082567,074019,099424
0000000674,0000673000,088676,081456,084615,086429,071617,097479
0000000675,0000674000,088735,081940,083989,090325,070522,094293
0000000676,0000675000,088495,082614,083435,093859,070844,090179
0000000677,0000676000,087970,083413,083025,096674,072558,085539
0000000678,0000677000,087222,084244,082794,098485,075496,080825
0000000679,0000678000,086326,085014,082770,099114,079378,076497
0000000680,0000679000,085371,085652,082956,098497,083828,072972
0000000681,0000680000,084462,086090,083312,096698,088413,070595
0000000682,0000681000,083680,086296,083815,093899,092683,069597
0000000683,0000682000,083118,086235,084394,090383,096221,070073
0000000684,0000683000,082824,085935,084991,086508,098679,071974
0000000685,0000684000,082837,085424,085527,082667,099812,075110
0000000686,0000685000,083151,084767,085943,079251,099510,079173
0000000687,0000686000,083733,084048,086183,076606,097798,083761
0000000688,0000687000,084526,083344,086213,075000,094843,088429
0000000689,0000688000,085440,082738,086042,074592,090929,092722
0000000690,0000689000,086391,082283,085678,075422,086436,096225
0000000691,0000690000,087271,082038,085172,077404,081802,098598
0000000692,0000691000,088000,082011,084577,080337,077478,099613
0000000693,0000692000,088496,082208,083964,083924,073890,099173
0000000694,0000693000,088709,082608,083399,087798,071389,097325
0000000695,0000694000,088618,083155,082952,091567,070222,094255
0000000696,0000695000,088226,083787,082687,094844,070504,090267
0000000697,0000696000,087583,084424,082629,097296,072208,085754
0000000698,0000697000,086747,084998,082803,098677,075170,081159
0000000699,0000698000,085814,085428,083186,098846,079100,076927
0000000700,0000699000,084872,085681,083742,097789,083618,073468
0000000701,0000700000,084024,085727,084402,095616,088283,071114
0000000702,0000701000,083354,085562,085098,092547,092642,070092
0000000703,0000702000,082931,085210,085753,088896,096267,070496
0000000704,0000703000,082804,084709,086281,085034,098802,072283
0000000705,0000704000,082980,084122,086631,081356,099998,075273
0000000706,0000705000,083451,083510,086747,078238,099738,079165
0000000707,0000706000,084159,082960,086607,075999,098049,083575
0000000708,0000707000,085037,082533,086215,074866,095096,088071
0000000709,0000708000,085989,082283,085613,074952,091169,092215
0000000710,0000709000,086917,082243,084858,076246,086650,095606
0000000711,0000710000,087727,082415,084030,078614,081978,097922
0000000712,0000711000,088333,082780,083228,081813,077609,098943
0000000713,0000712000,088675,083295,082534,085517,073970,098573
0000000714,0000713000,088713,083909,082033,089348,071417,096858
0000000715,0000714000,088444,084542,081785,092913,070200,093970
0000000716,0000715000,087892,085127,081831,095846,070438,090200
0000000717,0000716000,087116,085589,082173,097845,072104,085924
0000000718,0000717000,086197,085866,082791,098708,075033,081563
0000000719,0000718000,085230,085920,083628,098347,078936,077541
0000000720,0000719000,084319,085737,084593,096804,083431,074246
0000000721,0000720000,083553,085337,085591,094238,088080,071991
0000000722,0000721000,083018,084757,086509,090912,092431,070986
0000000723,0000722000,082763,084066,087247,087167,096062,071322
0000000724,0000723000,082821,083337,087715,083386,098615,072958
0000000725,0000724000,083187,082650,087859,079958,099844,075725
0000000726,0000725000,083824,082090,087650,077237,099628,079343
0000000727,0000726000,084669,081725,087091,075502,097995,083451
0000000728,0000727000,085628,081606,086237,074933,095108,087640
0000000729,0000728000,086605,081756,085163,075584,091257,091503
0000000730,0000729000,087495,082174,083976,077386,086819,094669
0000000731,0000730000,088208,082816,082801,080150,082228,096839
0000000732,0000731000,088668,083616,081766,083593,077928,097814
0000000733,0000732000,088827,084493,080982,087361,074339,097508
0000000734,0000733000,088667,085348,080541,091067,071807,095964
0000000735,0000734000,088200,086087,080506,094328,070581,093341
0000000736,0000735000,087475,086623,080888,096807,070777,089906
0000000737,0000736000,086563,086891,081663,098247,072368,086008
0000000738,0000737000,085565,086844,082764,098498,075191,082034
0000000739,0000738000,084583,086477,084086,097539,078962,078373
0000000740,0000739000,083721,085818,085496,095471,083306,075375
0000000741,0000740000,083068,084926,086851,092510,087800,073321
0000000742,0000741000,082691,083892,088010,088961,092008,072395
0000000743,0000742000,082634,082824,088841,085191,095523,072674
0000000744,0000743000,082901,081839,089250,081587,098005,074118
0000000745,0000744000,083473,081041,089179,078523,099213,076574
0000000746,0000745000,084288,080530,088621,076318,099036,079789
0000000747,0000746000,085265,080368,087619,075202,097498,083434
0000000748,0000747000,086298,080585,086269,075291,094762,087146
0000000749,0000748000,087279,081174,084698,076573,091107,090559
0000000750,0000749000,088106,082086,083059,078911,086899,093348
0000000751,0000750000,088691,083233,081522,082061,082549,095255
0000000752,0000751000,088976,084502,080244,085697,078479,096112
0000000753,0000752000,088927,085769,079363,089443,075081,095853
0000000754,0000753000,088546,086891,078985,092913,072682,094519
0000000755,0000754000,087868,087745,079166,095744,071511,092256
0000000756,0000755000,086963,088233,079900,097640,071676,089299
0000000757,0000756000,085924,088288,081127,098401,073149,085954
0000000758,0000757000,084861,087893,082732,097948,075773,082557
0000000759,0000758000,083888,087076,084554,096331,079274,079444
0000000760,0000759000,083106,085911,086416,093722,083300,076911
0000000761,0000760000,082595,084503,088133,090393,087454,075189
0000000762,0000761000,082410,082992,089531,086692,091333,074425
0000000763,0000762000,082572,081530,090458,083000,094568,074672
0000000764,0000763000,083070,080271,090804,079700,096848,075887
0000000765,0000764000,083855,079357,090517,077139,097959,077933
0000000766,0000765000,084849,078896,089604,075588,097801,080591
0000000767,0000766000,085946,078951,088151,075210,096403,083587
0000000768,0000767000,087030,079524,086298,076047,093921,086614
0000000769,0000768000,087986,080572,084229,078006,090615,089373
0000000770,0000769000,088714,081994,082148,080881,086825,091602
0000000771,0000770000,089140,083657,080259,084369,082925,093100
0000000772,0000771000,089219,085406,078750,088108,079293,093745
0000000773,0000772000,088939,087064,077780,091709,076275,093500
0000000774,0000773000,088323,088456,077468,094798,074156,092413
0000000775,0000774000,087432,089427,077862,097048,073133,090610
0000000776,0000775000,086354,089862,078945,098219,073293,088290
0000000777,0000776000,085206,089697,080618,098185,074604,085696
0000000778,0000777000,084109,088942,082712,096949,076916,083096
0000000779,0000778000,083181,087668,085016,094643,079981,080749
0000000780,0000779000,082517,085994,087303,091514,083481,078877
0000000781,0000780000,082184,084078,089353,087890,087066,077645
0000000782,0000781000,082219,082100,090964,084147,090389,077146
0000000783,0000782000,082620,080257,091968,080676,093134,077400
0000000784,0000783000,083354,078738,092246,077841,095046,078355
0000000785,0000784000,084349,077713,091747,075943,095952,079890
0000000786,0000785000,085503,077310,090499,075187,095780,081834
0000000787,0000786000,086692,077584,088620,075656,094566,083975
0000000788,0000787000,087789,078514,086301,077302,092454,086091
0000000789,0000788000,088678,080010,083778,079948,089676,087970
0000000790,0000789000,089267,081925,081305,083313,086525,089434
0000000791,0000790000,089498,084079,079113,087042,083319,090359
0000000792,0000791000,089345,086273,077414,090748,080372,090683
0000000793,0000792000,088821,088289,076386,094042,077959,090406
0000000794,0000793000,087971,089920,076148,096578,076303,089589
0000000795,0000794000,086879,090990,076746,098083,075547,088341
0000000796,0000795000,085659,091362,078145,098392,075745,086812
0000000797,0000796000,084440,090979,080215,097468,076853,085171
0000000798,0000797000,083356,089879,082736,095408,078736,083593
0000000799,0000798000,082521,088177,085448,092434,081181,082239
0000000800,0000799000,082018,086038,088083,088861,083924,081233
0000000801,0000800000,081897,083664,090395,085065,086685,080657
0000000802,0000801000,082171,081277,092161,081441,089193,080537
0000000803,0000802000,082819,079110,093198,078371,091213,080850
0000000804,0000803000,083779,077382,093393,076180,092563,081529
0000000805,0000804000,084958,076279,092701,075107,093135,082472
0000000806,0000805000,086231,075946,091165,075272,092898,083556
0000000807,0000806000,087463,076431,088933,076662,091902,084654
0000000808,0000807000,088519,077686,086241,079130,090276,085643
0000000809,0000808000,089287,079579,083371,082411,088209,086424
0000000810,0000809000,089693,081917,080609,086156,085930,086926
0000000811,0000810000,089698,084482,078209,089973,083678,087116
0000000812,0000811000,089300,087035,076400,093462,081673,087006
0000000813,0000812000,088533,089325,075369,096257,080105,086642
0000000814,0000813000,087470,091125,075225,098057,079109,086100
0000000815,0000814000,086217,092245,076003,098663,078756,085474
0000000816,0000815000,084908,092535,077654,098005,079049,084860
0000000817,0000816000,083681,091953,080017,096147,079929,084339
0000000818,0000817000,082669,090561,082840,093286,081274,083978
0000000819,0000818000,081983,088502,085826,089729,082923,083812
0000000820,0000819000,081686,085998,088672,085857,084686,083854
0000000821,0000820000,081799,083279,091126,082071,086372,084084
0000000822,0000821000,082324,080591,092949,078769,087814,084450
0000000823,0000822000,083202,078217,093954,076302,088877,084879
0000000824,0000823000,084357,076371,094037,074935,089472,085288
0000000825,0000824000,085665,075255,093185,074824,089574,085591
0000000826,0000825000,086993,075015,091440,075987,089208,085720
0000000827,0000826000,088194,075688,088984,078306,088446,085641
0000000828,0000827000,089140,077195,086084,081532,087400,085346
0000000829,0000828000,089734,079380,083028,085321,086204,084865
0000000830,0000829000,089912,082022,080143,089269,085002,084251
0000000831,0000830000,089677,084847,077680,092965,083932,083576
0000000832,0000831000,089030,087619,075883,096021,083104,082935
0000000833,0000832000,088048,090049,074919,098111,082595,082427
0000000834,0000833000,086820,091902,074898,099006,082439,082145
0000000835,0000834000,085472,092985,075832,098601,082617,082164
0000000836,0000835000,084152,093168,077633,096932,083074,082523
0000000837,0000836000,082995,092425,080136,094173,083719,083213
0000000838,0000837000,082135,090818,083069,090619,084454,084178
0000000839,0000838000,081649,088542,086131,086650,085176,085320
0000000840,0000839000,081594,085827,088995,082686,085782,086525
0000000841,0000840000,081957,082931,091422,079142,086196,087663
0000000842,0000841000,082714,080125,093167,076389,086370,088592
0000000843,0000842000,083792,077693,094050,074724,086288,089191
0000000844,0000843000,085072,075872,094004,074331,085972,089357
0000000845,0000844000,086438,074835,093012,075262,085490,089024
0000000846,0000845000,087726,074727,091175,077425,084930,088183
0000000847,0000846000,088813,075538,088671,080593,084393,086890
0000000848,0000847000,089572,077197,085772,084425,083974,085259
0000000849,0000848000,089933,079528,082766,088513,083743,083453
0000000850,0000849000,089863,082274,079967,092425,083753,081656
0000000851,0000850000,089373,085174,077644,095753,084019,080054
0000000852,0000851000,088514,087952,075996,098146,084527,078827
0000000853,0000852000,087358,090349,075203,099344,085226,078129
0000000854,0000853000,086045,092094,075330,099213,086032,078068
0000000855,0000854000,084689,093042,076375,097756,086838,078699
0000000856,0000855000,083455,093083,078209,095121,087514,080000
0000000857,0000856000,082465,092214,080659,091590,087949,081876
0000000858,0000857000,081823,090521,083476,087540,088057,084150
0000000859,0000858000,081598,088191,086354,083402,087798,086598
0000000860,0000859000,081798,085478,089010,079612,087166,088974
0000000861,0000860000,082409,082628,091190,076566,086210,091035
0000000862,0000861000,083362,079930,092697,074587,085010,092556
0000000863,0000862000,084571,077643,093366,073890,083685,093361
0000000864,0000863000,085898,076007,093154,074558,082375,093331
0000000865,0000864000,087212,075168,092081,076528,081241,092426
0000000866,0000865000,088368,075214,090272,079596,080439,090695
0000000867,0000866000,089239,076132,087921,083434,080094,088278
0000000868,0000867000,089746,077816,085262,087633,080285,085401
0000000869,0000868000,089826,080101,082573,091746,081025,082349
0000000870,0000869000,089493,082729,080122,095338,082266,079426
0000000871,0000870000,088771,085452,078149,098037,083904,076931
0000000872,0000871000,087737,088009,076830,099553,085787,075125
0000000873,0000872000,086499,090134,076299,099722,087734,074214
0000000874,0000873000,085184,091613,076610,098517,089542,074318
0000000875,0000874000,083938,092310,077696,096060,091005,075466
0000000876,0000875000,082889,092176,079440,092608,091939,077583
0000000877,0000876000,082155,091219,081649,088529,092204,080487
0000000878,0000877000,081803,089565,084094,084261,091734,083904
0000000879,0000878000,081869,087390,086518,080256,090540,087502
0000000880,0000879000,082338,084904,088698,076935,088716,090921
0000000881,0000880000,083160,082365,090417,074646,086428,093812
0000000882,0000881000,084255,080027,091497,073633,083887,095879
0000000883,0000882000,085501,078121,091858,074008,081342,096897
0000000884,0000883000,086773,076836,091461,075738,079055,096735
0000000885,0000884000,087926,076306,090366,078645,077274,095381
0000000886,0000885000,088841,076547,088718,082419,076208,092936
0000000887,0000886000,089419,077515,086708,086659,076010,089614
0000000888,0000887000,089604,079110,084534,090911,076735,085732
0000000889,0000888000,089385,081148,082420,094725,078345,081668
0000000890,0000889000,088786,083419,080585,097699,080704,077825
0000000891,0000890000,087876,085701,079187,099521,083597,074590
0000000892,0000891000,086742,087770,078368,099998,086747,072295
0000000893,0000892000,085513,089397,078209,099074,089844,071182
0000000894,0000893000,084314,090430,078708,096843,092579,071382
0000000895,0000894000,083280,090783,079780,093539,094658,072899
0000000896,0000895000,082522,090434,081297,089514,095847,075610
0000000897,0000896000,082117,089447,083082,085198,095993,079264
0000000898,0000897000,082108,087949,084927,081052,095046,083515
0000000899,0000898000,082482,086102,086660,077516,093068,087950
0000000900,0000899000,083202,084087,088111,074960,090234,092130
0000000901,0000900000,084188,082123,089136,073655,086808,095636
0000000902,0000901000,085463,079599,089636,073633,083469,098069
0000000903,0000902000,089739,069347,090194,074884,083860,099765
0000000904,0000903000,087310,069349,093656,077232,086286,098449
0000000905,0000904000,089687,078106,086732,080449,086325,095799
0000000906,0000905000,088959,080404,085119,084585,084759,093585
0000000907,0000906000,089727,076681,088313,088225,084534,088857
0000000908,0000907000,099998,079170,080362,088179,086213,083857
0000000909,0000908000,097469,086734,070006,084779,086478,082715
0000000910,0000909000,087935,095321,069126,085732,086527,086542
0000000911,0000910000,084943,095927,079985,086303,083712,085827
0000000912,0000911000,081994,086969,077986,087095,084842,083973
0000000913,0000912000,084502,094778,076764,086580,087176,084694
0000000914,0000913000,076714,099998,078466,084484,084460,085470
0000000915,0000914000,070180,092958,087910,087090,083628,087185
0000000916,0000915000,076937,086846,097015,087851,084089,084652
0000000917,0000916000,077393,082977,089646,086564,085580,083358
0000000918,0000917000,076659,087719,089745,086685,085716,085993
0000000919,0000918000,076084,082413,097304,086736,082562,085725
0000000920,0000919000,080960,070032,099145,088657,083911,084588
0000000921,0000920000,091874,072049,095549,087725,086221,083135
0000000922,0000921000,090192,076145,086256,085888,085678,083771
0000000923,0000922000,089194,076457,087606,087525,084683,085907
0000000924,0000923000,095203,071530,089648,087847,083905,083894
0000000925,0000924000,099191,070729,080069,087308,086418,082885
0000000926,0000925000,099889,083218,074444,085924,087207,084226
0000000927,0000926000,092711,087612,073929,085534,084737,085099
0000000928,0000927000,091325,084678,076896,087578,084889,085248
0000000929,0000928000,094567,087074,075199,086669,085996,083513
0000000930,0000929000,088240,093536,068852,085184,086609,084466
0000000931,0000930000,081206,099805,074702,085708,085220,086537
0000000932,0000931000,077558,094701,082815,086526,083507,085515
0000000933,0000932000,078534,089968,084183,087289,085386,084615
0000000934,0000933000,078395,094653,083918,085939,085935,084702
0000000935,0000934000,071433,093840,086499,085816,084197,086053
0000000936,0000935000,071995,086389,095991,087746,083397,086298
0000000937,0000936000,078252,078541,098572,087654,084189,083970
0000000938,0000937000,081120,078264,093146,087003,085920,083990
0000000939,0000938000,081948,081282,093425,086723,084837,085274
0000000940,0000939000,083115,074011,095883,087605,083279,085113
0000000941,0000940000,090913,067748,094975,088443,084907,083970
0000000942,0000941000,096641,071367,087416,086873,086282,082946
0000000943,0000942000,094658,077204,080636,086302,085922,084402
0000000944,0000943000,094980,078600,082423,087174,084622,085173
0000000945,0000944000,097658,075660,080687,087329,084950,083739
0000000946,0000945000,098934,080780,073649,086613,086998,083535
0000000947,0000946000,094604,090833,069983,085411,086299,084650
0000000948,0000947000,087720,092338,072600,086020,084704,085716
0000000949,0000948000,087054,090750,077418,086964,084998,085054
0000000950,0000949000,085897,092970,075754,086096,085982,084021
0000000951,0000950000,080065,098337,074930,085610,085931,085413
0000000952,0000951000,074682,098198,082509,086051,084085,086430
0000000953,0000952000,073200,090346,089475,087079,083808,085451
0000000954,0000953000,076118,087573,090826,087195,085329,084476
0000000955,0000954000,075763,089083,090048,086236,085139,084840
0000000956,0000955000,073765,085500,094119,086867,083872,086035
0000000957,0000956000,077777,077501,099998,087912,083621,085171
0000000958,0000957000,083970,072262,097278,087776,084948,083579
0000000959,0000958000,087893,074536,091599,087089,085817,084038
0000000960,0000959000,088812,075572,090554,086843,084602,084901
0000000961,0000960000,091523,071051,090889,087751,084300,084578
0000000962,0000961000,097876,070547,086630,087749,085696,083334
0000000963,0000962000,099525,076327,078131,086427,086431,083460
0000000964,0000963000,096355,082316,075116,086166,085775,084921
0000000965,0000964000,094631,083441,076803,086726,084897,084847
0000000966,0000965000,094933,084043,074592,086870,085725,083934
0000000967,0000966000,093347,090739,070673,085975,086576,084252
0000000968,0000967000,086415,096654,071266,085317,085579,085463
0000000969,0000968000,080670,096000,077060,086332,084555,085887
0000000970,0000969000,080140,093481,081165,086811,084861,084898
0000000971,0000970000,078466,094264,080977,086148,085600,084727
0000000972,0000971000,074085,096100,084278,085926,085012,085856
0000000973,0000972000,071406,091662,091468,086758,083698,085958
0000000974,0000973000,074107,083922,095740,087662,084032,084997
0000000975,0000974000,078331,081177,095188,087190,085112,084338
0000000976,0000975000,078794,080930,094158,086674,084894,084886
0000000977,0000976000,080328,077208,096681,087472,084003,085291
0000000978,0000977000,086476,070979,097157,088080,084166,084227
0000000979,0000978000,092437,069611,091794,087493,085599,083529
0000000980,0000979000,094359,073958,086277,086746,085893,084044
0000000981,0000980000,094411,075607,084052,086953,084923,084583
0000000982,0000981000,097232,074381,082440,087501,085022,084204
0000000983,0000982000,099907,077245,077444,086823,086160,083548
0000000984,0000983000,097232,084829,071870,085891,086544,084135
0000000985,0000984000,092576,090054,071848,086083,085412,085203
0000000986,0000985000,090041,089895,074303,086544,084934,085003
0000000987,0000986000,088309,091465,074208,086308,085882,084492
0000000988,0000987000,083751,096974,073803,085649,086026,084906
0000000989,0000988000,077678,098788,077549,085894,084781,085865
0000000990,0000989000,075077,094689,084596,086686,084122,085886
0000000991,0000990000,075201,090794,088361,086804,084804,084900
0000000992,0000991000,074398,090670,088920,086488,085234,084921
0000000993,0000992000,073177,088976,092304,086688,084249,085677
0000000994,0000993000,074833,081697,097554,087443,083604,085483
0000000995,0000994000,079731,075843,098687,087710,084607,084363
0000000996,0000995000,083966,075316,095127,087277,085275,083984
0000000997,0000996000,086302,075006,092724,087175,084762,084676
0000000998,0000997000,089739,071670,092991,087564,084364,084707
0000000999,0000998000,094613,069524,090016,087629,085203,083698
0000001000,0000999000,098118,073210,082849,087077,086166,083419
0000001001,0001000000,097992,078394,078035,086474,085729,084361
0000001002,0001001000,096615,080121,077343,086659,085190,084739
0000001003,0001002000,096646,081949,075756,086806,085735,084104
0000001004,0001003000,095347,087455,071425,086239,086307,083991
0000001005,0001004000,090695,093347,070081,085732,085860,085049
0000001006,0001005000,085139,095241,074018,085925,085032,085631
0000001007,0001006000,081934,094481,077715,086464,085033,085075
0000001008,0001007000,080020,095554,078724,086311,085496,084838
0000001009,0001008000,076105,096893,081288,085906,085061,085585
0000001010,0001009000,072253,094138,087724,086405,084228,085987
0000001011,0001010000,072666,088699,092988,087208,084151,085246
0000001012,0001011000,075410,084712,094054,087206,084668,084691
0000001013,0001012000,076859,082704,094687,086864,084737,085037
0000001014,0001013000,078020,079126,097171,087170,084200,085199
0000001015,0001014000,082416,073696,098023,087897,084210,084497
0000001016,0001015000,088846,070857,094612,087741,085025,083848
0000001017,0001016000,092198,072008,089997,087016,085481,084069
0000001018,0001017000,093464,073365,087392,087061,085152,084415
0000001019,0001018000,096382,073194,084746,087461,085073,084047
0000001020,0001019000,099557,074901,079702,087100,085783,083712
0000001021,0001020000,099024,080542,074725,086258,086297,084063
0000001022,0001021000,095297,086204,072729,086092,085792,084685
0000001023,0001022000,092727,088410,073057,086534,085279,084806
0000001024,0001023000,091135,090399,072785,086345,085685,084562
0000001025,0001024000,086691,094950,072538,085661,086030,084896
0000001026,0001025000,080688,098291,075291,085879,085240,085503
0000001027,0001026000,077307,096600,080352,086457,084457,085659
0000001028,0001027000,075986,093409,084788,086554,084727,085330
0000001029,0001028000,074182,092619,087505,086349,085118,085133
0000001030,0001029000,072300,091240,090660,086608,084513,085461
0000001031,0001030000,073413,085521,095307,087322,083746,085550
0000001032,0001031000,077184,079087,098010,087452,084337,084796
0000001033,0001032000,080446,076966,096781,087237,085040,084322
0000001034,0001033000,083335,075909,095040,087359,084688,084560
0000001035,0001034000,087596,072194,094437,087651,084300,084630
0000001036,0001035000,092505,069348,092366,087567,084997,084048
0000001037,0001036000,095989,071470,086820,087184,085878,083529
0000001038,0001037000,097424,075685,081096,086875,085689,084031
0000001039,0001038000,097898,077557,078816,086846,085225,084537
0000001040,0001039000,098110,079272,076859,086736,085681,084168
0000001041,0001040000,096683,084886,072652,086301,086391,083916
0000001042,0001041000,093261,090874,070134,086048,085837,084708
0000001043,0001042000,088910,093173,072132,085992,085226,085376
0000001044,0001043000,084772,094071,075410,086112,085348,085147
0000001045,0001044000,081346,096229,076673,086196,085563,084829
0000001046,0001045000,077758,097748,078716,086083,085104,085416
0000001047,0001046000,073986,095486,084805,086180,084339,086079
0000001048,0001047000,072500,091243,090477,086834,084446,085310
0000001049,0001048000,073702,088305,092235,087071,084687,084852
0000001050,0001049000,075105,085295,093848,086962,084413,085213
0000001051,0001050000,076436,080523,097251,087086,084166,085350
0000001052,0001051000,079715,075728,098833,087601,084391,084608
0000001053,0001052000,085326,072849,096061,087836,084792,083962
0000001054,0001053000,089984,071986,092266,087306,085072,084229
0000001055,0001054000,092258,071703,090292,087109,085028,084457
0000001056,0001055000,095103,071743,087363,087437,085239,083920
0000001057,0001056000,098794,073843,081623,087285,085672,083647
0000001058,0001057000,099640,077880,076732,086550,085912,084127
0000001059,0001058000,097191,082444,074596,086216,085872,084515
0000001060,0001059000,094718,086279,073263,086480,085665,084451
0000001061,0001060000,093130,089484,071600,086423,085705,084466
0000001062,0001061000,089436,093433,071373,085788,085852,084964
0000001063,0001062000,083096,096907,074251,085728,085464,085403
0000001064,0001063000,079201,097106,077932,086393,084868,085340
0000001065,0001064000,077482,095471,081291,086455,084821,085321
0000001066,0001065000,074656,094278,085297,086134,084935,085527
0000001067,0001066000,071894,092634,089711,086519,084618,085462
0000001068,0001067000,072469,088205,093575,087209,084049,085338
0000001069,0001068000,075820,082047,096372,087387,084145,085067
0000001070,0001069000,078292,078698,097258,087047,084815,084737
0000001071,0001070000,080446,076879,096904,087320,084666,084609
0000001072,0001071000,085379,073111,095755,087927,084258,084416
0000001073,0001072000,091139,069708,093401,087540,084850,084202
0000001074,0001073000,094092,070637,089504,087075,085625,083901
0000001075,0001074000,095933,073915,084399,087140,085634,083824
0000001076,0001075000,098185,075648,080398,087172,085205,084219
0000001077,0001076000,099491,077156,077596,086777,085619,084203
0000001078,0001077000,097761,082580,073923,086159,086472,083967
0000001079,0001078000,094331,088948,070946,086247,085806,084540
0000001080,0001079000,091642,091058,071527,086308,085226,085071
0000001081,0001080000,087890,092808,073538,085879,085662,085051
0000001082,0001081000,082635,096595,075006,085924,085779,084899
0000001083,0001082000,078692,098628,076961,086216,085065,085317
0000001084,0001083000,075860,096121,082259,086276,084329,085990
0000001085,0001084000,073400,092438,088381,086488,084673,085439
0000001086,0001085000,072670,090863,090686,086782,084906,084908
0000001087,0001086000,073437,088131,092668,087019,084241,085336
0000001088,0001087000,075637,081505,097123,087201,083894,085506
0000001089,0001088000,078254,076806,099205,087325,084598,084675
0000001090,0001089000,082347,075047,096824,087663,084912,084022
0000001091,0001090000,087769,072971,093488,087669,084580,084351
0000001092,0001091000,091512,070404,092317,087211,084802,084580
0000001093,0001092000,094098,070350,089805,087274,085394,083933
0000001094,0001093000,097661,073758,082835,087437,085870,083291
0000001095,0001094000,099603,076736,077896,086815,085427,084358
0000001096,0001095000,098535,079064,076617,086377,085642,084575
0000001097,0001096000,096061,083882,074306,086306,086257,084037
0000001098,0001097000,094186,089443,070628,086511,085802,084279
0000001099,0001098000,091460,092315,070472,086044,085473,085086
0000001100,0001099000,085298,094918,074010,085414,085635,085545
0000001101,0001100000,080448,096904,076866,086411,085302,084887
