0000000001,0000000000,089606,087675,075232,092071,089706,074067
0000000002,0000001000,087058,090108,075346,089056,092422,074365
0000000003,0000002000,084206,091964,076344,085756,094417,075671
0000000004,0000003000,081361,093025,078127,082501,095486,077857
0000000005,0000004000,078777,093208,080529,079597,095536,080711
0000000006,0000005000,076704,092501,083307,077336,094557,083950
0000000007,0000006000,075359,090971,086182,075943,092644,087257
0000000008,0000007000,074886,088739,088888,075547,089984,090312
0000000009,0000008000,075294,086061,091157,076188,086840,092815
0000000010,0000009000,076561,083195,092758,077807,083519,094518
0000000011,0000010000,078581,080396,093536,080244,080344,095255
0000000012,0000011000,081143,077947,093423,083258,077629,094957
0000000013,0000012000,083971,076116,092426,086557,075636,093651
0000000014,0000013000,086825,075046,090641,089816,074562,091466
0000000015,0000014000,089422,074851,088240,092718,074514,088612
0000000016,0000015000,091482,075569,085462,094976,075496,085372
0000000017,0000016000,092817,077110,082586,096374,077405,082065
0000000018,0000017000,093315,079317,079881,096768,080065,079010
0000000019,0000018000,092897,082004,077612,096124,083212,076507
0000000020,0000019000,091614,084887,076012,094507,086532,074804
0000000021,0000020000,089611,087669,075232,092073,089703,074067
0000000022,0000021000,087057,090110,075346,089054,092424,074365
0000000023,0000022000,084205,091965,076343,085757,094416,075671
0000000024,0000023000,081361,093025,078127,082500,095487,077857
0000000025,0000024000,078779,093205,080529,079597,095536,080711
0000000026,0000025000,076702,092504,083306,077336,094558,083950
0000000027,0000026000,075362,090968,086183,075942,092644,087257
0000000028,0000027000,074883,088741,088888,075546,089985,090312
0000000029,0000028000,075293,086062,091157,076188,086840,092815
0000000030,0000029000,076563,083194,092757,077806,083520,094518
0000000031,0000030000,078582,080394,093537,080243,080346,095256
0000000032,0000031000,081138,077952,093424,083258,077629,094957
0000000033,0000032000,083974,076113,092426,086557,075636,093651
0000000034,0000033000,086827,075044,090642,089815,074563,091466
0000000035,0000034000,089418,074854,088241,092716,074516,088612
0000000036,0000035000,091480,075571,085462,094977,075495,085372
0000000037,0000036000,092823,077104,082586,096372,077406,082066
0000000038,0000037000,093313,079319,079881,096767,080066,079011
0000000039,0000038000,092893,082008,077612,096124,083212,076508
0000000040,0000039000,091619,084882,076012,094508,086531,074805
0000000041,0000040000,089613,087667,075232,092071,089705,074067
0000000042,0000041000,087051,090116,075346,089054,092424,074366
0000000043,0000042000,084207,091963,076343,085757,094415,075671
0000000044,0000043000,081366,093021,078127,082500,095487,077857
0000000045,0000044000,078774,093210,080529,079596,095537,080711
0000000046,0000045000,076700,092507,083306,077337,094557,083950
0000000047,0000046000,075367,090964,086182,075942,092645,087257
0000000048,0000047000,074882,088742,088888,075546,089986,090312
0000000049,0000048000,075289,086067,091157,076188,086841,092815
0000000050,0000049000,076566,083190,092757,077807,083519,094518
0000000051,0000050000,078583,080393,093537,080241,080347,095255
0000000052,0000051000,081133,077956,093424,083257,077630,094957
0000000053,0000052000,083974,076113,092426,086556,075636,093652
0000000054,0000053000,086830,075040,090642,089814,074564,091466
0000000055,0000054000,089415,074856,088241,092715,074517,088612
0000000056,0000055000,091479,075571,085463,094976,075495,085373
0000000057,0000056000,092825,077101,082587,096371,077406,082066
0000000058,0000057000,093312,079320,079882,096766,080066,079012
0000000059,0000058000,092892,082009,077612,096124,083211,076509
0000000060,0000059000,091622,084879,076012,094508,086530,074806
0000000061,0000060000,089613,087667,075232,092071,089705,074068
0000000062,0000061000,087050,090117,075345,089054,092423,074366
0000000063,0000062000,084210,091961,076342,085758,094414,075672
0000000064,0000063000,081366,093021,078126,082500,095487,077857
0000000065,0000064000,078772,093213,080528,079597,095536,080711
0000000066,0000065000,076702,092505,083305,077338,094556,083950
0000000067,0000066000,075368,090963,086182,075943,092645,087256
0000000068,0000067000,074879,088746,088888,075546,089987,090311
0000000069,0000068000,075289,086067,091157,076189,086841,092814
0000000070,0000069000,076567,083188,092757,077806,083521,094517
0000000071,0000070000,078580,080396,093538,080241,080348,095254
0000000072,0000071000,081132,077957,093424,083257,077630,094956
0000000073,0000072000,083977,076109,092427,086555,075637,093651
0000000074,0000073000,086828,075041,090643,089812,074566,091466
0000000075,0000074000,089412,074859,088242,092714,074517,088613
0000000076,0000075000,091482,075567,085464,094975,075495,085374
0000000077,0000076000,092826,077099,082588,096370,077407,082068
0000000078,0000077000,093309,079322,079882,096765,080066,079013
0000000079,0000078000,092894,082007,077612,096123,083210,076510
0000000080,0000079000,091626,084875,076012,094507,086530,074807
0000000081,0000080000,089611,087669,075232,092071,089704,074069
0000000082,0000081000,087051,090117,075345,089055,092421,074367
0000000083,0000082000,084214,091958,076341,085759,094413,075672
0000000084,0000083000,081366,093022,078125,082501,095486,077857
0000000085,0000084000,078771,093216,080527,079599,095535,080710
0000000086,0000085000,076705,092504,083304,077339,094556,083949
0000000087,0000086000,075368,090964,086181,075943,092645,087255
0000000088,0000087000,074876,088750,088887,075547,089987,090309
0000000089,0000088000,075289,086067,091156,076190,086841,092812
0000000090,0000089000,076567,083188,092758,077806,083522,094515
0000000091,0000090000,078576,080399,093538,080241,080350,095253
0000000092,0000091000,081131,077958,093425,083257,077632,094955
0000000093,0000092000,083977,076108,092428,086554,075639,093651
0000000094,0000093000,086825,075043,090645,089810,074568,091466
0000000095,0000094000,089411,074858,088243,092712,074518,088613
0000000096,0000095000,091484,075564,085465,094973,075496,085375
0000000097,0000096000,092826,077098,082589,096367,077407,082069
0000000098,0000097000,093309,079322,079883,096763,080066,079015
0000000099,0000098000,092897,082003,077613,096122,083209,076512
0000000100,0000099000,091627,084874,076012,094506,086529,074809
0000000101,0000100000,089611,087670,075231,092071,089702,074071
0000000102,0000101000,087054,090115,075343,089056,092418,074369
0000000103,0000102000,084216,091957,076340,085759,094411,075673
0000000104,0000103000,081365,093025,078123,082503,095484,077857
0000000105,0000104000,078773,093216,080524,079601,095533,080710
0000000106,0000105000,076707,092504,083302,077341,094555,083948
0000000107,0000106000,075365,090968,086179,075946,092645,087253
0000000108,0000107000,074874,088753,088886,075550,089987,090307
0000000109,0000108000,075290,086067,091156,076192,086843,092809
0000000110,0000109000,076564,083191,092758,077807,083525,094512
0000000111,0000110000,078572,080402,093539,080241,080352,095251
0000000112,0000111000,081130,077956,093426,083256,077635,094953
0000000113,0000112000,083975,076107,092431,086552,075643,093650
0000000114,0000113000,086821,075044,090647,089807,074570,091466
0000000115,0000114000,089411,074856,088246,092709,074520,088614
0000000116,0000115000,091485,075560,085468,094969,075498,085376
0000000117,0000116000,092824,077098,082591,096364,077408,082072
0000000118,0000117000,093310,079319,079884,096761,080065,079018
0000000119,0000118000,092901,081999,077613,096120,083208,076516
0000000120,0000119000,091628,084873,076011,094504,086527,074813
0000000121,0000120000,089613,087669,075230,092071,089699,074074
0000000122,0000121000,087059,090112,075341,089057,092415,074371
0000000123,0000122000,084219,091957,076337,085761,094408,075675
0000000124,0000123000,081366,093027,078120,082506,095481,077858
0000000125,0000124000,078775,093217,080521,079605,095530,080709
0000000126,0000125000,076707,092506,083300,077345,094553,083946
0000000127,0000126000,075363,090973,086177,075949,092644,087250
0000000128,0000127000,074874,088755,088884,075553,089987,090303
0000000129,0000128000,075289,086069,091155,076193,086844,092806
0000000130,0000129000,076560,083195,092758,077808,083528,094509
0000000131,0000130000,078569,080404,093540,080241,080356,095247
0000000132,0000131000,081128,077956,093429,083254,077639,094951
0000000133,0000132000,083971,076108,092434,086549,075647,093648
0000000134,0000133000,086818,075044,090651,089804,074574,091466
0000000135,0000134000,089411,074852,088249,092705,074523,088615
0000000136,0000135000,091484,075558,085471,094965,075500,085379
0000000137,0000136000,092824,077096,082594,096360,077409,082075
0000000138,0000137000,093313,079314,079886,096757,080064,079022
0000000139,0000138000,092904,081994,077614,096117,083207,076520
0000000140,0000139000,091630,084871,076011,094503,086524,074817
0000000141,0000140000,089618,087666,075228,092071,089694,074078
0000000142,0000141000,087064,090110,075339,089059,092411,074374
0000000143,0000142000,084221,091958,076334,085764,094403,075676
0000000144,0000143000,081368,093029,078116,082510,095476,077858
0000000145,0000144000,078779,093217,080517,079609,095527,080708
0000000146,0000145000,076707,092510,083296,077349,094551,083943
0000000147,0000146000,075362,090978,086174,075954,092643,087246
0000000148,0000147000,074873,088758,088881,075557,089988,090299
0000000149,0000148000,075285,086073,091154,076196,086847,092801
0000000150,0000149000,076554,083200,092758,077809,083531,094504
0000000151,0000150000,078565,080406,093542,080241,080360,095243
0000000152,0000151000,081124,077957,093432,083252,077644,094947
0000000153,0000152000,083965,076110,092438,086545,075652,093646
0000000154,0000153000,086815,075042,090655,089800,074579,091465
0000000155,0000154000,089410,074848,088254,092700,074527,088616
0000000156,0000155000,091482,075555,085476,094959,075503,085382
0000000157,0000156000,092824,077091,082597,096355,077410,082079
0000000158,0000157000,093317,079308,079889,096753,080064,079028
0000000159,0000158000,092907,081990,077616,096114,083204,076526
0000000160,0000159000,091634,084868,076011,094501,086520,074823
0000000161,0000160000,089624,087662,075226,092071,089689,074083
0000000162,0000161000,087069,090108,075336,089060,092405,074378
0000000163,0000162000,084224,091959,076329,085768,094397,075679
0000000164,0000163000,081373,093030,078111,082515,095470,077858
0000000165,0000164000,078781,093220,080512,079615,095522,080706
0000000166,0000165000,076707,092515,083291,077356,094548,083940
0000000167,0000166000,075361,090983,086169,075960,092642,087241
0000000168,0000167000,074871,088763,088879,075562,089989,090293
0000000169,0000168000,075280,086079,091153,076200,086850,092794
0000000170,0000169000,076549,083205,092759,077811,083536,094497
0000000171,0000170000,078561,080408,093544,080240,080366,095237
0000000172,0000171000,081118,077959,093436,083250,077651,094943
0000000173,0000172000,083960,076111,092443,086541,075659,093643
0000000174,0000173000,086812,075039,090661,089794,074585,091465
0000000175,0000174000,089408,074845,088260,092693,074533,088618
0000000176,0000175000,091481,075551,085481,094952,075507,085385
0000000177,0000176000,092826,077085,082602,096348,077411,082085
0000000178,0000177000,093320,079301,079892,096747,080063,079034
0000000179,0000178000,092911,081985,077617,096109,083201,076533
0000000180,0000179000,091640,084863,076010,094499,086514,074830
0000000181,0000180000,089632,087657,075224,092072,089682,074090
0000000182,0000181000,087075,090107,075331,089063,092397,074383
0000000183,0000182000,084230,091960,076323,085773,094389,075682
0000000184,0000183000,081378,093031,078104,082521,095463,077859
0000000185,0000184000,078784,093224,080505,079623,095517,080704
0000000186,0000185000,076707,092522,083285,077364,094544,083936
0000000187,0000186000,075360,090989,086164,075968,092641,087235
0000000188,0000187000,074868,088770,088875,075568,089990,090285
0000000189,0000188000,075274,086087,091151,076204,086854,092786
0000000190,0000189000,076543,083211,092760,077814,083541,094489
0000000191,0000190000,078554,080412,093547,080240,080374,095230
0000000192,0000191000,081110,077962,093441,083247,077660,094937
0000000193,0000192000,083953,076111,092449,086536,075668,093640
0000000194,0000193000,086808,075036,090669,089787,074593,091464
0000000195,0000194000,089404,074841,088268,092684,074539,088620
0000000196,0000195000,091479,075545,085488,094943,075511,085390
0000000197,0000196000,092829,077077,082608,096339,077412,082092
0000000198,0000197000,093324,079293,079896,096739,080062,079043
0000000199,0000198000,092916,081978,077619,096104,083197,076543
0000000200,0000199000,091648,084856,076009,094497,086508,074839
0000000201,0000200000,089640,087652,075220,092072,089674,074098
0000000202,0000201000,087082,090105,075326,089066,092388,074389
0000000203,0000202000,084237,091960,076316,085779,094380,075685
0000000204,0000203000,081384,093033,078096,082529,095455,077860
0000000205,0000204000,078787,093230,080497,079632,095510,080702
0000000206,0000205000,076707,092529,083277,077374,094539,083931
0000000207,0000206000,075359,090996,086158,075977,092639,087228
0000000208,0000207000,074863,088779,088871,075576,089992,090276
0000000209,0000208000,075267,086096,091149,076210,086858,092775
0000000210,0000209000,076535,083217,092760,077816,083548,094479
0000000211,0000210000,078545,080417,093551,080240,080383,095221
0000000212,0000211000,081101,077966,093447,083243,077670,094930
0000000213,0000212000,083946,076110,092457,086530,075678,093636
0000000214,0000213000,086802,075033,090678,089778,074603,091463
0000000215,0000214000,089399,074836,088277,092674,074547,088623
0000000216,0000215000,091478,075537,085497,094932,075516,085396
0000000217,0000216000,092831,077067,082615,096329,077414,082100
0000000218,0000217000,093328,079284,079901,096730,080060,079053
0000000219,0000218000,092923,081969,077621,096098,083192,076554
0000000220,0000219000,091658,084847,076008,094494,086500,074850
0000000221,0000220000,089650,087647,075217,092072,089664,074107
0000000222,0000221000,087091,090102,075319,089070,092377,074397
0000000223,0000222000,084246,091959,076307,085786,094368,075690
0000000224,0000223000,081391,093036,078086,082539,095444,077861
0000000225,0000224000,078790,093236,080487,079643,095501,080699
0000000226,0000225000,076709,092537,083267,077386,094534,083924
0000000227,0000226000,075357,091006,086150,075988,092637,087218
0000000228,0000227000,074857,088790,088865,075586,089993,090264
0000000229,0000228000,075259,086106,091147,076217,086863,092763
0000000230,0000229000,076526,083225,092762,077820,083557,094467
0000000231,0000230000,078534,080424,093555,080239,080394,095211
0000000232,0000231000,081090,077970,093454,083239,077682,094922
0000000233,0000232000,083937,076110,092466,086522,075690,093631
0000000234,0000233000,086794,075030,090689,089767,074614,091462
0000000235,0000234000,089394,074830,088288,092662,074556,088626
0000000236,0000235000,091478,075528,085507,094919,075522,085403
0000000237,0000236000,092833,077056,082624,096317,077417,082110
0000000238,0000237000,093333,079273,079907,096720,080058,079065
0000000239,0000238000,092932,081958,077623,096091,083186,076567
0000000240,0000239000,091669,084837,076007,094490,086491,074863
0000000241,0000240000,089661,087640,075212,092072,089652,074119
0000000242,0000241000,087103,090098,075311,089075,092363,074405
0000000243,0000242000,084257,091958,076297,085794,094355,075695
0000000244,0000243000,081399,093040,078074,082550,095432,077861
0000000245,0000244000,078795,093243,080474,079657,095491,080696
0000000246,0000245000,076711,092546,083256,077400,094527,083917
0000000247,0000246000,075355,091017,086141,076001,092635,087208
0000000248,0000247000,074851,088803,088859,075597,089995,090251
0000000249,0000248000,075251,086118,091144,076225,086869,092749
0000000250,0000249000,076515,083236,092763,077823,083567,094453
0000000251,0000250000,078521,080432,093560,080238,080407,095198
0000000252,0000251000,081077,077974,093462,083234,077697,094913
0000000253,0000252000,083926,076110,092478,086513,075705,093626
0000000254,0000253000,086785,075026,090701,089755,074628,091462
0000000255,0000254000,089389,074822,088301,092647,074567,088630
0000000256,0000255000,091477,075517,085519,094904,075529,085411
0000000257,0000256000,092836,077044,082634,096303,077419,082122
0000000258,0000257000,093340,079260,079914,096708,080056,079079
0000000259,0000258000,092942,081945,077626,096082,083179,076582
0000000260,0000259000,091681,084826,076006,094486,086480,074878
0000000261,0000260000,089674,087632,075206,092073,089638,074132
0000000262,0000261000,087117,090094,075302,089080,092348,074415
0000000263,0000262000,084270,091958,076285,085804,094339,075700
0000000264,0000263000,081408,093044,078061,082564,095418,077862
0000000265,0000264000,078801,093252,080460,079672,095480,080692
0000000266,0000265000,076713,092557,083243,077416,094520,083908
0000000267,0000266000,075351,091031,086130,076017,092632,087195
0000000268,0000267000,074844,088817,088851,075610,089998,090236
0000000269,0000268000,075240,086131,091141,076234,086877,092733
0000000270,0000269000,076501,083248,092764,077828,083579,094437
0000000271,0000270000,078506,080442,093566,080238,080422,095184
0000000272,0000271000,081063,077978,093472,083228,077713,094902
0000000273,0000272000,083913,076110,092491,086502,075722,093620
0000000274,0000273000,086774,075022,090716,089740,074643,091460
0000000275,0000274000,089383,074813,088317,092631,074579,088634
0000000276,0000275000,091475,075504,085533,094887,075537,085420
0000000277,0000276000,092838,077029,082645,096286,077422,082135
0000000278,0000277000,093347,079244,079922,096695,080053,079096
0000000279,0000278000,092954,081929,077630,096072,083171,076600
0000000280,0000279000,091695,084814,076004,094481,086467,074895
0000000281,0000280000,089690,087623,075200,092074,089622,074147
0000000282,0000281000,087133,090088,075292,089087,092330,074427
0000000283,0000282000,084283,091958,076271,085815,094321,075707
0000000284,0000283000,081419,093049,078045,082579,095401,077863
0000000285,0000284000,078809,093261,080444,079690,095467,080687
0000000286,0000285000,076715,092570,083228,077434,094511,083898
0000000287,0000286000,075348,091048,086117,076034,092629,087181
0000000288,0000287000,074836,088834,088843,075624,090001,090219
0000000289,0000288000,075228,086147,091137,076244,086885,092714
0000000290,0000289000,076485,083262,092766,077833,083592,094419
0000000291,0000290000,078489,080452,093572,080237,080439,095168
0000000292,0000291000,081047,077983,093483,083221,077732,094890
0000000293,0000292000,083897,076110,092505,086490,075741,093613
0000000294,0000293000,086762,075017,090733,089724,074660,091459
0000000295,0000294000,089375,074803,088334,092612,074593,088639
0000000296,0000295000,091473,075490,085550,094867,075546,085431
0000000297,0000296000,092842,077013,082659,096268,077425,082151
0000000298,0000297000,093356,079226,079931,096679,080050,079115
0000000299,0000298000,092967,081912,077634,096061,083162,076620
0000000300,0000299000,091711,084799,076003,094476,086453,074915
0000000301,0000300000,089708,087612,075193,092075,089604,074164
0000000302,0000301000,087151,090082,075280,089094,092310,074440
0000000303,0000302000,084299,091958,076256,085828,094301,075714
0000000304,0000303000,081432,093055,078027,082596,095383,077865
0000000305,0000304000,078817,093271,080425,079710,095452,080682
0000000306,0000305000,076717,092585,083211,077455,094502,083887
0000000307,0000306000,075344,091066,086103,076054,092626,087164
0000000308,0000307000,074827,088853,088833,075641,090004,090199
0000000309,0000308000,075214,086165,091133,076256,086895,092692
0000000310,0000309000,076468,083278,092767,077838,083607,094398
0000000311,0000310000,078470,080464,093580,080236,080458,095150
0000000312,0000311000,081027,077990,093496,083213,077754,094877
0000000313,0000312000,083880,076111,092522,086476,075763,093605
0000000314,0000313000,086749,075012,090752,089706,074680,091458
0000000315,0000314000,089367,074792,088354,092590,074609,088645
0000000316,0000315000,091470,075475,085568,094845,075556,085443
0000000317,0000316000,092845,076994,082674,096247,077429,082168
0000000318,0000317000,093366,079206,079942,096662,080047,079136
0000000319,0000318000,092982,081893,077639,096049,083152,076643
0000000320,0000319000,091730,084782,076001,094470,086437,074937
0000000321,0000320000,089729,087599,075185,092076,089584,074183
0000000322,0000321000,087171,090075,075266,089102,092287,074454
0000000323,0000322000,084317,091958,076238,085843,094278,075723
0000000324,0000323000,081447,093061,078006,082616,095362,077866
0000000325,0000324000,078826,093283,080404,079733,095435,080676
0000000326,0000325000,076719,092602,083191,077479,094491,083874
0000000327,0000326000,075340,091086,086087,076076,092622,087146
0000000328,0000327000,074817,088874,088822,075659,090008,090176
0000000329,0000328000,075198,086186,091128,076269,086906,092669
0000000330,0000329000,076448,083296,092769,077844,083624,094375
0000000331,0000330000,078448,080477,093588,080234,080480,095130
0000000332,0000331000,081006,077997,093510,083205,077778,094861
0000000333,0000332000,083860,076112,092541,086461,075787,093596
0000000334,0000333000,086734,075005,090774,089685,074702,091457
0000000335,0000334000,089357,074779,088376,092566,074626,088651
0000000336,0000335000,091467,075457,085589,094820,075567,085457
0000000337,0000336000,092850,076972,082691,096224,077432,082188
0000000338,0000337000,093377,079183,079954,096642,080043,079159
0000000339,0000338000,092998,081871,077644,096036,083140,076668
0000000340,0000339000,091750,084763,075999,094464,086419,074961
0000000341,0000340000,089752,087584,075176,092078,089561,074205
0000000342,0000341000,087194,090067,075252,089112,092262,074470
0000000343,0000342000,084338,091957,076218,085859,094253,075732
0000000344,0000343000,081463,093067,077983,082638,095339,077867
0000000345,0000344000,078837,093296,080381,079758,095417,080669
0000000346,0000345000,076723,092621,083169,077505,094480,083859
0000000347,0000346000,075336,091108,086068,076100,092618,087125
0000000348,0000347000,074806,088898,088809,075680,090012,090152
0000000349,0000348000,075181,086210,091122,076283,086918,092642
0000000350,0000349000,076426,083316,092771,077851,083644,094349
0000000351,0000350000,078424,080492,093597,080232,080504,095107
0000000352,0000351000,080981,078006,093526,083195,077805,094845
0000000353,0000352000,083839,076112,092562,086443,075813,093587
0000000354,0000353000,086716,074998,090798,089662,074726,091456
0000000355,0000354000,089346,074765,088401,092540,074645,088659
0000000356,0000355000,091463,075438,085612,094793,075579,085472
0000000357,0000356000,092854,076948,082711,096198,077436,082210
0000000358,0000357000,093389,079157,079967,096621,080038,079185
0000000359,0000358000,093016,081847,077650,096021,083127,076696
0000000360,0000359000,091774,084742,075997,094457,086399,074988
0000000361,0000360000,089778,087568,075167,092080,089536,074228
0000000362,0000361000,087220,090058,075235,089122,092234,074488
0000000363,0000362000,084361,091956,076196,085877,094225,075742
0000000364,0000363000,081481,093074,077958,082662,095314,077868
0000000365,0000364000,078848,093310,080355,079786,095397,080661
0000000366,0000365000,076726,092642,083145,077534,094467,083843
0000000367,0000366000,075332,091133,086048,076127,092614,087102
0000000368,0000367000,074793,088925,088794,075702,090017,090124
0000000369,0000368000,075162,086236,091115,076299,086932,092613
0000000370,0000369000,076402,083338,092773,077858,083665,094321
0000000371,0000370000,078397,080509,093607,080230,080531,095083
0000000372,0000371000,080954,078016,093543,083183,077834,094826
0000000373,0000372000,083814,076113,092585,086424,075843,093577
0000000374,0000373000,086697,074991,090825,089636,074752,091455
0000000375,0000374000,089333,074750,088429,092510,074666,088667
0000000376,0000375000,091459,075416,085638,094762,075592,085489
0000000377,0000376000,092859,076922,082732,096170,077441,082234
0000000378,0000377000,093401,079129,079983,096597,080033,079214
0000000379,0000378000,093036,081820,077657,096004,083113,076726
0000000380,0000379000,091799,084718,075995,094449,086376,075018
0000000381,0000380000,089806,087550,075157,092082,089508,074254
0000000382,0000381000,087248,090048,075217,089134,092203,074507
0000000383,0000382000,084387,091955,076172,085898,094194,075752
0000000384,0000383000,081502,093082,077930,082689,095286,077869
0000000385,0000384000,078861,093326,080326,079817,095375,080652
0000000386,0000385000,076731,092665,083117,077565,094453,083825
0000000387,0000386000,075327,091160,086025,076157,092610,087077
0000000388,0000387000,074780,088954,088778,075727,090023,090094
0000000389,0000388000,075141,086264,091108,076316,086947,092581
0000000390,0000389000,076376,083363,092774,077866,083688,094290
0000000391,0000390000,078367,080528,093618,080228,080560,095056
0000000392,0000391000,080925,078027,093562,083171,077866,094806
0000000393,0000392000,083788,076115,092610,086403,075875,093566
0000000394,0000393000,086676,074983,090854,089608,074781,091454
0000000395,0000394000,089319,074734,088459,092478,074689,088676
0000000396,0000395000,091455,075392,085666,094729,075607,085508
0000000397,0000396000,092864,076893,082756,096139,077445,082260
0000000398,0000397000,093415,079099,080000,096572,080026,079246
0000000399,0000398000,093058,081790,077666,095987,083097,076760
0000000400,0000399000,091827,084692,075994,094441,086352,075050
0000000401,0000400000,089837,087531,075145,092085,089477,074282
0000000402,0000401000,081420,093431,078599,091893,092060,074421
0000000403,0000402000,083296,089626,073827,089729,093163,074763
0000000404,0000403000,082305,093475,078334,087211,094893,077498
0000000405,0000404000,079872,092882,079912,082775,094700,079969
0000000406,0000405000,081342,090911,081371,079303,094277,083623
0000000407,0000406000,079988,092556,087404,074761,092752,087174
0000000408,0000407000,080915,084548,084329,071300,090831,090836
0000000409,0000408000,078377,086218,090993,068155,088202,093745
0000000410,0000409000,084028,081272,090534,066291,085226,095745
0000000411,0000410000,081394,080544,093494,066076,083109,097555
0000000412,0000411000,083619,078152,093528,066925,079878,096809
0000000413,0000412000,086550,075104,091295,069420,078701,096451
0000000414,0000413000,083640,076479,091999,072573,077146,093978
0000000415,0000414000,088282,074172,087618,076821,076739,090950
0000000416,0000415000,087448,079150,089179,081570,077536,087689
0000000417,0000416000,087694,077590,083295,086019,078576,083645
0000000418,0000417000,087409,080914,081880,090413,080846,080289
0000000419,0000418000,087150,083709,079803,093306,083062,076894
0000000420,0000419000,086447,084792,076388,095610,086154,074965
0000000421,0000420000,084473,090442,078480,096350,088411,073262
0000000422,0000421000,086167,089378,075051,095746,091107,073423
0000000423,0000422000,080936,092846,077556,093983,092935,074415
0000000424,0000423000,082831,091448,076807,090581,093775,076191
0000000425,0000424000,081211,092732,080207,087043,094493,079523
0000000426,0000425000,079735,091732,082485,082426,093568,082649
0000000427,0000426000,081390,089049,084046,078616,092338,086517
0000000428,0000427000,079713,088455,088261,074535,090278,090077
0000000429,0000428000,081133,083135,087720,071731,087641,093041
0000000430,0000429000,081211,083343,092311,069823,084955,095408
0000000431,0000430000,083604,079369,091936,069312,082065,096518
0000000432,0000431000,083263,077883,092770,070350,079881,096896
0000000433,0000432000,085093,076751,092466,072439,077580,095489
0000000434,0000433000,086700,074892,090008,075795,076769,093801
0000000435,0000434000,085663,076813,089895,079823,076136,090576
0000000436,0000435000,088795,076322,086083,084282,076707,087102
0000000437,0000436000,087173,079669,085269,088838,078210,083507
0000000438,0000437000,087521,080164,081140,092625,080027,079651
0000000439,0000438000,087318,083431,079624,095911,082784,076737
0000000440,0000439000,086015,086297,078145,097646,085410,074265
0000000441,0000440000,085590,087736,076129,098483,088273,073070
0000000442,0000441000,083891,091413,077460,097666,090629,072802
0000000443,0000442000,083645,090794,075916,095650,092620,073882
0000000444,0000443000,081052,092744,078529,092542,093817,075953
0000000445,0000444000,081809,091753,079557,088499,094018,078730
0000000446,0000445000,080523,091241,082224,084350,093722,082493
0000000447,0000446000,079994,089742,084891,079979,092069,085973
0000000448,0000447000,081279,086739,086539,076327,090167,089753
0000000449,0000448000,080290,085326,089756,073290,087535,092818
0000000450,0000449000,082195,081446,090171,071492,084646,095089
0000000451,0000450000,082706,080528,092765,071052,081949,096494
0000000452,0000451000,084121,077608,092085,071860,079346,096550
0000000453,0000452000,084942,076508,091825,074170,077484,095664
0000000454,0000453000,086130,076216,090970,077299,076108,093457
0000000455,0000454000,087183,075631,088375,081412,075877,090655
0000000456,0000455000,086975,077778,087301,085758,076277,087001
0000000457,0000456000,088414,078352,083854,090110,077677,083252
0000000458,0000457000,087023,081280,082245,093999,079856,079678
0000000459,0000458000,087151,083079,079382,096918,082293,076349
0000000460,0000459000,086462,085926,078021,098857,085319,074156
0000000461,0000460000,084950,088476,077182,099311,088022,072678
0000000462,0000461000,084486,089823,076225,098563,090629,072556
0000000463,0000462000,082781,092022,077559,096410,092592,073519
0000000464,0000463000,082195,091490,077664,093193,093849,075585
0000000465,0000464000,080886,092191,080304,089284,094257,078554
0000000466,0000465000,080964,090824,082056,084892,093664,082044
0000000467,0000466000,080373,089241,084531,080751,092380,085952
0000000468,0000467000,080473,087365,087144,076913,090132,089490
0000000469,0000468000,081502,084392,088691,074073,087598,092785
0000000470,0000469000,081434,082575,091082,072266,084654,095137
0000000471,0000470000,083279,079569,091461,071828,081745,096464
0000000472,0000471000,083910,078367,092438,072785,079243,096752
0000000473,0000472000,085138,076549,091479,074938,077107,095682
0000000474,0000473000,086216,076087,090454,078271,075897,093690
0000000475,0000474000,086879,076555,088945,082211,075419,090655
0000000476,0000475000,087611,077008,086299,086617,075985,087138
0000000477,0000476000,087457,079265,084649,090872,077340,083258
0000000478,0000477000,087789,080697,081634,094639,079497,079550
0000000479,0000478000,086693,083549,079976,097576,082203,076352
0000000480,0000479000,086332,085742,078095,099285,085068,073838
0000000481,0000480000,085289,088103,077128,099784,088104,072535
0000000482,0000481000,083885,090177,076974,098815,090651,072224
0000000483,0000482000,083253,091052,077036,096658,092777,073242
0000000484,0000483000,081771,092094,078676,093383,094098,075310
0000000485,0000484000,081324,091361,079819,089386,094504,078270
0000000486,0000485000,080627,090914,082432,085099,094022,081914
0000000487,0000486000,080617,089071,084508,080834,092568,085740
0000000488,0000487000,080684,087001,086772,077175,090451,089548
0000000489,0000488000,081157,084858,089039,074287,087671,092765
0000000490,0000489000,082175,082049,090308,072626,084727,095289
0000000491,0000490000,082767,080242,091756,072242,081715,096690
0000000492,0000491000,084344,078013,091658,073230,079012,096928
0000000493,0000492000,085091,077049,091537,075511,076927,096016
0000000494,0000493000,086184,076290,090202,078779,075503,093871
0000000495,0000494000,087054,076543,088544,082834,075106,090927
0000000496,0000495000,087343,077621,086642,087133,075572,087253
0000000497,0000496000,087722,078862,084076,091385,077020,083360
0000000498,0000497000,087316,081286,082194,095077,079217,079546
0000000499,0000498000,087019,083219,079790,097885,081976,076219
0000000500,0000499000,085995,085865,078485,099565,085056,073720
0000000501,0000500000,085202,087988,077378,099871,088072,072213
0000000502,0000501000,084048,089785,077049,098883,090874,071994
0000000503,0000502000,082830,091153,077641,096574,093013,072900
0000000504,0000503000,082126,091446,078493,093276,094449,075017
0000000505,0000504000,081057,091542,080421,089249,094921,078042
0000000506,0000505000,080839,090344,082194,084924,094396,081697
0000000507,0000506000,080575,089050,084660,080752,092989,085686
0000000508,0000507000,080800,086933,086721,077075,090717,089511
0000000509,0000508000,081347,084619,088677,074344,087928,092919
0000000510,0000509000,082071,082414,090385,072725,084785,095457
0000000511,0000510000,083189,080020,091110,072470,081688,096982
0000000512,0000511000,084092,078498,091657,073552,078858,097271
0000000513,0000512000,085394,077047,091006,075882,076611,096323
0000000514,0000513000,086151,076683,090061,079254,075188,094250
0000000515,0000514000,086980,076818,088365,083272,074648,091169
0000000516,0000515000,087477,077690,086371,087618,075183,087495
0000000517,0000516000,087459,079303,084303,091777,076618,083461
0000000518,0000517000,087421,081094,081961,095413,078906,079561
0000000519,0000518000,086732,083533,080254,098124,081781,076131
0000000520,0000519000,086053,085627,078542,099658,084962,073501
0000000521,0000520000,084982,087922,077742,099887,088175,071972
0000000522,0000521000,083961,089614,077425,098732,091045,071630
0000000523,0000522000,082883,090746,077815,096371,093380,072588
0000000524,0000523000,081883,091374,078981,092971,094854,074671
0000000525,0000524000,081296,091018,080411,088927,095399,077767
0000000526,0000525000,080694,090292,082538,084611,094903,081516
0000000527,0000526000,080745,088679,084507,080456,093418,085565
0000000528,0000527000,080884,086866,086704,076892,091119,089559
0000000529,0000528000,081430,084609,088534,074222,088164,093031
0000000530,0000529000,082281,082336,089974,072764,084925,095720
0000000531,0000530000,083190,080353,090966,072608,081640,097299
0000000532,0000531000,084350,078502,091091,073820,078679,097660
0000000533,0000532000,085305,077498,090821,076254,076306,096735
0000000534,0000533000,086323,076886,089634,079672,074755,094617
0000000535,0000534000,086933,077165,088169,083753,074206,091529
0000000536,0000535000,087392,078008,086260,088052,074678,087718
0000000537,0000536000,087495,079430,084158,092189,076195,083622
0000000538,0000537000,087173,081387,082199,095712,078540,079576
0000000539,0000538000,086733,083414,080287,098313,081544,076027
0000000540,0000539000,085822,085733,078981,099717,084888,073299
0000000541,0000540000,084915,087669,077999,099784,088236,071655
0000000542,0000541000,083818,089395,077844,098522,091299,071286
0000000543,0000542000,082790,090490,078240,096021,093735,072186
0000000544,0000543000,081905,090937,079221,092569,095349,074323
0000000545,0000544000,081189,090799,080811,088473,095931,077446
0000000546,0000545000,080869,089844,082563,084173,095458,081292
0000000547,0000546000,080720,088537,084651,080079,093942,085464
0000000548,0000547000,081064,086619,086541,076594,091530,089558
0000000549,0000548000,081571,084569,088346,074073,088481,093191
0000000550,0000549000,082388,082423,089687,072738,085051,095967
0000000551,0000550000,083402,080427,090495,072754,081618,097666
0000000552,0000551000,084394,078865,090779,074092,078477,098074
0000000553,0000552000,085474,077710,090277,076646,075960,097175
0000000554,0000553000,086295,077349,089355,080150,074304,095049
0000000555,0000554000,086990,077481,087825,084250,073672,091887
0000000556,0000555000,087320,078361,086083,088551,074155,088011
0000000557,0000556000,087378,079746,084142,092604,075682,083772
0000000558,0000557000,087108,081500,082224,096036,078143,079620
0000000559,0000558000,086494,083576,080599,098486,081267,075923
0000000560,0000559000,085742,085596,079224,099731,084775,073074
0000000561,0000560000,084703,087573,078498,099638,088313,071342
0000000562,0000561000,083712,089069,078257,098211,091534,070888
0000000563,0000562000,082694,090146,078701,095600,094145,071783
0000000564,0000563000,081835,090568,079665,092048,095855,073915
0000000565,0000564000,081234,090322,081072,087931,096526,077110
0000000566,0000565000,080867,089547,082838,083642,096058,081034
0000000567,0000566000,080889,088151,084631,079621,094504,085327
0000000568,0000567000,081148,086463,086508,076258,092006,089560
0000000569,0000568000,081773,084453,088072,073879,088805,093314
0000000570,0000569000,082564,082476,089323,072730,085222,096238
0000000571,0000570000,083540,080629,090071,072910,081584,098020
0000000572,0000571000,084585,079109,090227,074422,078275,098511
0000000573,0000572000,085524,078159,089839,077101,075590,097636
0000000574,0000573000,086393,077717,088845,080691,073809,095495
0000000575,0000574000,086952,077976,087524,084828,073110,092285
0000000576,0000575000,087280,078752,085829,089095,073562,088307
0000000577,0000576000,087260,080083,084070,093078,075141,083967
0000000578,0000577000,086937,081757,082348,096368,077683,079664
0000000579,0000578000,086348,083634,080803,098660,080960,075840
0000000580,0000579000,085503,085603,079664,099712,084635,072855
0000000581,0000580000,084569,087330,078940,099429,088364,071015
0000000582,0000581000,083524,088791,078834,097832,091782,070494
0000000583,0000582000,082598,089713,079218,095076,094547,071345
0000000584,0000583000,081787,090091,080155,091444,096400,073500
0000000585,0000584000,081220,089858,081482,087288,097138,076734
0000000586,0000585000,080965,089057,083044,083037,096700,080755
0000000587,0000586000,080981,087818,084760,079104,095104,085160
0000000588,0000587000,081349,086159,086371,075884,092512,089527
0000000589,0000588000,081944,084371,087832,073691,089172,093426
0000000590,0000589000,082788,082505,088894,072737,085402,096473
0000000591,0000590000,083736,080821,089543,073128,081580,098375
0000000592,0000591000,084732,079470,089659,074816,078066,098932
0000000593,0000592000,085671,078575,089220,077645,075215,098103
0000000594,0000593000,086417,078262,088353,081323,073296,095952
0000000595,0000594000,086969,078472,087064,085486,072512,092691
0000000596,0000595000,087186,079275,085576,089717,072944,088635
0000000597,0000596000,087130,080481,083964,093590,074551,084173
0000000598,0000597000,086757,082040,082439,096730,077194,079745
0000000599,0000598000,086121,083788,081101,098818,080606,075774
0000000600,0000599000,085299,085534,080082,099657,084467,072663
0000000601,0000600000,084333,087148,079537,099155,088392,070707
0000000602,0000601000,083372,088403,079435,097363,092006,070105
0000000603,0000602000,082455,089250,079872,094460,094952,070919
0000000604,0000603000,081736,089527,080727,090731,096937,073068
0000000605,0000604000,081239,089281,081940,086558,097772,076351
0000000606,0000605000,081035,088533,083363,082352,097355,080446
0000000607,0000606000,081150,087340,084851,078540,095732,084964
0000000608,0000607000,081530,085865,086301,075491,093047,089457
0000000609,0000608000,082193,084198,087509,073512,089563,093493
0000000610,0000609000,083017,082554,088438,072796,085616,096675
0000000611,0000610000,083968,081036,088932,073414,081589,098685
0000000612,0000611000,084923,079855,088971,075310,077880,099332
0000000613,0000612000,085791,079106,088548,078291,074842,098543
0000000614,0000613000,086493,078839,087708,082063,072785,096400
0000000615,0000614000,086933,079118,086575,086242,071908,093102
0000000616,0000615000,087107,079846,085222,090412,072304,088973
0000000617,0000616000,086956,080987,083847,094156,073943,084411
0000000618,0000617000,086540,082391,082526,097101,076670,079854
0000000619,0000618000,085874,083958,081407,098960,080226,075757
0000000620,0000619000,085028,085515,080600,099543,084260,072512
0000000621,0000620000,084102,086899,080169,098798,088388,070445
0000000622,0000621000,083158,088008,080183,096792,092202,069755
0000000623,0000622000,082329,088676,080601,093727,095328,070517
0000000624,0000623000,081666,088887,081418,089911,097463,072655
0000000625,0000624000,081265,088604,082489,085726,098389,075962
0000000626,0000625000,081144,087886,083729,081596,098014,080125
0000000627,0000626000,081320,086804,085013,077929,096364,084732
0000000628,0000627000,081779,085462,086195,075093,093598,089343
0000000629,0000628000,082453,084017,087196,073366,089978,093504
0000000630,0000629000,083307,082561,087892,072920,085855,096810
0000000631,0000630000,084224,081287,088244,073801,081634,098934
0000000632,0000631000,085138,080296,088181,075919,077721,099667
0000000633,0000632000,085940,079699,087744,079067,074504,098939
0000000634,0000633000,086548,079547,086979,082924,072297,096813
0000000635,0000634000,086912,079841,085958,087105,071321,093499
0000000636,0000635000,086979,080554,084826,091188,071674,089317
0000000637,0000636000,086767,081571,083667,094764,073331,084672
0000000638,0000637000,086277,082830,082616,097478,076136,080014
0000000639,0000638000,085580,084179,081748,099060,079817,075797
0000000640,0000639000,084730,085496,081167,099356,084023,072436
0000000641,0000640000,083816,086655,080918,098332,088341,070256
0000000642,0000641000,082938,087530,081017,096093,092350,069478
0000000643,0000642000,082169,088041,081476,092861,095658,070177
0000000644,0000643000,081610,088126,082208,088961,097940,072284
0000000645,0000644000,081298,087816,083148,084788,098970,075599
0000000646,0000645000,081277,087127,084180,080761,098640,079797
0000000647,0000646000,081538,086151,085205,077284,096981,084473
0000000648,0000647000,082054,084995,086119,074703,094145,089171
0000000649,0000648000,082778,083757,086831,073275,090406,093438
0000000650,0000649000,083625,082572,087298,073140,086124,096853
0000000651,0000650000,084527,081545,087443,074312,081718,099082
0000000652,0000651000,085376,080799,087278,076676,077617,099907
0000000653,0000652000,086098,080385,086815,079992,074221,099245
0000000654,0000653000,086612,080356,086112,083928,071868,097160
0000000655,0000654000,086863,080706,085250,088084,070786,093855
0000000656,0000655000,086837,081368,084328,092043,071088,089652
0000000657,0000656000,086525,082286,083452,095407,072749,084958
0000000658,0000657000,085976,083350,082685,097840,075612,080228
0000000659,0000658000,085233,084463,082123,099100,079402,075924
0000000660,0000659000,084381,085503,081806,099061,083753,072463
0000000661,0000660000,083500,086381,081759,097730,088244,070186
0000000662,0000661000,082678,087004,081993,095237,092432,069317
0000000663,0000662000,082008,087298,082472,091835,095911,069942
0000000664,0000663000,081547,087259,083145,087866,098337,071998
0000000665,0000664000,081355,086886,083918,083733,099471,075286
0000000666,0000665000,081439,086235,084722,079852,099199,079486
0000000667,0000666000,081797,085380,085455,076614,097544,084187
0000000668,0000667000,082387,084418,086047,074343,094662,088936
0000000669,0000668000,083146,083443,086450,073265,090828,093270
0000000670,0000669000,084003,082547,086619,073487,086417,096767
0000000671,0000670000,084863,081833,086547,074985,081854,099085
0000000672,0000671000,085649,081356,086239,077610,077586,099998
0000000673,0000672000,086269,081174,085744,081096,074032,099416
0000000674,0000673000,086668,081297,085106,085090,071539,097395
0000000675,0000674000,086799,081702,084411,089188,070353,094136
0000000676,0000675000,086651,082336,083743,092976,070593,089955
0000000677,0000676000,086244,083122,083166,096071,072239,085261
0000000678,0000677000,085614,083983,082747,098163,075134,080509
0000000679,0000678000,084835,084812,082524,099043,078999,076160
0000000680,0000679000,083980,085540,082517,098624,083461,072638
0000000681,0000680000,083138,086091,082714,096949,088086,070286
0000000682,0000681000,082396,086407,083098,094188,092423,069334
0000000683,0000682000,081828,086460,083625,090619,096047,069872
0000000684,0000683000,081497,086251,084221,086605,098603,071849
0000000685,0000684000,081432,085812,084827,082553,099839,075070
0000000686,0000685000,081646,085189,085363,078873,099633,079217
0000000687,0000686000,082108,084471,085769,075938,098004,083888
0000000688,0000687000,082776,083732,085998,074042,095106,088626
0000000689,0000688000,083577,083048,086033,073376,091220,092974
0000000690,0000689000,084429,082498,085873,074004,086723,096507
0000000691,0000690000,085247,082131,085532,075862,082051,098884
0000000692,0000691000,085944,081985,085064,078761,077659,099874
0000000693,0000692000,086452,082067,084513,082407,073978,099380
0000000694,0000693000,086713,082375,083947,086431,071368,097456
0000000695,0000694000,086704,082858,083436,090422,070085,094289
0000000696,0000695000,086424,083459,083045,093975,070255,090193
0000000697,0000696000,085901,084110,082818,096730,071863,085568
0000000698,0000697000,085194,084728,082784,098409,074753,080865
0000000699,0000698000,084372,085247,082956,098844,078644,076540
0000000700,0000699000,083524,085610,083299,097992,083161,073012
0000000701,0000700000,082734,085784,083782,095942,087863,070623
0000000702,0000701000,082085,085746,084349,092903,092292,069603
0000000703,0000702000,081645,085509,084931,089183,096017,070048
0000000704,0000703000,081458,085104,085460,085161,098672,071913
0000000705,0000704000,081546,084571,085873,081247,099998,075011
0000000706,0000705000,081899,083982,086118,077840,099865,079035
0000000707,0000706000,082483,083409,086152,075286,098287,083592
0000000708,0000707000,083232,082920,085972,073845,095418,088235
0000000709,0000708000,084072,082572,085592,073660,091538,092514
0000000710,0000709000,084915,082409,085050,074747,087024,096016
0000000711,0000710000,085671,082446,084410,076995,082314,098403
0000000712,0000711000,086266,082675,083744,080174,077868,099447
0000000713,0000712000,086635,083075,083126,083959,074119,099050
0000000714,0000713000,086741,083597,082628,087964,071432,097257
0000000715,0000714000,086570,084179,082318,091780,070071,094246
0000000716,0000715000,086139,084753,082234,095018,070166,090316
0000000717,0000716000,085494,085250,082396,097345,071708,085857
0000000718,0000717000,084700,085603,082801,098526,074541,081303
0000000719,0000718000,083843,085766,083407,098442,078390,077099
0000000720,0000719000,083010,085720,084154,097104,082878,073648
0000000721,0000720000,082290,085463,084959,094652,087568,071282
0000000722,0000721000,081756,085023,085737,091336,092006,070224
0000000723,0000722000,081463,084451,086394,087496,095758,070572
0000000724,0000723000,081445,083809,086855,083524,098460,072285
0000000725,0000724000,081704,083167,087065,079828,099848,075191
0000000726,0000725000,082216,082604,086983,076785,099791,078998
0000000727,0000726000,082927,082192,086609,074710,098295,083329
0000000728,0000727000,083763,081981,085971,073813,095513,087759
0000000729,0000728000,084635,082009,085129,074185,091720,091857
0000000730,0000729000,085454,082281,084165,075784,087287,095227
0000000731,0000730000,086133,082770,083184,078444,082648,097552
0000000732,0000731000,086600,083428,082295,081891,078251,098611
0000000733,0000732000,086810,084185,081592,085772,074524,098311
0000000734,0000733000,086735,084959,081163,089690,071827,096690
0000000735,0000734000,086383,085660,081063,093240,070424,093911
0000000736,0000735000,085787,086212,081315,096058,070447,090257
0000000737,0000736000,085010,086542,081906,097852,071888,086090
0000000738,0000737000,084133,086600,082789,098439,074600,081823
0000000739,0000738000,083247,086371,083879,097759,078311,077871
0000000740,0000739000,082448,085868,085064,095887,082654,074614
0000000741,0000740000,081816,085134,086228,093018,087206,072359
0000000742,0000741000,081420,084245,087240,089448,091526,071313
0000000743,0000742000,081301,083296,087987,085543,095196,071567
0000000744,0000743000,081474,082385,088384,081705,097861,073088
0000000745,0000744000,081924,081613,088376,078330,099264,075715
0000000746,0000745000,082606,081075,087947,075768,099274,079184
0000000747,0000746000,083450,080833,087128,074284,097896,083145
0000000748,0000747000,084367,080930,085996,074033,095276,087205
0000000749,0000748000,085261,081368,084652,075038,091680,090968
0000000750,0000749000,086036,082116,083233,077190,087464,094073
0000000751,0000750000,086613,083099,081887,080266,083042,096231
0000000752,0000751000,086931,084225,080751,083947,078842,097245
0000000753,0000752000,086954,085378,079953,087854,075269,097031
0000000754,0000753000,086678,086432,079588,091583,072665,095624
0000000755,0000754000,086127,087273,079709,094749,071281,093172
0000000756,0000755000,085357,087804,080315,097021,071245,089926
0000000757,0000756000,084447,087954,081364,098161,072550,086216
0000000758,0000757000,083493,087695,082756,098051,075055,082413
0000000759,0000758000,082596,087041,084356,096705,078503,078887
0000000760,0000759000,081851,086047,086007,094266,082547,075978
0000000761,0000760000,081336,084804,087543,090990,086790,073953
0000000762,0000761000,081104,083435,088803,087216,090822,072992
0000000763,0000762000,081182,082078,089650,083334,094254,073171
0000000764,0000763000,081566,080875,089985,079746,096760,074456
0000000765,0000764000,082220,079961,089755,076825,098103,076707
0000000766,0000765000,083079,079441,088965,074880,098159,079690
0000000767,0000766000,084052,079383,087685,074114,096936,083100
0000000768,0000767000,085038,079806,086035,074609,094571,086594
0000000769,0000768000,085930,080681,084175,076309,091310,089828
0000000770,0000769000,086637,081927,082292,079035,087485,092494
0000000771,0000770000,087084,083428,080573,082500,083475,094349
0000000772,0000771000,087223,085042,079190,086344,079668,095232
0000000773,0000772000,087039,086606,078293,090169,076427,095080
0000000774,0000773000,086544,087955,077991,093578,074059,093926
0000000775,0000774000,085787,088943,078330,096213,072785,091902
0000000776,0000775000,084841,089455,079297,097794,072719,089223
0000000777,0000776000,083809,089418,080808,098154,073851,086165
0000000778,0000777000,082798,088827,082714,097253,076052,083038
0000000779,0000778000,081917,087734,084825,095189,079084,080153
0000000780,0000779000,081258,086236,086934,092181,082637,077782
0000000781,0000780000,080887,084478,088833,088545,086356,076140
0000000782,0000781000,080845,082625,090332,084660,089879,075362
0000000783,0000782000,081141,080859,091274,080928,092874,075499
0000000784,0000783000,081747,079364,091545,077740,095058,076513
0000000785,0000784000,082608,078304,091098,075433,096231,078284
0000000786,0000785000,083635,077806,089956,074253,096295,080619
0000000787,0000786000,084721,077935,088224,074328,095260,083272
0000000788,0000787000,085747,078691,086073,075652,093252,085971
0000000789,0000788000,086608,080003,083719,078082,090491,088449
0000000790,0000789000,087211,081743,081399,081360,087266,090470
0000000791,0000790000,087497,083749,079334,085142,083901,091857
0000000792,0000791000,087435,085834,077727,089033,080725,092499
0000000793,0000792000,087027,087792,076747,092628,078037,092365
0000000794,0000793000,086308,089422,076509,095550,076087,091495
0000000795,0000794000,085348,090549,077059,097487,075048,090000
0000000796,0000795000,084246,091034,078364,098229,075002,088051
0000000797,0000796000,083117,090810,080308,097694,075933,085855
0000000798,0000797000,082084,089894,082687,095936,077723,083643
0000000799,0000798000,081257,088376,085261,093144,080170,081634
0000000800,0000799000,080719,086403,087776,089615,083011,080017
0000000801,0000800000,080525,084163,089989,085720,085958,078932
0000000802,0000801000,080695,081865,091688,081865,088721,078456
0000000803,0000802000,081217,079731,092696,078453,091040,078604
0000000804,0000803000,082045,077978,092900,075844,092705,079327
0000000805,0000804000,083097,076795,092251,074320,093573,080524
0000000806,0000805000,084265,076328,090794,074048,093582,082052
0000000807,0000806000,085425,076642,088663,075063,092758,083740
0000000808,0000807000,086451,077710,086078,077258,091211,085409
0000000809,0000808000,087233,079422,083310,080398,089121,086892
0000000810,0000809000,087696,081605,080631,084149,086719,088050
0000000811,0000810000,087792,084057,078293,088117,084255,088789
0000000812,0000811000,087510,086547,076521,091888,081970,089066
0000000813,0000812000,086875,088833,075498,095066,080080,088890
0000000814,0000813000,085945,090687,075335,097314,078754,088313
0000000815,0000814000,084810,091914,076072,098385,078096,087428
0000000816,0000815000,083590,092357,077664,098159,078143,086354
0000000817,0000816000,082413,091956,079958,096654,078860,085217
0000000818,0000817000,081408,090750,082712,094028,080145,084143
0000000819,0000818000,080684,088867,085638,090563,081838,083240
0000000820,0000819000,080308,086497,088447,086628,083749,082589
0000000821,0000820000,080315,083864,090879,082635,085672,082238
0000000822,0000821000,080709,081215,092698,079000,087416,082191
0000000823,0000822000,081453,078808,093721,076108,088816,082415
0000000824,0000823000,082477,076876,093839,074269,089753,082850
0000000825,0000824000,083682,075626,093019,073685,090163,083410
0000000826,0000825000,084938,075215,091316,074429,090038,084007
0000000827,0000826000,086112,075696,088896,076426,089425,084559
0000000828,0000827000,087079,077020,086016,079464,088421,084996
0000000829,0000828000,087735,079051,082969,083220,087156,085275
0000000830,0000829000,088013,081574,080077,087292,085782,085375
0000000831,0000830000,087902,084343,077589,091255,084454,085301
0000000832,0000831000,087394,087119,075752,094696,083308,085090
0000000833,0000832000,086548,089610,074748,097248,082449,084800
0000000834,0000833000,085442,091583,074683,098637,081949,084501
0000000835,0000834000,084184,092837,075576,098703,081823,084267
0000000836,0000835000,082912,093206,077361,097431,082048,084162
0000000837,0000836000,081756,092652,079873,094952,082563,084219
0000000838,0000837000,080848,091226,082828,091530,083277,084448
0000000839,0000838000,080275,089088,085936,087529,084089,084825
0000000840,0000839000,080100,086455,088865,083376,084889,085309
0000000841,0000840000,080324,083584,091364,079503,085578,085839
0000000842,0000841000,080935,080740,093187,076315,086082,086332
0000000843,0000842000,081878,078203,094144,074155,086352,086707
0000000844,0000843000,083048,076224,094159,073257,086377,086882
0000000845,0000844000,084341,074996,093197,073727,086187,086791
0000000846,0000845000,085608,074681,091355,075526,085841,086403
0000000847,0000846000,086720,075299,088808,078464,085415,085728
0000000848,0000847000,087555,076796,085828,082230,084994,084819
0000000849,0000848000,088028,079014,082721,086419,084650,083766
0000000850,0000849000,088098,081703,079804,090591,084448,082678
0000000851,0000850000,087758,084621,077353,094308,084428,081673
0000000852,0000851000,087049,087482,075581,097181,084601,080878
0000000853,0000852000,086024,090016,074688,098903,084952,080404
0000000854,0000853000,084805,091959,074741,099279,085432,080340
0000000855,0000854000,083504,093126,075751,098263,085964,080743
0000000856,0000855000,082262,093386,077621,095950,086451,081614
0000000857,0000856000,081220,092703,080154,092587,086801,082900
0000000858,0000857000,080473,091164,083101,088532,086934,084486
0000000859,0000858000,080113,088914,086140,084218,086807,086214
0000000860,0000859000,080157,086217,088978,080099,086401,087912
0000000861,0000860000,080606,083314,091336,076605,085737,089400
0000000862,0000861000,081409,080489,093007,074105,084868,090509
0000000863,0000862000,082495,078020,093815,072866,083876,091097
0000000864,0000863000,083745,076154,093685,073032,082872,091067
0000000865,0000864000,085029,075077,092640,074594,081981,090372
0000000866,0000865000,086220,074890,090778,077393,081337,089039
0000000867,0000866000,087174,075624,088305,081132,081050,087168
0000000868,0000867000,087808,077182,085462,085411,081190,084928
0000000869,0000868000,088051,079412,082551,089777,081780,082541
0000000870,0000869000,087884,082069,079864,093768,082787,080246
0000000871,0000870000,087333,084887,077653,096969,084134,078279
0000000872,0000871000,086446,087615,076130,099042,085700,076854
0000000873,0000872000,085318,089963,075433,099761,087335,076141
0000000874,0000873000,084062,091701,075643,099041,088870,076248
0000000875,0000874000,082816,092661,076715,096950,090126,077206
0000000876,0000875000,081708,092757,078528,093705,090938,078966
0000000877,0000876000,080859,091985,080896,089651,091179,081383
0000000878,0000877000,080356,090430,083572,085221,090784,084234
0000000879,0000878000,080242,088268,086282,080884,089757,087240
0000000880,0000879000,080530,085720,088748,077099,088170,090102
0000000881,0000880000,081180,083039,090754,074258,086163,092528
0000000882,0000881000,082134,080480,092091,072664,083919,094260
0000000883,0000882000,083287,078315,092639,072491,081654,095104
0000000884,0000883000,084521,076751,092349,073764,079599,094943
0000000885,0000884000,085703,075936,091270,076356,077980,093755
0000000886,0000885000,086704,075946,089531,079995,076994,091616
0000000887,0000886000,087424,076755,087318,084292,076781,088712
0000000888,0000887000,087783,078269,084876,088789,077404,085311
0000000889,0000888000,087758,080320,082437,093010,078837,081743
0000000890,0000889000,087352,082708,080244,096511,080962,078366
0000000891,0000890000,086609,085180,078514,098925,083588,075519
0000000892,0000891000,085608,087496,077410,099998,086472,073497
0000000893,0000892000,084451,089429,077031,099610,089333,072521
0000000894,0000893000,083266,090769,077406,097796,091881,072716
0000000895,0000894000,082176,091400,078485,094743,093849,074093
0000000896,0000895000,081304,091282,080111,090777,095010,076550
0000000897,0000896000,080735,090448,082113,086319,095208,079871
0000000898,0000897000,080529,088994,084281,081845,094388,083743
0000000899,0000898000,080700,087090,086386,077828,092599,087791
0000000900,0000899000,081221,084933,088227,074691,089991,091615
0000000901,0000900000,082045,082728,089632,072762,086805,094832
0000000902,0000901000,083133,080234,090471,072193,083563,097071
0000000903,0000902000,086772,070128,091554,072999,083644,098411
0000000904,0000903000,085488,068944,093747,075048,086070,097445
0000000905,0000904000,086889,077240,088067,078186,086245,095118
0000000906,0000905000,087493,079937,086476,082276,084609,093016
0000000907,0000906000,087002,075538,088362,086616,084484,088824
0000000908,0000907000,096463,078943,083046,088173,086350,084196
0000000909,0000908000,097660,084983,070832,084712,085926,081903
0000000910,0000909000,088664,091702,066220,085111,086714,086335
0000000911,0000910000,085126,096290,079580,085203,084127,086172
0000000912,0000911000,079708,087628,078090,086263,084346,083643
0000000913,0000912000,084618,094189,075701,086822,087147,084552
0000000914,0000913000,079146,099998,076481,083603,084562,085175
0000000915,0000914000,067864,093465,084897,085663,083965,087398
0000000916,0000915000,073041,089795,096640,087404,084135,084864
0000000917,0000916000,075388,084378,088652,086337,084830,082787
0000000918,0000917000,076624,087692,087610,086207,085837,086099
0000000919,0000918000,074450,084755,097449,085259,082874,086068
0000000920,0000919000,074513,072248,099929,087718,083759,084641
0000000921,0000920000,087567,073237,096704,088078,085848,083006
0000000922,0000921000,089509,075224,086230,085438,085171,083379
0000000923,0000922000,087160,075358,087839,086370,084946,086282
0000000924,0000923000,091216,072735,092923,086913,083959,084117
0000000925,0000924000,095345,070100,082257,087225,085866,082388
0000000926,0000925000,099998,080717,074768,086056,087068,084026
0000000927,0000926000,093414,085429,073987,084430,084780,085030
0000000928,0000927000,088774,083471,077366,086586,085046,085377
0000000929,0000928000,093207,086867,076465,086557,085793,083276
0000000930,0000929000,089584,091670,067759,084921,086269,083910
0000000931,0000930000,082697,098415,072595,084835,085641,086658
0000000932,0000931000,076340,095783,081869,085367,083684,085563
0000000933,0000932000,075915,090836,082711,086940,085127,084393
0000000934,0000933000,078832,095053,081954,085801,085769,084510
0000000935,0000934000,071854,094383,084151,084653,084285,086002
0000000936,0000935000,068834,088728,094803,086584,083772,086606
0000000937,0000936000,074019,081773,098753,087220,083893,083908
0000000938,0000937000,078542,078978,092198,086863,085417,083732
0000000939,0000938000,080767,081464,092715,085983,084933,085435
0000000940,0000939000,079378,075478,096757,086271,083379,085298
0000000941,0000940000,085373,069261,096883,088001,084693,084011
0000000942,0000941000,094008,071347,089292,086918,085788,082694
0000000943,0000942000,093779,075207,081226,085725,085734,084234
0000000944,0000943000,092920,077437,083664,086198,084870,085399
0000000945,0000944000,094358,075308,082889,086670,084754,083641
0000000946,0000945000,097400,078881,074825,086608,086610,083207
0000000947,0000946000,096003,088433,070028,085018,086309,084385
0000000948,0000947000,087994,090866,071958,084949,084890,085660
0000000949,0000948000,085498,090495,077195,086303,085059,085104
0000000950,0000949000,085540,092476,075154,085859,085693,083688
0000000951,0000950000,081257,097124,072634,085104,085930,085129
0000000952,0000951000,075125,098759,080236,085007,084439,086493
0000000953,0000952000,070963,092416,088067,086089,083807,085517
0000000954,0000953000,073686,089248,089590,086919,085101,084369
0000000955,0000954000,075135,090083,088271,085787,084996,084650
0000000956,0000955000,072052,086815,092272,085777,084018,086148
0000000957,0000956000,073622,080074,099998,086948,083676,085455
0000000958,0000957000,079432,074330,098262,087375,084565,083469
0000000959,0000958000,085278,074858,091941,086881,085516,083870
0000000960,0000959000,086899,075570,091095,086025,084595,084996
0000000961,0000960000,087519,071311,092560,086759,084263,084762
0000000962,0000961000,093667,070413,089175,087438,085434,083270
0000000963,0000962000,097983,074823,079677,086309,086078,083077
0000000964,0000963000,096178,080032,075638,085537,085742,084853
0000000965,0000964000,093386,082033,078053,085814,085004,084951
0000000966,0000965000,092983,082887,075823,086391,085581,083713
0000000967,0000966000,093460,088940,070466,085863,086394,083887
0000000968,0000967000,088150,094815,069827,084675,085603,085269
0000000969,0000968000,080628,095423,075736,085251,084799,085956
0000000970,0000969000,078713,094282,080304,086208,084882,084789
0000000971,0000970000,078179,094772,079037,085867,085385,084388
0000000972,0000971000,074686,096394,081476,085233,085050,085826
0000000973,0000972000,070062,093222,089678,085597,083912,086130
0000000974,0000973000,070466,086572,094797,086889,084029,084984
0000000975,0000974000,075498,083365,094231,086934,084804,084212
0000000976,0000975000,077161,081950,093145,086050,084692,084892
0000000977,0000976000,077183,078420,096730,086411,084118,085524
0000000978,0000977000,081478,072927,098617,087339,084090,084297
0000000979,0000978000,088450,070347,093157,087311,085164,083347
0000000980,0000979000,092480,073029,087370,086353,085626,084007
0000000981,0000980000,092242,074496,085740,086055,084941,084662
0000000982,0000981000,093825,073757,084623,086835,084994,084159
0000000983,0000982000,097777,076042,079171,086657,085838,083307
0000000984,0000983000,097404,082147,072557,085565,086291,083914
0000000985,0000984000,092861,087770,072058,085256,085610,085122
0000000986,0000985000,089093,089068,074469,085780,085027,084890
0000000987,0000986000,087833,090662,073668,086004,085682,084239
0000000988,0000987000,084979,095669,072254,085218,085948,084692
0000000989,0000988000,078450,098320,075491,084975,084996,085777
0000000990,0000989000,073992,095920,082632,085803,084305,085864
0000000991,0000990000,073607,092512,086598,086273,084639,084831
0000000992,0000991000,073503,091729,086951,085982,085082,084810
0000000993,0000992000,071880,090481,090436,085803,084395,085694
0000000994,0000993000,071567,084333,096482,086493,083634,085617
0000000995,0000994000,075645,078149,098649,087159,084354,084434
0000000996,0000995000,080788,076485,095480,086857,085008,083918
0000000997,0000996000,083445,075619,093173,086474,084690,084674
0000000998,0000997000,085990,072465,094243,086764,084303,084842
0000000999,0000998000,090537,069739,092206,087109,084911,083734
0000001000,0000999000,095361,072014,084997,086812,085877,083227
0000001001,0001000000,096743,076631,079374,085982,085656,084183
0000001002,0001001000,095173,078553,078587,085907,085159,084744
0000001003,0001002000,094958,080332,077317,086284,085593,084037
0000001004,0001003000,094909,085455,072200,085935,086184,083652
0000001005,0001004000,091651,091343,069345,085258,085854,084773
0000001006,0001005000,085881,094016,072810,085102,085145,085602
0000001007,0001006000,081400,094217,076768,085692,085081,085024
0000001008,0001007000,079659,095653,077221,085898,085442,084568
0000001009,0001008000,076703,097281,078627,085358,085084,085351
0000001010,0001009000,071853,095255,085246,085390,084302,086168
0000001011,0001010000,070228,090773,091650,086342,084235,085288
0000001012,0001011000,072628,087122,092700,086720,084553,084525
0000001013,0001012000,074848,084557,093072,086339,084538,085015
0000001014,0001013000,075380,080665,096577,086245,084148,085422
0000001015,0001014000,077911,075559,098916,087004,084195,084641
0000001016,0001015000,084319,072359,095927,087418,084744,083712
0000001017,0001016000,089469,072079,090950,086656,085158,083987
0000001018,0001017000,090938,072572,088938,086282,085042,084555
0000001019,0001018000,092852,072499,087265,086730,085034,084067
0000001020,0001019000,096697,073937,081778,086830,085559,083441
0000001021,0001020000,098356,078384,075827,086003,085986,083886
0000001022,0001021000,095428,083481,073625,085386,085801,084622
0000001023,0001022000,091895,086770,073772,085759,085442,084665
0000001024,0001023000,090540,089407,072657,085979,085582,084283
0000001025,0001024000,087863,093386,071193,085343,085833,084647
0000001026,0001025000,081804,097105,073617,084978,085420,085477
0000001027,0001026000,076742,097112,078709,085588,084686,085544
0000001028,0001027000,074987,094897,082549,086043,084679,085130
0000001029,0001028000,073802,093768,085016,085805,084936,085113
0000001030,0001029000,071336,092450,088691,085724,084584,085511
0000001031,0001030000,070560,088070,093864,086364,083959,085547
0000001032,0001031000,073556,081911,097103,086907,084063,084860
0000001033,0001032000,077448,078434,096567,086731,084738,084373
0000001034,0001033000,080157,076894,095505,086573,084677,084609
0000001035,0001034000,083372,073607,095530,086907,084265,084650
0000001036,0001035000,088379,070176,093925,087100,084688,084071
0000001037,0001036000,092966,070669,088928,086771,085503,083565
0000001038,0001037000,095196,074021,083249,086345,085626,083866
0000001039,0001038000,095838,076257,080439,086236,085223,084401
0000001040,0001039000,096434,077759,078330,086267,085451,084109
0000001041,0001040000,096205,082289,073989,085915,086179,083760
0000001042,0001041000,093584,088546,070423,085502,085922,084417
0000001043,0001042000,089338,091754,071381,085364,085295,085177
0000001044,0001043000,085098,093168,074255,085467,085333,085057
0000001045,0001044000,081566,095647,075317,085595,085557,084680
0000001046,0001045000,078102,097848,076537,085483,085195,085171
0000001047,0001046000,074048,096685,081821,085434,084451,085962
0000001048,0001047000,071183,092911,088388,085949,084397,085485
0000001049,0001048000,071465,090185,090845,086401,084676,084780
0000001050,0001049000,072811,087648,092085,086337,084411,085087
0000001051,0001050000,073789,082749,095944,086353,083992,085498
0000001052,0001051000,075944,077573,099032,086759,084281,084813
0000001053,0001052000,080763,074520,097221,087209,084690,083932
0000001054,0001053000,086353,072967,093168,086959,084799,084096
0000001055,0001054000,089405,071653,091480,086474,084796,084569
0000001056,0001055000,091588,070999,089901,086668,085064,084109
0000001057,0001056000,095469,072782,084274,086940,085601,083310
0000001058,0001057000,098164,076322,078037,086260,085661,083915
0000001059,0001058000,096844,079907,075740,085647,085659,084541
0000001060,0001059000,093988,083833,074717,085724,085767,084355
0000001061,0001060000,092408,088006,072086,085991,085739,084106
0000001062,0001061000,090334,091912,070262,085528,085678,084647
0000001063,0001062000,084709,095295,072513,084856,085552,085429
0000001064,0001063000,078979,096850,076670,085539,085043,085265
0000001065,0001064000,076960,096368,079211,085970,084871,085002
0000001066,0001065000,074936,095429,082147,085593,084839,085409
0000001067,0001066000,071321,093808,087383,085538,084647,085662
0000001068,0001067000,069764,090510,092231,086271,084244,085326
0000001069,0001068000,072316,085319,094862,086854,084029,084962
0000001070,0001069000,075706,080675,096148,086593,084436,084816
0000001071,0001070000,077514,078001,097005,086424,084614,084802
0000001072,0001071000,080540,074908,097068,087003,084349,084496
0000001073,0001072000,086569,071186,094760,087261,084505,084074
0000001074,0001073000,091280,070214,090993,086705,085196,083943
0000001075,0001074000,093332,072280,086915,086397,085503,083947
0000001076,0001075000,095191,074478,082847,086572,085301,083965
0000001077,0001076000,097375,076065,079073,086443,085388,084019
0000001078,0001077000,097498,079760,075267,085876,085981,083984
0000001079,0001078000,094431,086105,071959,085468,086114,084258
0000001080,0001079000,091170,090057,071284,085689,085385,084773
0000001081,0001080000,088378,091796,072356,085600,085355,084887
0000001082,0001081000,083971,094891,073638,085178,085753,084912
0000001083,0001082000,078992,098038,075492,085429,085304,085115
0000001084,0001083000,075558,097476,079474,085658,084585,085594
0000001085,0001084000,072885,094193,085434,085734,084416,085697
0000001086,0001085000,071324,092018,089188,086005,084841,084994
0000001087,0001086000,071142,090220,091145,086253,084494,085099
0000001088,0001087000,072571,084985,094946,086576,083734,085533
0000001089,0001088000,075095,078891,098525,086608,084308,084929
0000001090,0001089000,078294,076475,097753,086836,084821,084183
0000001091,0001090000,083108,074573,094846,087134,084518,084194
0000001092,0001091000,087865,071395,093258,086809,084465,084569
0000001093,0001092000,090982,069691,091821,086642,085055,084149
0000001094,0001093000,094138,071911,086447,086804,085732,083306
0000001095,0001094000,097140,075490,079894,086451,085493,083902
0000001096,0001095000,097389,077530,077625,085967,085326,084548
0000001097,0001096000,095777,080729,076011,085822,085927,084097
0000001098,0001097000,093809,086859,071836,085874,086051,083918
0000001099,0001098000,091763,091146,069568,085636,085549,084656
0000001100,0001099000,087182,093370,071967,085037,085370,085439
0000001101,0001100000,080923,095876,075745,085337,085443,085064
