0000000001,0000000000,089077,087832,075417,085181,089184,074286
0000000002,0000001000,086528,090265,075531,082164,091903,074585
0000000003,0000002000,083680,092117,076529,078868,093893,075890
0000000004,0000003000,080828,093185,078312,075612,094963,078076
0000000005,0000004000,078248,093364,080714,072705,095016,080930
0000000006,0000005000,076176,092657,083492,070446,094036,084169
0000000007,0000006000,074831,091126,086367,069054,092121,087476
0000000008,0000007000,074354,088899,089073,068657,089463,090531
0000000009,0000008000,074765,086217,091342,069297,086320,093034
0000000010,0000009000,076033,083351,092942,070916,082998,094737
0000000011,0000010000,078053,080551,093721,073355,079822,095475
0000000012,0000011000,080611,078106,093607,076368,077107,095176
0000000013,0000012000,083443,076272,092611,079665,075116,093871
0000000014,0000013000,086296,075202,090826,082926,074040,091685
0000000015,0000014000,088894,075007,088425,085827,073993,088831
0000000016,0000015000,090951,075727,085647,088086,074974,085591
0000000017,0000016000,092288,077266,082771,089482,076884,082285
0000000018,0000017000,092787,079473,080066,089878,079543,079230
0000000019,0000018000,092367,082161,077796,089234,082690,076727
0000000020,0000019000,091085,085044,076196,087617,086010,075024
0000000021,0000020000,089083,087825,075417,085182,089183,074286
0000000022,0000021000,086528,090266,075531,082164,091902,074585
0000000023,0000022000,083676,092122,076528,078867,093894,075890
0000000024,0000023000,080831,093182,078312,075610,094965,078076
0000000025,0000024000,078250,093362,080714,072706,095015,080930
0000000026,0000025000,076173,092661,083491,070446,094036,084169
0000000027,0000026000,074832,091126,086367,069052,092123,087476
0000000028,0000027000,074355,088897,089073,068656,089464,090531
0000000029,0000028000,074764,086219,091342,069298,086320,093034
0000000030,0000029000,076033,083350,092942,070916,082998,094737
0000000031,0000030000,078053,080551,093722,073352,079824,095475
0000000032,0000031000,080609,078108,093608,076367,077108,095176
0000000033,0000032000,083444,076270,092610,079666,075115,093871
0000000034,0000033000,086298,075200,090826,082924,074041,091685
0000000035,0000034000,088889,075010,088425,085826,073994,088831
0000000036,0000035000,090951,075727,085647,088086,074973,085592
0000000037,0000036000,092294,077261,082771,089482,076884,082285
0000000038,0000037000,092784,079476,080066,089877,079544,079231
0000000039,0000038000,092364,082165,077797,089234,082690,076727
0000000040,0000039000,091090,085039,076196,087618,086009,075024
0000000041,0000040000,089084,087824,075417,085181,089183,074287
0000000042,0000041000,086522,090272,075531,082164,091902,074585
0000000043,0000042000,083678,092120,076527,078867,093894,075890
0000000044,0000043000,080836,093178,078311,075610,094966,078076
0000000045,0000044000,078245,093367,080714,072706,095015,080930
0000000046,0000045000,076171,092663,083491,070447,094035,084169
0000000047,0000046000,074838,091121,086367,069052,092123,087476
0000000048,0000047000,074353,088899,089073,068655,089465,090531
0000000049,0000048000,074759,086224,091342,069298,086319,093034
0000000050,0000049000,076037,083347,092942,070916,082998,094737
0000000051,0000050000,078054,080550,093722,073351,079826,095475
0000000052,0000051000,080604,078113,093608,076367,077108,095176
0000000053,0000052000,083445,076269,092611,079666,075114,093871
0000000054,0000053000,086301,075197,090827,082923,074043,091686
0000000055,0000054000,088886,075013,088426,085824,073995,088832
0000000056,0000055000,090950,075727,085647,088086,074973,085592
0000000057,0000056000,092297,077257,082771,089481,076884,082286
0000000058,0000057000,092783,079477,080066,089875,079545,079231
0000000059,0000058000,092363,082166,077797,089233,082690,076728
0000000060,0000059000,091093,085036,076196,087617,086009,075025
0000000061,0000060000,089084,087824,075417,085181,089183,074287
0000000062,0000061000,086521,090274,075530,082164,091901,074586
0000000063,0000062000,083681,092118,076527,078868,093893,075891
0000000064,0000063000,080837,093177,078311,075610,094965,078076
0000000065,0000064000,078243,093370,080713,072707,095015,080930
0000000066,0000065000,076172,092663,083490,070447,094035,084169
0000000067,0000066000,074839,091120,086367,069052,092124,087475
0000000068,0000067000,074350,088902,089072,068656,089465,090530
0000000069,0000068000,074760,086224,091341,069299,086320,093033
0000000070,0000069000,076038,083345,092942,070916,082999,094736
0000000071,0000070000,078051,080552,093722,073350,079827,095474
0000000072,0000071000,080603,078114,093609,076367,077109,095175
0000000073,0000072000,083447,076266,092611,079665,075116,093871
0000000074,0000073000,086299,075198,090828,082921,074044,091686
0000000075,0000074000,088883,075015,088427,085823,073996,088832
0000000076,0000075000,090953,075724,085648,088084,074974,085593
0000000077,0000076000,092297,077256,082772,089479,076885,082287
0000000078,0000077000,092780,079479,080067,089874,079545,079232
0000000079,0000078000,092365,082163,077797,089233,082689,076730
0000000080,0000079000,091096,085033,076196,087616,086008,075027
0000000081,0000080000,089082,087826,075416,085180,089182,074289
0000000082,0000081000,086522,090274,075529,082165,091899,074587
0000000083,0000082000,083685,092115,076526,078868,093891,075891
0000000084,0000083000,080836,093179,078310,075611,094965,078076
0000000085,0000084000,078242,093372,080711,072709,095013,080929
0000000086,0000085000,076176,092661,083489,070449,094034,084168
0000000087,0000086000,074838,091121,086366,069053,092124,087474
0000000088,0000087000,074347,088907,089072,068657,089466,090528
0000000089,0000088000,074760,086224,091341,069300,086320,093031
0000000090,0000089000,076038,083345,092942,070916,083001,094734
0000000091,0000090000,078047,080556,093723,073350,079829,095472
0000000092,0000091000,080602,078114,093610,076366,077111,095174
0000000093,0000092000,083448,076264,092613,079663,075118,093870
0000000094,0000093000,086296,075199,090830,082919,074046,091685
0000000095,0000094000,088882,075015,088428,085822,073997,088833
0000000096,0000095000,090955,075720,085650,088082,074975,085594
0000000097,0000096000,092297,077255,082774,089477,076886,082289
0000000098,0000097000,092780,079478,080067,089873,079544,079235
0000000099,0000098000,092368,082160,077797,089232,082688,076732
0000000100,0000099000,091098,085031,076196,087615,086007,075029
0000000101,0000100000,089082,087827,075415,085181,089180,074291
0000000102,0000101000,086525,090272,075528,082166,091897,074588
0000000103,0000102000,083687,092114,076524,078869,093889,075892
0000000104,0000103000,080836,093182,078308,075612,094962,078076
0000000105,0000104000,078243,093373,080709,072711,095011,080929
0000000106,0000105000,076177,092661,083487,070451,094033,084167
0000000107,0000106000,074836,091125,086364,069055,092124,087472
0000000108,0000107000,074345,088909,089070,068660,089466,090526
0000000109,0000108000,074761,086224,091340,069301,086321,093029
0000000110,0000109000,076035,083348,092943,070916,083003,094732
0000000111,0000110000,078043,080559,093723,073350,079831,095470
0000000112,0000111000,080601,078113,093611,076365,077113,095173
0000000113,0000112000,083446,076264,092615,079661,075121,093869
0000000114,0000113000,086292,075200,090832,082917,074049,091685
0000000115,0000114000,088882,075012,088430,085819,073999,088833
0000000116,0000115000,090956,075717,085652,088079,074976,085596
0000000117,0000116000,092295,077254,082776,089474,076887,082291
0000000118,0000117000,092781,079476,080069,089870,079543,079237
0000000119,0000118000,092372,082155,077798,089230,082687,076735
0000000120,0000119000,091099,085030,076196,087614,086005,075032
0000000121,0000120000,089084,087826,075414,085181,089177,074293
0000000122,0000121000,086530,090269,075526,082167,091893,074591
0000000123,0000122000,083689,092114,076522,078871,093886,075894
0000000124,0000123000,080836,093184,078305,075615,094959,078077
0000000125,0000124000,078246,093373,080706,072715,095009,080928
0000000126,0000125000,076178,092663,083484,070455,094032,084165
0000000127,0000126000,074834,091129,086362,069059,092123,087469
0000000128,0000127000,074344,088912,089068,068663,089466,090522
0000000129,0000128000,074759,086226,091340,069303,086323,093025
0000000130,0000129000,076031,083352,092943,070917,083006,094728
0000000131,0000130000,078040,080561,093725,073350,079835,095467
0000000132,0000131000,080599,078113,093613,076364,077117,095170
0000000133,0000132000,083442,076265,092618,079658,075126,093867
0000000134,0000133000,086289,075200,090835,082914,074053,091685
0000000135,0000134000,088882,075009,088434,085815,074002,088834
0000000136,0000135000,090955,075714,085656,088074,074979,085598
0000000137,0000136000,092295,077252,082778,089470,076887,082294
0000000138,0000137000,092784,079471,080071,089867,079543,079242
0000000139,0000138000,092375,082151,077799,089227,082685,076740
0000000140,0000139000,091101,085028,076196,087613,086002,075036
0000000141,0000140000,089089,087823,075413,085181,089173,074297
0000000142,0000141000,086535,090267,075523,082168,091889,074594
0000000143,0000142000,083692,092115,076518,078874,093882,075895
0000000144,0000143000,080839,093186,078301,075620,094955,078077
0000000145,0000144000,078249,093374,080702,072719,095005,080927
0000000146,0000145000,076178,092667,083481,070459,094030,084162
0000000147,0000146000,074832,091134,086358,069064,092122,087465
0000000148,0000147000,074344,088915,089066,068667,089467,090518
0000000149,0000148000,074756,086230,091339,069306,086326,093020
0000000150,0000149000,076025,083357,092943,070919,083010,094723
0000000151,0000150000,078036,080563,093726,073350,079839,095462
0000000152,0000151000,080595,078114,093617,076362,077123,095167
0000000153,0000152000,083437,076266,092622,079655,075131,093865
0000000154,0000153000,086286,075199,090840,082909,074057,091685
0000000155,0000154000,088881,075005,088439,085809,074006,088836
0000000156,0000155000,090953,075711,085660,088068,074982,085601
0000000157,0000156000,092295,077248,082782,089464,076888,082299
0000000158,0000157000,092788,079465,080073,089862,079542,079247
0000000159,0000158000,092378,082147,077800,089223,082683,076745
0000000160,0000159000,091105,085025,076195,087611,085998,075042
0000000161,0000160000,089095,087819,075411,085181,089167,074303
0000000162,0000161000,086540,090265,075520,082170,091883,074598
0000000163,0000162000,083695,092116,076514,078878,093876,075898
0000000164,0000163000,080843,093187,078295,075625,094949,078078
0000000165,0000164000,078252,093377,080697,072725,095001,080925
0000000166,0000165000,076177,092672,083476,070466,094027,084159
0000000167,0000166000,074831,091140,086354,069070,092121,087460
0000000168,0000167000,074342,088920,089063,068672,089468,090512
0000000169,0000168000,074751,086236,091338,069309,086329,093013
0000000170,0000169000,076020,083362,092944,070921,083014,094716
0000000171,0000170000,078032,080565,093729,073350,079845,095456
0000000172,0000171000,080589,078116,093621,076359,077130,095162
0000000173,0000172000,083431,076267,092627,079651,075138,093863
0000000174,0000173000,086283,075196,090846,082903,074064,091684
0000000175,0000174000,088879,075001,088445,085802,074011,088837
0000000176,0000175000,090952,075707,085666,088061,074985,085605
0000000177,0000176000,092297,077242,082787,089458,076889,082304
0000000178,0000177000,092791,079458,080076,089856,079541,079254
0000000179,0000178000,092382,082142,077802,089219,082679,076753
0000000180,0000179000,091111,085020,076194,087609,085992,075050
0000000181,0000180000,089103,087814,075408,085181,089161,074309
0000000182,0000181000,086546,090263,075516,082173,091876,074603
0000000183,0000182000,083700,092117,076508,078883,093868,075901
0000000184,0000183000,080849,093188,078289,075631,094942,078078
0000000185,0000184000,078255,093381,080690,072733,094995,080924
0000000186,0000185000,076177,092679,083469,070474,094023,084155
0000000187,0000186000,074831,091146,086349,069078,092119,087454
0000000188,0000187000,074339,088926,089060,068678,089469,090504
0000000189,0000188000,074745,086244,091336,069314,086332,093005
0000000190,0000189000,076013,083368,092944,070923,083020,094708
0000000191,0000190000,078025,080569,093732,073350,079853,095449
0000000192,0000191000,080581,078119,093625,076356,077138,095157
0000000193,0000192000,083424,076267,092634,079646,075146,093859
0000000194,0000193000,086279,075193,090853,082896,074072,091683
0000000195,0000194000,088875,074997,088453,085794,074018,088840
0000000196,0000195000,090950,075702,085673,088052,074989,085610
0000000197,0000196000,092300,077233,082792,089449,076891,082311
0000000198,0000197000,092795,079450,080081,089849,079540,079262
0000000199,0000198000,092387,082135,077803,089214,082675,076762
0000000200,0000199000,091119,085013,076193,087607,085986,075059
0000000201,0000200000,089111,087809,075405,085182,089152,074317
0000000202,0000201000,086553,090262,075510,082176,091867,074609
0000000203,0000202000,083708,092116,076501,078889,093858,075904
0000000204,0000203000,080855,093190,078281,075639,094933,078079
0000000205,0000204000,078258,093386,080681,072742,094988,080921
0000000206,0000205000,076178,092686,083461,070484,094018,084150
0000000207,0000206000,074830,091153,086342,069087,092118,087447
0000000208,0000207000,074334,088935,089056,068686,089470,090495
0000000209,0000208000,074738,086253,091334,069320,086337,092995
0000000210,0000209000,076006,083374,092945,070926,083027,094698
0000000211,0000210000,078016,080574,093735,073349,079862,095440
0000000212,0000211000,080572,078122,093631,076353,077149,095150
0000000213,0000212000,083417,076267,092642,079639,075157,093855
0000000214,0000213000,086273,075190,090862,082887,074081,091683
0000000215,0000214000,088870,074992,088462,085783,074026,088842
0000000216,0000215000,090949,075694,085681,088042,074994,085615
0000000217,0000216000,092302,077224,082800,089439,076893,082320
0000000218,0000217000,092799,079441,080086,089840,079539,079273
0000000219,0000218000,092394,082126,077805,089208,082670,076773
0000000220,0000219000,091129,085004,076192,087604,085978,075070
0000000221,0000220000,089121,087803,075401,085182,089142,074327
0000000222,0000221000,086562,090259,075504,082180,091855,074616
0000000223,0000222000,083717,092116,076492,078896,093847,075909
0000000224,0000223000,080862,093192,078271,075649,094923,078080
0000000225,0000224000,078261,093393,080671,072753,094980,080918
0000000226,0000225000,076180,092694,083452,070496,094012,084143
0000000227,0000226000,074828,091162,086335,069098,092116,087438
0000000228,0000227000,074328,088946,089050,068695,089472,090484
0000000229,0000228000,074730,086263,091332,069327,086342,092982
0000000230,0000229000,075997,083382,092946,070929,083036,094686
0000000231,0000230000,078005,080581,093740,073349,079873,095430
0000000232,0000231000,080561,078126,093638,076349,077161,095142
0000000233,0000232000,083408,076267,092651,079631,075169,093851
0000000234,0000233000,086265,075186,090873,082876,074093,091682
0000000235,0000234000,088865,074987,088473,085771,074035,088845
0000000236,0000235000,090949,075685,085692,088029,075000,085622
0000000237,0000236000,092304,077213,082808,089426,076895,082330
0000000238,0000237000,092804,079430,080091,089830,079537,079285
0000000239,0000238000,092403,082115,077808,089200,082665,076786
0000000240,0000239000,091140,084994,076191,087600,085969,075082
0000000241,0000240000,089132,087797,075396,085182,089131,074338
0000000242,0000241000,086574,090255,075496,082185,091842,074625
0000000243,0000242000,083728,092115,076482,078904,093833,075914
0000000244,0000243000,080870,093196,078259,075660,094911,078081
0000000245,0000244000,078266,093400,080659,072767,094970,080915
0000000246,0000245000,076182,092703,083441,070509,094006,084136
0000000247,0000246000,074825,091174,086325,069111,092113,087427
0000000248,0000247000,074322,088959,089044,068707,089474,090470
0000000249,0000248000,074721,086274,091329,069335,086348,092968
0000000250,0000249000,075985,083392,092948,070933,083046,094672
0000000251,0000250000,077992,080589,093745,073348,079886,095418
0000000252,0000251000,080548,078130,093647,076344,077175,095132
0000000253,0000252000,083397,076266,092662,079622,075184,093845
0000000254,0000253000,086256,075183,090886,082864,074106,091681
0000000255,0000254000,088860,074979,088486,085757,074045,088849
0000000256,0000255000,090948,075674,085704,088014,075007,085630
0000000257,0000256000,092307,077200,082818,089412,076898,082341
0000000258,0000257000,092811,079417,080098,089818,079534,079299
0000000259,0000258000,092413,082101,077811,089192,082658,076802
0000000260,0000259000,091152,084983,076190,087596,085958,075097
0000000261,0000260000,089145,087789,075391,085183,089117,074351
0000000262,0000261000,086588,090250,075487,082190,091826,074635
0000000263,0000262000,083740,092115,076470,078914,093818,075920
0000000264,0000263000,080879,093201,078245,075673,094896,078082
0000000265,0000264000,078272,093408,080645,072782,094958,080911
0000000266,0000265000,076184,092714,083428,070526,093998,084127
0000000267,0000266000,074822,091188,086315,069126,092111,087414
0000000268,0000267000,074315,088974,089036,068719,089477,090455
0000000269,0000268000,074711,086288,091326,069344,086356,092952
0000000270,0000269000,075972,083404,092949,070937,083058,094656
0000000271,0000270000,077977,080598,093751,073347,079901,095403
0000000272,0000271000,080534,078135,093657,076338,077192,095122
0000000273,0000272000,083384,076266,092675,079612,075201,093839
0000000274,0000273000,086245,075179,090901,082850,074121,091680
0000000275,0000274000,088853,074970,088501,085740,074058,088853
0000000276,0000275000,090946,075661,085718,087996,075015,085640
0000000277,0000276000,092310,077186,082830,089396,076901,082355
0000000278,0000277000,092818,079401,080106,089804,079532,079315
0000000279,0000278000,092425,082086,077814,089182,082650,076819
0000000280,0000279000,091166,084970,076189,087591,085946,075115
0000000281,0000280000,089161,087780,075385,085184,089101,074366
0000000282,0000281000,086604,090245,075476,082197,091808,074646
0000000283,0000282000,083754,092115,076456,078925,093800,075926
0000000284,0000283000,080890,093206,078229,075689,094880,078083
0000000285,0000284000,078279,093417,080629,072800,094945,080906
0000000286,0000285000,076186,092727,083412,070544,093990,084117
0000000287,0000286000,074819,091204,086302,069144,092108,087400
0000000288,0000287000,074307,088991,089028,068734,089479,090438
0000000289,0000288000,074699,086304,091322,069354,086364,092933
0000000290,0000289000,075956,083418,092951,070942,083071,094638
0000000291,0000290000,077960,080609,093757,073346,079918,095387
0000000292,0000291000,080517,078140,093668,076331,077211,095110
0000000293,0000292000,083368,076267,092690,079599,075220,093832
0000000294,0000293000,086233,075174,090918,082833,074139,091679
0000000295,0000294000,088846,074960,088519,085721,074071,088858
0000000296,0000295000,090944,075647,085734,087977,075024,085650
0000000297,0000296000,092313,077169,082843,089377,076904,082370
0000000298,0000297000,092827,079383,080115,089789,079529,079334
0000000299,0000298000,092438,082069,077818,089171,082641,076839
0000000300,0000299000,091182,084956,076187,087586,085931,075134
0000000301,0000300000,089179,087768,075377,085185,089083,074383
0000000302,0000301000,086622,090239,075464,082204,091788,074659
0000000303,0000302000,083770,092115,076440,078938,093780,075934
0000000304,0000303000,080903,093212,078211,075706,094861,078084
0000000305,0000304000,078288,093428,080610,072820,094930,080901
0000000306,0000305000,076188,092742,083395,070565,093981,084106
0000000307,0000306000,074815,091222,086288,069164,092104,087383
0000000308,0000307000,074298,089009,089018,068751,089483,090418
0000000309,0000308000,074685,086322,091318,069366,086374,092912
0000000310,0000309000,075938,083435,092952,070948,083086,094617
0000000311,0000310000,077941,080620,093765,073345,079937,095369
0000000312,0000311000,080498,078146,093681,076323,077232,095096
0000000313,0000312000,083351,076267,092707,079586,075241,093824
0000000314,0000313000,086220,075168,090937,082815,074158,091678
0000000315,0000314000,088838,074948,088539,085700,074087,088864
0000000316,0000315000,090941,075631,085753,087954,075034,085662
0000000317,0000316000,092316,077150,082858,089356,076907,082388
0000000318,0000317000,092837,079362,080126,089771,079525,079355
0000000319,0000318000,092453,082049,077823,089159,082630,076862
0000000320,0000319000,091201,084939,076185,087580,085915,075156
0000000321,0000320000,089200,087756,075370,085186,089062,074403
0000000322,0000321000,086642,090232,075451,082212,091765,074674
0000000323,0000322000,083788,092114,076422,078953,093757,075942
0000000324,0000323000,080917,093217,078191,075726,094841,078085
0000000325,0000324000,078297,093439,080589,072843,094914,080895
0000000326,0000325000,076190,092759,083376,070588,093970,084093
0000000327,0000326000,074811,091243,086271,069186,092101,087365
0000000328,0000327000,074288,089031,089006,068769,089487,090396
0000000329,0000328000,074669,086343,091313,069378,086385,092888
0000000330,0000329000,075919,083453,092954,070954,083103,094594
0000000331,0000330000,077919,080633,093773,073344,079959,095349
0000000332,0000331000,080477,078154,093695,076314,077257,095081
0000000333,0000332000,083331,076268,092726,079570,075265,093816
0000000334,0000333000,086205,075162,090959,082794,074180,091677
0000000335,0000334000,088828,074936,088561,085676,074105,088871
0000000336,0000335000,090938,075614,085773,087930,075045,085676
0000000337,0000336000,092321,077129,082876,089333,076911,082407
0000000338,0000337000,092848,079339,080138,089752,079521,079379
0000000339,0000338000,092469,082028,077829,089145,082619,076887
0000000340,0000339000,091221,084920,076183,087573,085897,075181
0000000341,0000340000,089223,087741,075361,085188,089039,074424
0000000342,0000341000,086665,090224,075436,082222,091740,074689
0000000343,0000342000,083809,092114,076402,078969,093731,075951
0000000344,0000343000,080934,093224,078168,075748,094818,078086
0000000345,0000344000,078307,093453,080565,072868,094896,080888
0000000346,0000345000,076193,092778,083354,070615,093958,084078
0000000347,0000346000,074807,091265,086253,069210,092097,087344
0000000348,0000347000,074277,089055,088993,068789,089491,090371
0000000349,0000348000,074652,086366,091307,069393,086397,092861
0000000350,0000349000,075897,083473,092956,070961,083122,094568
0000000351,0000350000,077895,080648,093782,073342,079983,095327
0000000352,0000351000,080452,078162,093710,076304,077283,095064
0000000353,0000352000,083310,076269,092747,079553,075292,093806
0000000354,0000353000,086187,075155,090983,082771,074204,091676
0000000355,0000354000,088817,074922,088586,085649,074124,088878
0000000356,0000355000,090934,075594,085797,087902,075058,085691
0000000357,0000356000,092325,077105,082895,089308,076915,082429
0000000358,0000357000,092860,079314,080152,089730,079516,079405
0000000359,0000358000,092487,082003,077835,089130,082606,076915
0000000360,0000359000,091245,084899,076182,087567,085877,075208
0000000361,0000360000,089248,087725,075351,085190,089014,074447
0000000362,0000361000,086690,090215,075420,082232,091712,074707
0000000363,0000362000,083832,092113,076380,078987,093703,075961
0000000364,0000363000,080952,093231,078142,075772,094792,078087
0000000365,0000364000,078319,093467,080539,072896,094876,080880
0000000366,0000365000,076197,092799,083329,070643,093946,084062
0000000367,0000366000,074802,091290,086233,069237,092093,087321
0000000368,0000367000,074264,089081,088979,068812,089496,090343
0000000369,0000368000,074633,086392,091300,069408,086411,092832
0000000370,0000369000,075873,083495,092957,070968,083143,094540
0000000371,0000370000,077868,080665,093792,073340,080009,095302
0000000372,0000371000,080425,078172,093728,076293,077313,095046
0000000373,0000372000,083285,076270,092770,079534,075321,093796
0000000374,0000373000,086168,075147,091010,082746,074231,091675
0000000375,0000374000,088804,074907,088613,085620,074145,088886
0000000376,0000375000,090930,075572,085822,087872,075071,085708
0000000377,0000376000,092330,077079,082917,089279,076919,082453
0000000378,0000377000,092872,079286,080167,089707,079511,079434
0000000379,0000378000,092507,081976,077842,089114,082591,076946
0000000380,0000379000,091270,084875,076180,087559,085855,075237
0000000381,0000380000,089277,087707,075341,085192,088986,074473
0000000382,0000381000,086719,090205,075402,082244,091681,074726
0000000383,0000382000,083857,092112,076356,079008,093672,075971
0000000384,0000383000,080973,093238,078114,075799,094765,078088
0000000385,0000384000,078332,093483,080510,072926,094854,080871
0000000386,0000385000,076202,092822,083302,070675,093932,084045
0000000387,0000386000,074798,091317,086210,069267,092088,087296
0000000388,0000387000,074251,089111,088963,068836,089502,090313
0000000389,0000388000,074612,086421,091292,069425,086426,092800
0000000390,0000389000,075846,083520,092959,070976,083167,094509
0000000391,0000390000,077838,080684,093803,073338,080039,095275
0000000392,0000391000,080396,078183,093746,076281,077345,095026
0000000393,0000392000,083259,076271,092795,079513,075354,093785
0000000394,0000393000,086147,075139,091039,082718,074260,091674
0000000395,0000394000,088790,074891,088644,085588,074167,088896
0000000396,0000395000,090926,075549,085851,087839,075085,085727
0000000397,0000396000,092335,077050,082941,089249,076923,082479
0000000398,0000397000,092886,079255,080184,089682,079505,079465
0000000399,0000398000,092529,081946,077850,089097,082575,076979
0000000400,0000399000,091298,084849,076178,087551,085830,075270
0000000401,0000400000,089308,087687,075330,085195,088956,074501
0000000402,0000401000,080256,091262,076452,080601,092182,075285
0000000403,0000402000,086945,091215,075442,078275,093575,075920
0000000404,0000403000,081609,094009,078879,073078,095371,078728
0000000405,0000404000,084843,092593,079615,075663,094172,080205
0000000406,0000405000,082744,090363,080817,071300,093824,083941
0000000407,0000406000,083397,091595,086424,077177,090633,085819
0000000408,0000407000,083668,086119,085843,076896,087807,088553
0000000409,0000408000,081835,087714,092430,082269,084137,090401
0000000410,0000409000,084608,082056,091283,085829,080123,091349
0000000411,0000410000,081223,080309,093294,089823,077236,092370
0000000412,0000411000,084906,078574,093981,094516,073506,091087
0000000413,0000412000,081584,076526,092728,096499,072474,090846
0000000414,0000413000,084550,077703,093278,099835,070857,088260
0000000415,0000414000,082589,075252,088759,098946,071644,086359
0000000416,0000415000,084378,078823,088873,099998,072978,083578
0000000417,0000416000,083274,076971,082743,096558,075354,080850
0000000418,0000417000,084237,082474,083557,094067,079177,079037
0000000419,0000418000,084044,082773,078970,089947,082286,076559
0000000420,0000419000,083792,085924,077648,084896,086832,076140
0000000421,0000420000,084550,089004,077198,080754,089756,075171
0000000422,0000421000,083425,088629,074405,076055,093324,076283
0000000423,0000422000,084492,092985,077773,072547,095010,077226
0000000424,0000423000,083268,091222,076661,070299,096036,079279
0000000425,0000424000,084025,093296,080778,068845,095994,081932
0000000426,0000425000,083006,090600,081291,069283,094163,084221
0000000427,0000426000,083757,090103,085039,070737,092289,087479
0000000428,0000427000,082736,087625,087317,073799,088449,089248
0000000429,0000428000,083373,085221,089642,077217,085312,091690
0000000430,0000429000,082863,083912,092772,081659,081134,092521
0000000431,0000430000,083035,079367,091874,086054,077790,093100
0000000432,0000431000,083228,079640,094461,089614,074885,092670
0000000433,0000432000,083005,076323,092015,093731,072689,091272
0000000434,0000433000,083533,077010,092164,094880,072113,089697
0000000435,0000434000,083274,076823,089948,096823,071977,086849
0000000436,0000435000,083919,077107,086930,095656,073865,084600
0000000437,0000436000,083492,079410,085142,094225,076002,081579
0000000438,0000437000,084277,080258,081394,091154,079557,079443
0000000439,0000438000,083748,083914,080299,087096,083244,077494
0000000440,0000439000,084259,085197,077265,083007,086995,076219
0000000441,0000440000,084011,088519,077112,077882,090832,076097
0000000442,0000441000,083966,089555,075764,074412,093501,076267
0000000443,0000442000,084039,091186,076446,069994,095905,077896
0000000444,0000443000,083644,092364,078225,068422,096581,079584
0000000445,0000444000,083767,091311,079107,066556,096560,082267
0000000446,0000445000,083299,091875,082801,067058,095047,084913
0000000447,0000446000,083501,088977,084005,068695,092561,087613
0000000448,0000447000,082986,087966,087580,071103,089458,090204
0000000449,0000448000,083253,085271,089500,075303,085493,091908
0000000450,0000449000,082938,082924,091481,079011,081937,093445
0000000451,0000450000,083063,080916,093005,083895,078063,093574
0000000452,0000451000,083154,078384,092745,087538,075314,093368
0000000453,0000452000,083106,077797,093069,091302,073106,091996
0000000454,0000453000,083422,076186,090948,093426,072153,090054
0000000455,0000454000,083409,077335,090123,094595,072489,087671
0000000456,0000455000,083709,077286,086921,094511,073732,084741
0000000457,0000456000,083733,079116,084800,092529,076445,082222
0000000458,0000457000,084003,081052,082226,090159,079504,079507
0000000459,0000458000,083963,082822,079380,086000,083492,077766
0000000460,0000459000,084111,086061,078441,081933,087227,076359
0000000461,0000460000,084069,087372,076319,077362,090942,076006
0000000462,0000461000,083993,090078,076680,073092,093986,076472
0000000463,0000462000,083966,090740,076448,069713,096000,077646
0000000464,0000463000,083774,091797,078051,066993,097193,079810
0000000465,0000464000,083644,091650,079741,065947,096788,082121
0000000466,0000465000,083499,090788,081946,065788,095584,085123
0000000467,0000466000,083316,089719,084853,067482,092969,087769
0000000468,0000467000,083202,087175,086715,069975,089783,090390
0000000469,0000468000,083119,085738,089796,073652,085988,092399
0000000470,0000469000,083033,082629,090915,077967,082025,093655
0000000471,0000470000,083070,081004,092686,082129,078477,094237
0000000472,0000471000,083089,078877,092797,086579,075265,093679
0000000473,0000472000,083207,077444,092304,089786,073267,092585
0000000474,0000473000,083297,077109,091460,092516,072083,090443
0000000475,0000474000,083510,076729,089173,093683,072373,088012
0000000476,0000475000,083586,078025,087466,093637,073715,085129
0000000477,0000476000,083819,078871,084466,092256,076171,082257
0000000478,0000477000,083902,081181,082375,089488,079552,079745
0000000479,0000478000,084003,083029,079772,086048,083246,077566
0000000480,0000479000,084095,085479,078157,081590,087333,076351
0000000481,0000480000,084034,087753,077057,077398,090919,075722
0000000482,0000481000,084058,089300,076340,072974,094122,076225
0000000483,0000482000,083907,091031,077207,069511,096266,077433
0000000484,0000483000,083841,091152,077813,066878,097365,079456
0000000485,0000484000,083633,091592,080031,065372,097251,082069
0000000486,0000485000,083532,090548,081972,065484,095801,084881
0000000487,0000486000,083335,089308,084552,066587,093447,087890
0000000488,0000487000,083219,087537,087035,069304,090028,090429
0000000489,0000488000,083141,085175,089076,072669,086288,092663
0000000490,0000489000,083035,083179,091167,076935,082233,094002
0000000491,0000490000,083092,080713,091971,081264,078506,094575
0000000492,0000491000,083075,079277,092736,085463,075357,094224
0000000493,0000492000,083203,077635,092022,089131,073048,092914
0000000494,0000493000,083302,077229,091108,091664,072001,090960
0000000495,0000494000,083458,077214,089277,093301,072028,088263
0000000496,0000495000,083611,077834,087026,093258,073466,085409
0000000497,0000496000,083760,079408,084865,092162,075864,082362
0000000498,0000497000,083907,080892,082100,089624,079230,079682
0000000499,0000498000,083981,083316,080249,086153,083090,077478
0000000500,0000499000,084075,085245,078229,082074,087100,075982
0000000501,0000500000,084051,087563,077271,077588,090963,075446
0000000502,0000501000,084034,089250,076795,073458,094102,075724
0000000503,0000502000,083950,090474,077172,069677,096486,077050
0000000504,0000503000,083816,091224,078361,067025,097597,079030
0000000505,0000504000,083697,090989,079856,065362,097556,081725
0000000506,0000505000,083519,090528,082271,065155,096207,084701
0000000507,0000506000,083383,088971,084356,066266,093742,087730
0000000508,0000507000,083239,087455,086944,068564,090433,090562
0000000509,0000508000,083144,085219,088962,072039,086478,092785
0000000510,0000509000,083079,083063,090711,075998,082458,094376
0000000511,0000510000,083064,081100,091894,080464,078530,094962
0000000512,0000511000,083107,079193,092133,084636,075292,094696
0000000513,0000512000,083167,078153,091973,088378,072895,093420
0000000514,0000513000,083307,077343,090667,091206,071669,091355
0000000515,0000514000,083424,077565,089178,092844,071726,088684
0000000516,0000515000,083592,078107,086969,093255,072998,085587
0000000517,0000516000,083741,079461,084726,092181,075502,082511
0000000518,0000517000,083867,081192,082405,090003,078808,079582
0000000519,0000518000,083986,083113,080236,086622,082786,077267
0000000520,0000519000,084034,085385,078699,082656,086892,075630
0000000521,0000520000,084067,087227,077411,078280,090829,074943
0000000522,0000521000,084023,089098,077229,073999,094177,075233
0000000523,0000522000,083961,090151,077452,070279,096589,076445
0000000524,0000523000,083839,090847,078565,067295,097906,078563
0000000525,0000524000,083708,090792,080182,065581,097864,081257
0000000526,0000525000,083559,090054,082176,065035,096620,084412
0000000527,0000526000,083397,088937,084519,065950,094142,087580
0000000528,0000527000,083280,087135,086650,068064,090781,090564
0000000529,0000528000,083154,085284,088853,071272,086806,093007
0000000530,0000529000,083103,083087,090357,075247,082604,094674
0000000531,0000530000,083072,081230,091507,079532,078630,095460
0000000532,0000531000,083100,079515,091842,083866,075178,095185
0000000533,0000532000,083172,078338,091480,087626,072705,093985
0000000534,0000533000,083273,077833,090504,090682,071329,091852
0000000535,0000534000,083416,077757,088819,092545,071294,089090
0000000536,0000535000,083554,078530,086967,093167,072544,085889
0000000537,0000536000,083716,079628,084645,092442,074980,082594
0000000538,0000537000,083840,081346,082541,090393,078385,079549
0000000539,0000538000,083957,083199,080510,087330,082372,076984
0000000540,0000539000,084024,085227,078913,083397,086643,075241
0000000541,0000540000,084047,087166,077911,079142,090676,074391
0000000542,0000541000,084035,088690,077501,074818,094185,074613
0000000543,0000542000,083959,089918,077930,070962,096752,075816
0000000544,0000543000,083867,090393,078819,067863,098158,077937
0000000545,0000544000,083729,090431,080456,065828,098266,080773
0000000546,0000545000,083587,089727,082313,065108,097025,084012
0000000547,0000546000,083436,088605,084456,065660,094613,087408
0000000548,0000547000,083300,087031,086606,067583,091182,090547
0000000549,0000548000,083192,085119,088498,070541,087152,093201
0000000550,0000549000,083113,083252,090102,074371,082838,095044
0000000551,0000550000,083090,081327,091015,078627,078702,095946
0000000552,0000551000,083097,079844,091443,082920,075135,095790
0000000553,0000552000,083164,078700,091040,086872,072468,094573
0000000554,0000553000,083258,078200,090100,090038,071001,092450
0000000555,0000554000,083384,078227,088613,092217,070826,089554
0000000556,0000555000,083531,078825,086730,093086,072034,086232
0000000557,0000556000,083672,080006,084713,092672,074440,082749
0000000558,0000557000,083815,081462,082602,090923,077864,079489
0000000559,0000558000,083922,083317,080813,088055,081952,076744
0000000560,0000559000,084004,085143,079257,084346,086302,074784
0000000561,0000560000,084036,086953,078347,080108,090518,073825
0000000562,0000561000,084028,088415,078013,075830,094151,073918
0000000563,0000562000,083974,089462,078323,071819,096900,075117
0000000564,0000563000,083879,090012,079291,068552,098436,077260
0000000565,0000564000,083762,089908,080690,066260,098656,080189
0000000566,0000565000,083616,089368,082527,065210,097503,083593
0000000567,0000566000,083476,088238,084446,065490,095091,087154
0000000568,0000567000,083335,086801,086472,067057,091667,090535
0000000569,0000568000,083222,085056,088235,069811,087533,093372
0000000570,0000569000,083142,083267,089655,073414,083128,095437
0000000571,0000570000,083100,081577,090587,077601,078832,096478
0000000572,0000571000,083107,080119,090862,081893,075107,096428
0000000573,0000572000,083151,079175,090574,085940,072283,095256
0000000574,0000573000,083242,078641,089625,089330,070652,093085
0000000575,0000574000,083354,078727,088289,091741,070381,090116
0000000576,0000575000,083495,079286,086538,092975,071482,086618
0000000577,0000576000,083636,080340,084655,092859,073878,082964
0000000578,0000577000,083773,081746,082782,091466,077305,079468
0000000579,0000578000,083892,083373,081054,088864,081470,076508
0000000580,0000579000,083973,085127,079726,085360,085934,074345
0000000581,0000580000,084022,086699,078837,081254,090288,073210
0000000582,0000581000,084020,088080,078590,076953,094105,073209
0000000583,0000582000,083981,089002,078871,072877,097000,074345
0000000584,0000583000,083900,089468,079762,069378,098712,076535
0000000585,0000584000,083788,089401,081086,066834,099045,079541
0000000586,0000585000,083657,088839,082704,065432,097989,083109
0000000587,0000586000,083514,087865,084528,065358,095616,086867
0000000588,0000587000,083380,086487,086298,066585,092177,090467
0000000589,0000588000,083258,084959,087938,069013,087990,093549
0000000590,0000589000,083173,083308,089188,072414,083459,095812
0000000591,0000590000,083120,081790,090018,076437,079036,097044
0000000592,0000591000,083112,080518,090264,080734,075130,097098
0000000593,0000592000,083148,079639,089941,084854,072144,095989
0000000594,0000593000,083219,079230,089124,088452,070348,093792
0000000595,0000594000,083327,079277,087846,091152,069941,090731
0000000596,0000595000,083453,079846,086310,092723,070951,087090
0000000597,0000596000,083594,080769,084588,093007,073286,083223
0000000598,0000597000,083728,082054,082922,091964,076731,079509
0000000599,0000598000,083849,083523,081390,089717,080938,076299
0000000600,0000599000,083941,085055,080197,086450,085517,073926
0000000601,0000600000,083997,086487,079466,082512,090008,072599
0000000602,0000601000,084013,087655,079222,078247,093992,072473
0000000603,0000602000,083984,088491,079547,074083,097065,073553
0000000604,0000603000,083920,088842,080331,070402,098935,075748
0000000605,0000604000,083819,088779,081538,067546,099421,078851
0000000606,0000605000,083697,088256,082985,065801,098461,082560
0000000607,0000606000,083561,087356,084589,065310,096159,086528
0000000608,0000607000,083425,086161,086172,066150,092720,090354
0000000609,0000608000,083305,084778,087566,068214,088490,093683
0000000610,0000609000,083207,083364,088683,071327,083864,096177
0000000611,0000610000,083147,082019,089349,075177,079301,097596
0000000612,0000611000,083124,080954,089549,079401,075240,097796
0000000613,0000612000,083145,080204,089229,083605,072071,096747
0000000614,0000613000,083202,079874,088480,087378,070115,094553
0000000615,0000614000,083295,079972,087357,090387,069551,091406
0000000616,0000615000,083413,080466,085982,092326,070448,087624
0000000617,0000616000,083544,081318,084516,093030,072711,083557
0000000618,0000617000,083679,082422,083047,092417,076133,079607
0000000619,0000618000,083800,083716,081762,090550,080379,076157
0000000620,0000619000,083901,085014,080755,087611,085037,073541
0000000621,0000620000,083968,086229,080160,083870,089663,072020
0000000622,0000621000,083997,087213,080003,079700,093798,071741
0000000623,0000622000,083986,087866,080308,075476,097049,072748
0000000624,0000623000,083935,088150,081039,071615,099091,074936
0000000625,0000624000,083851,088032,082070,068463,099733,078109
0000000626,0000625000,083739,087568,083342,066325,098903,081961
0000000627,0000626000,083612,086761,084695,065404,096681,086119
0000000628,0000627000,083479,085740,086027,065782,093283,090184
0000000629,0000628000,083356,084571,087186,067436,089028,093756
0000000630,0000629000,083253,083376,088079,070192,084337,096494
0000000631,0000630000,083179,082294,088606,073805,079656,098118
0000000632,0000631000,083143,081422,088700,077916,075445,098475
0000000633,0000632000,083145,080860,088402,082148,072109,097519
0000000634,0000633000,083188,080626,087717,086098,069976,095336
0000000635,0000634000,083264,080768,086753,089395,069253,092135
0000000636,0000635000,083369,081221,085597,091738,070008,088219
0000000637,0000636000,083491,081952,084376,092892,072177,083968
0000000638,0000637000,083621,082898,083191,092762,075544,079788
0000000639,0000638000,083745,083946,082155,091346,079791,076092
0000000640,0000639000,083851,085006,081398,088789,084504,073233
0000000641,0000640000,083931,085952,080957,085330,089229,071496
0000000642,0000641000,083975,086708,080904,081296,093505,071056
0000000643,0000642000,083982,087171,081216,077074,096916,071956
0000000644,0000643000,083949,087332,081855,073049,099136,074120
0000000645,0000644000,083881,087183,082734,069610,099943,077337
0000000646,0000645000,083785,086740,083767,067068,099263,081308
0000000647,0000646000,083667,086067,084861,065672,097157,085642
0000000648,0000647000,083541,085221,085884,065547,093829,089927
0000000649,0000648000,083416,084299,086769,066709,089597,093746
0000000650,0000649000,083307,083375,087405,069049,084871,096724
0000000651,0000650000,083222,082573,087739,072339,080112,098571
0000000652,0000651000,083169,081960,087736,076276,075775,099100
0000000653,0000652000,083154,081590,087417,080481,072288,098259
0000000654,0000653000,083176,081505,086827,084569,069984,096119
0000000655,0000654000,083234,081684,086025,088151,069087,092888
0000000656,0000655000,083322,082107,085123,090895,069684,088872
0000000657,0000656000,083434,082714,084185,092545,071718,084456
0000000658,0000657000,083557,083463,083317,092941,074995,080070
0000000659,0000658000,083680,084254,082598,092052,079194,076134
0000000660,0000659000,083793,085015,082105,089954,083916,073037
0000000661,0000660000,083883,085671,081881,086855,088697,071077
0000000662,0000661000,083944,086139,081939,083041,093077,070454
0000000663,0000662000,083969,086389,082277,078873,096630,071228
0000000664,0000663000,083958,086398,082820,074741,099013,073330
0000000665,0000664000,083910,086192,083523,071027,099998,076562
0000000666,0000665000,083830,085783,084301,068083,099487,080611
0000000667,0000666000,083726,085235,085074,066179,097535,085093
0000000668,0000667000,083607,084604,085766,065499,094323,089571
0000000669,0000668000,083485,083946,086309,066102,090166,093615
0000000670,0000669000,083371,083348,086654,067935,085466,096827
0000000671,0000670000,083275,082863,086753,070822,080677,098896
0000000672,0000671000,083206,082550,086624,074492,076263,099617
0000000673,0000672000,083170,082423,086280,078603,072652,098915
0000000674,0000673000,083171,082500,085773,082767,070194,096857
0000000675,0000674000,083207,082749,085168,086603,069119,093636
0000000676,0000675000,083277,083133,084534,089748,069534,089563
0000000677,0000676000,083373,083618,083935,091912,071397,085026
0000000678,0000677000,083487,084138,083425,092890,074526,080466
0000000679,0000678000,083607,084641,083074,092593,078620,076323
0000000680,0000679000,083723,085065,082899,091050,083280,072999
0000000681,0000680000,083824,085373,082922,088403,088055,070822
0000000682,0000681000,083901,085520,083133,084906,092482,070001
0000000683,0000682000,083948,085504,083494,080881,096135,070620
0000000684,0000683000,083958,085341,083955,076705,098662,072622
0000000685,0000684000,083934,085049,084456,072765,099822,075817
0000000686,0000685000,083875,084675,084948,069428,099506,079896
0000000687,0000686000,083788,084262,085361,067004,097745,084468
0000000688,0000687000,083681,083862,085665,065719,094712,089094
0000000689,0000688000,083563,083516,085822,065694,090701,093323
0000000690,0000689000,083446,083274,085814,066926,086104,096745
0000000691,0000690000,083340,083166,085648,069305,081363,099028
0000000692,0000691000,083255,083192,085353,072603,076940,099950
0000000693,0000692000,083198,083356,084973,076516,073259,099417
0000000694,0000693000,083175,083625,084552,080680,070674,097482
0000000695,0000694000,083187,083963,084157,084709,069429,094330
0000000696,0000695000,083234,084323,083827,088230,069641,090261
0000000697,0000696000,083311,084666,083603,090915,071288,085670
0000000698,0000697000,083411,084944,083515,092516,074205,080998
0000000699,0000698000,083525,085114,083576,092884,078108,076698
0000000700,0000699000,083642,085163,083777,091986,082617,073187
0000000701,0000700000,083752,085069,084089,089908,087293,070805
0000000702,0000701000,083845,084848,084482,086843,091685,069783
0000000703,0000702000,083913,084527,084888,083076,095372,070219
0000000704,0000703000,083949,084150,085260,078954,098002,072073
0000000705,0000704000,083950,083757,085550,074860,099325,075165
0000000706,0000705000,083916,083403,085716,071172,099219,079198
0000000707,0000706000,083850,083138,085733,068231,097699,083783
0000000708,0000707000,083759,082990,085592,066311,094917,088477
0000000709,0000708000,083649,082993,085307,065587,091147,092825
0000000710,0000709000,083533,083155,084896,066125,086757,096407
0000000711,0000710000,083419,083465,084418,067874,082174,098878
0000000712,0000711000,083318,083887,083930,070672,077840,099998
0000000713,0000712000,083240,084378,083490,074259,074170,099663
0000000714,0000713000,083191,084880,083159,078307,071512,097904
0000000715,0000714000,083175,085327,082984,082440,070117,094893
0000000716,0000715000,083195,085673,082991,086277,070114,090919
0000000717,0000716000,083249,085868,083187,089466,071494,086368
0000000718,0000717000,083331,085876,083571,091709,074118,081679
0000000719,0000718000,083434,085686,084101,092804,077725,077307
0000000720,0000719000,083550,085308,084726,092648,081961,073674
0000000721,0000720000,083666,084772,085377,091261,086412,071128
0000000722,0000721000,083774,084133,085977,088769,090652,069913
0000000723,0000722000,083863,083465,086451,085403,094276,070141
0000000724,0000723000,083925,082836,086738,081470,096939,071789
0000000725,0000724000,083955,082320,086802,077333,098394,074695
0000000726,0000725000,083950,081979,086616,073373,098509,078578
0000000727,0000726000,083910,081863,086190,069953,097280,083062
0000000728,0000727000,083839,081994,085557,067390,094836,087710
0000000729,0000728000,083743,082376,084773,065917,091424,092073
0000000730,0000729000,083630,082984,083916,065669,087380,095730
0000000731,0000730000,083512,083755,083082,066664,083099,098333
0000000732,0000731000,083398,084615,082368,068811,078993,099635
0000000733,0000732000,083299,085475,081852,071915,075451,099517
0000000734,0000733000,083223,086241,081603,075690,072806,097996
0000000735,0000734000,083178,086826,081661,079792,071304,095219
0000000736,0000735000,083167,087166,082028,083844,071080,091459
0000000737,0000736000,083193,087208,082688,087475,072144,087082
0000000738,0000737000,083252,086928,083586,090349,074381,082514
0000000739,0000738000,083339,086346,084635,092207,077563,078196
0000000740,0000739000,083447,085508,085728,092879,081371,074546
0000000741,0000740000,083566,084490,086754,092307,085433,071909
0000000742,0000741000,083685,083397,087592,090545,089361,070530
0000000743,0000742000,083794,082343,088150,087752,092781,070534
0000000744,0000743000,083883,081434,088361,084184,095376,071914
0000000745,0000744000,083944,080769,088188,080164,096906,074531
0000000746,0000745000,083971,080432,087630,076061,097235,078129
0000000747,0000746000,083961,080468,086728,072250,096346,082356
0000000748,0000747000,083916,080893,085563,069080,094340,086797
0000000749,0000748000,083838,081680,084240,066841,091427,091022
0000000750,0000749000,083736,082759,082900,065733,087901,094627
0000000751,0000750000,083618,084023,081682,065854,084107,097270
0000000752,0000751000,083495,085352,080715,067192,080410,098710
0000000753,0000752000,083377,086610,080107,069625,077155,098819
0000000754,0000753000,083275,087666,079933,072934,074646,097597
0000000755,0000754000,083199,088410,080224,076819,073111,095167
0000000756,0000755000,083155,088752,080970,080926,072683,091772
0000000757,0000756000,083148,088638,082118,084881,073386,087745
0000000758,0000757000,083179,088062,083560,088321,075134,083484
0000000759,0000758000,083245,087071,085156,090934,077738,079401
0000000760,0000759000,083339,085753,086745,092486,080932,075887
0000000761,0000760000,083455,084237,088162,092840,084401,073271
0000000762,0000761000,083581,082672,089258,091966,087813,071789
0000000763,0000762000,083706,081212,089915,089942,090849,071569
0000000764,0000763000,083820,080004,090058,086951,093230,072619
0000000765,0000764000,083912,079177,089651,083261,094743,074830
0000000766,0000765000,083973,078832,088714,079206,095260,077977
0000000767,0000766000,083997,079022,087323,075157,094749,081749
0000000768,0000767000,083983,079744,085607,071481,093284,085771
0000000769,0000768000,083930,080941,083735,068514,091028,089652
0000000770,0000769000,083845,082495,081900,066519,088218,093024
0000000771,0000770000,083734,084256,080290,065674,085132,095572
0000000772,0000771000,083607,086055,079063,066051,082065,097071
0000000773,0000772000,083475,087717,078352,067616,079302,097395
0000000774,0000773000,083350,089073,078242,070231,077095,096528
0000000775,0000774000,083244,089983,078760,073662,075636,094567
0000000776,0000775000,083165,090334,079882,077600,075047,091714
0000000777,0000776000,083123,090069,081514,081687,075359,088257
0000000778,0000777000,083120,089201,083499,085553,076518,084538
0000000779,0000778000,083158,087808,085635,088846,078385,080921
0000000780,0000779000,083233,086025,087709,091272,080759,077750
0000000781,0000780000,083338,084027,089509,092619,083402,075314
0000000782,0000781000,083463,082005,090859,092767,086061,073827
0000000783,0000782000,083599,080150,091622,091706,088490,073410
0000000784,0000783000,083733,078649,091705,089528,090474,074083
0000000785,0000784000,083853,077662,091078,086426,091841,075764
0000000786,0000785000,083949,077304,089780,082677,092484,078275
0000000787,0000786000,084009,077640,087920,078619,092369,081358
0000000788,0000787000,084030,078647,085680,074622,091536,084705
0000000789,0000788000,084008,080227,083291,071046,090095,087988
0000000790,0000789000,083946,082223,080995,068212,088207,090897
0000000791,0000790000,083850,084440,079018,066367,086067,093168
0000000792,0000791000,083727,086672,077551,065673,083878,094607
0000000793,0000792000,083590,088705,076740,066191,081842,095102
0000000794,0000793000,083448,090339,076684,067875,080136,094629
0000000795,0000794000,083316,091399,077410,070579,078901,093254
0000000796,0000795000,083205,091760,078873,074063,078228,091132
0000000797,0000796000,083126,091357,080945,078014,078149,088483
0000000798,0000797000,083087,090222,083418,082074,078641,085577
0000000799,0000798000,083092,088474,086034,085877,079623,082699
0000000800,0000799000,083139,086285,088531,089083,080978,080119
0000000801,0000800000,083225,083871,090666,091411,082561,078066
0000000802,0000801000,083342,081455,092235,092658,084217,076713
0000000803,0000802000,083479,079262,093089,092715,085800,076161
0000000804,0000803000,083625,077511,093121,091577,087174,076433
0000000805,0000804000,083768,076391,092302,089341,088234,077479
0000000806,0000805000,083893,076030,090694,086204,088908,079170
0000000807,0000806000,083989,076492,088435,082443,089170,081325
0000000808,0000807000,084046,077741,085758,078400,089028,083722
0000000809,0000808000,084060,079636,082947,074440,088528,086124
0000000810,0000809000,084028,081988,080280,070915,087746,088308
0000000811,0000810000,083955,084570,078011,068135,086771,090083
0000000812,0000811000,083847,087140,076358,066340,085700,091307
0000000813,0000812000,083713,089464,075474,065690,084628,091891
0000000814,0000813000,083564,091309,075464,066239,083638,091815
0000000815,0000814000,083414,092476,076364,067943,082798,091116
0000000816,0000815000,083277,092828,078099,070655,082154,089891
0000000817,0000816000,083165,092314,080509,074135,081727,088283
0000000818,0000817000,083090,090971,083352,078072,081519,086459
0000000819,0000818000,083058,088956,086317,082108,081519,084601
0000000820,0000819000,083072,086481,089111,085885,081699,082879
0000000821,0000820000,083131,083768,091483,089071,082027,081438
0000000822,0000821000,083228,081078,093202,091391,082464,080389
0000000823,0000822000,083356,078662,094098,092639,082976,079801
0000000824,0000823000,083504,076752,094083,092710,083532,079693
0000000825,0000824000,083658,075556,093120,091595,084109,080035
0000000826,0000825000,083805,075220,091284,089385,084688,080764
0000000827,0000826000,083930,075779,088764,086276,085259,081783
0000000828,0000827000,084023,077190,085802,082543,085807,082978
0000000829,0000828000,084072,079295,082729,078523,086310,084232
0000000830,0000829000,084077,081852,079855,074578,086746,085431
0000000831,0000830000,084035,084647,077422,071048,087095,086480
0000000832,0000831000,083951,087418,075666,068245,087325,087307
0000000833,0000832000,083832,089880,074771,066410,087412,087867
0000000834,0000833000,083689,091819,074819,065704,087333,088143
0000000835,0000834000,083534,093019,075827,066189,087060,088156
0000000836,0000835000,083380,093332,077734,067826,086580,087941
0000000837,0000836000,083244,092730,080324,070477,085895,087543
0000000838,0000837000,083136,091280,083342,073907,085028,087021
0000000839,0000838000,083068,089131,086464,077810,084029,086421
0000000840,0000839000,083046,086532,089365,081829,082974,085799
0000000841,0000840000,083070,083711,091816,085622,081939,085192
0000000842,0000841000,083138,080909,093573,088851,081020,084631
0000000843,0000842000,083245,078447,094451,091239,080307,084135
0000000844,0000843000,083380,076523,094362,092581,079876,083713
0000000845,0000844000,083532,075347,093321,092753,079812,083354
0000000846,0000845000,083688,075067,091387,091745,080156,083051
0000000847,0000846000,083833,075699,088774,089633,080922,082810
0000000848,0000847000,083953,077167,085762,086606,082078,082633
0000000849,0000848000,084038,079311,082656,082928,083547,082540
0000000850,0000849000,084078,081905,079781,078938,085207,082544
0000000851,0000850000,084073,084699,077365,074980,086921,082664
0000000852,0000851000,084022,087463,075651,071399,088532,082918
0000000853,0000852000,083931,089881,074814,068511,089884,083312
0000000854,0000853000,083807,091741,074941,066557,090841,083853
0000000855,0000854000,083662,092861,076008,065716,091271,084538
0000000856,0000855000,083507,093097,077928,066056,091096,085348
0000000857,0000856000,083358,092447,080507,067557,090286,086230
0000000858,0000857000,083228,090987,083452,070090,088879,087118
0000000859,0000858000,083130,088889,086470,073432,086980,087922
0000000860,0000859000,083071,086363,089255,077281,084749,088563
0000000861,0000860000,083057,083648,091578,081298,082382,088964
0000000862,0000861000,083088,080987,093211,085136,080096,089053
0000000863,0000862000,083162,078672,093975,088456,078110,088795
0000000864,0000863000,083271,076923,093807,090978,076622,088169
0000000865,0000864000,083406,075892,092735,092478,075809,087186
0000000866,0000865000,083554,075713,090862,092828,075787,085894
0000000867,0000866000,083704,076376,088375,091992,076600,084388
0000000868,0000867000,083840,077794,085564,090036,078208,082801
0000000869,0000868000,083950,079803,082709,087136,080486,081281
0000000870,0000869000,084025,082210,080071,083544,083237,079984
0000000871,0000870000,084058,084784,077904,079585,086209,079046
0000000872,0000871000,084048,087266,076407,075599,089133,078583
0000000873,0000872000,083993,089424,075737,071936,091728,078672
0000000874,0000873000,083903,091020,075947,068912,093734,079347
0000000875,0000874000,083782,091916,077017,066785,094936,080590
0000000876,0000875000,083644,092027,078808,065745,095179,082324
0000000877,0000876000,083499,091363,081133,065879,094403,084416
0000000878,0000877000,083360,090015,083748,067188,092647,086675
0000000879,0000878000,083242,088128,086380,069552,090057,088887
0000000880,0000879000,083152,085903,088790,072768,086858,090834
0000000881,0000880000,083101,083540,090740,076548,083344,092315
0000000882,0000881000,083091,081284,092061,080561,079842,093167
0000000883,0000882000,083123,079359,092606,084459,076686,093275
0000000884,0000883000,083193,077967,092337,087903,074187,092592
0000000885,0000884000,083295,077229,091303,090600,072605,091137
0000000886,0000885000,083420,077199,089629,092312,072126,089012
0000000887,0000886000,083556,077865,087506,092893,072826,086390
0000000888,0000887000,083692,079120,085155,092285,074666,083510
0000000889,0000888000,083816,080836,082819,090539,077496,080647
0000000890,0000889000,083916,082836,080704,087810,081058,078079
0000000891,0000890000,083984,084925,079024,084334,085025,076067
0000000892,0000891000,084015,086884,077939,080422,089024,074821
0000000893,0000892000,084006,088519,077544,076410,092676,074491
0000000894,0000893000,083958,089665,077873,072650,095620,075144
0000000895,0000894000,083878,090209,078863,069462,097559,076756
0000000896,0000895000,083772,090141,080384,067122,098282,079206
0000000897,0000896000,083649,089487,082252,065834,097694,082287
0000000898,0000897000,083519,088338,084283,065711,095830,085716
0000000899,0000898000,083395,086826,086266,066770,092849,089165
0000000900,0000899000,083287,085105,088012,068917,089023,092304
0000000901,0000900000,083204,083351,089361,071964,084707,094817
0000000902,0000901000,082995,093255,092862,074452,084505,096605
0000000903,0000902000,082314,099851,090417,079265,084505,096884
0000000904,0000903000,073920,085031,087210,079265,084505,097835
0000000905,0000904000,072036,079962,095313,079265,084505,095157
0000000906,0000905000,074322,081224,084754,079265,084505,091436
0000000907,0000906000,082928,084138,082882,079265,084505,089043
0000000908,0000907000,079343,071251,083542,079265,084505,084881
0000000909,0000908000,087653,074308,099588,079265,084505,084881
0000000910,0000909000,086909,073629,096695,079265,084505,084881
0000000911,0000910000,086713,072436,080847,079265,084505,084881
0000000912,0000911000,099998,081680,085521,079265,084505,084881
0000000913,0000912000,089658,070303,079784,079265,084505,084881
0000000914,0000913000,092837,078344,083077,079265,084505,084881
0000000915,0000914000,096401,087459,076576,079265,084505,084881
0000000916,0000915000,090107,083472,067046,079265,084505,084881
0000000917,0000916000,093596,090213,080641,079265,084505,084881
0000000918,0000917000,082502,086787,076165,079265,084505,084881
0000000919,0000918000,083057,094499,071734,079265,084505,084881
0000000920,0000919000,086407,099998,074843,079265,084505,084881
0000000921,0000920000,074882,089521,077712,079265,084505,084881
0000000922,0000921000,075645,094343,090996,079265,084505,084881
0000000923,0000922000,072210,093856,084392,079265,084505,084881
0000000924,0000923000,073628,092044,081022,079265,084505,084881
0000000925,0000924000,077274,089804,093600,079265,084505,084881
0000000926,0000925000,069031,078940,096139,079265,084505,084881
0000000927,0000926000,075383,083945,097960,079265,084505,084881
0000000928,0000927000,080248,082566,091263,079265,084505,084881
0000000929,0000928000,080953,074096,090890,079265,084505,084881
0000000930,0000929000,085566,073891,099998,079265,084505,084881
0000000931,0000930000,083519,071331,091574,079265,084505,084881
0000000932,0000931000,091432,076809,085687,079265,084505,084881
0000000933,0000932000,095314,075980,084834,079265,084505,084881
0000000934,0000933000,091143,071218,083965,079265,084505,084881
0000000935,0000934000,094692,079633,083624,079265,084505,084881
0000000936,0000935000,093595,082920,072328,079265,084505,084881
0000000937,0000936000,094252,085106,072011,079265,084505,084881
0000000938,0000937000,091763,086390,078680,079265,084505,084881
0000000939,0000938000,084546,087502,075228,079265,084505,084881
0000000940,0000939000,086698,096749,072884,079265,084505,084881
0000000941,0000940000,083466,095684,071911,079265,084505,084881
0000000942,0000941000,078053,091930,079835,079265,084505,084881
0000000943,0000942000,075593,094241,086790,079265,084505,084881
0000000944,0000943000,072351,094420,081651,079265,084505,084881
0000000945,0000944000,075523,094865,084341,079265,084505,084881
0000000946,0000945000,073563,087726,091522,079265,084505,084881
0000000947,0000946000,070689,082648,095859,079265,084505,084881
0000000948,0000947000,074973,085323,095639,079265,084505,084881
0000000949,0000948000,077324,081339,090920,079265,084505,084881
0000000950,0000949000,081211,076494,095566,079265,084505,084881
0000000951,0000950000,082623,072999,098327,079265,084505,084881
0000000952,0000951000,084295,073131,091843,079265,084505,084881
0000000953,0000952000,090902,076574,087597,079265,084505,084881
0000000954,0000953000,092046,072844,085792,079265,084505,084881
0000000955,0000954000,092744,072517,086822,079265,084505,084881
0000000956,0000955000,094338,078037,082086,079265,084505,084881
0000000957,0000956000,094278,081654,073814,079265,084505,084881
0000000958,0000957000,095180,084103,074934,079265,084505,084881
0000000959,0000958000,091069,083828,076762,079265,084505,084881
0000000960,0000959000,087953,088519,074809,079265,084505,084881
0000000961,0000960000,087484,095013,071972,079265,084505,084881
0000000962,0000961000,083536,094308,072526,079265,084505,084881
0000000963,0000962000,080151,093426,079872,079265,084505,084881
0000000964,0000963000,076246,093990,082212,079265,084505,084881
0000000965,0000964000,074302,095746,080835,079265,084505,084881
0000000966,0000965000,074521,094828,084824,079265,084505,084881
0000000967,0000966000,072143,088474,090371,079265,084505,084881
0000000968,0000967000,072322,086162,094303,079265,084505,084881
0000000969,0000968000,073969,085709,093321,079265,084505,084881
0000000970,0000969000,075850,082045,092931,079265,084505,084881
0000000971,0000970000,079074,077666,096998,079265,084505,084881
0000000972,0000971000,080938,073900,096709,079265,084505,084881
0000000973,0000972000,084939,074579,092744,079265,084505,084881
0000000974,0000973000,088631,075026,089630,079265,084505,084881
0000000975,0000974000,090119,072348,088546,079265,084505,084881
0000000976,0000975000,092893,072975,087404,079265,084505,084881
0000000977,0000976000,094472,076351,081182,079265,084505,084881
0000000978,0000977000,094887,079998,077016,079265,084505,084881
0000000979,0000978000,094325,081894,077126,079265,084505,084881
0000000980,0000979000,092118,083289,075920,079265,084505,084881
0000000981,0000980000,091002,088289,073573,079265,084505,084881
0000000982,0000981000,088331,092143,071882,079265,084505,084881
0000000983,0000982000,084282,093306,074102,079265,084505,084881
0000000984,0000983000,081205,094091,077943,079265,084505,084881
0000000985,0000984000,078513,094687,078457,079265,084505,084881
0000000986,0000985000,076382,095950,080207,079265,084505,084881
0000000987,0000986000,073367,094300,084951,079265,084505,084881
0000000988,0000987000,071783,090804,089029,079265,084505,084881
0000000989,0000988000,073197,088929,090914,079265,084505,084881
0000000990,0000989000,073684,086318,091946,079265,084505,084881
0000000991,0000990000,074276,082735,095274,079265,084505,084881
0000000992,0000991000,076339,079282,097151,079265,084505,084881
0000000993,0000992000,080068,076511,095099,079265,084505,084881
0000000994,0000993000,084505,075103,093205,079265,084505,084881
0000000995,0000994000,086220,073369,092589,079265,084505,084881
0000000996,0000995000,088064,072643,091411,079265,084505,084881
0000000997,0000996000,092115,073617,087078,079265,084505,084881
0000000998,0000997000,095051,075197,081560,079265,084505,084881
0000000999,0000998000,094870,077268,080474,079265,084505,084881
0000001000,0000999000,093252,079635,079455,079265,084505,084881
0000001001,0001000000,093305,083278,075456,079265,084505,084881
0000001002,0001001000,093398,087153,072220,079265,084505,084881
0000001003,0001002000,089971,089080,072910,079265,084505,084881
0000001004,0001003000,085282,091688,075473,079265,084505,084881
0000001005,0001004000,082322,094588,075539,079265,084505,084881
0000001006,0001005000,081089,095634,075286,079265,084505,084881
0000001007,0001006000,078319,095079,079290,079265,084505,084881
0000001008,0001007000,073473,093901,084746,079265,084505,084881
0000001009,0001008000,071795,093400,087118,079265,084505,084881
0000001010,0001009000,073493,091576,087445,079265,084505,084881
0000001011,0001010000,073855,087294,090876,079265,084505,084881
0000001012,0001011000,072922,083357,096291,079265,084505,084881
0000001013,0001012000,074007,081418,096829,079265,084505,084881
0000001014,0001013000,078733,079597,093904,079265,084505,084881
0000001015,0001014000,083123,075774,093644,079265,084505,084881
0000001016,0001015000,084329,072421,095332,079265,084505,084881
0000001017,0001016000,085992,072906,093563,079265,084505,084881
0000001018,0001017000,090470,074446,087420,079265,084505,084881
0000001019,0001018000,094642,074346,083200,079265,084505,084881
0000001020,0001019000,094729,074474,083330,079265,084505,084881
0000001021,0001020000,093017,077587,081548,079265,084505,084881
0000001022,0001021000,093861,082613,075909,079265,084505,084881
0000001023,0001022000,094761,085516,072118,079265,084505,084881
0000001024,0001023000,091920,086388,073859,079265,084505,084881
0000001025,0001024000,087041,089561,075898,079265,084505,084881
0000001026,0001025000,084036,094231,073948,079265,084505,084881
0000001027,0001026000,083024,096057,073237,079265,084505,084881
0000001028,0001027000,080174,094414,077841,079265,084505,084881
0000001029,0001028000,075173,093680,083326,079265,084505,084881
0000001030,0001029000,072528,095048,084879,079265,084505,084881
0000001031,0001030000,073271,093883,085126,079265,084505,084881
0000001032,0001031000,073788,089023,089463,079265,084505,084881
0000001033,0001032000,072469,084773,095189,079265,084505,084881
0000001034,0001033000,072669,083448,096085,079265,084505,084881
0000001035,0001034000,076590,082021,093794,079265,084505,084881
0000001036,0001035000,080781,077377,094171,079265,084505,084881
0000001037,0001036000,082658,073065,096536,079265,084505,084881
0000001038,0001037000,084465,073052,094909,079265,084505,084881
0000001039,0001038000,088266,074675,089288,079265,084505,084881
0000001040,0001039000,092618,073963,085781,079265,084505,084881
0000001041,0001040000,094196,072823,085335,079265,084505,084881
0000001042,0001041000,093655,075588,083010,079265,084505,084881
0000001043,0001042000,094005,080670,077742,079265,084505,084881
0000001044,0001043000,094886,083451,073927,079265,084505,084881
0000001045,0001044000,093510,084499,074322,079265,084505,084881
0000001046,0001045000,089751,087446,075169,079265,084505,084881
0000001047,0001046000,086450,092331,073472,079265,084505,084881
0000001048,0001047000,084421,095207,072761,079265,084505,084881
0000001049,0001048000,081648,094537,076113,079265,084505,084881
0000001050,0001049000,078021,093877,080416,079265,084505,084881
0000001051,0001050000,074668,095327,082375,079265,084505,084881
0000001052,0001051000,073070,095227,083978,079265,084505,084881
0000001053,0001052000,072988,091491,087880,079265,084505,084881
0000001054,0001053000,072831,087335,092149,079265,084505,084881
0000001055,0001054000,072658,085340,094306,079265,084505,084881
0000001056,0001055000,074277,083485,094597,079265,084505,084881
0000001057,0001056000,077467,079775,095055,079265,084505,084881
0000001058,0001057000,080708,075590,096043,079265,084505,084881
0000001059,0001058000,083467,073645,095226,079265,084505,084881
0000001060,0001059000,086107,073937,092250,079265,084505,084881
0000001061,0001060000,089209,073843,089299,079265,084505,084881
0000001062,0001061000,092555,072879,086873,079265,084505,084881
0000001063,0001062000,094592,074069,083654,079265,084505,084881
0000001064,0001063000,094365,077459,080538,079265,084505,084881
0000001065,0001064000,093906,080736,077650,079265,084505,084881
0000001066,0001065000,094098,083182,075070,079265,084505,084881
0000001067,0001066000,092889,085962,073472,079265,084505,084881
0000001068,0001067000,089683,089127,073483,079265,084505,084881
0000001069,0001068000,085835,092526,074002,079265,084505,084881
0000001070,0001069000,082790,094715,074782,079265,084505,084881
0000001071,0001070000,081004,094942,076405,079265,084505,084881
0000001072,0001071000,078119,094781,079434,079265,084505,084881
0000001073,0001072000,074023,094990,083285,079265,084505,084881
0000001074,0001073000,071928,093897,086538,079265,084505,084881
0000001075,0001074000,073010,091074,088201,079265,084505,084881
0000001076,0001075000,073682,087503,091159,079265,084505,084881
0000001077,0001076000,072951,084383,094991,079265,084505,084881
0000001078,0001077000,073950,082057,096299,079265,084505,084881
0000001079,0001078000,077922,079477,094964,079265,084505,084881
0000001080,0001079000,082152,075681,094461,079265,084505,084881
0000001081,0001080000,084368,073030,094945,079265,084505,084881
0000001082,0001081000,085837,073236,093252,079265,084505,084881
0000001083,0001082000,089551,074044,088707,079265,084505,084881
0000001084,0001083000,093967,073742,084638,079265,084505,084881
0000001085,0001084000,095003,074170,083134,079265,084505,084881
0000001086,0001085000,093482,077251,081604,079265,084505,084881
0000001087,0001086000,093625,081593,077113,079265,084505,084881
0000001088,0001087000,094725,084633,072959,079265,084505,084881
0000001089,0001088000,092966,086095,073270,079265,084505,084881
0000001090,0001089000,088324,088792,075196,079265,084505,084881
0000001091,0001090000,084631,093296,074401,079265,084505,084881
0000001092,0001091000,083128,095836,073360,079265,084505,084881
0000001093,0001092000,081226,094819,076284,079265,084505,084881
0000001094,0001093000,076865,093919,081547,079265,084505,084881
0000001095,0001094000,072845,094931,084546,079265,084505,084881
0000001096,0001095000,072523,094506,085297,079265,084505,084881
0000001097,0001096000,073802,090576,087941,079265,084505,084881
0000001098,0001097000,073100,086106,093117,079265,084505,084881
0000001099,0001098000,072251,083942,096129,079265,084505,084881
0000001100,0001099000,074730,082633,094967,079265,084505,084881
0000001101,0001100000,079281,079041,094007,079265,084505,084881
