0000000001,0000000000,089783,087559,076158,085283,089220,074240
0000000002,0000001000,087235,089991,076272,082267,091937,074539
0000000003,0000002000,084384,091847,077270,078971,093928,075844
0000000004,0000003000,081535,092911,079053,075711,095002,078030
0000000005,0000004000,078957,093088,081455,072810,095049,080884
0000000006,0000005000,076879,092387,084233,070549,094070,084124
0000000007,0000006000,075537,090853,087109,069154,092159,087430
0000000008,0000007000,075062,088623,089814,068760,089498,090485
0000000009,0000008000,075471,085945,092083,069401,086354,092989
0000000010,0000009000,076738,083079,093684,071018,083034,094691
0000000011,0000010000,078759,080278,094462,073457,079858,095429
0000000012,0000011000,081318,077833,094349,076470,077143,095130
0000000013,0000012000,084149,075998,093352,079768,075150,093825
0000000014,0000013000,087001,074930,091567,083029,074075,091639
0000000015,0000014000,089599,074735,089166,085929,074029,088785
0000000016,0000015000,091659,075453,086388,088188,075010,085546
0000000017,0000016000,092994,076994,083512,089586,076918,082239
0000000018,0000017000,093492,079201,080807,089980,079579,079184
0000000019,0000018000,093074,081887,078538,089336,082726,076681
0000000020,0000019000,091791,084771,076938,087720,086045,074978
0000000021,0000020000,089788,087553,076158,085284,089218,074241
0000000022,0000021000,087234,089993,076272,082266,091937,074539
0000000023,0000022000,084381,091849,077269,078969,093930,075845
0000000024,0000023000,081538,092909,079053,075712,095001,078030
0000000025,0000024000,078956,093089,081455,072809,095050,080884
0000000026,0000025000,076878,092388,084233,070548,094072,084124
0000000027,0000026000,075539,090852,087108,069154,092159,087431
0000000028,0000027000,075061,088624,089814,068759,089499,090485
0000000029,0000028000,075469,085946,092083,069400,086355,092988
0000000030,0000029000,076740,083077,093683,071018,083034,094692
0000000031,0000030000,078759,080278,094463,073455,079859,095429
0000000032,0000031000,081315,077836,094349,076470,077143,095131
0000000033,0000032000,084150,075997,093351,079768,075150,093825
0000000034,0000033000,087004,074927,091567,083027,074077,091640
0000000035,0000034000,089595,074738,089167,085928,074030,088786
0000000036,0000035000,091657,075454,086388,088188,075009,085546
0000000037,0000036000,092999,076988,083512,089584,076919,082240
0000000038,0000037000,093490,079203,080807,089979,079580,079185
0000000039,0000038000,093070,081892,078538,089336,082726,076682
0000000040,0000039000,091796,084766,076937,087720,086045,074979
0000000041,0000040000,089790,087551,076158,085283,089219,074241
0000000042,0000041000,087228,089999,076272,082266,091937,074540
0000000043,0000042000,084384,091847,077269,078969,093929,075845
0000000044,0000043000,081542,092904,079053,075712,095001,078030
0000000045,0000044000,078951,093094,081455,072808,095051,080884
0000000046,0000045000,076877,092390,084232,070549,094071,084124
0000000047,0000046000,075544,090847,087108,069154,092159,087430
0000000048,0000047000,075059,088626,089814,068758,089500,090485
0000000049,0000048000,075465,085951,092083,069400,086355,092988
0000000050,0000049000,076743,083074,093683,071018,083034,094691
0000000051,0000050000,078760,080276,094463,073453,079861,095429
0000000052,0000051000,081310,077840,094350,076469,077144,095130
0000000053,0000052000,084151,075996,093352,079768,075150,093825
0000000054,0000053000,087007,074924,091568,083025,074078,091640
0000000055,0000054000,089592,074740,089167,085927,074030,088786
0000000056,0000055000,091656,075454,086389,088188,075009,085547
0000000057,0000056000,093002,076985,083513,089583,076920,082240
0000000058,0000057000,093489,079204,080807,089978,079580,079186
0000000059,0000058000,093069,081893,078538,089336,082725,076682
0000000060,0000059000,091799,084763,076937,087719,086044,074980
0000000061,0000060000,089790,087551,076158,085283,089219,074242
0000000062,0000061000,087227,090001,076271,082266,091937,074540
0000000063,0000062000,084386,091845,077268,078970,093928,075845
0000000064,0000063000,081543,092904,079052,075712,095001,078031
0000000065,0000064000,078949,093097,081454,072809,095050,080884
0000000066,0000065000,076879,092389,084231,070549,094070,084123
0000000067,0000066000,075545,090847,087108,069154,092159,087430
0000000068,0000067000,075056,088629,089814,068758,089501,090484
0000000069,0000068000,075466,085951,092083,069401,086355,092987
0000000070,0000069000,076744,083072,093683,071018,083035,094690
0000000071,0000070000,078757,080279,094464,073453,079862,095428
0000000072,0000071000,081309,077841,094350,076469,077144,095130
0000000073,0000072000,084153,075993,093353,079767,075151,093825
0000000074,0000073000,087005,074925,091569,083023,074080,091640
0000000075,0000074000,089589,074742,089168,085926,074031,088786
0000000076,0000075000,091659,075451,086389,088187,075009,085547
0000000077,0000076000,093003,076983,083514,089581,076921,082241
0000000078,0000077000,093486,079206,080808,089976,079580,079187
0000000079,0000078000,093071,081890,078538,089335,082724,076684
0000000080,0000079000,091802,084759,076937,087718,086044,074981
0000000081,0000080000,089788,087553,076158,085282,089218,074243
0000000082,0000081000,087228,090001,076270,082267,091935,074541
0000000083,0000082000,084391,091841,077267,078970,093927,075846
0000000084,0000083000,081542,092906,079051,075713,095000,078031
0000000085,0000084000,078948,093099,081452,072811,095049,080884
0000000086,0000085000,076881,092388,084230,070551,094070,084123
0000000087,0000086000,075544,090848,087107,069155,092159,087429
0000000088,0000087000,075053,088634,089813,068759,089501,090483
0000000089,0000088000,075466,085951,092082,069402,086355,092986
0000000090,0000089000,076744,083072,093683,071018,083036,094689
0000000091,0000090000,078753,080283,094464,073452,079864,095427
0000000092,0000091000,081307,077841,094351,076469,077146,095129
0000000093,0000092000,084154,075991,093354,079766,075153,093824
0000000094,0000093000,087002,074926,091571,083021,074082,091640
0000000095,0000094000,089588,074742,089169,085924,074032,088787
0000000096,0000095000,091661,075447,086391,088184,075010,085549
0000000097,0000096000,093003,076982,083515,089579,076921,082243
0000000098,0000097000,093485,079205,080809,089975,079580,079189
0000000099,0000098000,093074,081887,078539,089334,082723,076686
0000000100,0000099000,091804,084758,076937,087717,086043,074983
0000000101,0000100000,089788,087554,076157,085283,089216,074245
0000000102,0000101000,087231,089999,076269,082268,091932,074543
0000000103,0000102000,084393,091840,077266,078971,093925,075847
0000000104,0000103000,081542,092909,079049,075714,094998,078031
0000000105,0000104000,078949,093100,081450,072813,095047,080883
0000000106,0000105000,076883,092388,084228,070553,094069,084121
0000000107,0000106000,075542,090852,087105,069157,092159,087427
0000000108,0000107000,075051,088636,089812,068762,089501,090480
0000000109,0000108000,075467,085951,092082,069403,086357,092983
0000000110,0000109000,076741,083075,093684,071018,083039,094686
0000000111,0000110000,078749,080286,094465,073452,079867,095424
0000000112,0000111000,081307,077840,094352,076468,077149,095127
0000000113,0000112000,084152,075991,093357,079763,075157,093823
0000000114,0000113000,086998,074928,091573,083019,074084,091640
0000000115,0000114000,089588,074739,089172,085921,074034,088788
0000000116,0000115000,091662,075444,086394,088181,075012,085550
0000000117,0000116000,093001,076981,083517,089576,076922,082245
0000000118,0000117000,093487,079203,080810,089973,079579,079192
0000000119,0000118000,093078,081882,078539,089332,082722,076689
0000000120,0000119000,091805,084757,076937,087716,086041,074986
0000000121,0000120000,089790,087553,076156,085283,089212,074248
0000000122,0000121000,087236,089996,076267,082269,091929,074545
0000000123,0000122000,084395,091841,077263,078973,093922,075848
0000000124,0000123000,081542,092911,079046,075717,094995,078031
0000000125,0000124000,078952,093100,081447,072817,095044,080883
0000000126,0000125000,076884,092389,084226,070557,094067,084120
0000000127,0000126000,075540,090856,087103,069161,092159,087424
0000000128,0000127000,075050,088639,089810,068765,089501,090477
0000000129,0000128000,075465,085953,092081,069405,086359,092979
0000000130,0000129000,076736,083079,093684,071019,083042,094682
0000000131,0000130000,078746,080288,094466,073452,079870,095421
0000000132,0000131000,081305,077840,094355,076466,077153,095124
0000000133,0000132000,084148,075992,093360,079761,075161,093822
0000000134,0000133000,086995,074927,091577,083016,074088,091639
0000000135,0000134000,089588,074736,089175,085917,074037,088789
0000000136,0000135000,091661,075441,086397,088176,075014,085552
0000000137,0000136000,093001,076979,083520,089572,076923,082249
0000000138,0000137000,093490,079198,080812,089969,079578,079196
0000000139,0000138000,093081,081878,078540,089329,082720,076694
0000000140,0000139000,091807,084755,076937,087715,086038,074991
0000000141,0000140000,089795,087550,076154,085283,089208,074252
0000000142,0000141000,087241,089994,076265,082270,091925,074548
0000000143,0000142000,084397,091842,077260,078976,093917,075850
0000000144,0000143000,081545,092912,079042,075722,094990,078032
0000000145,0000144000,078955,093101,081443,072821,095041,080881
0000000146,0000145000,076884,092394,084222,070561,094065,084117
0000000147,0000146000,075538,090861,087100,069166,092157,087420
0000000148,0000147000,075050,088642,089807,068769,089502,090472
0000000149,0000148000,075462,085957,092080,069408,086361,092974
0000000150,0000149000,076731,083084,093684,071021,083045,094677
0000000151,0000150000,078742,080290,094468,073452,079874,095417
0000000152,0000151000,081301,077841,094358,076464,077158,095121
0000000153,0000152000,084142,075993,093364,079757,075166,093820
0000000154,0000153000,086992,074926,091581,083011,074093,091639
0000000155,0000154000,089587,074732,089180,085912,074041,088790
0000000156,0000155000,091659,075438,086402,088171,075017,085555
0000000157,0000156000,093001,076975,083523,089567,076924,082253
0000000158,0000157000,093494,079192,080814,089964,079578,079201
0000000159,0000158000,093084,081874,078541,089325,082718,076700
0000000160,0000159000,091811,084752,076936,087713,086033,074997
0000000161,0000160000,089801,087546,076152,085283,089203,074257
0000000162,0000161000,087246,089992,076261,082272,091919,074552
0000000163,0000162000,084401,091843,077255,078980,093911,075852
0000000164,0000163000,081549,092913,079037,075727,094984,078032
0000000165,0000164000,078958,093104,081438,072827,095036,080880
0000000166,0000165000,076883,092399,084217,070568,094062,084114
0000000167,0000166000,075537,090866,087095,069172,092156,087415
0000000168,0000167000,075048,088646,089805,068774,089503,090466
0000000169,0000168000,075457,085963,092079,069412,086364,092968
0000000170,0000169000,076726,083089,093685,071023,083050,094671
0000000171,0000170000,078738,080292,094470,073452,079880,095411
0000000172,0000171000,081295,077843,094362,076462,077165,095116
0000000173,0000172000,084136,075994,093369,079753,075173,093817
0000000174,0000173000,086989,074923,091587,083006,074099,091638
0000000175,0000174000,089585,074728,089186,085905,074047,088792
0000000176,0000175000,091658,075434,086407,088163,075021,085559
0000000177,0000176000,093003,076969,083528,089560,076925,082259
0000000178,0000177000,093497,079185,080818,089958,079577,079208
0000000179,0000178000,093088,081869,078543,089321,082715,076707
0000000180,0000179000,091817,084747,076936,087711,086028,075004
0000000181,0000180000,089808,087541,076149,085283,089196,074264
0000000182,0000181000,087252,089990,076257,082275,091911,074557
0000000183,0000182000,084406,091844,077249,078985,093903,075855
0000000184,0000183000,081555,092915,079030,075733,094977,078033
0000000185,0000184000,078961,093108,081431,072835,095031,080878
0000000186,0000185000,076883,092406,084211,070576,094058,084109
0000000187,0000186000,075537,090872,087090,069180,092155,087409
0000000188,0000187000,075045,088653,089801,068780,089504,090459
0000000189,0000188000,075451,085971,092077,069416,086368,092959
0000000190,0000189000,076719,083094,093686,071025,083055,094663
0000000191,0000190000,078731,080296,094473,073452,079888,095404
0000000192,0000191000,081287,077846,094367,076459,077174,095111
0000000193,0000192000,084130,075994,093375,079748,075182,093814
0000000194,0000193000,086985,074920,091594,082998,074107,091638
0000000195,0000194000,089581,074724,089194,085896,074053,088794
0000000196,0000195000,091656,075429,086414,088155,075025,085564
0000000197,0000196000,093005,076960,083534,089551,076926,082266
0000000198,0000197000,093501,079177,080822,089951,079576,079217
0000000199,0000198000,093093,081862,078545,089316,082711,076716
0000000200,0000199000,091825,084740,076935,087709,086021,075013
0000000201,0000200000,089817,087536,076146,085284,089188,074272
0000000202,0000201000,087259,089989,076252,082278,091902,074563
0000000203,0000202000,084414,091843,077242,078991,093894,075859
0000000204,0000203000,081561,092916,079022,075741,094969,078033
0000000205,0000204000,078964,093113,081423,072844,095024,080876
0000000206,0000205000,076884,092413,084203,070586,094053,084104
0000000207,0000206000,075536,090880,087084,069189,092153,087401
0000000208,0000207000,075040,088662,089797,068788,089506,090449
0000000209,0000208000,075444,085980,092075,069422,086372,092949
0000000210,0000209000,076712,083101,093686,071028,083062,094653
0000000211,0000210000,078722,080301,094477,073451,079897,095395
0000000212,0000211000,081277,077849,094373,076455,077184,095104
0000000213,0000212000,084122,075994,093383,079741,075192,093810
0000000214,0000213000,086979,074917,091604,082989,074117,091637
0000000215,0000214000,089576,074719,089203,085886,074061,088797
0000000216,0000215000,091655,075421,086423,088144,075030,085570
0000000217,0000216000,093008,076951,083541,089541,076928,082274
0000000218,0000217000,093505,079168,080827,089942,079574,079227
0000000219,0000218000,093100,081853,078547,089310,082706,076728
0000000220,0000219000,091835,084731,076934,087706,086014,075024
0000000221,0000220000,089826,087530,076142,085284,089178,074281
0000000222,0000221000,087268,089986,076245,082282,091891,074570
0000000223,0000222000,084423,091843,077233,078998,093882,075863
0000000224,0000223000,081568,092919,079012,075751,094958,078034
0000000225,0000224000,078967,093120,081413,072855,095015,080873
0000000226,0000225000,076886,092421,084193,070598,094048,084098
0000000227,0000226000,075534,090889,087076,069200,092151,087392
0000000228,0000227000,075034,088673,089791,068798,089507,090438
0000000229,0000228000,075436,085990,092073,069429,086377,092937
0000000230,0000229000,076703,083109,093688,071031,083071,094641
0000000231,0000230000,078711,080308,094481,073451,079908,095384
0000000232,0000231000,081267,077853,094380,076451,077196,095096
0000000233,0000232000,084114,075994,093392,079734,075204,093805
0000000234,0000233000,086971,074913,091615,082979,074128,091636
0000000235,0000234000,089571,074714,089214,085873,074070,088800
0000000236,0000235000,091655,075412,086433,088131,075036,085577
0000000237,0000236000,093010,076940,083549,089529,076931,082284
0000000238,0000237000,093510,079157,080833,089932,079572,079239
0000000239,0000238000,093109,081842,078549,089303,082700,076741
0000000240,0000239000,091846,084721,076933,087702,086004,075037
0000000241,0000240000,089838,087524,076138,085284,089166,074292
0000000242,0000241000,087280,089982,076237,082287,091877,074579
0000000243,0000242000,084434,091842,077223,079006,093869,075868
0000000244,0000243000,081576,092923,079000,075762,094946,078035
0000000245,0000244000,078972,093127,081400,072869,095005,080869
0000000246,0000245000,076888,092430,084182,070612,094041,084090
0000000247,0000246000,075531,090901,087067,069213,092149,087381
0000000248,0000247000,075028,088686,089785,068809,089509,090425
0000000249,0000248000,075427,086001,092070,069437,086384,092923
0000000250,0000249000,076691,083119,093689,071035,083081,094627
0000000251,0000250000,078698,080316,094486,073450,079921,095372
0000000252,0000251000,081254,077857,094388,076446,077211,095087
0000000253,0000252000,084103,075993,093403,079724,075219,093800
0000000254,0000253000,086962,074910,091627,082966,074142,091635
0000000255,0000254000,089566,074706,089227,085859,074081,088803
0000000256,0000255000,091654,075401,086445,088116,075043,085585
0000000257,0000256000,093013,076927,083560,089514,076933,082296
0000000258,0000257000,093516,079144,080840,089920,079570,079253
0000000259,0000258000,093119,081828,078552,089294,082693,076756
0000000260,0000259000,091858,084710,076931,087698,085994,075052
0000000261,0000260000,089851,087516,076132,085285,089152,074306
0000000262,0000261000,087294,089977,076228,082292,091862,074589
0000000263,0000262000,084446,091842,077211,079016,093853,075874
0000000264,0000263000,081585,092928,078987,075775,094932,078036
0000000265,0000264000,078978,093135,081386,072884,094994,080865
0000000266,0000265000,076890,092441,084169,070628,094034,084082
0000000267,0000266000,075528,090915,087056,069228,092146,087369
0000000268,0000267000,075021,088701,089777,068822,089512,090410
0000000269,0000268000,075417,086015,092067,069446,086391,092906
0000000270,0000269000,076678,083131,093690,071040,083093,094611
0000000271,0000270000,078682,080325,094492,073449,079936,095358
0000000272,0000271000,081240,077862,094398,076440,077227,095076
0000000273,0000272000,084090,075993,093416,079714,075236,093794
0000000274,0000273000,086951,074906,091642,082952,074157,091634
0000000275,0000274000,089559,074697,089242,085842,074093,088808
0000000276,0000275000,091652,075388,086459,088099,075051,085594
0000000277,0000276000,093015,076913,083571,089498,076936,082309
0000000278,0000277000,093524,079128,080848,089906,079567,079270
0000000279,0000278000,093131,081813,078555,089284,082685,076774
0000000280,0000279000,091872,084697,076930,087693,085981,075069
0000000281,0000280000,089867,087507,076126,085286,089136,074321
0000000282,0000281000,087310,089972,076217,082299,091844,074601
0000000283,0000282000,084460,091842,077197,079027,093835,075881
0000000284,0000283000,081596,092933,078971,075791,094915,078037
0000000285,0000284000,078985,093144,081370,072902,094981,080861
0000000286,0000285000,076892,092454,084154,070646,094025,084072
0000000287,0000286000,075525,090931,087043,069246,092143,087354
0000000288,0000287000,075013,088718,089769,068836,089515,090392
0000000289,0000288000,075405,086031,092063,069456,086399,092887
0000000290,0000289000,076662,083145,093692,071045,083106,094592
0000000291,0000290000,078666,080336,094498,073449,079953,095342
0000000292,0000291000,081223,077867,094409,076433,077246,095064
0000000293,0000292000,084074,075994,093431,079702,075255,093787
0000000294,0000293000,086939,074901,091659,082936,074174,091633
0000000295,0000294000,089552,074687,089260,085823,074107,088813
0000000296,0000295000,091650,075374,086475,088079,075060,085605
0000000297,0000296000,093019,076896,083585,089479,076939,082325
0000000298,0000297000,093533,079110,080857,089891,079564,079288
0000000299,0000298000,093144,081796,078560,089273,082676,076794
0000000300,0000299000,091888,084683,076928,087688,085967,075089
0000000301,0000300000,089885,087495,076119,085287,089118,074338
0000000302,0000301000,087328,089966,076206,082306,091824,074614
0000000303,0000302000,084476,091842,077182,079040,093815,075888
0000000304,0000303000,081609,092938,078952,075808,094897,078038
0000000305,0000304000,078994,093155,081351,072922,094966,080855
0000000306,0000305000,076894,092469,084137,070667,094016,084060
0000000307,0000306000,075521,090949,087029,069266,092140,087338
0000000308,0000307000,075004,088736,089759,068853,089518,090372
0000000309,0000308000,075391,086049,092059,069468,086409,092866
0000000310,0000309000,076644,083162,093693,071050,083121,094572
0000000311,0000310000,078646,080347,094506,073447,079972,095324
0000000312,0000311000,081204,077873,094422,076425,077268,095050
0000000313,0000312000,084057,075994,093448,079688,075277,093779
0000000314,0000313000,086926,074895,091678,082917,074194,091632
0000000315,0000314000,089544,074675,089280,085802,074123,088819
0000000316,0000315000,091647,075358,086494,088057,075070,085617
0000000317,0000316000,093022,076877,083600,089459,076943,082342
0000000318,0000317000,093543,079089,080867,089873,079561,079309
0000000319,0000318000,093159,081776,078564,089261,082666,076816
0000000320,0000319000,091907,084666,076927,087682,085951,075111
0000000321,0000320000,089906,087483,076111,085288,089098,074357
0000000322,0000321000,087348,089959,076192,082314,091801,074628
0000000323,0000322000,084494,091841,077164,079055,093792,075896
0000000324,0000323000,081623,092944,078932,075828,094876,078039
0000000325,0000324000,079003,093166,081330,072945,094949,080849
0000000326,0000325000,076896,092486,084117,070690,094005,084047
0000000327,0000326000,075517,090970,087013,069288,092136,087319
0000000328,0000327000,074994,088758,089748,068871,089522,090350
0000000329,0000328000,075375,086070,092054,069481,086420,092842
0000000330,0000329000,076625,083180,093695,071056,083139,094548
0000000331,0000330000,078625,080360,094514,073446,079994,095303
0000000332,0000331000,081183,077881,094436,076416,077292,095035
0000000333,0000332000,084037,075995,093467,079672,075301,093770
0000000334,0000333000,086910,074889,091700,082897,074216,091631
0000000335,0000334000,089534,074663,089302,085778,074140,088825
0000000336,0000335000,091644,075341,086515,088032,075081,085630
0000000337,0000336000,093027,076856,083617,089435,076946,082362
0000000338,0000337000,093554,079066,080880,089854,079556,079333
0000000339,0000338000,093175,081755,078570,089247,082654,076842
0000000340,0000339000,091927,084647,076925,087676,085933,075135
0000000341,0000340000,089929,087468,076102,085290,089075,074378
0000000342,0000341000,087371,089951,076177,082324,091776,074644
0000000343,0000342000,084515,091841,077144,079071,093767,075905
0000000344,0000343000,081640,092951,078909,075850,094853,078040
0000000345,0000344000,079013,093180,081307,072970,094931,080842
0000000346,0000345000,076899,092505,084095,070717,093994,084033
0000000347,0000346000,075513,090992,086994,069312,092132,087299
0000000348,0000347000,074983,088782,089735,068892,089526,090325
0000000349,0000348000,075358,086093,092048,069495,086433,092816
0000000350,0000349000,076603,083200,093697,071063,083158,094523
0000000351,0000350000,078601,080375,094523,073444,080018,095281
0000000352,0000351000,081158,077889,094452,076406,077319,095018
0000000353,0000352000,084015,075996,093488,079655,075327,093761
0000000354,0000353000,086893,074882,091724,082873,074240,091630
0000000355,0000354000,089523,074649,089327,085751,074159,088833
0000000356,0000355000,091640,075321,086538,088004,075093,085646
0000000357,0000356000,093031,076832,083636,089410,076950,082383
0000000358,0000357000,093565,079041,080893,089832,079552,079359
0000000359,0000358000,093193,081730,078576,089232,082641,076870
0000000360,0000359000,091950,084626,076923,087669,085913,075162
0000000361,0000360000,089954,087452,076093,085292,089049,074402
0000000362,0000361000,087396,089942,076161,082334,091748,074661
0000000363,0000362000,084538,091840,077122,079089,093739,075915
0000000364,0000363000,081658,092958,078884,075874,094828,078042
0000000365,0000364000,079025,093194,081280,072998,094911,080834
0000000366,0000365000,076903,092526,084071,070745,093981,084017
0000000367,0000366000,075508,091017,086974,069339,092128,087276
0000000368,0000367000,074970,088808,089720,068914,089531,090298
0000000369,0000368000,075339,086119,092041,069511,086446,092786
0000000370,0000369000,076579,083222,093699,071070,083179,094494
0000000371,0000370000,078574,080392,094533,073442,080045,095257
0000000372,0000371000,081131,077899,094469,076395,077348,095000
0000000373,0000372000,083991,075997,093511,079636,075357,093750
0000000374,0000373000,086874,074874,091751,082848,074266,091629
0000000375,0000374000,089510,074634,089355,085722,074180,088841
0000000376,0000375000,091636,075300,086564,087974,075106,085663
0000000377,0000376000,093036,076806,083658,089381,076954,082407
0000000378,0000377000,093578,079013,080908,089809,079546,079388
0000000379,0000378000,093213,081703,078583,089216,082627,076900
0000000380,0000379000,091976,084602,076921,087661,085890,075192
0000000381,0000380000,089983,087434,076082,085294,089022,074428
0000000382,0000381000,087424,089932,076143,082346,091717,074681
0000000383,0000382000,084563,091838,077098,079110,093708,075926
0000000384,0000383000,081679,092965,078856,075901,094800,078043
0000000385,0000384000,079038,093210,081251,073029,094889,080826
0000000386,0000385000,076908,092548,084043,070777,093967,083999
0000000387,0000386000,075504,091044,086951,069369,092124,087251
0000000388,0000387000,074957,088838,089704,068938,089537,090268
0000000389,0000388000,075318,086148,092034,069527,086461,092754
0000000390,0000389000,076552,083247,093700,071078,083202,094463
0000000391,0000390000,078544,080411,094544,073440,080074,095230
0000000392,0000391000,081102,077910,094488,076383,077380,094980
0000000393,0000392000,083965,075998,093536,079615,075389,093739
0000000394,0000393000,086852,074866,091780,082820,074295,091628
0000000395,0000394000,089496,074618,089385,085690,074203,088850
0000000396,0000395000,091631,075276,086592,087941,075121,085681
0000000397,0000396000,093041,076777,083682,089351,076959,082434
0000000398,0000397000,093592,078982,080925,089784,079540,079419
0000000399,0000398000,093235,081673,078591,089199,082611,076934
0000000400,0000399000,092004,084576,076920,087653,085866,075224
0000000401,0000400000,090013,087414,076071,085297,088991,074455
0000000402,0000401000,086790,092061,078265,082087,092154,075176
0000000403,0000402000,086197,090787,076028,079205,093389,075653
0000000404,0000403000,085025,094581,080465,075956,095561,078837
0000000405,0000404000,083623,091839,079876,076169,094270,080222
0000000406,0000405000,083104,090308,081777,073896,093941,083974
0000000407,0000406000,082389,091272,087120,076407,091080,086185
0000000408,0000407000,082450,085761,086506,077962,088072,088740
0000000409,0000408000,082618,087365,093109,080791,084678,090864
0000000410,0000409000,083258,081487,091748,085646,080420,091576
0000000411,0000410000,083796,080647,094647,088792,077679,092739
0000000412,0000411000,084332,078088,094508,093827,074170,091683
0000000413,0000412000,084935,076875,094114,096361,072822,091126
0000000414,0000413000,084943,077464,094062,099687,071514,088847
0000000415,0000414000,085164,074833,089355,099926,071949,086602
0000000416,0000415000,085018,078628,089716,099998,073427,083974
0000000417,0000416000,084697,076680,083471,098318,075634,081072
0000000418,0000417000,084523,081508,083590,094119,079203,079008
0000000419,0000418000,084273,083047,080257,091190,082433,076656
0000000420,0000419000,084030,084470,077195,085005,086687,075936
0000000421,0000420000,084071,088790,077963,080845,089776,075126
0000000422,0000421000,084075,088286,075058,075984,093069,075961
0000000423,0000422000,084042,092394,078184,072090,094975,077112
0000000424,0000423000,084329,091466,077886,069847,095861,079022
0000000425,0000424000,084265,092631,081107,068229,095972,081822
0000000426,0000425000,084392,090987,082700,069177,094175,084137
0000000427,0000426000,084417,089534,085479,070138,092352,087443
0000000428,0000427000,084295,088603,089312,074017,088763,089467
0000000429,0000428000,084261,084514,089979,077213,085487,091770
0000000430,0000429000,084113,084158,094054,081833,081624,092919
0000000431,0000430000,084082,079426,092959,086595,078067,093291
0000000432,0000431000,083920,078726,094590,089947,075466,093171
0000000433,0000432000,084016,077037,093775,094053,073011,091517
0000000434,0000433000,083978,075889,092077,095547,072527,090043
0000000435,0000434000,084040,076782,090944,096885,072319,087133
0000000436,0000435000,084284,076291,087153,096093,073981,084666
0000000437,0000436000,084252,078996,085747,094360,076307,081836
0000000438,0000437000,084509,079719,081859,091309,079390,079235
0000000439,0000438000,084552,083451,080836,087091,083335,077545
0000000440,0000439000,084592,084972,078025,083108,086752,075929
0000000441,0000440000,084658,087418,076984,077811,090663,075874
0000000442,0000441000,084578,090027,077214,074214,093318,076025
0000000443,0000442000,084533,090283,076523,070246,095594,077514
0000000444,0000443000,084392,092604,079439,067842,096533,079453
0000000445,0000444000,084338,091230,080012,066867,096282,081898
0000000446,0000445000,084152,091324,083257,066688,095138,084903
0000000447,0000446000,084108,089415,085455,068694,092503,087449
0000000448,0000447000,084028,087538,088172,071111,089640,090279
0000000449,0000448000,083932,085647,090923,075226,085739,092047
0000000450,0000449000,083998,082467,092068,079209,082127,093530
0000000451,0000450000,083955,081082,094213,083892,078532,093945
0000000452,0000451000,084033,077881,093302,088022,075532,093494
0000000453,0000452000,084095,077584,093913,091257,073582,092386
0000000454,0000453000,084173,076213,092021,094096,072376,090204
0000000455,0000454000,084248,076285,090125,094728,072773,087893
0000000456,0000455000,084345,077471,088150,094879,073908,084864
0000000457,0000456000,084424,077984,084683,092993,076459,082194
0000000458,0000457000,084448,080858,083040,090172,079575,079542
0000000459,0000458000,084549,082353,079907,086416,083250,077487
0000000460,0000459000,084507,085398,078750,081844,087165,076259
0000000461,0000460000,084536,087206,077118,077498,090585,075606
0000000462,0000461000,084512,089338,076910,072931,093786,076219
0000000463,0000462000,084434,090915,077583,069670,095728,077308
0000000464,0000463000,084401,091175,078391,066815,096920,079461
0000000465,0000464000,084298,091990,081065,065711,096705,081949
0000000466,0000465000,084237,090380,082530,065826,095378,084817
0000000467,0000466000,084136,089682,085821,067145,093086,087778
0000000468,0000467000,084097,087417,087987,070165,089772,090266
0000000469,0000468000,084019,085251,090353,073570,086240,092535
0000000470,0000469000,083998,083099,092434,078109,082238,093753
0000000471,0000470000,084017,080375,093117,082423,078757,094406
0000000472,0000471000,083998,078951,093941,086731,075649,093958
0000000473,0000472000,084094,076988,092914,090261,073483,092704
0000000474,0000473000,084128,076811,092226,092746,072474,090750
0000000475,0000474000,084219,076400,089905,094188,072481,088050
0000000476,0000475000,084312,077291,087777,093863,073926,085283
0000000477,0000476000,084383,078692,085310,092653,076176,082218
0000000478,0000477000,084466,080211,082414,089727,079490,079649
0000000479,0000478000,084506,082973,080705,086144,083154,077443
0000000480,0000479000,084554,084739,078382,081845,087041,076027
0000000481,0000480000,084529,087430,077692,077225,090746,075515
0000000482,0000481000,084531,089047,077042,073100,093741,075801
0000000483,0000482000,084467,090511,077633,069296,096061,077173
0000000484,0000483000,084394,091320,078935,066801,097071,079096
0000000485,0000484000,084334,091145,080556,065246,097068,081806
0000000486,0000485000,084222,090777,083185,065313,095720,084704
0000000487,0000486000,084162,089009,085253,066607,093361,087698
0000000488,0000487000,084078,087627,088157,069164,090179,090465
0000000489,0000488000,084031,085127,090074,072876,086360,092612
0000000490,0000489000,083999,082964,092005,076939,082529,094173
0000000491,0000490000,084000,080825,093158,081583,078735,094681
0000000492,0000491000,084026,078701,093244,085717,075671,094419
0000000493,0000492000,084063,077660,093124,089440,073361,093117
0000000494,0000493000,084149,076614,091573,092130,072216,091079
0000000495,0000494000,084205,076918,090056,093561,072294,088448
0000000496,0000495000,084306,077351,087591,093749,073516,085394
0000000497,0000496000,084382,078767,085253,092376,075963,082412
0000000498,0000497000,084447,080567,082787,089968,079122,079536
0000000499,0000498000,084512,082568,080483,086303,082967,077325
0000000500,0000499000,084529,085070,079013,082180,086888,075747
0000000501,0000500000,084544,086930,077590,077669,090660,075119
0000000502,0000501000,084513,089072,077556,073333,093863,075453
0000000503,0000502000,084477,090165,077794,069696,096137,076661
0000000504,0000503000,084404,090986,079067,066798,097403,078782
0000000505,0000504000,084332,091044,080866,065318,097313,081411
0000000506,0000505000,084251,090242,082953,065001,096113,084520
0000000507,0000506000,084159,089160,085544,066202,093708,087593
0000000508,0000507000,084104,087191,087707,068596,090470,090481
0000000509,0000508000,084035,085312,090100,072041,086664,092843
0000000510,0000509000,084012,082903,091617,076235,082621,094405
0000000511,0000510000,084004,080915,092797,080605,078848,095143
0000000512,0000511000,084021,079069,093103,085010,075537,094806
0000000513,0000512000,084068,077667,092583,088682,073209,093608
0000000514,0000513000,084126,077163,091586,091602,071915,091489
0000000515,0000514000,084208,076937,089636,093257,071910,088773
0000000516,0000515000,084282,077771,087695,093574,073150,085663
0000000517,0000516000,084373,078867,085171,092582,075493,082445
0000000518,0000517000,084437,080675,082900,090197,078796,079531
0000000519,0000518000,084494,082695,080797,086886,082604,077059
0000000520,0000519000,084531,084812,079081,082721,086708,075428
0000000521,0000520000,084531,087008,078133,078338,090555,074655
0000000522,0000521000,084523,088611,077664,073974,093885,074923
0000000523,0000522000,084475,090050,078266,070154,096328,076159
0000000524,0000523000,084419,090589,079233,067236,097623,078240
0000000525,0000524000,084342,090704,081032,065389,097707,081042
0000000526,0000525000,084262,090044,083122,064991,096463,084179
0000000527,0000526000,084182,088789,085362,065842,094134,087475
0000000528,0000527000,084107,087217,087755,068084,090820,090488
0000000529,0000528000,084057,085079,089694,071347,086943,093012
0000000530,0000529000,084014,083099,091445,075378,082826,094754
0000000531,0000530000,084011,080974,092351,079806,078863,095543
0000000532,0000531000,084022,079311,092747,084117,075492,095349
0000000533,0000532000,084061,078035,092295,088036,072955,094092
0000000534,0000533000,084122,077369,091160,091022,071604,091998
0000000535,0000534000,084190,077419,089583,092968,071476,089160
0000000536,0000535000,084275,077920,087433,093536,072670,085927
0000000537,0000536000,084350,079230,085298,092758,075027,082576
0000000538,0000537000,084427,080756,082966,090699,078317,079437
0000000539,0000538000,084480,082754,081040,087483,082265,076852
0000000540,0000539000,084519,084801,079436,083555,086415,075002
0000000541,0000540000,084532,086745,078415,079140,090450,074160
0000000542,0000541000,084516,088467,078180,074808,093895,074319
0000000543,0000542000,084486,089597,078507,070861,096486,075541
0000000544,0000543000,084424,090328,079657,067738,097922,077677
0000000545,0000544000,084358,090254,081193,065721,098065,080529
0000000546,0000545000,084277,089718,083246,064965,096928,083850
0000000547,0000546000,084198,088552,085383,065633,094558,087264
0000000548,0000547000,084126,086949,087539,067542,091254,090506
0000000549,0000548000,084066,085107,089536,070639,087270,093186
0000000550,0000549000,084030,083048,090984,074513,083046,095103
0000000551,0000550000,084012,081223,092025,078856,078954,096036
0000000552,0000551000,084025,079524,092254,083240,075402,095893
0000000553,0000552000,084055,078409,091892,087206,072756,094702
0000000554,0000553000,084111,077783,090826,090455,071230,092532
0000000555,0000554000,084179,077757,089267,092585,071038,089639
0000000556,0000555000,084254,078372,087373,093487,072145,086242
0000000557,0000556000,084336,079438,085207,092991,074492,082726
0000000558,0000557000,084406,081028,083187,091198,077824,079400
0000000559,0000558000,084468,082783,081253,088259,081827,076595
0000000560,0000559000,084506,084766,079819,084438,086127,074603
0000000561,0000560000,084524,086576,078877,080165,090272,073584
0000000562,0000561000,084517,088124,078602,075763,093909,073685
0000000563,0000562000,084487,089282,079016,071744,096633,074855
0000000564,0000563000,084438,089821,079976,068412,098217,077033
0000000565,0000564000,084369,089871,081542,066128,098477,079982
0000000566,0000565000,084296,089265,083347,065098,097391,083429
0000000567,0000566000,084216,088234,085406,065404,095068,087052
0000000568,0000567000,084145,086726,087403,067064,091708,090467
0000000569,0000568000,084085,084975,089207,069857,087674,093379
0000000570,0000569000,084041,083147,090633,073584,083311,095465
0000000571,0000570000,084023,081343,091484,077819,079080,096556
0000000572,0000571000,084025,079890,091789,082204,075369,096513
0000000573,0000572000,084053,078781,091353,086301,072546,095345
0000000574,0000573000,084100,078261,090415,089713,070895,093166
0000000575,0000574000,084164,078240,088952,092155,070563,090157
0000000576,0000575000,084237,078791,087164,093339,071615,086638
0000000577,0000576000,084314,079843,085234,093210,073918,082919
0000000578,0000577000,084388,081229,083289,091727,077282,079389
0000000579,0000578000,084447,082943,081598,089066,081362,076373
0000000580,0000579000,084493,084686,080213,085468,085768,074175
0000000581,0000580000,084515,086391,079413,081275,090080,073014
0000000582,0000581000,084515,087793,079157,076915,093865,072989
0000000583,0000582000,084491,088820,079531,072760,096775,074138
0000000584,0000583000,084446,089346,080482,069252,098498,076326
0000000585,0000584000,084386,089308,081853,066676,098891,079373
0000000586,0000585000,084314,088816,083580,065310,097889,082968
0000000587,0000586000,084240,087795,085404,065271,095594,086774
0000000588,0000587000,084166,086455,087264,066561,092230,090419
0000000589,0000588000,084104,084845,088880,069079,088110,093537
0000000590,0000589000,084058,083165,090154,072549,083648,095845
0000000591,0000590000,084032,081571,090951,076676,079257,097090
0000000592,0000591000,084030,080214,091147,081029,075384,097167
0000000593,0000592000,084049,079286,090795,085222,072389,096049
0000000594,0000593000,084091,078776,089875,088845,070573,093844
0000000595,0000594000,084147,078819,088572,091556,070121,090758
0000000596,0000595000,084217,079322,086933,093114,071067,087080
0000000597,0000596000,084291,080271,085184,093341,073339,083182
0000000598,0000597000,084363,081564,083465,092248,076704,079420
0000000599,0000598000,084427,083069,081908,089906,080852,076183
0000000600,0000599000,084474,084678,080734,086564,085367,073771
0000000601,0000600000,084504,086154,079993,082531,089823,072429
0000000602,0000601000,084509,087430,079821,078192,093785,072291
0000000603,0000602000,084494,088308,080168,073971,096859,073372
0000000604,0000603000,084456,088746,081038,070245,098759,075585
0000000605,0000604000,084402,088714,082299,067391,099281,078706
0000000606,0000605000,084336,088214,083811,065651,098385,082452
0000000607,0000606000,084263,087325,085481,065215,096143,086449
0000000608,0000607000,084192,086087,087085,066113,092776,090315
0000000609,0000608000,084127,084682,088529,068262,088608,093674
0000000610,0000609000,084077,083182,089625,071465,084035,096193
0000000611,0000610000,084046,081785,090295,075399,079511,097631
0000000612,0000611000,084036,080629,090449,079709,075464,097833
0000000613,0000612000,084048,079809,090082,083965,072297,096786
0000000614,0000613000,084080,079426,089278,087784,070313,094573
0000000615,0000614000,084132,079468,088076,090797,069712,091409
0000000616,0000615000,084195,079960,086656,092723,070553,087597
0000000617,0000616000,084266,080799,085113,093382,072755,083499
0000000618,0000617000,084337,081947,083617,092699,076116,079521
0000000619,0000618000,084401,083278,082295,090754,080300,076041
0000000620,0000619000,084454,084647,081284,087716,084915,073408
0000000621,0000620000,084488,085940,080704,083892,089504,071871
0000000622,0000621000,084502,086993,080569,079634,093628,071593
0000000623,0000622000,084494,087733,080934,075350,096882,072603
0000000624,0000623000,084465,088061,081707,071448,098948,074807
0000000625,0000624000,084419,087996,082817,068282,099629,078003
0000000626,0000625000,084358,087536,084142,066164,098847,081878
0000000627,0000626000,084290,086726,085558,065282,096685,086066
0000000628,0000627000,084219,085672,086935,065732,093342,090154
0000000629,0000628000,084155,084444,088119,067466,089142,093751
0000000630,0000629000,084100,083190,089033,070319,084491,096502
0000000631,0000630000,084063,082018,089541,074024,079839,098135
0000000632,0000631000,084045,081077,089620,078219,075640,098492
0000000633,0000632000,084049,080434,089270,082519,072296,097526
0000000634,0000633000,084073,080148,088535,086509,070142,095330
0000000635,0000634000,084115,080253,087509,089824,069381,092107
0000000636,0000635000,084172,080691,086286,092147,070091,088169
0000000637,0000636000,084238,081444,085011,093260,072207,083893
0000000638,0000637000,084307,082418,083771,093060,075525,079693
0000000639,0000638000,084372,083532,082711,091558,079727,075979
0000000640,0000639000,084428,084659,081929,088906,084404,073109
0000000641,0000640000,084469,085691,081496,085347,089108,071371
0000000642,0000641000,084490,086527,081464,081229,093376,070933
0000000643,0000642000,084492,087061,081814,076933,096798,071846
0000000644,0000643000,084472,087281,082509,072865,099041,074026
0000000645,0000644000,084435,087159,083444,069407,099883,077265
0000000646,0000645000,084382,086728,084546,066879,099245,081257
0000000647,0000646000,084319,086032,085693,065526,097184,085613
0000000648,0000647000,084251,085146,086771,065469,093900,089916
0000000649,0000648000,084186,084159,087691,066721,089704,093746
0000000650,0000649000,084129,083158,088347,069157,085007,096731
0000000651,0000650000,084085,082273,088685,072550,080261,098575
0000000652,0000651000,084059,081573,088662,076577,075927,099097
0000000653,0000652000,084052,081137,088312,080857,072427,098242
0000000654,0000653000,084066,080994,087668,084995,070099,096083
0000000655,0000654000,084099,081146,086811,088595,069170,092832
0000000656,0000655000,084147,081566,085844,091329,069729,088794
0000000657,0000656000,084208,082198,084846,092935,071725,084361
0000000658,0000657000,084273,082996,083926,093263,074966,079959
0000000659,0000658000,084338,083854,083164,092283,079139,076017
0000000660,0000659000,084397,084700,082648,090084,083843,072918
0000000661,0000660000,084444,085441,082414,086880,088618,070964
0000000662,0000661000,084474,085996,082487,082969,093003,070354
0000000663,0000662000,084486,086316,082853,078723,096573,071146
0000000664,0000663000,084478,086377,083444,074535,098983,073269
0000000665,0000664000,084450,086195,084205,070798,099998,076523
0000000666,0000665000,084406,085783,085043,067862,099521,080594
0000000667,0000666000,084350,085206,085879,065999,097598,085092
0000000668,0000667000,084287,084519,086625,065388,094412,089581
0000000669,0000668000,084222,083788,087215,066083,090273,093629
0000000670,0000669000,084162,083101,087588,068021,085579,096839
0000000671,0000670000,084113,082526,087701,071016,080786,098897
0000000672,0000671000,084078,082126,087565,074788,076359,099601
0000000673,0000672000,084061,081929,087195,078983,072726,098878
0000000674,0000673000,084063,081957,086646,083208,070239,096796
0000000675,0000674000,084085,082185,085986,087072,069136,093551
0000000676,0000675000,084123,082578,085291,090211,069524,089457
0000000677,0000676000,084175,083099,084628,092336,071364,084904
0000000678,0000677000,084236,083680,084062,093245,074479,080336
0000000679,0000678000,084300,084264,083661,092855,078567,076192
0000000680,0000679000,084361,084781,083450,091203,083233,072875
0000000681,0000680000,084413,085183,083456,088443,088025,070712
0000000682,0000681000,084452,085418,083667,084838,092475,069912
0000000683,0000682000,084475,085472,084049,080722,096158,070558
0000000684,0000683000,084478,085355,084549,076480,098715,072587
0000000685,0000684000,084463,085079,085102,072505,099903,075808
0000000686,0000685000,084430,084691,085654,069168,099609,079910
0000000687,0000686000,084383,084235,086131,066781,097862,084499
0000000688,0000687000,084325,083767,086496,065563,094831,089133
0000000689,0000688000,084263,083334,086705,065632,090811,093360
0000000690,0000689000,084201,082995,086738,066976,086194,096773
0000000691,0000690000,084146,082787,086597,069473,081424,099037
0000000692,0000691000,084103,082725,086306,072885,076965,099933
0000000693,0000692000,084075,082819,085910,076897,073248,099371
0000000694,0000693000,084065,083046,085455,081134,070628,097404
0000000695,0000694000,084073,083372,085011,085205,069356,094222
0000000696,0000695000,084100,083752,084622,088731,069552,090128
0000000697,0000696000,084142,084146,084333,091384,071196,085519
0000000698,0000697000,084196,084499,084183,092919,074123,080839
0000000699,0000698000,084257,084764,084186,093192,078051,076542
0000000700,0000699000,084318,084915,084341,092180,082597,073043
0000000701,0000700000,084376,084924,084625,089978,087318,070684
0000000702,0000701000,084423,084792,085006,086791,091760,069691
0000000703,0000702000,084457,084539,085423,082917,095494,070162
0000000704,0000703000,084474,084200,085824,078712,098163,072052
0000000705,0000704000,084473,083815,086161,074568,099513,075179
0000000706,0000705000,084453,083434,086384,070867,099418,079241
0000000707,0000706000,084416,083111,086465,067953,097891,083846
0000000708,0000707000,084367,082880,086390,066096,095083,088551
0000000709,0000708000,084309,082782,086164,065466,091270,092897
0000000710,0000709000,084247,082836,085806,066122,086825,096465
0000000711,0000710000,084188,083040,085362,068000,082179,098911
0000000712,0000711000,084136,083373,084890,070927,077780,099998
0000000713,0000712000,084096,083797,084445,074631,074052,099623
0000000714,0000713000,084072,084263,084091,078770,071348,097823
0000000715,0000714000,084066,084711,083873,082964,069926,094771
0000000716,0000715000,084079,085091,083824,086822,069917,090763
0000000717,0000716000,084109,085350,083958,089991,071317,086187
0000000718,0000717000,084154,085450,084273,092175,073983,081485
0000000719,0000718000,084209,085367,084740,093176,077652,077113
0000000720,0000719000,084270,085102,085309,092902,081964,073494
0000000721,0000720000,084331,084675,085920,091380,086500,070975
0000000722,0000721000,084386,084126,086498,088751,090823,069796
0000000723,0000722000,084432,083521,086970,085258,094519,070069
0000000724,0000723000,084463,082923,087277,081221,097236,071764
0000000725,0000724000,084477,082400,087378,077012,098719,074718
0000000726,0000725000,084472,082019,087246,073020,098833,078642
0000000727,0000726000,084449,081829,086882,069611,097573,083157
0000000728,0000727000,084410,081861,086318,067101,095070,087824
0000000729,0000728000,084358,082129,085600,065719,091574,092191
0000000730,0000729000,084298,082619,084802,065590,087431,095837
0000000731,0000730000,084236,083281,084014,066724,083042,098413
0000000732,0000731000,084177,084052,083327,069017,078833,099675
0000000733,0000732000,084126,084852,082818,072257,075203,099508
0000000734,0000733000,084088,085592,082556,076150,072495,097932
0000000735,0000734000,084066,086191,082581,080337,070962,095100
0000000736,0000735000,084063,086579,082899,084434,070745,091290
0000000737,0000736000,084078,086702,083497,088065,071853,086874
0000000738,0000737000,084111,086529,084327,090895,074168,082279
0000000739,0000738000,084158,086067,085307,092666,077457,077953
0000000740,0000739000,084216,085351,086339,093218,081390,074311
0000000741,0000740000,084278,084442,087314,092503,085585,071699
0000000742,0000741000,084340,083437,088121,090588,089639,070361
0000000743,0000742000,084397,082439,088666,087647,093166,070419
0000000744,0000743000,084442,081548,088885,083948,095834,071861
0000000745,0000744000,084472,080864,088739,079828,097398,074542
0000000746,0000745000,084484,080469,088225,075664,097716,078201
0000000747,0000746000,084477,080415,087383,071839,096770,082478
0000000748,0000747000,084451,080726,086284,068704,094666,086955
0000000749,0000748000,084409,081388,085031,066543,091622,091198
0000000750,0000749000,084355,082343,083754,065552,087942,094800
0000000751,0000750000,084292,083498,082588,065819,083988,097421
0000000752,0000751000,084228,084744,081658,067316,080140,098819
0000000753,0000752000,084166,085952,081068,069909,076760,098870
0000000754,0000753000,084114,086997,080893,073364,074164,097578
0000000755,0000754000,084076,087769,081163,077366,072590,095074
0000000756,0000755000,084054,088177,081870,081551,072177,091607
0000000757,0000756000,084053,088161,082962,085536,072950,087518
0000000758,0000757000,084071,087705,084340,088955,074817,083208
0000000759,0000758000,084107,086843,085869,091499,077579,079097
0000000760,0000759000,084158,085650,087394,092939,080956,075577
0000000761,0000760000,084219,084241,088757,093147,084615,072979
0000000762,0000761000,084286,082753,089814,092107,088205,071538
0000000763,0000762000,084351,081336,090448,089913,091388,071380
0000000764,0000763000,084410,080130,090585,086760,093871,072507
0000000765,0000764000,084457,079265,090193,082935,095428,074803
0000000766,0000765000,084487,078846,089288,078783,095925,078035
0000000767,0000766000,084498,078929,087946,074685,095332,081884
0000000768,0000767000,084489,079527,086290,071013,093727,085969
0000000769,0000768000,084459,080591,084482,068101,091287,089892
0000000770,0000769000,084413,082022,082708,066210,088264,093280
0000000771,0000770000,084354,083682,081151,065508,084958,095817
0000000772,0000771000,084286,085411,079966,066055,081685,097277
0000000773,0000772000,084217,087040,079283,067801,078752,097537
0000000774,0000773000,084152,088404,079184,070592,076427,096586
0000000775,0000774000,084097,089361,079696,074177,074917,094529
0000000776,0000775000,084057,089797,080793,078233,074349,091577
0000000777,0000776000,084037,089645,082384,082391,074757,088026
0000000778,0000777000,084037,088907,084316,086273,076076,084228
0000000779,0000778000,084059,087646,086395,089527,078154,080554
0000000780,0000779000,084100,085982,088412,091861,080771,077354
0000000781,0000780000,084157,084078,090161,093070,083665,074921
0000000782,0000781000,084224,082115,091469,093048,086558,073469
0000000783,0000782000,084296,080281,092201,091799,089182,073117
0000000784,0000783000,084366,078761,092266,089431,091299,073880
0000000785,0000784000,084429,077715,091638,086155,092726,075668
0000000786,0000785000,084477,077264,090355,082265,093346,078293
0000000787,0000786000,084508,077480,088526,078112,093125,081488
0000000788,0000787000,084517,078354,086329,074075,092113,084932
0000000789,0000788000,084503,079805,083988,070518,090435,088289
0000000790,0000789000,084469,081688,081741,067760,088275,091241
0000000791,0000790000,084416,083823,079811,066043,085854,093520
0000000792,0000791000,084350,086008,078385,065517,083404,094930
0000000793,0000792000,084277,088034,077607,066228,081150,095360
0000000794,0000793000,084202,089701,077575,068114,079293,094791
0000000795,0000794000,084133,090832,078311,071009,077990,093299
0000000796,0000795000,084075,091296,079768,074657,077340,091048
0000000797,0000796000,084035,091017,081822,078729,077376,088271
0000000798,0000797000,084017,090016,084265,082856,078064,085249
0000000799,0000798000,084021,088391,086845,086664,079307,082279
0000000800,0000799000,084048,086304,089304,089814,080961,079640
0000000801,0000800000,084095,083959,091400,092029,082851,077568
0000000802,0000801000,084159,081574,092931,093115,084796,076237
0000000803,0000802000,084233,079372,093750,092978,086618,075748
0000000804,0000803000,084311,077573,093754,091629,088160,076119
0000000805,0000804000,084386,076369,092916,089185,089296,077290
0000000806,0000805000,084451,075896,091300,085861,089948,079124
0000000807,0000806000,084501,076230,089046,081953,090088,081424
0000000808,0000807000,084529,077349,086383,077815,089735,083955
0000000809,0000808000,084534,079128,083592,073822,088955,086468
0000000810,0000809000,084515,081393,080950,070328,087851,088727
0000000811,0000810000,084474,083922,078711,067642,086544,090536
0000000812,0000811000,084415,086479,077090,065996,085163,091745
0000000813,0000812000,084342,088830,076240,065535,083832,092270
0000000814,0000813000,084262,090740,076263,066299,082661,092094
0000000815,0000814000,084183,092004,077191,068225,081735,091263
0000000816,0000815000,084110,092477,078946,071144,081111,089884
0000000817,0000816000,084052,092092,081370,074798,080811,088115
0000000818,0000817000,084014,090875,084216,078860,080825,086140
0000000819,0000818000,083999,088965,087179,082960,081120,084153
0000000820,0000819000,084009,086557,089967,086734,081640,082339
0000000821,0000820000,084043,083878,092320,089851,082318,080852
0000000822,0000821000,084097,081182,094011,092039,083083,079807
0000000823,0000822000,084167,078717,094879,093107,083870,079273
0000000824,0000823000,084247,076724,094828,092964,084619,079263
0000000825,0000824000,084330,075419,093826,091618,085289,079743
0000000826,0000825000,084408,074953,091957,089184,085851,080635
0000000827,0000826000,084474,075383,089405,085875,086292,081827
0000000828,0000827000,084521,076678,086417,081986,086613,083188
0000000829,0000828000,084545,078694,083326,077870,086811,084587
0000000830,0000829000,084545,081201,080441,073896,086897,085893
0000000831,0000830000,084520,083987,078010,070407,086884,087002
0000000832,0000831000,084472,086786,076271,067711,086774,087837
0000000833,0000832000,084406,089318,075403,066041,086577,088350
0000000834,0000833000,084328,091361,075487,065543,086296,088530
0000000835,0000834000,084244,092684,076542,066261,085924,088405
0000000836,0000835000,084162,093129,078500,068137,085459,088021
0000000837,0000836000,084090,092658,081139,071010,084902,087441
0000000838,0000837000,084034,091312,084206,074624,084263,086740
0000000839,0000838000,084000,089231,087373,078656,083572,085983
0000000840,0000839000,083991,086660,090303,082740,082871,085239
0000000841,0000840000,084007,083826,092768,086523,082202,084560
0000000842,0000841000,084046,080969,094520,089675,081626,083981
0000000843,0000842000,084106,078413,095376,091919,081201,083523
0000000844,0000843000,084181,076370,095250,093065,080977,083192
0000000845,0000844000,084264,075054,094156,093008,081014,082970
0000000846,0000845000,084348,074637,092158,091753,081346,082836
0000000847,0000846000,084426,075146,089472,089402,081988,082781
0000000848,0000847000,084488,076524,086389,086164,082920,082791
0000000849,0000848000,084531,078619,083213,082325,084086,082865
0000000850,0000849000,084550,081211,080287,078234,085398,083000
0000000851,0000850000,084544,084046,077838,074249,086750,083204
0000000852,0000851000,084513,086889,076115,070713,088022,083487
0000000853,0000852000,084461,089424,075294,067940,089089,083852
0000000854,0000853000,084392,091425,075454,066162,089843,084311
0000000855,0000854000,084311,092694,076584,065541,090171,084865
0000000856,0000855000,084228,093068,078582,066128,090006,085508
0000000857,0000856000,084147,092535,081252,067880,089314,086205
0000000858,0000857000,084079,091150,084295,070647,088122,086903
0000000859,0000858000,084028,089074,087408,074182,086513,087537
0000000860,0000859000,083999,086527,090266,078167,084616,088039
0000000861,0000860000,083995,083745,092640,082249,082595,088347
0000000862,0000861000,084016,080973,094301,086080,080635,088397
0000000863,0000862000,084060,078520,095058,089317,078923,088157
0000000864,0000863000,084122,076615,094854,091689,077629,087605
0000000865,0000864000,084197,075421,093719,092986,076913,086743
0000000866,0000865000,084279,075103,091753,093095,076884,085610
0000000867,0000866000,084360,075665,089155,092003,077587,084284
0000000868,0000867000,084432,077023,086222,089797,078995,082882
0000000869,0000868000,084490,079034,083250,086676,081003,081533
0000000870,0000869000,084527,081491,080512,082916,083443,080376
0000000871,0000870000,084541,084159,078275,078850,086094,079537
0000000872,0000871000,084531,086779,076735,074833,088715,079122
0000000873,0000872000,084498,089099,076058,071214,091058,079204
0000000874,0000873000,084444,090868,076304,068307,092885,079816
0000000875,0000874000,084376,091929,077440,066359,093997,080950
0000000876,0000875000,084299,092182,079334,065546,094247,082539
0000000877,0000876000,084220,091605,081792,065935,093571,084462
0000000878,0000877000,084146,090292,084551,067502,091996,086546
0000000879,0000878000,084083,088386,087319,070110,089647,088594
0000000880,0000879000,084038,086080,089850,073527,086727,090402
0000000881,0000880000,084014,083591,091899,077451,083500,091782
0000000882,0000881000,084013,081176,093274,081538,080268,092580
0000000883,0000882000,084035,079067,093837,085433,077334,092686
0000000884,0000883000,084078,077484,093541,088798,074992,092051
0000000885,0000884000,084137,076579,092433,091346,073487,090689
0000000886,0000885000,084207,076419,090644,092854,073000,088692
0000000887,0000886000,084282,077005,088379,093189,073612,086222
0000000888,0000887000,084356,078246,085867,092320,075296,083500
0000000889,0000888000,084422,080012,083366,090316,077917,080789
0000000890,0000889000,084473,082117,081111,087357,081241,078353
0000000891,0000890000,084506,084355,079317,083701,084966,076440
0000000892,0000891000,084518,086505,078154,079673,088740,075252
0000000893,0000892000,084508,088342,077730,075620,092207,074934
0000000894,0000893000,084477,089683,078086,071896,095024,075554
0000000895,0000894000,084430,090400,079148,068819,096903,077090
0000000896,0000895000,084368,090455,080788,066655,097637,079435
0000000897,0000896000,084299,089859,082818,065593,097124,082387
0000000898,0000897000,084228,088703,085023,065728,095390,085678
0000000899,0000898000,084162,087122,087183,067052,092576,088995
0000000900,0000899000,084106,085266,089094,069449,088938,092015
0000000901,0000900000,084065,083332,090577,072710,084813,094436
0000000902,0000901000,083943,092399,093850,075497,084540,096049
0000000903,0000902000,081499,098325,091119,079368,084540,096572
0000000904,0000903000,072168,084845,090042,079368,084540,097416
0000000905,0000904000,074012,079534,095868,079368,084540,094413
0000000906,0000905000,079151,079798,084661,079368,084540,091269
0000000907,0000906000,084292,082785,086332,079368,084540,089024
0000000908,0000907000,076223,070272,084215,079368,084540,084835
0000000909,0000908000,089911,076462,099998,079368,084540,084835
0000000910,0000909000,090092,071508,094207,079368,084540,084835
0000000911,0000910000,088961,070733,081343,079368,084540,084835
0000000912,0000911000,099998,083486,088301,079368,084540,084835
0000000913,0000912000,087811,070788,078662,079368,084540,084835
0000000914,0000913000,095849,079134,083038,079368,084540,084835
0000000915,0000914000,097894,086015,076431,079368,084540,084835
0000000916,0000915000,088904,083609,067735,079368,084540,084835
0000000917,0000916000,093751,092972,082218,079368,084540,084835
0000000918,0000917000,082541,085956,075488,079368,084540,084835
0000000919,0000918000,084466,093854,073816,079368,084540,084835
0000000920,0000919000,085426,099998,076964,079368,084540,084835
0000000921,0000920000,073497,089780,077752,079368,084540,084835
0000000922,0000921000,078057,094770,092036,079368,084540,084835
0000000923,0000922000,073065,091252,085538,079368,084540,084835
0000000924,0000923000,073189,091312,084192,079368,084540,084835
0000000925,0000924000,076958,090534,095280,079368,084540,084835
0000000926,0000925000,070411,077564,094983,079368,084540,084835
0000000927,0000926000,079011,082407,098995,079368,084540,084835
0000000928,0000927000,080474,080801,092890,079368,084540,084835
0000000929,0000928000,080406,074487,092281,079368,084540,084835
0000000930,0000929000,087686,074465,099942,079368,084540,084835
0000000931,0000930000,086027,069344,090254,079368,084540,084835
0000000932,0000931000,093270,076315,086786,079368,084540,084835
0000000933,0000932000,094734,076622,085428,079368,084540,084835
0000000934,0000933000,091546,071998,083403,079368,084540,084835
0000000935,0000934000,097170,079799,083749,079368,084540,084835
0000000936,0000935000,093955,082084,072532,079368,084540,084835
0000000937,0000936000,093753,086410,073110,079368,084540,084835
0000000938,0000937000,091701,087524,078744,079368,084540,084835
0000000939,0000938000,085375,086922,075214,079368,084540,084835
0000000940,0000939000,087338,096593,074981,079368,084540,084835
0000000941,0000940000,081952,095847,073509,079368,084540,084835
0000000942,0000941000,077992,092622,080700,079368,084540,084835
0000000943,0000942000,077176,093523,087445,079368,084540,084835
0000000944,0000943000,072821,092556,083151,079368,084540,084835
0000000945,0000944000,075172,094695,087096,079368,084540,084835
0000000946,0000945000,073406,087538,092531,079368,084540,084835
0000000947,0000946000,072751,081472,096156,079368,084540,084835
0000000948,0000947000,077264,083666,096783,079368,084540,084835
0000000949,0000948000,077434,080181,092158,079368,084540,084835
0000000950,0000949000,081824,076724,096583,079368,084540,084835
0000000951,0000950000,084637,072243,098040,079368,084540,084835
0000000952,0000951000,086544,071843,091819,079368,084540,084835
0000000953,0000952000,091988,076528,088442,079368,084540,084835
0000000954,0000953000,092175,073260,085652,079368,084540,084835
0000000955,0000954000,094287,072887,086454,079368,084540,084835
0000000956,0000955000,095860,077633,082159,079368,084540,084835
0000000957,0000956000,094328,081824,074370,079368,084540,084835
0000000958,0000957000,095051,085532,075487,079368,084540,084835
0000000959,0000958000,091533,084239,076549,079368,084540,084835
0000000960,0000959000,088894,088200,075498,079368,084540,084835
0000000961,0000960000,087102,095131,073578,079368,084540,084835
0000000962,0000961000,082378,094934,073762,079368,084540,084835
0000000963,0000962000,080729,093677,080766,079368,084540,084835
0000000964,0000963000,077251,092875,083215,079368,084540,084835
0000000965,0000964000,074339,094864,082837,079368,084540,084835
0000000966,0000965000,074090,094776,086745,079368,084540,084835
0000000967,0000966000,072713,087797,091193,079368,084540,084835
0000000968,0000967000,074233,084678,095429,079368,084540,084835
0000000969,0000968000,075103,084225,094741,079368,084540,084835
0000000970,0000969000,076245,081632,094006,079368,084540,084835
0000000971,0000970000,080448,077302,097471,079368,084540,084835
0000000972,0000971000,083072,072416,096852,079368,084540,084835
0000000973,0000972000,086530,073649,093466,079368,084540,084835
0000000974,0000973000,089252,075255,089972,079368,084540,084835
0000000975,0000974000,091302,072653,088052,079368,084540,084835
0000000976,0000975000,094919,072664,087169,079368,084540,084835
0000000977,0000976000,095307,075915,081692,079368,084540,084835
0000000978,0000977000,094766,080908,077473,079368,084540,084835
0000000979,0000978000,094685,083117,076809,079368,084540,084835
0000000980,0000979000,093181,083274,075835,079368,084540,084835
0000000981,0000980000,091480,088029,074791,079368,084540,084835
0000000982,0000981000,087375,092821,073182,079368,084540,084835
0000000983,0000982000,083734,094299,074813,079368,084540,084835
0000000984,0000983000,082122,093739,078686,079368,084540,084835
0000000985,0000984000,079003,093530,080085,079368,084540,084835
0000000986,0000985000,075786,095780,082343,079368,084540,084835
0000000987,0000986000,073103,094440,086188,079368,084540,084835
0000000988,0000987000,073045,089787,089891,079368,084540,084835
0000000989,0000988000,074628,087077,092658,079368,084540,084835
0000000990,0000989000,074010,085223,093702,079368,084540,084835
0000000991,0000990000,074877,082731,095974,079368,084540,084835
0000000992,0000991000,078289,078357,097304,079368,084540,084835
0000000993,0000992000,082215,074595,095949,079368,084540,084835
0000000994,0000993000,085470,074314,094348,079368,084540,084835
0000000995,0000994000,086830,073884,092499,079368,084540,084835
0000000996,0000995000,090011,072719,090616,079368,084540,084835
0000000997,0000996000,094260,072681,087086,079368,084540,084835
0000000998,0000997000,095529,074906,082450,079368,084540,084835
0000000999,0000998000,094725,078561,080622,079368,084540,084835
0000001000,0000999000,094161,080670,078599,079368,084540,084835
0000001001,0001000000,094700,083012,075501,079368,084540,084835
0000001002,0001001000,093396,086970,073640,079368,084540,084835
0000001003,0001002000,088867,090189,073985,079368,084540,084835
0000001004,0001003000,085214,092780,075716,079368,084540,084835
0000001005,0001004000,083306,094017,076263,079368,084540,084835
0000001006,0001005000,081195,094653,077303,079368,084540,084835
0000001007,0001006000,077366,095272,081293,079368,084540,084835
0000001008,0001007000,073369,094147,085697,079368,084540,084835
0000001009,0001008000,073231,092213,088102,079368,084540,084835
0000001010,0001009000,074550,089701,089438,079368,084540,084835
0000001011,0001010000,073836,086502,092814,079368,084540,084835
0000001012,0001011000,073595,083236,096980,079368,084540,084835
0000001013,0001012000,076112,080227,097027,079368,084540,084835
0000001014,0001013000,080732,077702,095000,079368,084540,084835
0000001015,0001014000,083900,074958,094880,079368,084540,084835
0000001016,0001015000,085181,072747,095277,079368,084540,084835
0000001017,0001016000,088115,072731,092845,079368,084540,084835
0000001018,0001017000,092534,073435,087501,079368,084540,084835
0000001019,0001018000,095271,074178,083915,079368,084540,084835
0000001020,0001019000,094839,075564,083339,079368,084540,084835
0000001021,0001020000,094090,078371,080818,079368,084540,084835
0000001022,0001021000,095206,082489,075906,079368,084540,084835
0000001023,0001022000,094728,085681,073138,079368,084540,084835
0000001024,0001023000,091147,087403,074774,079368,084540,084835
0000001025,0001024000,087128,090402,076183,079368,084540,084835
0000001026,0001025000,084680,094012,074656,079368,084540,084835
0000001027,0001026000,082913,095589,075022,079368,084540,084835
0000001028,0001027000,079458,094509,079634,079368,084540,084835
0000001029,0001028000,075147,093719,084460,079368,084540,084835
0000001030,0001029000,073445,094111,086110,079368,084540,084835
0000001031,0001030000,073989,092481,086949,079368,084540,084835
0000001032,0001031000,073991,088186,091287,079368,084540,084835
0000001033,0001032000,073214,084119,096282,079368,084540,084835
0000001034,0001033000,074371,082242,096739,079368,084540,084835
0000001035,0001034000,078242,080634,094736,079368,084540,084835
0000001036,0001035000,081839,076446,095193,079368,084540,084835
0000001037,0001036000,083963,072615,096862,079368,084540,084835
0000001038,0001037000,086312,072616,094683,079368,084540,084835
0000001039,0001038000,089948,074157,089275,079368,084540,084835
0000001040,0001039000,093711,073830,086019,079368,084540,084835
0000001041,0001040000,095023,073208,085282,079368,084540,084835
0000001042,0001041000,094619,076025,082783,079368,084540,084835
0000001043,0001042000,094894,081033,077677,079368,084540,084835
0000001044,0001043000,095179,084038,074204,079368,084540,084835
0000001045,0001044000,093466,085125,074927,079368,084540,084835
0000001046,0001045000,089823,087858,075855,079368,084540,084835
0000001047,0001046000,086478,092699,074244,079368,084540,084835
0000001048,0001047000,084134,095514,073926,079368,084540,084835
0000001049,0001048000,081593,094376,077497,079368,084540,084835
0000001050,0001049000,078096,093446,081948,079368,084540,084835
0000001051,0001050000,074686,094859,084003,079368,084540,084835
0000001052,0001051000,073299,094604,085535,079368,084540,084835
0000001053,0001052000,073744,090547,089248,079368,084540,084835
0000001054,0001053000,073766,086029,093695,079368,084540,084835
0000001055,0001054000,073599,084121,095751,079368,084540,084835
0000001056,0001055000,075383,082729,095436,079368,084540,084835
0000001057,0001056000,079015,078839,095604,079368,084540,084835
0000001058,0001057000,082509,074267,096746,079368,084540,084835
0000001059,0001058000,084969,072785,095759,079368,084540,084835
0000001060,0001059000,087239,073967,092250,079368,084540,084835
0000001061,0001060000,090772,073840,088930,079368,084540,084835
0000001062,0001061000,094256,072468,086743,079368,084540,084835
0000001063,0001062000,095484,074016,083999,079368,084540,084835
0000001064,0001063000,094686,078284,080566,079368,084540,084835
0000001065,0001064000,094588,081729,077138,079368,084540,084835
0000001066,0001065000,094910,083495,075137,079368,084540,084835
0000001067,0001066000,092984,085887,074610,079368,084540,084835
0000001068,0001067000,089065,089902,074511,079368,084540,084835
0000001069,0001068000,085527,093600,074410,079368,084540,084835
0000001070,0001069000,083230,094634,075590,079368,084540,084835
0000001071,0001070000,081202,094052,078284,079368,084540,084835
0000001072,0001071000,077444,094540,081511,079368,084540,084835
0000001073,0001072000,073732,095124,084626,079368,084540,084835
0000001074,0001073000,072987,093090,087455,079368,084540,084835
0000001075,0001074000,074195,089323,089937,079368,084540,084835
0000001076,0001075000,073995,086226,093306,079368,084540,084835
0000001077,0001076000,073461,083910,096120,079368,084540,084835
0000001078,0001077000,075716,081268,096505,079368,084540,084835
0000001079,0001078000,080112,077746,095675,079368,084540,084835
0000001080,0001079000,083479,074347,095641,079368,084540,084835
0000001081,0001080000,085211,073035,095275,079368,084540,084835
0000001082,0001081000,087482,073388,092623,079368,084540,084835
0000001083,0001082000,091758,073305,088419,079368,084540,084835
0000001084,0001083000,095244,073228,085047,079368,084540,084835
0000001085,0001084000,095192,074929,083363,079368,084540,084835
0000001086,0001085000,094081,078397,081034,079368,084540,084835
0000001087,0001086000,094890,081896,076716,079368,084540,084835
0000001088,0001087000,095192,084647,073656,079368,084540,084835
0000001089,0001088000,092352,086736,074410,079368,084540,084835
0000001090,0001089000,087909,089915,075668,079368,084540,084835
0000001091,0001090000,084979,093705,074816,079368,084540,084835
0000001092,0001091000,083328,095322,074848,079368,084540,084835
0000001093,0001092000,080729,094440,078339,079368,084540,084835
0000001094,0001093000,076347,094078,083074,079368,084540,084835
0000001095,0001094000,073262,094532,085710,079368,084540,084835
0000001096,0001095000,073544,093154,086794,079368,084540,084835
0000001097,0001096000,074369,089223,089903,079368,084540,084835
0000001098,0001097000,073437,085291,094774,079368,084540,084835
0000001099,0001098000,073473,083029,096988,079368,084540,084835
0000001100,0001099000,076622,081368,095526,079368,084540,084835
0000001101,0001100000,080877,077667,094949,079368,084540,084835
