0000000001,0000000000,093129,087320,077449,031752,034743,084560
0000000002,0000001000,090995,090037,076864,041505,025465,084086
0000000003,0000002000,088354,092368,077176,052344,018467,080244
0000000004,0000003000,085498,094046,078353,063224,014424,073408
0000000005,0000004000,082704,094908,080286,073066,013748,064239
0000000006,0000005000,080217,094899,082783,080914,016502,053640
0000000007,0000006000,078296,094013,085589,086001,022396,042659
0000000008,0000007000,077151,092305,088442,087824,030872,032361
0000000009,0000008000,076866,089967,091064,086199,041112,023744
0000000010,0000009000,077464,087244,093189,081301,052087,017667
0000000011,0000010000,078912,084374,094612,073608,062721,014727
0000000012,0000011000,081065,081636,095197,063849,072007,015199
0000000013,0000012000,083687,079327,094885,053000,079014,019042
0000000014,0000013000,086538,077652,093707,042134,083043,025878
0000000015,0000014000,089352,076770,091776,032291,083719,035047
0000000016,0000015000,091831,076787,089279,024433,080978,045645
0000000017,0000016000,093739,077688,086471,019354,075075,056627
0000000018,0000017000,094901,079378,083619,017535,066595,066925
0000000019,0000018000,095185,081715,080997,019151,056363,075541
0000000020,0000019000,094573,084454,078871,024050,045387,081618
0000000021,0000020000,093135,087314,077448,031752,034744,084560
0000000022,0000021000,090989,090044,076865,041502,025468,084086
0000000023,0000022000,088352,092369,077176,052352,018460,080243
0000000024,0000023000,085506,094039,078352,063224,014424,073407
0000000025,0000024000,082703,094910,080286,073063,013752,064240
0000000026,0000025000,080210,094906,082782,080918,016498,053640
0000000027,0000026000,078302,094007,085589,086006,022391,042658
0000000028,0000027000,077154,092303,088441,087821,030875,032361
0000000029,0000028000,076859,089974,091064,086200,041111,023744
0000000030,0000029000,077464,087244,093190,081308,052081,017667
0000000031,0000030000,078918,084368,094612,073608,062722,014726
0000000032,0000031000,081060,081641,095197,063848,072008,015199
0000000033,0000032000,083684,079330,094885,053005,079009,019041
0000000034,0000033000,086543,077647,093708,042138,083040,025877
0000000035,0000034000,089352,076771,091776,032289,083722,035045
0000000036,0000035000,091827,076792,089278,024436,080975,045644
0000000037,0000036000,093742,077684,086471,019357,075072,056625
0000000038,0000037000,094903,079376,083620,017536,066596,066923
0000000039,0000038000,095182,081719,080997,019151,056365,075539
0000000040,0000039000,094574,084453,078871,024054,045385,081617
0000000041,0000040000,093138,087311,077449,031752,034746,084558
0000000042,0000041000,090987,090046,076864,041503,025468,084085
0000000043,0000042000,088352,092370,077176,052353,018460,080243
0000000044,0000043000,085508,094037,078352,063224,014424,073407
0000000045,0000044000,082701,094912,080285,073063,013753,064239
0000000046,0000045000,080210,094907,082782,080919,016496,053640
0000000047,0000046000,078304,094005,085589,086005,022391,042659
0000000048,0000047000,077152,092304,088441,087820,030874,032362
0000000049,0000048000,076858,089976,091064,086202,041109,023745
0000000050,0000049000,077467,087241,093190,081309,052079,017668
0000000051,0000050000,078917,084369,094612,073608,062721,014726
0000000052,0000051000,081057,081644,095197,063852,072004,015199
0000000053,0000052000,083686,079327,094885,053008,079006,019041
0000000054,0000053000,086544,077646,093708,042139,083040,025877
0000000055,0000054000,089347,076774,091776,032293,083719,035044
0000000056,0000055000,091829,076790,089279,024441,080972,045642
0000000057,0000056000,093745,077681,086472,019359,075073,056623
0000000058,0000057000,094899,079379,083620,017537,066597,066921
0000000059,0000058000,095182,081719,080997,019156,056362,075536
0000000060,0000059000,094579,084449,078871,024055,045387,081614
0000000061,0000060000,093136,087313,077449,031750,034750,084556
0000000062,0000061000,090984,090049,076864,041504,025469,084083
0000000063,0000062000,088356,092366,077175,052354,018461,080241
0000000064,0000063000,085509,094036,078352,063220,014429,073407
0000000065,0000064000,082697,094916,080285,073061,013754,064240
0000000066,0000065000,080211,094905,082781,080919,016495,053641
0000000067,0000066000,078306,094003,085589,086002,022392,042661
0000000068,0000067000,077149,092308,088441,087817,030874,032364
0000000069,0000068000,076857,089977,091064,086203,041104,023748
0000000070,0000069000,077470,087238,093190,081309,052076,017671
0000000071,0000070000,078914,084371,094613,073607,062719,014729
0000000072,0000071000,081055,081646,095197,063855,071999,015202
0000000073,0000072000,083688,079324,094885,053012,079001,019042
0000000074,0000073000,086543,077645,093709,042142,083038,025876
0000000075,0000074000,089345,076776,091777,032298,083715,035042
0000000076,0000075000,091830,076788,089279,024447,080968,045640
0000000077,0000076000,093746,077679,086473,019362,075073,056620
0000000078,0000077000,094897,079381,083620,017541,066598,066916
0000000079,0000078000,095183,081718,080997,019161,056363,075531
0000000080,0000079000,094581,084446,078871,024056,045390,081609
0000000081,0000080000,093135,087314,077448,031750,034754,084551
0000000082,0000081000,090985,090049,076863,041504,025472,084079
0000000083,0000082000,088359,092364,077174,052351,018466,080239
0000000084,0000083000,085509,094038,078351,063215,014434,073406
0000000085,0000084000,082697,094918,080284,073058,013757,064241
0000000086,0000085000,080214,094904,082780,080914,016497,053644
0000000087,0000086000,078306,094004,085588,085996,022394,042666
0000000088,0000087000,077146,092311,088440,087814,030872,032369
0000000089,0000088000,076858,089976,091063,086201,041101,023754
0000000090,0000089000,077469,087238,093190,081306,052073,017677
0000000091,0000090000,078911,084374,094613,073608,062713,014734
0000000092,0000091000,081055,081646,095198,063859,071991,015206
0000000093,0000092000,083689,079322,094887,053016,078995,019045
0000000094,0000093000,086540,077647,093711,042147,083032,025877
0000000095,0000094000,089344,076776,091778,032307,083708,035040
0000000096,0000095000,091833,076784,089281,024454,080965,045636
0000000097,0000096000,093745,077679,086474,019369,075073,056614
0000000098,0000097000,094896,079381,083621,017549,066597,066909
0000000099,0000098000,095186,081714,080997,019166,056365,075524
0000000100,0000099000,094582,084445,078871,024057,045397,081601
0000000101,0000100000,093134,087316,077448,031751,034761,084544
0000000102,0000101000,090988,090047,076862,041503,025479,084074
0000000103,0000102000,088362,092362,077173,052345,018475,080236
0000000104,0000103000,085507,094041,078350,063208,014442,073405
0000000105,0000104000,082697,094919,080282,073051,013761,064243
0000000106,0000105000,080216,094903,082779,080905,016501,053649
0000000107,0000106000,078304,094007,085587,085987,022397,042672
0000000108,0000107000,077145,092314,088439,087808,030870,032378
0000000109,0000108000,076859,089976,091063,086196,041096,023763
0000000110,0000109000,077467,087240,093190,081303,052067,017686
0000000111,0000110000,078907,084377,094614,073609,062703,014742
0000000112,0000111000,081055,081645,095199,063863,071980,015212
0000000113,0000112000,083688,079322,094888,053021,078986,019048
0000000114,0000113000,086537,077649,093712,042156,083022,025877
0000000115,0000114000,089344,076774,091780,032318,083700,035038
0000000116,0000115000,091833,076782,089283,024465,080960,045631
0000000117,0000116000,093744,077679,086475,019379,075071,056605
0000000118,0000117000,094897,079379,083622,017559,066597,066899
0000000119,0000118000,095189,081711,080998,019172,056370,075513
0000000120,0000119000,094583,084444,078871,024060,045405,081590
0000000121,0000120000,093136,087315,077447,031752,034770,084534
0000000122,0000121000,090992,090045,076861,041500,025490,084066
0000000123,0000122000,088363,092363,077172,052337,018487,080231
0000000124,0000123000,085508,094043,078347,063199,014452,073404
0000000125,0000124000,082700,094919,080280,073040,013770,064245
0000000126,0000125000,080216,094905,082777,080892,016508,053655
0000000127,0000126000,078302,094011,085585,085975,022399,042682
0000000128,0000127000,077144,092315,088438,087799,030867,032390
0000000129,0000128000,076858,089977,091062,086188,041091,023777
0000000130,0000129000,077463,087244,093191,081299,052058,017699
0000000131,0000130000,078905,084378,094614,073611,062690,014754
0000000132,0000131000,081054,081644,095201,063868,071966,015221
0000000133,0000132000,083685,079323,094891,053029,078972,019054
0000000134,0000133000,086534,077649,093715,042169,083008,025878
0000000135,0000134000,089345,076771,091782,032332,083689,035035
0000000136,0000135000,091833,076780,089285,024479,080954,045623
0000000137,0000136000,093743,077678,086477,019394,075068,056594
0000000138,0000137000,094900,079375,083623,017572,066599,066884
0000000139,0000138000,095192,081707,080999,019180,056378,075497
0000000140,0000139000,094584,084444,078870,024065,045416,081575
0000000141,0000140000,093139,087313,077445,031753,034783,084520
0000000142,0000141000,090996,090043,076859,041494,025506,084055
0000000143,0000142000,088364,092364,077169,052327,018504,080225
0000000144,0000143000,085509,094044,078344,063187,014466,073402
0000000145,0000144000,082703,094919,080277,073024,013782,064249
0000000146,0000145000,080216,094908,082774,080874,016517,053664
0000000147,0000146000,078300,094015,085583,085959,022401,042695
0000000148,0000147000,077144,092317,088436,087785,030864,032406
0000000149,0000148000,076856,089980,091062,086177,041084,023794
0000000150,0000149000,077459,087248,093191,081294,052045,017716
0000000151,0000150000,078903,084380,094616,073612,062674,014770
0000000152,0000151000,081051,081644,095203,063873,071949,015233
0000000153,0000152000,083680,079324,094894,053041,078954,019061
0000000154,0000153000,086532,077647,093718,042185,082990,025880
0000000155,0000154000,089344,076768,091786,032351,083675,035030
0000000156,0000155000,091832,076778,089288,024498,080945,045613
0000000157,0000156000,093744,077675,086479,019413,075063,056579
0000000158,0000157000,094903,079370,083625,017588,066601,066866
0000000159,0000158000,095194,081704,080999,019192,056387,075477
0000000160,0000159000,094587,084441,078870,024072,045429,081554
0000000161,0000160000,093144,087310,077444,031753,034801,084503
0000000162,0000161000,091000,090042,076856,041487,025528,084041
0000000163,0000162000,088367,092365,077166,052314,018525,080216
0000000164,0000163000,085513,094045,078340,063169,014485,073401
0000000165,0000164000,082705,094921,080273,073002,013799,064254
0000000166,0000165000,080215,094912,082771,080852,016528,053675
0000000167,0000166000,078299,094019,085579,085939,022405,042712
0000000168,0000167000,077143,092320,088434,087767,030862,032427
0000000169,0000168000,076852,089985,091061,086164,041075,023817
0000000170,0000169000,077455,087252,093191,081288,052029,017739
0000000171,0000170000,078899,084381,094618,073613,062653,014790
0000000172,0000171000,081046,081646,095206,063881,071926,015249
0000000173,0000172000,083676,079325,094897,053056,078929,019070
0000000174,0000173000,086530,077645,093722,042206,082968,025882
0000000175,0000174000,089342,076765,091790,032374,083657,035025
0000000176,0000175000,091830,076775,089293,024524,080933,045599
0000000177,0000176000,093745,077670,086483,019438,075058,056560
0000000178,0000177000,094906,079365,083627,017608,066605,066842
0000000179,0000178000,095197,081701,081000,019206,056398,075451
0000000180,0000179000,094591,084438,078869,024080,045447,081529
0000000181,0000180000,093150,087306,077442,031752,034824,084480
0000000182,0000181000,091004,090041,076853,041477,025555,084024
0000000183,0000182000,088370,092366,077161,052299,018551,080206
0000000184,0000183000,085517,094045,078335,063147,014510,073398
0000000185,0000184000,082707,094924,080268,072975,013819,064261
0000000186,0000185000,080215,094917,082766,080824,016541,053690
0000000187,0000186000,078299,094024,085576,085913,022410,042733
0000000188,0000187000,077140,092325,088432,087744,030859,032453
0000000189,0000188000,076847,089991,091060,086147,041062,023846
0000000190,0000189000,077450,087256,093192,081280,052008,017767
0000000191,0000190000,078895,084383,094620,073613,062627,014815
0000000192,0000191000,081040,081648,095210,063890,071897,015268
0000000193,0000192000,083671,079325,094902,053075,078899,019082
0000000194,0000193000,086527,077642,093728,042231,082940,025884
0000000195,0000194000,089340,076762,091796,032403,083635,035017
0000000196,0000195000,091829,076771,089298,024555,080917,045583
0000000197,0000196000,093747,077663,086487,019468,075052,056536
0000000198,0000197000,094909,079359,083630,017633,066609,066813
0000000199,0000198000,095201,081696,081001,019225,056411,075419
0000000200,0000199000,094598,084432,078868,024089,045469,081498
0000000201,0000200000,093156,087302,077439,031751,034853,084452
0000000202,0000201000,091009,090040,076849,041467,025587,084002
0000000203,0000202000,088376,092366,077156,052279,018584,080193
0000000204,0000203000,085522,094047,078329,063119,014540,073396
0000000205,0000204000,082708,094928,080261,072943,013844,064268
0000000206,0000205000,080215,094923,082760,080791,016557,053708
0000000207,0000206000,078298,094029,085571,085880,022416,042759
0000000208,0000207000,077137,092332,088429,087716,030854,032486
0000000209,0000208000,076841,089998,091059,086128,041047,023881
0000000210,0000209000,077445,087260,093193,081270,051983,017802
0000000211,0000210000,078888,084387,094623,073614,062596,014846
0000000212,0000211000,081033,081651,095214,063903,071861,015291
0000000213,0000212000,083665,079324,094908,053097,078862,019096
0000000214,0000213000,086523,077640,093735,042261,082907,025887
0000000215,0000214000,089336,076758,091803,032439,083608,035008
0000000216,0000215000,091829,076765,089304,024593,080899,045563
0000000217,0000216000,093749,077656,086492,019503,075045,056507
0000000218,0000217000,094912,079352,083634,017663,066615,066777
0000000219,0000218000,095206,081689,081003,019247,056428,075380
0000000220,0000219000,094605,084426,078867,024100,045495,081460
0000000221,0000220000,093163,087298,077436,031749,034888,084419
0000000222,0000221000,091016,090038,076844,041454,025626,083976
0000000223,0000222000,088383,092366,077149,052255,018623,080178
0000000224,0000223000,085527,094049,078322,063085,014577,073393
0000000225,0000224000,082711,094933,080254,072904,013873,064278
0000000226,0000225000,080216,094929,082753,080750,016576,053729
0000000227,0000226000,078297,094036,085565,085841,022424,042791
0000000228,0000227000,077132,092341,088425,087683,030849,032524
0000000229,0000228000,076835,090005,091057,086104,041028,023923
0000000230,0000229000,077438,087266,093194,081258,051954,017843
0000000231,0000230000,078879,084392,094626,073615,062558,014882
0000000232,0000231000,081025,081654,095220,063918,071818,015319
0000000233,0000232000,083659,079324,094915,053124,078819,019112
0000000234,0000233000,086518,077637,093743,042297,082868,025890
0000000235,0000234000,089332,076754,091811,032482,083576,034998
0000000236,0000235000,091828,076758,089312,024638,080878,045540
0000000237,0000236000,093751,077648,086499,019545,075037,056473
0000000238,0000237000,094916,079344,083638,017699,066621,066735
0000000239,0000238000,095213,081681,081005,019273,056447,075334
0000000240,0000239000,094613,084418,078866,024113,045527,081415
0000000241,0000240000,093172,087293,077433,031748,034929,084379
0000000242,0000241000,091025,090035,076838,041438,025672,083946
0000000243,0000242000,088391,092365,077141,052226,018670,080160
0000000244,0000243000,085533,094052,078313,063046,014620,073389
0000000245,0000244000,082714,094939,080245,072858,013908,064290
0000000246,0000245000,080218,094936,082744,080702,016599,053755
0000000247,0000246000,078295,094045,085558,085795,022433,042828
0000000248,0000247000,077127,092351,088420,087644,030842,032570
0000000249,0000248000,076829,090014,091055,086077,041006,023973
0000000250,0000249000,077429,087274,093195,081244,051920,017892
0000000251,0000250000,078869,084399,094630,073617,062514,014925
0000000252,0000251000,081015,081657,095226,063935,071768,015352
0000000253,0000252000,083651,079323,094924,053155,078768,019132
0000000254,0000253000,086511,077634,093753,042340,082822,025894
0000000255,0000254000,089328,076748,091821,032532,083539,034985
0000000256,0000255000,091828,076749,089321,024690,080853,045512
0000000257,0000256000,093753,077638,086506,019595,075029,056432
0000000258,0000257000,094921,079334,083643,017741,066628,066686
0000000259,0000258000,095221,081671,081007,019303,056471,075281
0000000260,0000259000,094623,084410,078865,024128,045565,081363
0000000261,0000260000,093182,087288,077428,031746,034977,084333
0000000262,0000261000,091035,090032,076831,041419,025725,083911
0000000263,0000262000,088401,092365,077132,052191,018725,080139
0000000264,0000263000,085539,094056,078303,063000,014670,073385
0000000265,0000264000,082719,094945,080234,072804,013948,064303
0000000266,0000265000,080219,094944,082735,080645,016625,053785
0000000267,0000266000,078292,094056,085550,085742,022442,042872
0000000268,0000267000,077121,092362,088414,087600,030834,032623
0000000269,0000268000,076821,090024,091053,086045,040981,024030
0000000270,0000269000,077419,087283,093196,081228,051880,017948
0000000271,0000270000,078858,084406,094635,073619,062462,014974
0000000272,0000271000,081005,081660,095234,063956,071710,015390
0000000273,0000272000,083641,079323,094934,053192,078710,019154
0000000274,0000273000,086502,077631,093764,042389,082769,025898
0000000275,0000274000,089324,076741,091833,032590,083495,034971
0000000276,0000275000,091827,076740,089331,024750,080825,045480
0000000277,0000276000,093755,077627,086515,019651,075018,056386
0000000278,0000277000,094926,079322,083649,017789,066637,066629
0000000279,0000278000,095230,081659,081009,019337,056498,075220
0000000280,0000279000,094633,084401,078864,024144,045608,081303
0000000281,0000280000,093194,087281,077424,031743,035032,084280
0000000282,0000281000,091047,090027,076823,041398,025787,083871
0000000283,0000282000,088411,092365,077122,052152,018788,080116
0000000284,0000283000,085547,094060,078291,062947,014727,073381
0000000285,0000284000,082724,094952,080222,072743,013993,064319
0000000286,0000285000,080221,094954,082723,080581,016656,053819
0000000287,0000286000,078289,094068,085541,085681,022453,042921
0000000288,0000287000,077116,092374,088408,087549,030824,032683
0000000289,0000288000,076812,090036,091050,086008,040952,024096
0000000290,0000289000,077407,087293,093197,081210,051834,018012
0000000291,0000290000,078845,084413,094640,073622,062403,015030
0000000292,0000291000,080992,081664,095242,063979,071644,015432
0000000293,0000292000,083630,079324,094945,053233,078644,019178
0000000294,0000293000,086493,077628,093777,042446,082708,025902
0000000295,0000294000,089318,076733,091846,032656,083447,034954
0000000296,0000295000,091825,076729,089344,024819,080794,045444
0000000297,0000296000,093758,077615,086525,019716,075007,056332
0000000298,0000297000,094933,079308,083656,017844,066647,066565
0000000299,0000298000,095240,081646,081012,019376,056529,075150
0000000300,0000299000,094645,084390,078863,024163,045658,081235
0000000301,0000300000,093207,087272,077418,031741,035095,084221
0000000302,0000301000,091061,090023,076814,041373,025858,083826
0000000303,0000302000,088423,092365,077110,052108,018859,080089
0000000304,0000303000,085557,094064,078277,062887,014791,073377
0000000305,0000304000,082731,094960,080207,072673,014045,064337
0000000306,0000305000,080222,094965,082710,080508,016689,053858
0000000307,0000306000,078286,094082,085530,085612,022465,042978
0000000308,0000307000,077109,092388,088400,087491,030813,032752
0000000309,0000308000,076801,090050,091047,085967,040919,024170
0000000310,0000309000,077393,087306,093199,081190,051781,018084
0000000311,0000310000,078831,084422,094645,073626,062336,015093
0000000312,0000311000,080978,081668,095252,064005,071569,015480
0000000313,0000312000,083616,079324,094958,053281,078569,019206
0000000314,0000313000,086483,077623,093791,042510,082639,025907
0000000315,0000314000,089312,076725,091861,032730,083392,034934
0000000316,0000315000,091823,076717,089358,024896,080758,045402
0000000317,0000316000,093761,077601,086537,019789,074994,056272
0000000318,0000317000,094941,079293,083664,017905,066659,066492
0000000319,0000318000,095251,081631,081016,019419,056565,075071
0000000320,0000319000,094659,084377,078861,024184,045713,081158
0000000321,0000320000,093223,087262,077412,031737,035165,084154
0000000322,0000321000,091077,090017,076804,041344,025937,083775
0000000323,0000322000,088437,092365,077096,052057,018938,080060
0000000324,0000323000,085568,094069,078261,062820,014863,073372
0000000325,0000324000,082738,094969,080192,072594,014103,064358
0000000326,0000325000,080224,094978,082696,080426,016727,053902
0000000327,0000326000,078283,094097,085518,085536,022478,043042
0000000328,0000327000,077101,092404,088392,087426,030800,032829
0000000329,0000328000,076789,090065,091043,085922,040882,024253
0000000330,0000329000,077378,087319,093200,081169,051722,018165
0000000331,0000330000,078814,084432,094652,073630,062261,015164
0000000332,0000331000,080961,081674,095263,064035,071486,015534
0000000333,0000332000,083601,079325,094972,053334,078484,019237
0000000334,0000333000,086472,077618,093808,042581,082563,025911
0000000335,0000334000,089305,076715,091878,032813,083331,034912
0000000336,0000335000,091820,076704,089373,024982,080719,045355
0000000337,0000336000,093764,077584,086550,019870,074980,056205
0000000338,0000337000,094949,079275,083674,017973,066672,066410
0000000339,0000338000,095263,081615,081020,019467,056605,074984
0000000340,0000339000,094675,084363,078860,024207,045775,081073
0000000341,0000340000,093241,087251,077406,031732,035244,084079
0000000342,0000341000,091094,090011,076792,041312,026025,083719
0000000343,0000342000,088452,092364,077081,052001,019027,080028
0000000344,0000343000,085581,094073,078244,062744,014943,073368
0000000345,0000344000,082746,094979,080174,072506,014167,064382
0000000346,0000345000,080227,094993,082679,080335,016768,053952
0000000347,0000346000,078280,094114,085504,085450,022492,043113
0000000348,0000347000,077093,092423,088382,087355,030786,032915
0000000349,0000348000,076776,090083,091038,085871,040839,024345
0000000350,0000349000,077362,087335,093201,081145,051656,018254
0000000351,0000350000,078796,084443,094659,073635,062178,015242
0000000352,0000351000,080943,081681,095274,064069,071393,015593
0000000353,0000352000,083585,079325,094988,053394,078391,019270
0000000354,0000353000,086459,077613,093826,042661,082479,025916
0000000355,0000354000,089296,076705,091897,032905,083264,034887
0000000356,0000355000,091817,076689,089391,025078,080675,045303
0000000357,0000356000,093767,077566,086564,019960,074965,056130
0000000358,0000357000,094958,079256,083684,018047,066688,066320
0000000359,0000358000,095277,081596,081025,019520,056649,074886
0000000360,0000359000,094693,084346,078859,024232,045844,080979
0000000361,0000360000,093260,087239,077398,031726,035332,083997
0000000362,0000361000,091113,090004,076780,041276,026123,083657
0000000363,0000362000,088470,092363,077064,051939,019124,079993
0000000364,0000363000,085595,094079,078224,062660,015032,073363
0000000365,0000364000,082755,094990,080154,072409,014237,064408
0000000366,0000365000,080230,095008,082660,080235,016813,054007
0000000367,0000366000,078277,094133,085488,085356,022508,043192
0000000368,0000367000,077084,092443,088371,087276,030769,033010
0000000369,0000368000,076762,090103,091033,085816,040793,024447
0000000370,0000369000,077344,087352,093202,081119,051583,018353
0000000371,0000370000,078775,084456,094666,073641,062086,015328
0000000372,0000371000,080922,081689,095287,064107,071291,015657
0000000373,0000372000,083566,079326,095005,053459,078289,019307
0000000374,0000373000,086444,077607,093847,042749,082386,025921
0000000375,0000374000,089286,076694,091918,033006,083191,034859
0000000376,0000375000,091814,076673,089411,025183,080628,045245
0000000377,0000376000,093771,077546,086581,020058,074950,056047
0000000378,0000377000,094967,079235,083696,018129,066706,066220
0000000379,0000378000,095292,081576,081031,019577,056698,074780
0000000380,0000379000,094712,084328,078858,024259,045921,080875
0000000381,0000380000,093282,087225,077391,031720,035429,083908
0000000382,0000381000,091135,089996,076766,041237,026230,083590
0000000383,0000382000,088489,092362,077046,051870,019231,079955
0000000384,0000383000,085611,094084,078203,062568,015129,073358
0000000385,0000384000,082765,095002,080131,072303,014314,064438
0000000386,0000385000,080233,095026,082639,080125,016862,054068
0000000387,0000386000,078274,094154,085471,085253,022524,043278
0000000388,0000387000,077074,092466,088358,087191,030751,033115
0000000389,0000388000,076746,090125,091027,085756,040741,024559
0000000390,0000389000,077324,087371,093203,081091,051503,018461
0000000391,0000390000,078753,084471,094674,073648,061985,015422
0000000392,0000391000,080899,081697,095301,064149,071179,015727
0000000393,0000392000,083546,079328,095024,053532,078177,019347
0000000394,0000393000,086427,077602,093869,042845,082285,025925
0000000395,0000394000,089275,076681,091941,033118,083111,034828
0000000396,0000395000,091810,076655,089433,025298,080577,045181
0000000397,0000396000,093774,077524,086600,020166,074933,055957
0000000398,0000397000,094977,079211,083709,018219,066725,066111
0000000399,0000398000,095308,081553,081037,019639,056752,074663
0000000400,0000399000,094733,084308,078857,024288,046005,080763
0000000401,0000400000,093305,087210,077383,031712,035534,083810
0000000402,0000401000,087020,092635,079405,047381,026019,083178
0000000403,0000402000,089428,090081,074753,058891,016947,077513
0000000404,0000403000,087319,094204,078324,068304,014953,073083
0000000405,0000404000,085288,093800,078936,070848,013978,064039
0000000406,0000405000,085566,093470,081068,071881,018578,055763
0000000407,0000406000,083683,094636,085914,065609,025778,046578
0000000408,0000407000,082919,088751,084559,057186,036341,038901
0000000409,0000408000,080240,090075,090843,044168,047709,031839
0000000410,0000409000,083573,085305,090950,030199,060040,027374
0000000411,0000410000,080473,084865,094931,016488,072555,026348
0000000412,0000411000,082852,081947,095367,003362,080565,025337
0000000413,0000412000,083830,079386,094756,-06325,089636,030914
0000000414,0000413000,082340,079065,095007,-13748,091389,035090
0000000415,0000414000,087196,076967,091984,-16102,091521,043261
0000000416,0000415000,085864,080315,092878,-13587,087327,052027
0000000417,0000416000,088449,078306,087302,-07048,078832,060137
0000000418,0000417000,088919,081906,086570,004513,068850,068638
0000000419,0000418000,089725,082561,082348,017074,056138,074462
0000000420,0000419000,089661,084929,079871,033299,043921,079136
0000000421,0000420000,089994,089141,079849,048156,031240,079983
0000000422,0000421000,090398,089180,076526,063376,022028,079626
0000000423,0000422000,087202,092931,078152,074988,014174,075155
0000000424,0000423000,088939,092003,076660,083107,010500,068988
0000000425,0000424000,085220,094150,079717,087172,011486,061778
0000000426,0000425000,085311,093184,080996,085840,014456,051739
0000000427,0000426000,084529,092718,084055,081224,023173,043939
0000000428,0000427000,081930,091233,086959,071285,032738,035020
0000000429,0000428000,082753,087796,088260,059289,044971,028664
0000000430,0000429000,081350,087452,092693,044743,057440,024241
0000000431,0000430000,082298,083121,092687,030304,069090,022248
0000000432,0000431000,081984,082770,095626,017269,079220,023332
0000000433,0000432000,083759,079876,094738,006050,085959,026616
0000000434,0000433000,083804,078567,094091,-00945,090110,033233
0000000435,0000434000,085290,078740,093407,-04607,088864,040123
0000000436,0000435000,087496,078082,090447,-02772,085394,049756
0000000437,0000436000,087005,080314,089288,003165,077102,058196
0000000438,0000437000,089937,080367,085119,013182,066584,066312
0000000439,0000438000,089083,083550,083560,026428,054839,073314
0000000440,0000439000,090007,084778,080099,040781,041510,077049
0000000441,0000440000,090236,087852,078986,056449,030077,079306
0000000442,0000441000,089311,090184,077983,070142,019596,077841
0000000443,0000442000,088989,091091,076799,082337,012572,074294
0000000444,0000443000,087362,093444,078526,090254,008667,067899
0000000445,0000444000,086883,092566,078427,094257,009066,060071
0000000446,0000445000,084617,093709,081725,093624,013192,051073
0000000447,0000446000,084617,092107,083498,088235,020578,041713
0000000448,0000447000,082761,090873,086465,079360,031502,033903
0000000449,0000448000,082109,088900,089110,066680,042935,026477
0000000450,0000449000,082413,086177,091067,052765,056118,022477
0000000451,0000450000,081367,084641,093749,037907,067809,020276
0000000452,0000451000,082948,081617,093974,024386,077914,021168
0000000453,0000452000,082942,080884,095308,013166,085413,025100
0000000454,0000453000,084304,078668,093802,005085,088839,030934
0000000455,0000454000,085342,078664,093009,001602,088871,039174
0000000456,0000455000,086710,078847,091048,002161,084391,047944
0000000457,0000456000,087973,079293,088265,007844,076955,057439
0000000458,0000457000,088665,081487,086339,017102,066149,065535
0000000459,0000458000,090036,082507,082754,029737,054140,072622
0000000460,0000459000,089451,085479,081173,044177,041283,077166
0000000461,0000460000,090359,087174,078735,058971,028988,078872
0000000462,0000461000,089443,089784,078029,073235,019083,078276
0000000463,0000462000,088708,091344,077525,084777,011238,074102
0000000464,0000463000,088080,092361,077852,093437,007732,068175
0000000465,0000464000,086288,093348,079501,097453,007704,059891
0000000466,0000465000,085598,092567,080768,097221,011827,050744
0000000467,0000466000,083997,092560,083996,092343,019546,041425
0000000468,0000467000,083361,090465,085918,083370,029938,032721
0000000469,0000468000,082242,088983,088933,071427,042324,025847
0000000470,0000469000,082143,086625,091154,057154,054956,020856
0000000471,0000470000,082063,084215,092846,042661,067456,019066
0000000472,0000471000,082234,082543,094399,028668,077547,019645
0000000473,0000472000,083509,080315,094281,017120,085268,023567
0000000474,0000473000,083809,079608,094319,008733,089172,029780
0000000475,0000474000,085553,078524,092539,004396,088964,037839
0000000476,0000475000,086483,079051,091093,004762,085083,047386
0000000477,0000476000,087720,079601,088547,009389,077151,056664
0000000478,0000477000,088894,081002,085959,018434,066790,065629
0000000479,0000478000,089408,083076,083602,030378,054276,072686
0000000480,0000479000,090050,084736,080828,044594,041381,077671
0000000481,0000480000,089774,087496,079508,059344,028975,079744
0000000482,0000481000,089797,089120,077879,073364,018437,078922
0000000483,0000482000,088706,091169,077869,085420,010842,075257
0000000484,0000483000,088023,092196,078118,094036,006632,068752
0000000485,0000484000,086772,092776,079265,098849,006827,060671
0000000486,0000485000,085367,092840,081263,098880,010641,051000
0000000487,0000486000,084560,091840,083310,094613,018456,041413
0000000488,0000487000,083123,090895,086209,086104,029011,032409
0000000489,0000488000,082699,088683,088363,074352,041387,024971
0000000490,0000489000,082061,086905,091020,060532,054613,019990
0000000491,0000490000,082114,084502,092606,045781,067012,017578
0000000492,0000491000,082433,082531,093840,031887,077826,018446
0000000493,0000492000,083080,080948,094382,019777,085552,022055
0000000494,0000493000,084152,079489,093706,010997,089866,028541
0000000495,0000494000,085054,079210,092856,006078,089895,036893
0000000496,0000495000,086589,078930,090767,005670,085935,046572
0000000497,0000496000,087454,079899,088790,009832,078306,056539
0000000498,0000497000,088711,081029,086109,018022,067539,065631
0000000499,0000498000,089426,082839,083676,029718,055122,073392
0000000500,0000499000,089756,084905,081433,043430,041739,078518
0000000501,0000500000,090027,086906,079446,058174,029146,081020
0000000502,0000501000,089500,089163,078521,072253,018230,080325
0000000503,0000502000,089052,090552,077841,084499,010222,076589
0000000504,0000503000,087959,092028,078459,093707,005931,070175
0000000505,0000504000,086971,092456,079356,098898,005640,061575
0000000506,0000505000,085664,092489,081173,099775,009637,051829
0000000507,0000506000,084520,091884,083408,095979,017230,041585
0000000508,0000507000,083561,090539,085722,088157,028021,032245
0000000509,0000508000,082598,089015,088395,076822,040615,024338
0000000510,0000509000,082367,086801,090439,063244,054070,018875
0000000511,0000510000,082046,084916,092427,048680,066983,016328
0000000512,0000511000,082474,082774,093453,034488,077993,016839
0000000513,0000512000,083049,081208,094003,022179,086300,020635
0000000514,0000513000,083917,080012,093645,012713,090733,027069
0000000515,0000514000,085097,079301,092508,007223,091141,035843
0000000516,0000515000,086180,079429,090994,006031,087254,045844
0000000517,0000516000,087477,079860,088659,009418,079600,056255
0000000518,0000517000,088381,081234,086447,016999,068837,065987
0000000519,0000518000,089322,082715,083890,028018,056017,074065
0000000520,0000519000,089698,084728,081742,041505,042497,079824
0000000521,0000520000,089862,086767,079927,055986,029347,082505
0000000522,0000521000,089663,088641,078703,070262,018130,082108
0000000523,0000522000,088958,090379,078353,082789,009683,078356
0000000524,0000523000,088239,091449,078497,092518,005028,071798
0000000525,0000524000,087023,092236,079646,098445,004559,062980
0000000526,0000525000,085944,092131,081133,099998,008306,052695
0000000527,0000526000,084725,091673,083290,097091,016032,042095
0000000528,0000527000,083696,090528,085595,089871,026799,032057
0000000529,0000528000,082897,088910,087955,079192,039769,023725
0000000530,0000529000,082336,087128,090223,065937,053510,017727
0000000531,0000530000,082264,085029,091868,051513,066835,014822
0000000532,0000531000,082364,083249,093188,037236,078357,015186
0000000533,0000532000,083034,081533,093566,024484,086986,018841
0000000534,0000533000,083787,080437,093378,014517,091903,025542
0000000535,0000534000,084871,079736,092403,008185,092475,034505
0000000536,0000535000,086052,079643,090847,006223,088840,045038
0000000537,0000536000,087145,080219,088882,008699,081142,055935
0000000538,0000537000,088280,081187,086526,015495,070274,066273
0000000539,0000538000,089030,082786,084318,025883,057230,074955
0000000540,0000539000,089636,084495,082061,038877,043270,081159
0000000541,0000540000,089768,086496,080380,053247,029778,084335
0000000542,0000541000,089631,088290,079167,067540,017989,084058
0000000543,0000542000,089105,089870,078653,080493,009177,080446
0000000544,0000543000,088277,091098,078897,090770,004069,073695
0000000545,0000544000,087315,091692,079723,097492,003320,064570
0000000546,0000545000,086093,091881,081283,099944,006922,053844
0000000547,0000546000,085025,091355,083126,097912,014562,042623
0000000548,0000547000,083910,090428,085399,091595,025526,032031
0000000549,0000548000,083092,088953,087630,081552,038683,023000
0000000550,0000549000,082533,087242,089733,068831,052873,016534
0000000551,0000550000,082281,085410,091486,054574,066598,013152
0000000552,0000551000,082459,083559,092627,040231,078643,013288
0000000553,0000552000,082885,082088,093219,027109,087752,016893
0000000554,0000553000,083707,080859,092980,016484,093044,023695
0000000555,0000554000,084644,080223,092222,009366,094002,033043
0000000556,0000555000,085801,080040,090779,006400,090485,043987
0000000557,0000556000,086924,080458,088927,007938,082890,055549
0000000558,0000557000,087968,081383,086825,013769,071864,066492
0000000559,0000558000,088870,082691,084595,023403,058581,075845
0000000560,0000559000,089407,084398,082585,035851,044232,082636
0000000561,0000560000,089719,086117,080831,049943,030243,086238
0000000562,0000561000,089583,087891,079706,064324,017989,086277
0000000563,0000562000,089177,089369,079110,077599,008620,082688
0000000564,0000563000,088441,090537,079241,088558,003124,075859
0000000565,0000564000,087481,091235,080016,096106,001990,066351
0000000566,0000565000,086407,091396,081306,099579,005408,055155
0000000567,0000566000,085247,091103,083109,098590,012983,043312
0000000568,0000567000,084231,090210,085112,093255,024036,032012
0000000569,0000568000,083310,088992,087279,084077,037489,022334
0000000570,0000569000,082726,087408,089238,071926,052018,015213
0000000571,0000570000,082412,085719,090927,058008,066271,011392
0000000572,0000571000,082457,084053,092108,043609,078803,011188
0000000573,0000572000,082864,082578,092657,030150,088449,014731
0000000574,0000573000,083517,081476,092622,018860,094194,021650
0000000575,0000574000,084467,080723,091901,010836,095510,031317
0000000576,0000575000,085502,080542,090694,006831,092246,042795
0000000577,0000576000,086639,080792,088988,007225,084692,054959
0000000578,0000577000,087680,081558,087060,012012,073618,066647
0000000579,0000578000,088579,082729,085014,020699,060050,076678
0000000580,0000579000,089233,084184,083061,032490,045335,084138
0000000581,0000580000,089549,085813,081461,046209,030854,088239
0000000582,0000581000,089576,087372,080264,060572,018059,088596
0000000583,0000582000,089208,088824,079691,074200,008172,085138
0000000584,0000583000,088597,089907,079687,085801,002167,078165
0000000585,0000584000,087708,090638,080322,094299,000678,068354
0000000586,0000585000,086676,090903,081459,098857,003808,056617
0000000587,0000586000,085589,090683,083025,099068,011306,044144
0000000588,0000587000,084518,090025,084901,094872,022419,032097
0000000589,0000588000,083630,088935,086827,086694,036103,021682
0000000590,0000589000,082934,087602,088716,075305,051018,013903
0000000591,0000590000,082576,086059,090287,061800,065732,009518
0000000592,0000591000,082514,084564,091455,047482,078828,008989
0000000593,0000592000,082805,083204,092063,033689,088988,012377
0000000594,0000593000,083393,082107,092096,021750,095253,019412
0000000595,0000594000,084211,081395,091574,012764,096968,029388
0000000596,0000595000,085230,081078,090498,007604,093983,041383
0000000597,0000596000,086285,081240,089056,006752,086563,054214
0000000598,0000597000,087352,081796,087294,010298,075431,066629
0000000599,0000598000,088262,082779,085447,017913,061667,077442
0000000600,0000599000,088970,084024,083651,028850,046570,085578
0000000601,0000600000,089391,085426,082117,042080,031637,090260
0000000602,0000601000,089482,086863,080985,056317,018291,090985
0000000603,0000602000,089266,088149,080330,070229,007854,087686
0000000604,0000603000,088721,089220,080266,082491,001342,080634
0000000605,0000604000,087955,089933,080704,091954,-00593,070500
0000000606,0000605000,086981,090293,081660,097726,002243,058273
0000000607,0000606000,085936,090209,083008,099243,009569,045116
0000000608,0000607000,084894,089724,084640,096372,020712,032326
0000000609,0000608000,083954,088884,086393,089364,034566,021126
0000000610,0000609000,083234,087739,088085,078908,049821,012629
0000000611,0000610000,082758,086453,089584,065991,064993,007653
0000000612,0000611000,082618,085115,090683,051851,078606,006711
0000000613,0000612000,082777,083898,091348,037830,089329,009930
0000000614,0000613000,083254,082863,091486,025239,096107,017005
0000000615,0000614000,083980,082136,091114,015276,098286,027285
0000000616,0000615000,084897,081761,090277,008866,095626,039768
0000000617,0000616000,085928,081748,089043,006632,088402,053260
0000000618,0000617000,086950,082142,087551,008781,077294,066436
0000000619,0000618000,087903,082865,085900,015116,063373,078032
0000000620,0000619000,088653,083878,084307,025032,047983,086916
0000000621,0000620000,089166,085042,082884,037575,032609,092200
0000000622,0000621000,089373,086272,081792,051560,018758,093371
0000000623,0000622000,089264,087426,081127,065651,007763,090273
0000000624,0000623000,088862,088399,080928,078535,000724,083194
0000000625,0000624000,088184,089141,081216,088990,-01684,072794
0000000626,0000625000,087320,089553,081928,096040,000779,060084
0000000627,0000626000,086320,089633,083039,099014,007887,046285
0000000628,0000627000,085307,089350,084399,097621,018953,032728
0000000629,0000628000,084355,088752,085908,091999,032919,020744
0000000630,0000629000,083568,087881,087414,082673,048429,011485
0000000631,0000630000,083021,086834,088754,070544,063999,005875
0000000632,0000631000,082748,085737,089815,056753,078095,004472
0000000633,0000632000,082796,084659,090488,042611,089352,007446
0000000634,0000633000,083129,083730,090748,029445,096671,014521
0000000635,0000634000,083742,083003,090549,018486,099331,025029
0000000636,0000635000,084559,082549,089951,010770,097076,037970
0000000637,0000636000,085515,082393,088997,007019,090116,052080
0000000638,0000637000,086519,082560,087769,007598,079128,066006
0000000639,0000638000,087467,083036,086402,012447,065153,078392
0000000640,0000639000,088285,083749,085014,021110,049553,088033
0000000641,0000640000,088875,084656,083758,032760,033835,093977
0000000642,0000641000,089206,085636,082732,046290,019523,095631
0000000643,0000642000,089231,086609,082051,060427,008020,092814
0000000644,0000643000,088963,087488,081746,073839,000442,085769
0000000645,0000644000,088425,088204,081835,085277,-02469,075179
0000000646,0000645000,087660,088699,082315,093661,-00437,062050
0000000647,0000646000,086751,088922,083120,098206,006354,047652
0000000648,0000647000,085767,088877,084188,098478,017248,033376
0000000649,0000648000,084818,088545,085404,094450,031195,020607
0000000650,0000649000,083980,087978,086667,086506,046856,010590
0000000651,0000650000,083340,087233,087832,075396,062708,004306
0000000652,0000651000,082953,086387,088800,062176,077212,002395
0000000653,0000652000,082850,085519,089495,048086,088952,005052
0000000654,0000653000,083045,084699,089849,034451,096793,012042
0000000655,0000654000,083508,084007,089855,022542,099968,022701
0000000656,0000655000,084210,083475,089514,013475,098173,036005
0000000657,0000656000,085073,083167,088868,008102,091586,050672
0000000658,0000657000,086026,083102,087966,006927,080831,065284
0000000659,0000658000,086976,083280,086909,010067,066949,078430
0000000660,0000659000,087831,083681,085798,017218,051280,088821
0000000661,0000660000,088518,084261,084729,027707,035346,095443
0000000662,0000661000,088965,084964,083817,040541,020691,097635
0000000663,0000662000,089144,085711,083129,054514,008744,095165
0000000664,0000663000,089031,086459,082721,068320,000665,088257
0000000665,0000664000,088644,087136,082612,080667,-02774,077572
0000000666,0000665000,088016,087689,082814,090407,-01233,064136
0000000667,0000666000,087203,088079,083297,096622,005133,049236
0000000668,0000667000,086286,088269,084010,098732,015712,034320
0000000669,0000668000,085343,088247,084896,096536,029483,020829
0000000670,0000669000,084471,088017,085855,090244,045116,010075
0000000671,0000670000,083742,087619,086801,080449,061093,003119
0000000672,0000671000,083230,087078,087648,068072,075859,000647
0000000673,0000672000,082975,086451,088329,054277,087987,002914
0000000674,0000673000,083000,085792,088787,040347,096300,009711
0000000675,0000674000,083304,085143,088993,027584,099998,020396
0000000676,0000675000,083854,084562,088945,017176,098731,033936
0000000677,0000676000,084607,084092,088637,010094,092625,049028
0000000678,0000677000,085485,083779,088113,007003,082269,064219
0000000679,0000678000,086413,083634,087423,008190,068665,078033
0000000680,0000679000,087301,083675,086632,013542,053137,089127
0000000681,0000680000,088067,083892,085814,022553,037184,096415
0000000682,0000681000,088645,084256,085044,034378,022361,099181
0000000683,0000682000,088979,084742,084384,047910,010102,097141
0000000684,0000683000,089045,085312,083875,061891,001589,090487
0000000685,0000684000,088832,085922,083564,075018,-02365,079858
0000000686,0000685000,088364,086522,083466,086070,-01382,066269
0000000687,0000686000,087682,087070,083582,094019,004437,051034
0000000688,0000687000,086848,087518,083900,098122,014521,035624
0000000689,0000688000,085942,087827,084387,097999,027895,021532
0000000690,0000689000,085044,087983,084995,093662,043259,010126
0000000691,0000690000,084241,087970,085664,085522,059118,002523
0000000692,0000691000,083600,087790,086348,074339,073936,-00532
0000000693,0000692000,083183,087456,086985,061155,086282,001259
0000000694,0000693000,083024,086993,087530,047196,094969,007735
0000000695,0000694000,083138,086430,087948,033756,099165,018272
0000000696,0000695000,083517,085810,088206,022084,098483,031854
0000000697,0000696000,084122,085190,088285,013263,092993,047172
0000000698,0000697000,084902,084609,088183,008114,083235,062749
0000000699,0000698000,085780,084120,087920,007112,070166,077071
0000000700,0000699000,086681,083761,087511,010348,055058,088748
0000000701,0000700000,087519,083563,086998,017516,039378,096648
0000000702,0000701000,088220,083542,086421,027947,024646,099998
0000000703,0000702000,088722,083709,085817,040673,012284,098473
0000000704,0000703000,088978,084060,085232,054514,003472,092220
0000000705,0000704000,088967,084563,084712,068190,-00952,081841
0000000706,0000705000,088687,085189,084295,080433,-00574,068336
0000000707,0000706000,088166,085887,084008,090108,004554,053010
0000000708,0000707000,087450,086600,083878,096320,013921,037348
0000000709,0000708000,086606,087269,083911,098496,026608,022863
0000000710,0000709000,085710,087843,084101,096437,041372,010965
0000000711,0000710000,084842,088266,084439,090340,056775,002806
0000000712,0000711000,084083,088496,084902,080772,071330,-00827
0000000713,0000712000,083496,088510,085460,068617,083638,000412
0000000714,0000713000,083140,088292,086071,054997,092523,006403
0000000715,0000714000,083042,087854,086696,041170,097148,016565
0000000716,0000715000,083216,087228,087279,028412,097086,029914
0000000717,0000716000,083644,086461,087776,017904,092360,045162
0000000718,0000717000,084286,085614,088151,010616,083451,060827
0000000719,0000718000,085087,084756,088368,007218,071243,075391
0000000720,0000719000,085971,083965,088408,008017,056936,087443
0000000721,0000720000,086861,083308,088260,012935,041924,095823
0000000722,0000721000,087677,082851,087929,021515,027659,099728
0000000723,0000722000,088345,082647,087427,032966,015505,098791
0000000724,0000723000,088806,082722,086792,046236,006615,093113
0000000725,0000724000,089016,083078,086073,060104,001825,083244
0000000726,0000725000,088957,083696,085323,073293,001575,070144
0000000727,0000726000,088631,084529,084604,084584,005861,055084
0000000728,0000727000,088071,085506,083978,092939,014239,039529
0000000729,0000728000,087324,086551,083498,097592,025870,024986
0000000730,0000729000,086461,087571,083210,098122,039599,012864
0000000731,0000730000,085556,088469,083152,094487,054088,004324
0000000732,0000731000,084690,089159,083341,087023,067940,000173
0000000733,0000732000,083941,089571,083769,076415,079835,000795
0000000734,0000733000,083375,089654,084415,063633,088647,006117
0000000735,0000734000,083048,089387,085230,049849,093556,015613
0000000736,0000735000,082987,088790,086145,036328,094118,028359
0000000737,0000736000,083201,087901,087087,024316,090310,043112
0000000738,0000737000,083669,086792,087978,014915,082542,058433
0000000739,0000738000,084350,085559,088732,008984,071606,072832
0000000740,0000739000,085183,084313,089277,007059,058592,084924
0000000741,0000740000,086094,083165,089557,009307,044775,093555
0000000742,0000741000,087004,082230,089529,015519,031485,097918
0000000743,0000742000,087829,081605,089182,025128,019982,097619
0000000744,0000743000,088498,081352,088537,037259,011346,092708
0000000745,0000744000,088946,081511,087640,050807,006378,083674
0000000746,0000745000,089133,082080,086559,064530,005521,071404
0000000747,0000746000,089040,083017,085389,077169,008815,057102
0000000748,0000747000,088674,084247,084234,087565,015892,042166
0000000749,0000748000,088070,085665,083194,094772,026015,028052
0000000750,0000749000,087278,087143,082377,098141,038164,016117
0000000751,0000750000,086372,088538,081865,097374,051145,007487
0000000752,0000751000,085428,089723,081719,092546,063713,002960
0000000753,0000752000,084532,090576,081966,084096,074679,002937
0000000754,0000753000,083763,091008,082600,072788,083022,007390
0000000755,0000754000,083192,090968,083573,059647,087977,015867
0000000756,0000755000,082875,090443,084809,045872,089108,027530
0000000757,0000756000,082839,089468,086205,032724,086360,041226
0000000758,0000757000,083092,088121,087633,021406,080061,055605
0000000759,0000758000,083609,086526,088960,012945,070883,069269
0000000760,0000759000,084346,084825,090057,008100,059762,080905
0000000761,0000760000,085236,083179,090813,007302,047797,089427
0000000762,0000761000,086203,081744,091145,010614,036136,094056
0000000763,0000762000,087161,080660,091008,017737,025872,094397
0000000764,0000763000,088025,080037,090404,028032,017956,090451
0000000765,0000764000,088716,079947,089368,040570,013105,082630
0000000766,0000765000,089168,080417,087983,054213,011734,071721
0000000767,0000766000,089339,081417,086368,067716,013911,058812
0000000768,0000767000,089209,082864,084672,079847,019352,045179
0000000769,0000768000,088791,084629,083054,089506,027454,032155
0000000770,0000769000,088122,086544,081675,095828,037375,020985
0000000771,0000770000,087261,088431,080670,098254,048133,012701
0000000772,0000771000,086285,090114,080140,096575,058695,008045
0000000773,0000772000,085275,091432,080150,090942,068075,007411
0000000774,0000773000,084324,092250,080715,081857,075414,010807
0000000775,0000774000,083517,092481,081797,070134,080060,017868
0000000776,0000775000,082930,092082,083315,056830,081624,027872
0000000777,0000776000,082620,091070,085139,043156,080035,039807
0000000778,0000777000,082618,089537,087096,030355,075536,052482
0000000779,0000778000,082926,087622,088997,019587,068645,064658
0000000780,0000779000,083512,085507,090658,011813,060097,075179
0000000781,0000780000,084329,083390,091916,007720,050747,083079
0000000782,0000781000,085301,081468,092648,007666,041491,087668
0000000783,0000782000,086347,079922,092777,011651,033188,088570
0000000784,0000783000,087375,078904,092270,019323,026590,085758
0000000785,0000784000,088290,078526,091157,030003,022270,079558
0000000786,0000785000,089009,078843,089522,042732,020572,070619
0000000787,0000786000,089460,079847,087509,056359,021568,059859
0000000788,0000787000,089600,081447,085306,069644,025059,048365
0000000789,0000788000,089415,083493,083133,081389,030611,037262
0000000790,0000789000,088923,085785,081201,090544,037614,027596
0000000791,0000790000,088168,088110,079694,096304,045359,020243
0000000792,0000791000,087216,090256,078755,098165,053101,015832
0000000793,0000792000,086150,092021,078478,095967,060126,014710
0000000794,0000793000,085061,093234,078913,089900,065810,016912
0000000795,0000794000,084048,093764,080036,080498,069674,022158
0000000796,0000795000,083204,093541,081764,068597,071432,029877
0000000797,0000796000,082612,092563,083945,055268,071022,039257
0000000798,0000797000,082330,090919,086368,041719,068599,049339
0000000799,0000798000,082384,088773,088791,029172,064501,059136
0000000800,0000799000,082768,086330,090980,018746,059203,067733
0000000801,0000800000,083445,083825,092726,011357,053257,074362
0000000802,0000801000,084358,081480,093868,007652,047233,078474
0000000803,0000802000,085426,079511,094299,007951,041685,079759
0000000804,0000803000,086558,078112,093952,012231,037097,078176
0000000805,0000804000,087654,077432,092838,020121,033828,073968
0000000806,0000805000,088612,077552,091046,030926,032095,067619
0000000807,0000806000,089340,078483,088730,043681,031947,059817
0000000808,0000807000,089764,080144,086117,057232,033265,051375
0000000809,0000808000,089847,082358,083474,070359,035813,043122
0000000810,0000809000,089584,084912,081056,081892,039267,035816
0000000811,0000810000,089002,087564,079086,090819,043244,030095
0000000812,0000811000,088148,090077,077749,096361,047359,026422
0000000813,0000812000,087098,092222,077166,098035,051238,025050
0000000814,0000813000,085944,093791,077411,095694,054558,026016
0000000815,0000814000,084784,094618,078492,089536,057087,029122
0000000816,0000815000,083728,094606,080319,080096,058697,033969
0000000817,0000816000,082874,093741,082732,068211,059364,040010
0000000818,0000817000,082310,092097,085492,054948,059164,046595
0000000819,0000818000,082086,089852,088314,041505,058234,053077
0000000820,0000819000,082218,087232,090926,029077,056737,058877
0000000821,0000820000,082691,084474,093094,018754,054871,063502
0000000822,0000821000,083466,081833,094614,011435,052832,066595
0000000823,0000822000,084474,079546,095345,007760,050794,067968
0000000824,0000823000,085627,077830,095209,008046,048904,067597
0000000825,0000824000,086827,076867,094187,012276,047255,065637
0000000826,0000825000,087962,076768,092358,020089,045875,062397
0000000827,0000826000,088926,077547,089897,030800,044750,058279
0000000828,0000827000,089625,079141,087035,043456,043850,053736
0000000829,0000828000,089988,081377,084081,056913,043130,049235
0000000830,0000829000,089995,084010,081323,069972,042598,045146
0000000831,0000830000,089646,086822,078990,081492,042252,041797
0000000832,0000831000,088968,089553,077307,090466,042086,039432
0000000833,0000832000,088027,091933,076440,096115,042139,038162
0000000834,0000833000,086899,093765,076464,097949,042459,037977
0000000835,0000834000,085687,094848,077400,095804,043097,038774
0000000836,0000835000,084496,095054,079198,089854,044139,040336
0000000837,0000836000,083442,094374,081660,080613,045645,042407
0000000838,0000837000,082622,092872,084556,068898,047603,044749
0000000839,0000838000,082120,090696,087588,055758,049955,047100
0000000840,0000839000,081975,088095,090441,042375,052546,049297
0000000841,0000840000,082185,085294,092893,029914,055161,051202
0000000842,0000841000,082749,082524,094709,019463,057609,052701
0000000843,0000842000,083599,080093,095705,011930,059645,053763
0000000844,0000843000,084675,078193,095787,007966,061007,054439
0000000845,0000844000,085872,077014,094952,007921,061489,054799
0000000846,0000845000,087088,076698,093238,011805,060891,054949
0000000847,0000846000,088211,077265,090819,019297,059107,054994
0000000848,0000847000,089131,078652,087950,029740,056164,054970
0000000849,0000848000,089766,080708,084912,042205,052238,054894
0000000850,0000849000,090049,083226,082019,055570,047625,054731
0000000851,0000850000,089984,085962,079496,068665,042734,054418
0000000852,0000851000,089553,088696,077592,080352,037978,053921
0000000853,0000852000,088812,091128,076492,089611,033809,053168
0000000854,0000853000,087820,093056,076295,095648,030689,052083
0000000855,0000854000,086666,094297,077022,097932,029001,050615
0000000856,0000855000,085457,094706,078616,096262,029058,048759
0000000857,0000856000,084293,094271,080927,090764,031016,046576
0000000858,0000857000,083294,093031,083706,081910,034825,044234
0000000859,0000858000,082544,091133,086682,070482,040228,041953
0000000860,0000859000,082122,088771,089546,057507,046773,039986
0000000861,0000860000,082044,086159,092077,044126,053872,038601
0000000862,0000861000,082325,083522,094034,031503,060902,037984
0000000863,0000862000,082937,081151,095206,020738,067200,038316
0000000864,0000863000,083818,079253,095501,012756,072098,039721
0000000865,0000864000,084897,077977,094908,008250,075044,042223
0000000866,0000865000,086069,077484,093468,007616,075621,045720
0000000867,0000866000,087240,077795,091313,010924,073604,050004
0000000868,0000867000,088293,078853,088694,017902,069062,054705
0000000869,0000868000,089134,080542,085867,027935,062340,059356
0000000870,0000869000,089691,082703,083083,040134,054014,063491
0000000871,0000870000,089910,085129,080613,053417,044828,066656
0000000872,0000871000,089788,087580,078671,066626,035629,068470
0000000873,0000872000,089324,089836,077451,078612,027284,068651
0000000874,0000873000,088576,091665,077057,088339,020630,067038
0000000875,0000874000,087605,092914,077524,094974,016407,063618
0000000876,0000875000,086500,093473,078784,097933,015139,058574
0000000877,0000876000,085359,093302,080710,096951,017094,052291
0000000878,0000877000,084282,092443,083108,092093,022198,045322
0000000879,0000878000,083371,090991,085729,083782,030051,038345
0000000880,0000879000,082702,089098,088336,072749,039958,032055
0000000881,0000880000,082341,086932,090684,059972,051020,027102
0000000882,0000881000,082305,084711,092562,046570,062216,024034
0000000883,0000882000,082601,082652,093785,033708,072479,023247
0000000884,0000883000,083195,080951,094248,022498,080791,024963
0000000885,0000884000,084028,079758,093932,013903,086267,029167
0000000886,0000885000,085033,079160,092879,008669,088275,035592
0000000887,0000886000,086111,079204,091215,007258,086499,043718
0000000888,0000887000,087178,079845,089106,009809,081009,052808
0000000889,0000888000,088131,081020,086767,016107,072261,061985
0000000890,0000889000,088890,082607,084406,025602,061031,070347
0000000891,0000890000,089385,084449,082252,037457,048352,077056
0000000892,0000891000,089577,086365,080506,050628,035409,081392
0000000893,0000892000,089458,088167,079318,063971,023438,082846
0000000894,0000893000,089038,089683,078804,076330,013615,081151
0000000895,0000894000,088367,090775,078979,086643,006958,076325
0000000896,0000895000,087498,091382,079798,094020,004197,068714
0000000897,0000896000,086513,091465,081158,097816,005685,058967
0000000898,0000897000,085493,091039,082925,097691,011365,047978
0000000899,0000898000,084528,090167,084919,093643,020753,036793
0000000900,0000899000,083707,088935,086951,086025,032997,026511
0000000901,0000900000,083096,087469,088843,075504,046963,018150
0000000902,0000901000,081539,092457,091138,064427,054065,011870
0000000903,0000902000,079794,096115,088523,051583,047181,009010
0000000904,0000903000,073358,086687,091184,049845,043246,012811
0000000905,0000904000,074887,082537,098264,055812,048129,014619
0000000906,0000905000,082370,084514,088312,057364,050391,022245
0000000907,0000906000,087379,084969,089390,052200,045548,038028
0000000908,0000907000,082722,075365,090846,051738,044784,051699
0000000909,0000908000,088032,075540,099382,056953,050448,053763
0000000910,0000909000,089562,073724,093702,052025,046806,040754
0000000911,0000910000,092451,075180,082788,057803,053156,047746
0000000912,0000911000,099998,081822,085854,051851,047340,050482
0000000913,0000912000,093458,075231,083649,049728,046451,049183
0000000914,0000913000,095996,080452,084204,056567,055253,048956
0000000915,0000914000,097297,086840,076180,050543,049823,042266
0000000916,0000915000,092845,087088,069775,052358,050540,052119
0000000917,0000916000,093720,091686,079304,050524,048812,053516
0000000918,0000917000,086724,089827,078121,048945,048691,046521
0000000919,0000918000,086476,096092,075892,054660,054514,050005
0000000920,0000919000,085587,099998,076954,048824,046742,050082
0000000921,0000920000,077372,093595,079833,050393,046880,054780
0000000922,0000921000,077882,095069,089095,053076,049741,052035
0000000923,0000922000,075853,094137,086342,050918,047356,046027
0000000924,0000923000,076208,093655,086615,054271,048941,053842
0000000925,0000924000,077222,090787,095329,050817,044026,053424
0000000926,0000925000,073469,082220,097056,053197,046670,050017
0000000927,0000926000,079049,083841,097210,056907,050635,048200
0000000928,0000927000,082331,082299,093043,052687,045225,047417
0000000929,0000928000,083493,076872,094663,054498,046590,053822
0000000930,0000929000,087570,075330,099998,053752,047472,049116
0000000931,0000930000,088471,073619,092632,054650,049876,043983
0000000932,0000931000,094269,077795,086733,056428,051200,048095
0000000933,0000932000,096192,077291,085344,051404,045979,049400
0000000934,0000933000,094401,074646,085306,053058,049751,050229
0000000935,0000934000,097264,080650,083798,053606,052588,045645
0000000936,0000935000,096451,084888,074949,051866,050714,045289
0000000937,0000936000,095847,087963,074084,052499,050136,052434
0000000938,0000937000,093025,088546,078141,049564,048175,050559
0000000939,0000938000,088200,089838,076433,051507,051955,048106
0000000940,0000939000,088210,097074,075040,052093,051916,048772
0000000941,0000940000,084426,097636,075281,049447,046906,051492
0000000942,0000941000,080353,095161,081702,051352,048185,054550
0000000943,0000942000,078293,095372,086522,051134,048960,049536
0000000944,0000943000,075683,095347,084123,052360,049278,048889
0000000945,0000944000,076526,095309,087299,052856,047024,053343
0000000946,0000945000,075095,089421,093487,051155,044268,052832
0000000947,0000946000,074709,084877,097120,054091,048344,050601
0000000948,0000947000,078245,085588,096366,054505,048719,047453
0000000949,0000948000,080070,082543,093454,053981,046057,049840
0000000950,0000949000,083166,078048,097079,054530,046014,052717
0000000951,0000950000,085537,074328,098570,053629,047341,047940
0000000952,0000951000,088355,074800,093254,055345,050767,045976
0000000953,0000952000,093162,077755,088909,054684,048994,047737
0000000954,0000953000,094481,075409,087040,053032,046791,049748
0000000955,0000954000,095785,074892,087091,053775,050205,049020
0000000956,0000955000,096927,079158,082638,052666,051742,045230
0000000957,0000956000,096550,083683,076142,052690,051190,047458
0000000958,0000957000,096510,086537,076199,051904,049077,050885
0000000959,0000958000,093638,086619,077328,050637,049271,049632
0000000960,0000959000,090986,090448,076036,051697,052511,048354
0000000961,0000960000,088805,096029,074045,050739,050749,048817
0000000962,0000961000,084807,096545,075222,050539,047977,052299
0000000963,0000962000,082134,095500,081017,051203,048165,052708
0000000964,0000963000,079157,095466,083378,050856,049375,049477
0000000965,0000964000,076850,096990,083469,051973,049591,050506
0000000966,0000965000,075872,095866,087168,051907,046203,052726
0000000967,0000966000,074586,090175,092163,052444,045536,052516
0000000968,0000967000,075448,087178,095537,053583,048198,050322
0000000969,0000968000,076793,086395,095038,053335,047978,048683
0000000970,0000969000,078495,083655,095079,054254,046415,050937
0000000971,0000970000,081719,079091,097988,054495,045676,051042
0000000972,0000971000,084498,075157,097671,054449,047740,048159
0000000973,0000972000,087917,075732,094185,054720,049996,047272
0000000974,0000973000,090808,076642,090879,053967,048212,048155
0000000975,0000974000,093124,074770,089331,054367,047591,049267
0000000976,0000975000,096117,074784,087676,054078,049769,047592
0000000977,0000976000,097083,077934,082661,052597,051325,046415
0000000978,0000977000,096725,082188,078747,052453,050888,048448
0000000979,0000978000,096209,084378,077776,052172,049170,049315
0000000980,0000979000,094981,085644,076675,051940,050249,048768
0000000981,0000980000,093302,089902,075113,051181,051752,048607
0000000982,0000981000,089710,094128,074084,050169,050494,049751
0000000983,0000982000,085902,095725,075955,050920,048994,051649
0000000984,0000983000,083566,095702,079084,051466,048532,050928
0000000985,0000984000,080993,096021,080418,051026,049510,050255
0000000986,0000985000,078024,097397,082659,050814,049119,051622
0000000987,0000986000,075237,095973,086861,051461,046715,052366
0000000988,0000987000,074727,092158,090674,053293,046643,051403
0000000989,0000988000,075957,089509,092835,053167,047584,050372
0000000990,0000989000,076025,087397,094171,052569,047418,050723
0000000991,0000990000,076769,084497,096626,053738,046603,051167
0000000992,0000991000,079640,080516,097981,054851,046283,049563
0000000993,0000992000,083597,077272,096713,055067,047567,048518
0000000994,0000993000,086941,076274,095003,054013,048489,048740
0000000995,0000994000,088640,075550,093564,053670,048190,048842
0000000996,0000995000,091459,074705,091614,055005,048385,048026
0000000997,0000996000,095460,074924,087754,054722,049334,046792
0000000998,0000997000,097286,076838,083502,052785,050337,047898
0000000999,0000998000,096618,079790,081710,051929,050393,048969
0000001000,0000999000,095880,082283,079721,052716,050123,047903
0000001001,0001000000,096260,085176,076299,052913,050797,047602
0000001002,0001001000,095236,088713,074167,051088,050612,049271
0000001003,0001002000,091225,091566,074884,049884,050282,050773
0000001004,0001003000,087202,094183,076625,050845,050152,050300
0000001005,0001004000,084999,096062,076907,051837,049504,049464
0000001006,0001005000,083150,096875,077705,051235,048994,050979
0000001007,0001006000,079574,096904,081609,050016,048430,052624
0000001008,0001007000,075563,095872,086313,051010,047914,051972
0000001009,0001008000,074845,094381,088690,053345,047734,050189
0000001010,0001009000,076083,092058,089869,053161,046993,050727
0000001011,0001010000,075846,088644,093250,052098,046615,052400
0000001012,0001011000,075450,085199,097391,052983,046863,051291
0000001013,0001012000,077595,082487,097742,054902,047386,048603
0000001014,0001013000,082035,080029,095790,055358,047119,048745
0000001015,0001014000,085429,076999,095593,053882,046897,050176
0000001016,0001015000,086924,074728,096120,053521,048089,049431
0000001017,0001016000,089543,074758,093691,054932,049243,046992
0000001018,0001017000,093864,075551,088464,055260,049069,046578
0000001019,0001018000,096840,075977,085002,053429,048971,048776
0000001020,0001019000,096639,077097,084276,051897,049887,049232
0000001021,0001020000,095865,080156,081781,052777,051127,047094
0000001022,0001021000,096758,084365,076832,053370,051061,046744
0000001023,0001022000,096574,087279,074072,051645,049785,049502
0000001024,0001023000,093288,088960,075557,050074,049894,051161
0000001025,0001024000,089115,092034,076842,050579,051086,049398
0000001026,0001025000,086562,095853,075413,051745,050633,048597
0000001027,0001026000,084863,097409,075642,051429,048616,051122
0000001028,0001027000,081559,096331,080066,050120,047839,053007
0000001029,0001028000,077283,095661,084871,050530,048906,051650
0000001030,0001029000,075296,096109,086564,052486,048806,049802
0000001031,0001030000,075708,094575,087574,053139,046838,050992
0000001032,0001031000,075787,090335,091757,052278,045920,052946
0000001033,0001032000,075036,086362,096562,052423,047022,051556
0000001034,0001033000,076045,084506,097280,054201,048114,048740
0000001035,0001034000,079692,082673,095584,055182,046994,048933
0000001036,0001035000,083307,078568,096012,054309,045915,050755
0000001037,0001036000,085488,074898,097479,053754,047512,049852
0000001038,0001037000,087823,074727,095403,054414,049563,047052
0000001039,0001038000,091475,076000,090369,055139,049138,046757
0000001040,0001039000,095153,075612,087160,054326,047999,048787
0000001041,0001040000,096571,075146,086186,052759,049202,049033
0000001042,0001041000,096361,077911,083588,052542,051386,047169
0000001043,0001042000,096649,082609,078692,053106,051260,046686
0000001044,0001043000,096953,085534,075377,052463,049661,048896
0000001045,0001044000,095301,086871,075735,050980,049613,050514
0000001046,0001045000,091809,089717,076389,050471,051198,049342
0000001047,0001046000,088563,094294,074998,051144,051334,048596
0000001048,0001047000,086159,096998,074774,051300,049170,050599
0000001049,0001048000,083500,096307,078075,050928,047781,052312
0000001050,0001049000,080087,095603,082207,050514,049005,051574
0000001051,0001050000,076818,096731,084375,051149,049489,050393
0000001052,0001051000,075283,096383,086202,052413,047436,051207
0000001053,0001052000,075386,092685,089842,052914,045946,052215
0000001054,0001053000,075434,088506,093950,052519,046839,051668
0000001055,0001054000,075448,086378,096059,053009,047981,050089
0000001056,0001055000,077108,084616,096198,054278,047238,049532
0000001057,0001056000,080431,080929,096522,054842,046035,050169
0000001058,0001057000,083829,076738,097341,054437,046773,049868
0000001059,0001058000,086489,075066,096347,054072,048723,048237
0000001060,0001059000,088949,075694,093233,054279,049213,047575
0000001061,0001060000,092224,075576,090116,054845,048101,048114
0000001062,0001061000,095561,074624,087698,054274,048533,048229
0000001063,0001062000,097057,076015,084827,052803,050527,047753
0000001064,0001063000,096612,079793,081511,052247,051140,047650
0000001065,0001064000,096392,083165,078319,052878,050213,047966
0000001066,0001065000,096510,085304,076103,052432,049894,048745
0000001067,0001066000,094848,087794,075248,050990,050522,049515
0000001068,0001067000,091254,091433,075199,050322,051107,049652
0000001069,0001068000,087626,094969,075321,050870,050349,049825
0000001070,0001069000,085133,096456,076288,051569,048882,050601
0000001071,0001070000,083058,096251,078605,051189,048526,051360
0000001072,0001071000,079615,096440,081844,050240,049130,051659
0000001073,0001072000,075898,096740,085253,050992,048495,051590
0000001074,0001073000,074762,095131,088020,053026,047138,050878
0000001075,0001074000,075782,091811,090281,053271,046596,051185
0000001076,0001075000,075847,088513,093548,052203,047047,051822
0000001077,0001076000,075369,085848,096677,052835,047248,050951
0000001078,0001077000,077215,083305,097373,054675,047179,049223
0000001079,0001078000,081357,080151,096410,055298,046629,049117
0000001080,0001079000,084979,076743,096162,054236,047017,049799
0000001081,0001080000,086903,074995,096008,053515,048423,049130
0000001082,0001081000,089028,075148,093717,054480,049045,047512
0000001083,0001082000,093018,075328,089541,055359,048610,047101
0000001084,0001083000,096628,075291,085989,053997,048953,048101
0000001085,0001084000,097027,076655,084210,051997,050155,048901
0000001086,0001085000,095977,079923,082006,052391,051000,047673
0000001087,0001086000,096474,083586,077842,053399,050651,046995
0000001088,0001087000,096863,086354,074677,052207,050039,048814
0000001089,0001088000,094391,088431,075077,050349,050029,050674
0000001090,0001089000,090095,091507,076290,050246,051018,049792
0000001091,0001090000,086967,095329,075601,051458,050690,048909
0000001092,0001091000,085248,097119,075531,051737,048812,050507
0000001093,0001092000,082721,096385,078797,050581,048042,052434
0000001094,0001093000,078503,095958,083439,050073,048975,052005
0000001095,0001094000,075319,096461,086119,051743,048868,050446
0000001096,0001095000,075273,095276,087346,053370,047138,050543
0000001097,0001096000,076049,091460,090384,052708,046068,052282
0000001098,0001097000,075316,087484,095096,051988,046881,052185
0000001099,0001098000,075225,085242,097428,053438,047887,049732
0000001100,0001099000,078083,083488,096335,055130,047318,048609
0000001101,0001100000,082242,079894,095763,054882,046060,050109
