0000000001,0000000000,090015,087369,076451,085532,089232,074228
0000000002,0000001000,087467,089802,076565,082516,091949,074527
0000000003,0000002000,084615,091658,077563,079219,093941,075832
0000000004,0000003000,081768,092721,079346,075960,095014,078018
0000000005,0000004000,079188,092900,081748,073059,095061,080872
0000000006,0000005000,077110,092198,084526,070797,094084,084112
0000000007,0000006000,075770,090663,087402,069403,092171,087418
0000000008,0000007000,075293,088436,090107,069009,089510,090473
0000000009,0000008000,075703,085755,092376,069648,086368,092976
0000000010,0000009000,076970,082889,093977,071268,083045,094679
0000000011,0000010000,078990,080090,094756,073705,079871,095417
0000000012,0000011000,081551,077642,094642,076719,077155,095118
0000000013,0000012000,084380,075810,093645,080018,075161,093813
0000000014,0000013000,087232,074742,091860,083276,074089,091627
0000000015,0000014000,089833,074544,089459,086178,074041,088773
0000000016,0000015000,091889,075265,086681,088437,075021,085533
0000000017,0000016000,093226,076804,083805,089834,076932,082227
0000000018,0000017000,093724,079011,081100,090230,079591,079172
0000000019,0000018000,093305,081699,078831,089585,082739,076669
0000000020,0000019000,092024,084581,077231,087969,086058,074966
0000000021,0000020000,090020,087364,076451,085534,089229,074228
0000000022,0000021000,087466,089804,076565,082515,091950,074527
0000000023,0000022000,084614,091659,077562,079218,093942,075832
0000000024,0000023000,081769,092720,079346,075962,095013,078018
0000000025,0000024000,079188,092900,081748,073058,095063,080872
0000000026,0000025000,077110,092199,084526,070797,094084,084112
0000000027,0000026000,075770,090663,087402,069403,092171,087418
0000000028,0000027000,075293,088435,090108,069008,089511,090473
0000000029,0000028000,075701,085757,092376,069649,086367,092976
0000000030,0000029000,076972,082888,093976,071267,083046,094679
0000000031,0000030000,078991,080088,094756,073704,079872,095417
0000000032,0000031000,081547,077646,094643,076719,077155,095118
0000000033,0000032000,084382,075808,093645,080017,075162,093813
0000000034,0000033000,087236,074738,091861,083276,074089,091627
0000000035,0000034000,089827,074548,089460,086177,074042,088773
0000000036,0000035000,091889,075265,086681,088438,075021,085534
0000000037,0000036000,093231,076799,083805,089833,076932,082227
0000000038,0000037000,093722,079013,081100,090228,079592,079172
0000000039,0000038000,093301,081703,078831,089585,082738,076669
0000000040,0000039000,092028,084576,077230,087969,086057,074966
0000000041,0000040000,090022,087362,076451,085532,089231,074229
0000000042,0000041000,087460,089810,076565,082515,091950,074527
0000000043,0000042000,084616,091657,077562,079218,093941,075832
0000000044,0000043000,081775,092715,079346,075961,095013,078018
0000000045,0000044000,079183,092905,081748,073057,095063,080872
0000000046,0000045000,077109,092201,084526,070798,094083,084112
0000000047,0000046000,075776,090658,087401,069403,092171,087418
0000000048,0000047000,075291,088437,090107,069007,089513,090473
0000000049,0000048000,075697,085761,092376,069649,086367,092976
0000000050,0000049000,076974,082885,093976,071268,083046,094679
0000000051,0000050000,078992,080087,094756,073702,079873,095417
0000000052,0000051000,081542,077651,094643,076718,077156,095118
0000000053,0000052000,084383,075807,093645,080017,075162,093813
0000000054,0000053000,087239,074735,091861,083274,074090,091628
0000000055,0000054000,089824,074551,089460,086176,074043,088774
0000000056,0000055000,091888,075265,086682,088437,075021,085534
0000000057,0000056000,093234,076795,083806,089832,076932,082228
0000000058,0000057000,093721,079014,081100,090227,079593,079173
0000000059,0000058000,093301,081704,078831,089585,082738,076670
0000000060,0000059000,092031,084573,077231,087969,086056,074967
0000000061,0000060000,090022,087362,076451,085532,089231,074229
0000000062,0000061000,087459,089812,076564,082515,091949,074528
0000000063,0000062000,084619,091655,077561,079219,093940,075833
0000000064,0000063000,081775,092715,079346,075961,095013,078018
0000000065,0000064000,079181,092907,081747,073058,095062,080872
0000000066,0000065000,077111,092200,084525,070799,094083,084111
0000000067,0000066000,075777,090657,087401,069403,092171,087417
0000000068,0000067000,075288,088440,090107,069007,089513,090472
0000000069,0000068000,075698,085762,092376,069650,086367,092975
0000000070,0000069000,076976,082883,093976,071267,083047,094678
0000000071,0000070000,078989,080090,094757,073702,079875,095416
0000000072,0000071000,081541,077652,094643,076718,077157,095117
0000000073,0000072000,084385,075804,093646,080016,075163,093813
0000000074,0000073000,087237,074736,091862,083273,074092,091628
0000000075,0000074000,089821,074553,089461,086175,074043,088774
0000000076,0000075000,091891,075261,086683,088436,075021,085535
0000000077,0000076000,093235,076793,083807,089830,076933,082229
0000000078,0000077000,093718,079017,081101,090225,079592,079174
0000000079,0000078000,093303,081701,078831,089584,082737,076672
0000000080,0000079000,092034,084570,077231,087968,086056,074969
0000000081,0000080000,090020,087364,076451,085532,089230,074231
0000000082,0000081000,087460,089812,076564,082516,091947,074529
0000000083,0000082000,084623,091652,077560,079219,093939,075834
0000000084,0000083000,081774,092717,079344,075962,095012,078018
0000000085,0000084000,079180,092910,081746,073060,095061,080872
0000000086,0000085000,077113,092198,084523,070800,094082,084110
0000000087,0000086000,075776,090659,087400,069404,092172,087416
0000000088,0000087000,075285,088444,090106,069008,089513,090471
0000000089,0000088000,075698,085762,092375,069651,086368,092973
0000000090,0000089000,076976,082883,093977,071267,083049,094676
0000000091,0000090000,078985,080093,094757,073701,079876,095414
0000000092,0000091000,081539,077652,094644,076718,077158,095116
0000000093,0000092000,084386,075802,093647,080015,075166,093812
0000000094,0000093000,087234,074737,091864,083271,074094,091627
0000000095,0000094000,089820,074553,089462,086173,074044,088775
0000000096,0000095000,091893,075258,086684,088434,075022,085536
0000000097,0000096000,093234,076793,083808,089828,076934,082231
0000000098,0000097000,093717,079016,081102,090224,079592,079176
0000000099,0000098000,093306,081698,078832,089583,082736,076674
0000000100,0000099000,092036,084568,077231,087966,086055,074971
0000000101,0000100000,090020,087365,076450,085532,089228,074233
0000000102,0000101000,087463,089810,076562,082517,091945,074530
0000000103,0000102000,084625,091651,077559,079220,093937,075835
0000000104,0000103000,081774,092719,079342,075964,095010,078019
0000000105,0000104000,079181,092911,081743,073062,095059,080871
0000000106,0000105000,077115,092198,084522,070802,094081,084109
0000000107,0000106000,075774,090662,087398,069407,092171,087414
0000000108,0000107000,075283,088447,090105,069011,089513,090468
0000000109,0000108000,075699,085762,092375,069652,086369,092971
0000000110,0000109000,076973,082885,093977,071267,083051,094674
0000000111,0000110000,078981,080096,094758,073702,079879,095412
0000000112,0000111000,081539,077651,094645,076717,077161,095115
0000000113,0000112000,084384,075802,093650,080012,075169,093811
0000000114,0000113000,087230,074738,091866,083268,074097,091627
0000000115,0000114000,089820,074550,089465,086170,074046,088775
0000000116,0000115000,091894,075255,086687,088430,075024,085538
0000000117,0000116000,093233,076792,083810,089825,076934,082233
0000000118,0000117000,093719,079013,081103,090222,079591,079179
0000000119,0000118000,093310,081693,078832,089581,082734,076677
0000000120,0000119000,092037,084567,077230,087965,086053,074974
0000000121,0000120000,090022,087364,076449,085532,089225,074236
0000000122,0000121000,087468,089807,076560,082518,091941,074533
0000000123,0000122000,084627,091651,077556,079222,093934,075836
0000000124,0000123000,081774,092722,079339,075966,095007,078019
0000000125,0000124000,079184,092911,081740,073066,095056,080870
0000000126,0000125000,077116,092200,084519,070806,094079,084107
0000000127,0000126000,075772,090667,087396,069410,092171,087411
0000000128,0000127000,075282,088450,090103,069014,089513,090465
0000000129,0000128000,075697,085763,092374,069654,086371,092967
0000000130,0000129000,076968,082890,093977,071268,083054,094670
0000000131,0000130000,078978,080099,094759,073702,079882,095409
0000000132,0000131000,081537,077650,094648,076715,077165,095112
0000000133,0000132000,084380,075803,093653,080010,075173,093809
0000000134,0000133000,087227,074738,091870,083265,074100,091627
0000000135,0000134000,089820,074547,089468,086166,074049,088776
0000000136,0000135000,091893,075252,086690,088426,075026,085540
0000000137,0000136000,093232,076790,083813,089821,076935,082236
0000000138,0000137000,093722,079009,081105,090218,079590,079184
0000000139,0000138000,093313,081689,078833,089578,082733,076682
0000000140,0000139000,092039,084566,077230,087964,086050,074978
0000000141,0000140000,090027,087361,076447,085532,089220,074239
0000000142,0000141000,087473,089804,076558,082519,091937,074536
0000000143,0000142000,084629,091653,077553,079225,093930,075838
0000000144,0000143000,081777,092723,079335,075971,095002,078019
0000000145,0000144000,079187,092912,081736,073070,095053,080869
0000000146,0000145000,077116,092204,084515,070810,094077,084105
0000000147,0000146000,075770,090672,087393,069415,092170,087408
0000000148,0000147000,075282,088453,090101,069018,089514,090460
0000000149,0000148000,075694,085768,092373,069657,086373,092962
0000000150,0000149000,076963,082894,093978,071270,083057,094665
0000000151,0000150000,078974,080100,094761,073702,079886,095404
0000000152,0000151000,081533,077651,094651,076713,077170,095109
0000000153,0000152000,084374,075804,093657,080006,075179,093807
0000000154,0000153000,087224,074737,091874,083260,074105,091627
0000000155,0000154000,089819,074543,089473,086161,074054,088778
0000000156,0000155000,091891,075249,086695,088420,075029,085543
0000000157,0000156000,093233,076786,083816,089816,076936,082241
0000000158,0000157000,093726,079002,081108,090214,079590,079189
0000000159,0000158000,093316,081685,078835,089574,082730,076687
0000000160,0000159000,092043,084563,077229,087962,086046,074984
0000000161,0000160000,090033,087357,076445,085532,089215,074245
0000000162,0000161000,087478,089803,076555,082521,091931,074540
0000000163,0000162000,084633,091654,077548,079229,093923,075840
0000000164,0000163000,081781,092724,079330,075976,094996,078020
0000000165,0000164000,079190,092914,081731,073076,095048,080868
0000000166,0000165000,077115,092210,084510,070817,094074,084101
0000000167,0000166000,075769,090677,087388,069421,092168,087403
0000000168,0000167000,075280,088457,090098,069023,089515,090454
0000000169,0000168000,075689,085774,092372,069661,086376,092955
0000000170,0000169000,076958,082900,093978,071272,083062,094658
0000000171,0000170000,078970,080103,094763,073701,079893,095398
0000000172,0000171000,081527,077653,094655,076711,077177,095104
0000000173,0000172000,084368,075805,093662,080002,075185,093805
0000000174,0000173000,087221,074734,091880,083255,074111,091626
0000000175,0000174000,089817,074539,089479,086154,074059,088779
0000000176,0000175000,091889,075245,086700,088413,075033,085547
0000000177,0000176000,093235,076779,083821,089809,076937,082246
0000000178,0000177000,093729,078995,081111,090207,079589,079196
0000000179,0000178000,093320,081679,078836,089570,082727,076695
0000000180,0000179000,092049,084557,077229,087960,086040,074992
0000000181,0000180000,090040,087352,076443,085532,089208,074251
0000000182,0000181000,087484,089801,076550,082524,091924,074545
0000000183,0000182000,084638,091654,077542,079234,093916,075843
0000000184,0000183000,081787,092725,079323,075982,094989,078020
0000000185,0000184000,079193,092918,081724,073084,095043,080866
0000000186,0000185000,077115,092216,084504,070825,094070,084097
0000000187,0000186000,075769,090683,087383,069429,092167,087397
0000000188,0000187000,075277,088464,090094,069029,089516,090446
0000000189,0000188000,075683,085782,092371,069665,086380,092947
0000000190,0000189000,076951,082905,093979,071274,083067,094650
0000000191,0000190000,078963,080106,094766,073701,079900,095391
0000000192,0000191000,081519,077657,094660,076708,077186,095099
0000000193,0000192000,084362,075805,093668,079997,075194,093801
0000000194,0000193000,087217,074731,091888,083247,074119,091625
0000000195,0000194000,089813,074535,089487,086145,074065,088782
0000000196,0000195000,091888,075240,086707,088404,075037,085552
0000000197,0000196000,093237,076771,083827,089800,076939,082253
0000000198,0000197000,093733,078987,081115,090200,079588,079204
0000000199,0000198000,093325,081673,078838,089565,082723,076704
0000000200,0000199000,092057,084550,077228,087958,086034,075001
0000000201,0000200000,090049,087347,076439,085533,089200,074259
0000000202,0000201000,087491,089799,076545,082527,091914,074551
0000000203,0000202000,084646,091654,077535,079240,093906,075847
0000000204,0000203000,081793,092727,079315,075990,094981,078021
0000000205,0000204000,079195,092924,081716,073093,095036,080863
0000000206,0000205000,077116,092223,084496,070835,094066,084092
0000000207,0000206000,075768,090691,087377,069438,092165,087389
0000000208,0000207000,075272,088473,090090,069037,089518,090437
0000000209,0000208000,075676,085790,092369,069671,086384,092937
0000000210,0000209000,076944,082912,093980,071277,083075,094640
0000000211,0000210000,078954,080112,094770,073700,079909,095382
0000000212,0000211000,081509,077660,094666,076704,077196,095092
0000000213,0000212000,084354,075805,093676,079990,075204,093797
0000000214,0000213000,087211,074727,091897,083238,074129,091625
0000000215,0000214000,089808,074530,089496,086135,074073,088784
0000000216,0000215000,091887,075232,086716,088393,075042,085557
0000000217,0000216000,093240,076761,083834,089790,076941,082262
0000000218,0000217000,093737,078978,081120,090191,079586,079215
0000000219,0000218000,093332,081664,078840,089559,082718,076715
0000000220,0000219000,092067,084542,077227,087955,086026,075012
0000000221,0000220000,090058,087341,076436,085533,089190,074269
0000000222,0000221000,087500,089797,076538,082531,091903,074558
0000000223,0000222000,084655,091653,077527,079247,093894,075851
0000000224,0000223000,081800,092730,079305,076000,094970,078022
0000000225,0000224000,079199,092931,081706,073104,095027,080861
0000000226,0000225000,077118,092231,084486,070847,094060,084086
0000000227,0000226000,075766,090700,087369,069449,092163,087380
0000000228,0000227000,075266,088484,090085,069047,089520,090426
0000000229,0000228000,075668,085801,092366,069678,086389,092925
0000000230,0000229000,076935,082920,093981,071281,083083,094628
0000000231,0000230000,078943,080119,094774,073700,079920,095372
0000000232,0000231000,081499,077664,094673,076700,077208,095084
0000000233,0000232000,084346,075804,093685,079983,075217,093793
0000000234,0000233000,087203,074724,091908,083228,074140,091624
0000000235,0000234000,089803,074524,089507,086122,074082,088787
0000000236,0000235000,091887,075222,086726,088380,075048,085564
0000000237,0000236000,093242,076750,083843,089778,076943,082272
0000000238,0000237000,093742,078967,081126,090181,079584,079227
0000000239,0000238000,093341,081652,078842,089552,082712,076728
0000000240,0000239000,092077,084532,077226,087951,086017,075024
0000000241,0000240000,090070,087335,076431,085533,089178,074280
0000000242,0000241000,087512,089793,076530,082536,091890,074567
0000000243,0000242000,084666,091653,077516,079255,093881,075856
0000000244,0000243000,081808,092734,079294,076011,094958,078023
0000000245,0000244000,079204,092938,081693,073118,095017,080857
0000000246,0000245000,077120,092241,084475,070861,094053,084078
0000000247,0000246000,075763,090712,087360,069462,092161,087369
0000000248,0000247000,075260,088497,090078,069058,089522,090413
0000000249,0000248000,075659,085812,092363,069686,086396,092910
0000000250,0000249000,076923,082930,093982,071284,083093,094615
0000000251,0000250000,078929,080127,094779,073699,079933,095360
0000000252,0000251000,081486,077668,094681,076695,077223,095075
0000000253,0000252000,084335,075804,093697,079974,075231,093787
0000000254,0000253000,087194,074721,091920,083215,074154,091623
0000000255,0000254000,089798,074517,089520,086108,074093,088791
0000000256,0000255000,091886,075211,086738,088365,075055,085572
0000000257,0000256000,093245,076738,083853,089763,076945,082283
0000000258,0000257000,093748,078954,081133,090169,079582,079241
0000000259,0000258000,093351,081639,078845,089543,082705,076744
0000000260,0000259000,092090,084521,077225,087947,086006,075039
0000000261,0000260000,090083,087327,076425,085534,089165,074293
0000000262,0000261000,087526,089788,076521,082541,091874,074577
0000000263,0000262000,084678,091653,077504,079265,093865,075862
0000000264,0000263000,081817,092739,079280,076025,094944,078024
0000000265,0000264000,079210,092946,081679,073133,095006,080853
0000000266,0000265000,077122,092252,084462,070877,094046,084070
0000000267,0000266000,075760,090726,087349,069478,092158,087356
0000000268,0000267000,075253,088512,090071,069071,089524,090397
0000000269,0000268000,075649,085826,092360,069695,086403,092894
0000000270,0000269000,076910,082942,093983,071289,083105,094598
0000000271,0000270000,078914,080136,094785,073699,079948,095346
0000000272,0000271000,081472,077672,094691,076689,077239,095064
0000000273,0000272000,084322,075804,093710,079963,075248,093781
0000000274,0000273000,087183,074717,091935,083201,074169,091622
0000000275,0000274000,089791,074508,089536,086091,074105,088795
0000000276,0000275000,091884,075199,086752,088348,075063,085582
0000000277,0000276000,093247,076724,083864,089747,076948,082297
0000000278,0000277000,093756,078939,081141,090155,079579,079257
0000000279,0000278000,093363,081624,078849,089533,082697,076761
0000000280,0000279000,092104,084508,077223,087942,085993,075057
0000000281,0000280000,090099,087317,076419,085535,089149,074308
0000000282,0000281000,087542,089783,076511,082548,091856,074588
0000000283,0000282000,084692,091652,077491,079276,093848,075868
0000000284,0000283000,081828,092744,079264,076040,094928,078025
0000000285,0000284000,079217,092955,081663,073151,094993,080848
0000000286,0000285000,077124,092265,084447,070895,094038,084060
0000000287,0000286000,075757,090742,087336,069495,092155,087342
0000000288,0000287000,075245,088528,090062,069085,089527,090380
0000000289,0000288000,075637,085841,092357,069705,086412,092875
0000000290,0000289000,076894,082956,093985,071294,083118,094580
0000000291,0000290000,078898,080146,094791,073698,079965,095330
0000000292,0000291000,081455,077678,094702,076682,077258,095052
0000000293,0000292000,084306,075805,093724,079951,075267,093774
0000000294,0000293000,087171,074712,091952,083185,074186,091621
0000000295,0000294000,089784,074498,089553,086073,074119,088800
0000000296,0000295000,091882,075185,086769,088328,075072,085592
0000000297,0000296000,093250,076707,083878,089729,076951,082312
0000000298,0000297000,093765,078921,081150,090140,079576,079276
0000000299,0000298000,093376,081607,078853,089522,082688,076781
0000000300,0000299000,092120,084493,077221,087937,085979,075076
0000000301,0000300000,090117,087306,076412,085536,089130,074326
0000000302,0000301000,087560,089776,076499,082555,091836,074601
0000000303,0000302000,084708,091652,077475,079289,093827,075876
0000000304,0000303000,081841,092749,079246,076057,094909,078026
0000000305,0000304000,079226,092965,081644,073171,094978,080843
0000000306,0000305000,077126,092280,084430,070916,094028,084048
0000000307,0000306000,075753,090760,087322,069515,092152,087326
0000000308,0000307000,075236,088547,090052,069102,089530,090360
0000000309,0000308000,075623,085860,092352,069717,086421,092854
0000000310,0000309000,076876,082972,093987,071299,083134,094559
0000000311,0000310000,078878,080158,094799,073696,079984,095311
0000000312,0000311000,081436,077684,094715,076674,077280,095038
0000000313,0000312000,084289,075805,093741,079937,075289,093766
0000000314,0000313000,087158,074706,091971,083166,074206,091620
0000000315,0000314000,089776,074486,089573,086051,074135,088806
0000000316,0000315000,091879,075169,086787,088306,075082,085604
0000000317,0000316000,093254,076688,083893,089708,076955,082330
0000000318,0000317000,093775,078900,081161,090122,079573,079297
0000000319,0000318000,093391,081587,078858,089510,082678,076804
0000000320,0000319000,092138,084477,077220,087931,085963,075098
0000000321,0000320000,090138,087293,076404,085537,089110,074345
0000000322,0000321000,087580,089769,076485,082563,091813,074616
0000000323,0000322000,084726,091652,077457,079304,093804,075884
0000000324,0000323000,081855,092755,079225,076077,094888,078027
0000000325,0000324000,079235,092977,081623,073194,094962,080837
0000000326,0000325000,077128,092297,084410,070939,094018,084035
0000000327,0000326000,075749,090780,087306,069537,092148,087307
0000000328,0000327000,075226,088568,090041,069120,089534,090338
0000000329,0000328000,075607,085881,092347,069730,086432,092830
0000000330,0000329000,076857,082990,093988,071305,083151,094536
0000000331,0000330000,078857,080171,094807,073695,080006,095291
0000000332,0000331000,081415,077692,094729,076665,077304,095023
0000000333,0000332000,084269,075806,093760,079921,075313,093758
0000000334,0000333000,087142,074699,091993,083146,074228,091619
0000000335,0000334000,089766,074474,089595,086027,074152,088813
0000000336,0000335000,091876,075152,086808,088281,075093,085618
0000000337,0000336000,093258,076667,083910,089684,076958,082349
0000000338,0000337000,093786,078877,081173,090103,079569,079321
0000000339,0000338000,093407,081565,078863,089496,082667,076829
0000000340,0000339000,092159,084458,077218,087925,085945,075123
0000000341,0000340000,090161,087279,076395,085539,089087,074366
0000000342,0000341000,087603,089761,076471,082573,091788,074632
0000000343,0000342000,084747,091652,077437,079320,093779,075893
0000000344,0000343000,081872,092761,079202,076099,094865,078028
0000000345,0000344000,079245,092990,081600,073219,094943,080830
0000000346,0000345000,077131,092316,084388,070966,094006,084021
0000000347,0000346000,075745,090803,087287,069561,092144,087286
0000000348,0000347000,075215,088592,090028,069141,089538,090313
0000000349,0000348000,075590,085904,092341,069744,086445,092803
0000000350,0000349000,076835,083010,093990,071312,083170,094510
0000000351,0000350000,078833,080186,094816,073693,080030,095269
0000000352,0000351000,081390,077700,094745,076655,077331,095006
0000000353,0000352000,084247,075807,093781,079904,075340,093748
0000000354,0000353000,087125,074692,092017,083123,074252,091618
0000000355,0000354000,089755,074460,089620,086001,074171,088820
0000000356,0000355000,091872,075132,086831,088253,075105,085633
0000000357,0000356000,093263,076643,083929,089659,076962,082371
0000000358,0000357000,093797,078852,081186,090082,079564,079347
0000000359,0000358000,093425,081541,078869,089482,082654,076857
0000000360,0000359000,092182,084436,077216,087918,085925,075150
0000000361,0000360000,090186,087263,076386,085541,089062,074390
0000000362,0000361000,087628,089753,076454,082583,091760,074649
0000000363,0000362000,084770,091651,077415,079338,093751,075903
0000000364,0000363000,081890,092768,079177,076123,094840,078029
0000000365,0000364000,079257,093005,081574,073247,094923,080822
0000000366,0000365000,077135,092337,084364,070994,093993,084005
0000000367,0000366000,075740,090827,087267,069588,092140,087264
0000000368,0000367000,075202,088619,090014,069163,089544,090285
0000000369,0000368000,075571,085930,092335,069760,086458,092774
0000000370,0000369000,076811,083033,093992,071319,083191,094482
0000000371,0000370000,078806,080203,094826,073691,080057,095244
0000000372,0000371000,081363,077710,094762,076644,077360,094988
0000000373,0000372000,084223,075808,093804,079885,075369,093738
0000000374,0000373000,087106,074685,092044,083097,074278,091617
0000000375,0000374000,089742,074445,089648,085971,074192,088829
0000000376,0000375000,091868,075110,086857,088223,075118,085650
0000000377,0000376000,093268,076616,083951,089631,076967,082395
0000000378,0000377000,093810,078824,081202,090058,079559,079376
0000000379,0000378000,093445,081514,078876,089465,082639,076888
0000000380,0000379000,092208,084413,077214,087910,085903,075179
0000000381,0000380000,090214,087245,076376,085543,089034,074415
0000000382,0000381000,087656,089742,076436,082595,091729,074668
0000000383,0000382000,084795,091649,077391,079359,093720,075914
0000000384,0000383000,081911,092776,079149,076150,094812,078030
0000000385,0000384000,079270,093021,081545,073278,094901,080813
0000000386,0000385000,077140,092359,084336,071026,093979,083987
0000000387,0000386000,075736,090855,087244,069618,092136,087238
0000000388,0000387000,075189,088649,089997,069187,089549,090255
0000000389,0000388000,075550,085958,092327,069777,086474,092742
0000000390,0000389000,076784,083057,093994,071327,083214,094451
0000000391,0000390000,078776,080222,094837,073689,080086,095217
0000000392,0000391000,081334,077721,094781,076632,077392,094968
0000000393,0000392000,084197,075809,093829,079864,075401,093727
0000000394,0000393000,087084,074677,092073,083069,074307,091616
0000000395,0000394000,089728,074428,089678,085939,074215,088838
0000000396,0000395000,091863,075086,086885,088190,075133,085669
0000000397,0000396000,093273,076588,083975,089600,076971,082421
0000000398,0000397000,093824,078793,081219,090033,079553,079407
0000000399,0000398000,093467,081484,078884,089448,082623,076921
0000000400,0000399000,092236,084387,077213,087902,085878,075212
0000000401,0000400000,090245,087225,076364,085546,089003,074443
0000000402,0000401000,085716,091594,078281,078925,092134,075131
0000000403,0000402000,083599,090052,075775,075546,093528,075768
0000000404,0000403000,082487,093438,079804,073819,095645,078896
0000000405,0000404000,083256,091835,080355,076057,094327,080254
0000000406,0000405000,084992,090292,082244,074484,094130,084138
0000000407,0000406000,085841,092075,088403,076405,090895,085977
0000000408,0000407000,085447,086497,087730,077424,088226,088868
0000000409,0000408000,084006,087158,093390,080355,084586,090754
0000000410,0000409000,083392,081766,092507,086388,080573,091702
0000000411,0000410000,083279,079851,094339,090723,077956,092994
0000000412,0000411000,084285,078131,095039,096027,074254,091749
0000000413,0000412000,085105,076512,094233,097872,073180,091460
0000000414,0000413000,085039,077220,094303,099998,071487,088799
0000000415,0000414000,084732,074549,089558,099502,072120,086756
0000000416,0000415000,084076,077873,089444,099347,073476,084002
0000000417,0000416000,084058,076602,083877,098238,075651,081073
0000000418,0000417000,084406,080828,083387,094255,079358,079147
0000000419,0000418000,084977,083217,080909,091349,082350,076554
0000000420,0000419000,085096,084291,077493,085046,086747,075979
0000000421,0000420000,084922,088667,078314,080580,089687,075016
0000000422,0000421000,084615,088325,075576,076021,092995,075865
0000000423,0000422000,084239,092062,078328,072465,094978,077093
0000000424,0000423000,084444,091376,078273,070550,095792,078926
0000000425,0000424000,084539,092389,081345,068956,096019,081842
0000000426,0000425000,084653,090970,083164,069728,094193,084126
0000000427,0000426000,084601,089222,085650,070321,092368,087430
0000000428,0000427000,084317,088641,089836,074004,088854,089529
0000000429,0000428000,084162,084163,090114,077359,085516,091770
0000000430,0000429000,084134,083922,094305,081885,081751,093018
0000000431,0000430000,084294,079401,093423,086906,078164,093361
0000000432,0000431000,084369,078400,094752,090178,075571,093252
0000000433,0000432000,084505,077110,094337,094166,073150,091633
0000000434,0000433000,084446,075593,092271,095774,072577,090071
0000000435,0000434000,084389,076658,091309,097103,072448,087244
0000000436,0000435000,084505,075935,087281,096496,074004,084672
0000000437,0000436000,084526,078851,086087,094799,076369,081883
0000000438,0000437000,084696,079474,082094,091832,079404,079236
0000000439,0000438000,084760,083084,080944,087378,083300,077495
0000000440,0000439000,084736,084960,078490,083411,086744,075906
0000000441,0000440000,084695,086852,076890,078027,090578,075772
0000000442,0000441000,084641,090020,077678,074293,093288,075974
0000000443,0000442000,084612,090015,076728,070529,095512,077410
0000000444,0000443000,084566,092357,079666,067921,096503,079396
0000000445,0000444000,084586,091220,080479,067026,096233,081820
0000000446,0000445000,084465,091043,083453,066819,095128,084864
0000000447,0000446000,084406,089430,085953,068810,092519,087433
0000000448,0000447000,084348,087313,088434,071298,089656,090263
0000000449,0000448000,084259,085667,091431,075466,085827,092102
0000000450,0000449000,084308,082197,092288,079548,082174,093545
0000000451,0000450000,084301,080981,094604,084138,078657,094041
0000000452,0000451000,084338,077789,093702,088447,075605,093539
0000000453,0000452000,084365,077218,094040,091519,073694,092472
0000000454,0000453000,084410,076230,092530,094423,072455,090261
0000000455,0000454000,084456,075853,090183,095116,072830,087930
0000000456,0000455000,084525,077290,088458,095124,073980,084919
0000000457,0000456000,084622,077737,084920,093365,076441,082161
0000000458,0000457000,084634,080565,083227,090417,079612,079566
0000000459,0000458000,084712,082160,080190,086683,083180,077405
0000000460,0000459000,084700,085090,078913,082047,087137,076216
0000000461,0000460000,084689,087065,077448,077743,090516,075523
0000000462,0000461000,084693,088988,077029,073121,093700,076115
0000000463,0000462000,084633,090897,078034,069843,095689,077248
0000000464,0000463000,084603,090907,078595,067074,096823,079339
0000000465,0000464000,084530,091839,081388,065803,096697,081914
0000000466,0000465000,084478,090335,082962,066081,095323,084731
0000000467,0000466000,084394,089398,086018,067317,093108,087768
0000000468,0000467000,084359,087443,088500,070361,089791,090252
0000000469,0000468000,084319,085027,090617,073845,086278,092539
0000000470,0000469000,084287,083013,092840,078333,082331,093813
0000000471,0000470000,084321,080177,093415,082727,078804,094420
0000000472,0000471000,084307,078804,094289,086999,075772,094049
0000000473,0000472000,084363,076812,093233,090619,073541,092734
0000000474,0000473000,084407,076533,092444,093021,072566,090817
0000000475,0000474000,084463,076301,090299,094556,072538,088084
0000000476,0000475000,084536,076877,087851,094197,073955,085294
0000000477,0000476000,084592,078570,085674,092924,076208,082236
0000000478,0000477000,084652,079907,082590,090094,079453,079599
0000000479,0000478000,084673,082696,080901,086358,083146,077423
0000000480,0000479000,084713,084578,078692,082131,086959,075934
0000000481,0000480000,084694,087100,077831,077444,090695,075452
0000000482,0000481000,084686,088925,077386,073303,093659,075703
0000000483,0000482000,084656,090248,077836,069490,095981,077075
0000000484,0000483000,084588,091237,079320,066971,097022,079025
0000000485,0000484000,084548,090923,080804,065445,096995,081707
0000000486,0000485000,084470,090673,083555,065450,095717,084672
0000000487,0000486000,084418,088906,085630,066858,093335,087639
0000000488,0000487000,084361,087412,088427,069335,090215,090466
0000000489,0000488000,084327,085132,090569,073128,086397,092613
0000000490,0000489000,084303,082701,092237,077221,082590,094197
0000000491,0000490000,084299,080743,093573,081829,078824,094734
0000000492,0000491000,084327,078503,093544,086066,075735,094448
0000000493,0000492000,084345,077452,093416,089733,073467,093190
0000000494,0000493000,084411,076439,091896,092483,072267,091101
0000000495,0000494000,084459,076637,090271,093879,072367,088496
0000000496,0000495000,084523,077168,087901,094095,073545,085403
0000000497,0000496000,084590,078425,085398,092684,075971,082404
0000000498,0000497000,084633,080406,083107,090256,079120,079522
0000000499,0000498000,084680,082253,080642,086612,082913,077260
0000000500,0000499000,084695,084848,079260,082385,086851,075700
0000000501,0000500000,084706,086744,077869,077940,090572,075021
0000000502,0000501000,084682,088785,077731,073517,093801,075379
0000000503,0000502000,084655,090072,078163,069889,096055,076564
0000000504,0000503000,084605,090750,079294,066995,097335,078697
0000000505,0000504000,084542,090946,081236,065479,097272,081348
0000000506,0000505000,084491,090075,083258,065206,096067,084447
0000000507,0000506000,084419,089044,085906,066380,093720,087574
0000000508,0000507000,084375,087072,088074,068837,090472,090448
0000000509,0000508000,084332,085146,090425,072253,086717,092858
0000000510,0000509000,084308,082828,092040,076518,082676,094421
0000000511,0000510000,084306,080670,093052,080888,078920,095176
0000000512,0000511000,084318,078968,093504,085300,075626,094857
0000000513,0000512000,084354,077427,092847,089036,073276,093640
0000000514,0000513000,084394,076950,091876,091902,072002,091543
0000000515,0000514000,084459,076737,089935,093617,071951,088786
0000000516,0000515000,084512,077475,087893,093892,073197,085687
0000000517,0000516000,084576,078666,085458,092903,075499,082434
0000000518,0000517000,084630,080371,083077,090498,078784,079504
0000000519,0000518000,084666,082497,081072,087157,082577,077021
0000000520,0000519000,084697,084535,079271,082987,086642,075354
0000000521,0000520000,084697,086809,078396,078546,090501,074593
0000000522,0000521000,084688,088414,077926,074209,093799,074828
0000000523,0000522000,084655,089830,078504,070322,096264,076084
0000000524,0000523000,084611,090489,079592,067431,097553,078156
0000000525,0000524000,084555,090493,081285,065573,097657,080973
0000000526,0000525000,084494,089958,083506,065161,096439,084130
0000000527,0000526000,084438,088634,085683,066060,094118,087430
0000000528,0000527000,084379,087092,088113,068282,090850,090483
0000000529,0000528000,084344,084960,090067,071599,086971,093002
0000000530,0000529000,084314,082929,091774,075629,082895,094781
0000000531,0000530000,084308,080849,092730,080101,078930,095568
0000000532,0000531000,084321,079087,093030,084420,075571,095386
0000000533,0000532000,084347,077883,092651,088356,073039,094135
0000000534,0000533000,084393,077114,091413,091369,071667,092024
0000000535,0000534000,084444,077201,089870,093283,071542,089195
0000000536,0000535000,084506,077684,087695,093887,072697,085928
0000000537,0000536000,084563,078944,085503,093061,075049,082578
0000000538,0000537000,084618,080548,083239,091004,078303,079409
0000000539,0000538000,084660,082468,081226,087763,082234,076811
0000000540,0000539000,084685,084600,079700,083800,086368,074949
0000000541,0000540000,084698,086506,078634,079380,090379,074084
0000000542,0000541000,084684,088278,078445,075004,093834,074253
0000000543,0000542000,084661,089420,078783,071066,096407,075456
0000000544,0000543000,084617,090152,079935,067906,097867,077612
0000000545,0000544000,084565,090140,081538,065911,098013,080462
0000000546,0000545000,084507,089544,083537,065146,096900,083801
0000000547,0000546000,084447,088461,085766,065824,094555,087233
0000000548,0000547000,084396,086794,087866,067769,091266,090484
0000000549,0000548000,084350,084980,089901,070860,087316,093193
0000000550,0000549000,084325,082910,091347,074788,083096,095110
0000000551,0000550000,084311,081038,092347,079132,079031,096068
0000000552,0000551000,084320,079367,092609,083551,075476,095921
0000000553,0000552000,084345,078178,092176,087528,072834,094736
0000000554,0000553000,084383,077588,091144,090785,071302,092563
0000000555,0000554000,084437,077500,089519,092926,071089,089655
0000000556,0000555000,084492,078138,087641,093808,072189,086257
0000000557,0000556000,084552,079186,085448,093321,074501,082713
0000000558,0000557000,084604,080764,083405,091486,077822,079383
0000000559,0000558000,084649,082566,081509,088544,081796,076554
0000000560,0000559000,084678,084506,080021,084690,086082,074552
0000000561,0000560000,084690,086389,079144,080388,090214,073524
0000000562,0000561000,084686,087912,078839,075979,093839,073614
0000000563,0000562000,084661,089114,079294,071925,096573,074793
0000000564,0000563000,084626,089669,080271,068601,098153,076963
0000000565,0000564000,084575,089718,081841,066299,098437,079931
0000000566,0000565000,084520,089150,083691,065285,097361,083381
0000000567,0000566000,084463,088084,085726,065596,095064,087022
0000000568,0000567000,084408,086617,087777,067275,091726,090453
0000000569,0000568000,084365,084817,089543,070098,087708,093375
0000000570,0000569000,084332,083006,090996,073834,083371,095482
0000000571,0000570000,084319,081176,091829,078112,079144,096572
0000000572,0000571000,084321,079691,092109,082501,075448,096543
0000000573,0000572000,084342,078593,091687,086628,072618,095369
0000000574,0000573000,084377,078016,090691,090045,070964,093191
0000000575,0000574000,084424,078019,089248,092487,070619,090174
0000000576,0000575000,084480,078531,087411,093674,071650,086640
0000000577,0000576000,084535,079598,085486,093523,073939,082915
0000000578,0000577000,084590,080980,083524,092033,077274,079364
0000000579,0000578000,084635,082697,081824,089337,081341,076342
0000000580,0000579000,084667,084473,080459,085726,085724,074126
0000000581,0000580000,084684,086165,079636,081501,090027,072960
0000000582,0000581000,084683,087622,079428,077119,093806,072931
0000000583,0000582000,084666,088636,079785,072953,096713,074076
0000000584,0000583000,084632,089201,080776,069424,098449,076274
0000000585,0000584000,084588,089171,082160,066858,098847,079321
0000000586,0000585000,084534,088678,083895,065485,097869,082933
0000000587,0000586000,084478,087678,085753,065466,095588,086745
0000000588,0000587000,084425,086310,087598,066769,092248,090406
0000000589,0000588000,084378,084716,089245,069310,088147,093536
0000000590,0000589000,084345,082999,090495,072809,083699,095851
0000000591,0000590000,084325,081405,091303,076954,079324,097108
0000000592,0000591000,084324,080019,091479,081338,075452,097184
0000000593,0000592000,084339,079069,091109,085538,072462,096072
0000000594,0000593000,084370,078557,090187,089181,070636,093859
0000000595,0000594000,084413,078564,088841,091890,070174,090769
0000000596,0000595000,084464,079085,087212,093444,071104,087082
0000000597,0000596000,084519,080010,085426,093663,073355,083170
0000000598,0000597000,084572,081322,083710,092545,076704,079402
0000000599,0000598000,084619,082833,082143,090188,080829,076148
0000000600,0000599000,084654,084453,080964,086813,085334,073733
0000000601,0000600000,084675,085958,080241,082761,089774,072380
0000000602,0000601000,084680,087237,080061,078395,093733,072241
0000000603,0000602000,084667,088154,080443,074158,096807,073323
0000000604,0000603000,084640,088590,081311,070423,098712,075538
0000000605,0000604000,084599,088585,082605,067559,099249,078668
0000000606,0000605000,084550,088085,084128,065832,098364,082418
0000000607,0000606000,084496,087193,085810,065399,096143,086430
0000000608,0000607000,084443,085960,087436,066321,092792,090302
0000000609,0000608000,084396,084529,088869,068490,088643,093673
0000000610,0000609000,084359,083031,089984,071719,084084,096199
0000000611,0000610000,084336,081599,090634,075681,079570,097641
0000000612,0000611000,084328,080434,090789,080009,075530,097848
0000000613,0000612000,084338,079590,090404,084290,072360,096797
0000000614,0000613000,084363,079189,089582,088115,070373,094584
0000000615,0000614000,084401,079227,088370,091137,069758,091411
0000000616,0000615000,084448,079701,086920,093054,070587,087593
0000000617,0000616000,084500,080556,085378,093703,072772,083487
0000000618,0000617000,084553,081696,083855,093003,076114,079499
0000000619,0000618000,084600,083050,082537,091032,080285,076012
0000000620,0000619000,084639,084430,081520,087973,084883,073370
0000000621,0000620000,084664,085741,080941,084117,089467,071833
0000000622,0000621000,084674,086821,080821,079840,093583,071550
0000000623,0000622000,084668,087570,081188,075535,096840,072563
0000000624,0000623000,084646,087926,081989,071620,098911,074770
0000000625,0000624000,084611,087860,083105,068451,099602,077971
0000000626,0000625000,084566,087414,084457,066334,098836,081855
0000000627,0000626000,084516,086597,085883,065467,096686,086048
0000000628,0000627000,084464,085535,087272,065931,093361,090147
0000000629,0000628000,084416,084299,088470,067692,089174,093748
0000000630,0000629000,084376,083019,089376,070569,084536,096506
0000000631,0000630000,084348,081838,089893,074301,079892,098142
0000000632,0000631000,084336,080865,089955,078522,075696,098499
0000000633,0000632000,084338,080211,089601,082839,072353,097532
0000000634,0000633000,084357,079906,088846,086845,070191,095330
0000000635,0000634000,084388,080001,087803,090162,069422,092104
0000000636,0000635000,084431,080440,086567,092485,070117,088158
0000000637,0000636000,084480,081188,085270,093585,072221,083877
0000000638,0000637000,084530,082180,084025,093367,075524,079669
0000000639,0000638000,084579,083300,082948,091842,079713,075950
0000000640,0000639000,084620,084453,082170,089161,084381,073077
0000000641,0000640000,084650,085501,081734,085578,089077,071335
0000000642,0000641000,084665,086358,081709,081431,093345,070900
0000000643,0000642000,084666,086915,082072,077117,096767,071814
0000000644,0000643000,084652,087143,082775,073033,099017,073999
0000000645,0000644000,084623,087037,083735,069570,099868,077243
0000000646,0000645000,084584,086602,084846,067046,099241,081241
0000000647,0000646000,084537,085907,086015,065702,097193,085604
0000000648,0000647000,084487,085007,087103,065665,093920,089911
0000000649,0000648000,084439,084005,088033,066938,089736,093747
0000000650,0000649000,084397,082987,088696,069405,085046,096732
0000000651,0000650000,084365,082076,089029,072823,080306,098579
0000000652,0000651000,084346,081361,089008,076878,075972,099098
0000000653,0000652000,084342,080899,088641,081180,072470,098240
0000000654,0000653000,084352,080748,087990,085330,070136,096077
0000000655,0000654000,084377,080889,087113,088940,069198,092819
0000000656,0000655000,084413,081308,086130,091669,069747,088777
0000000657,0000656000,084457,081948,085118,093267,071732,084337
0000000658,0000657000,084506,082753,084180,093575,074964,079932
0000000659,0000658000,084554,083634,083413,092571,079128,075986
0000000660,0000659000,084597,084495,082886,090344,083826,072886
0000000661,0000660000,084631,085263,082654,087111,088599,070934
0000000662,0000661000,084654,085837,082728,083174,092984,070325
0000000663,0000662000,084662,086176,083104,078903,096559,071122
0000000664,0000663000,084655,086252,083709,074701,098974,073250
0000000665,0000664000,084635,086074,084481,070955,099998,076510
0000000666,0000665000,084602,085666,085340,068021,099529,080586
0000000667,0000666000,084560,085078,086188,066168,097616,085089
0000000668,0000667000,084513,084380,086953,065575,094437,089583
0000000669,0000668000,084466,083629,087551,066295,090303,093632
0000000670,0000669000,084421,082921,087933,068260,085613,096842
0000000671,0000670000,084385,082324,088050,071286,080820,098898
0000000672,0000671000,084360,081899,087909,075085,076390,099599
0000000673,0000672000,084348,081687,087535,079305,072752,098871
0000000674,0000673000,084350,081698,086971,083547,070259,096782
0000000675,0000674000,084366,081923,086300,087419,069148,093532
0000000676,0000675000,084395,082316,085585,090559,069528,089432
0000000677,0000676000,084433,082846,084907,092674,071362,084875
0000000678,0000677000,084478,083444,084326,093567,074472,080303
0000000679,0000678000,084526,084045,083911,093151,078558,076158
0000000680,0000679000,084570,084588,083694,091470,083224,072843
0000000681,0000680000,084609,085012,083692,088680,088018,070683
0000000682,0000681000,084637,085272,083907,085044,092474,069888
0000000683,0000682000,084654,085343,084294,080903,096163,070539
0000000684,0000683000,084656,085238,084804,076641,098728,072576
0000000685,0000684000,084644,084967,085372,072657,099923,075803
0000000686,0000685000,084620,084575,085938,069318,099635,079912
0000000687,0000686000,084584,084110,086435,066939,097892,084505
0000000688,0000687000,084542,083623,086812,065739,094863,089141
0000000689,0000688000,084496,083171,087038,065832,090843,093369
0000000690,0000689000,084450,082805,087079,067207,086221,096779
0000000691,0000690000,084410,082573,086944,069734,081445,099040
0000000692,0000691000,084378,082488,086655,073178,076978,099929
0000000693,0000692000,084358,082563,086253,077217,073253,099360
0000000694,0000693000,084351,082780,085791,081476,070624,097385
0000000695,0000694000,084357,083101,085331,085558,069345,094196
0000000696,0000695000,084377,083488,084928,089087,069537,090096
0000000697,0000696000,084409,083892,084621,091733,071178,085482
0000000698,0000697000,084449,084264,084455,093251,074108,080800
0000000699,0000698000,084494,084553,084444,093500,078041,076502
0000000700,0000699000,084539,084729,084586,092457,082595,073006
0000000701,0000700000,084581,084766,084865,090222,087326,070652
0000000702,0000701000,084616,084656,085241,087003,091779,069667
0000000703,0000702000,084641,084422,085664,083099,095525,070146
0000000704,0000703000,084653,084092,086072,078872,098203,072045
0000000705,0000704000,084651,083709,086421,074713,099560,075181
0000000706,0000705000,084636,083322,086660,071008,099468,079250
0000000707,0000706000,084609,082984,086757,068099,097940,083861
0000000708,0000707000,084572,082734,086700,066258,095126,088568
0000000709,0000708000,084529,082610,086488,065652,091304,092914
0000000710,0000709000,084484,082638,086144,066338,086846,096479
0000000711,0000710000,084440,082814,085708,068251,082185,098919
0000000712,0000711000,084402,083123,085241,071212,077771,099998
0000000713,0000712000,084373,083530,084794,074948,074029,099613
0000000714,0000713000,084356,083987,084432,079112,071314,097802
0000000715,0000714000,084352,084435,084204,083323,069885,094741
0000000716,0000715000,084362,084821,084139,087188,069875,090724
0000000717,0000716000,084384,085099,084257,090353,071278,086141
0000000718,0000717000,084417,085220,084554,092523,073954,081436
0000000719,0000718000,084458,085165,085005,093500,077638,077064
0000000720,0000719000,084503,084929,085560,093195,081968,073448
0000000721,0000720000,084548,084528,086161,091638,086524,070935
0000000722,0000721000,084589,084003,086734,088973,090867,069766
0000000723,0000722000,084622,083414,087206,085446,094580,070050
0000000724,0000723000,084645,082825,087519,081381,097310,071758
0000000725,0000724000,084654,082301,087629,077152,098801,074723
0000000726,0000725000,084650,081910,087511,073149,098915,078657
0000000727,0000726000,084633,081701,087164,069742,097647,083180
0000000728,0000727000,084604,081709,086617,067244,095130,087852
0000000729,0000728000,084566,081949,085917,065885,091614,092219
0000000730,0000729000,084522,082407,085133,065787,087447,095862
0000000731,0000730000,084476,083042,084358,066957,083033,098432
0000000732,0000731000,084433,083789,083676,069288,078798,099684
0000000733,0000732000,084395,084575,083170,072565,075147,099505
0000000734,0000733000,084368,085308,082903,076489,072423,097915
0000000735,0000734000,084352,085909,082919,080700,070883,095070
0000000736,0000735000,084350,086309,083225,084810,070667,091247
0000000737,0000736000,084361,086452,083806,088442,071786,086821
0000000738,0000737000,084386,086307,084619,091262,074120,082220
0000000739,0000738000,084421,085875,085581,093011,077434,077891
0000000740,0000739000,084463,085190,086598,093533,081399,074251
0000000741,0000740000,084509,084310,087560,092782,085626,071646
0000000742,0000741000,084555,083327,088359,090826,089711,070319
0000000743,0000742000,084597,082343,088901,087846,093263,070390
0000000744,0000743000,084630,081457,089122,084112,095950,071848
0000000745,0000744000,084652,080769,088984,079964,097523,074545
0000000746,0000745000,084660,080359,088481,075784,097838,078219
0000000747,0000746000,084655,080283,087655,071954,096878,082508
0000000748,0000747000,084635,080565,086573,068826,094750,086994
0000000749,0000748000,084604,081195,085337,066685,091673,091241
0000000750,0000749000,084563,082118,084077,065723,087956,094842
0000000751,0000750000,084517,083245,082924,066027,083962,097457
0000000752,0000751000,084470,084469,082004,067566,080077,098844
0000000753,0000752000,084425,085664,081418,070201,076665,098881
0000000754,0000753000,084386,086706,081242,073694,074048,097571
0000000755,0000754000,084358,087485,081507,077728,072465,095049
0000000756,0000755000,084343,087909,082203,081934,072056,091564
0000000757,0000756000,084342,087919,083282,085928,072846,087459
0000000758,0000757000,084356,087493,084643,089344,074743,083138
0000000759,0000758000,084383,086665,086155,091871,077544,079020
0000000760,0000759000,084421,085504,087662,093283,080966,075500
0000000761,0000760000,084466,084122,089012,093454,084672,072906
0000000762,0000761000,084515,082655,090058,092372,088306,071476
0000000763,0000762000,084563,081248,090687,090132,091526,071334
0000000764,0000763000,084607,080044,090823,086938,094034,072481
0000000765,0000764000,084641,079169,090435,083076,095602,074797
0000000766,0000765000,084663,078731,089539,078898,096094,078051
0000000767,0000766000,084671,078788,088209,074785,095481,081919
0000000768,0000767000,084663,079353,086569,071112,093841,086019
0000000769,0000768000,084641,080383,084777,068214,091355,089952
0000000770,0000769000,084607,081782,083019,066349,088278,093343
0000000771,0000770000,084563,083415,081476,065683,084917,095876
0000000772,0000771000,084513,085126,080301,066273,081593,097326
0000000773,0000772000,084462,086747,079626,068066,078617,097569
0000000774,0000773000,084414,088111,079529,070903,076263,096597
0000000775,0000774000,084374,089081,080040,074529,074741,094516
0000000776,0000775000,084345,089538,081130,078617,074178,091539
0000000777,0000776000,084330,089415,082710,082795,074610,087965
0000000778,0000777000,084331,088711,084628,086683,075969,084148
0000000779,0000778000,084347,087484,086692,089928,078100,080461
0000000780,0000779000,084378,085852,088695,092240,080778,077254
0000000781,0000780000,084420,083972,090430,093414,083735,074823
0000000782,0000781000,084469,082026,091728,093349,086687,073381
0000000783,0000782000,084522,080197,092451,092050,089360,073046
0000000784,0000783000,084574,078673,092512,089633,091511,073832
0000000785,0000784000,084620,077611,091884,086311,092952,075647
0000000786,0000785000,084656,077137,090604,082383,093566,078301
0000000787,0000786000,084678,077322,088784,078205,093319,081522
0000000788,0000787000,084684,078161,086598,074156,092261,084990
0000000789,0000788000,084674,079578,084270,070602,090524,088364
0000000790,0000789000,084648,081432,082036,067862,088295,091326
0000000791,0000790000,084609,083544,080118,066177,085802,093606
0000000792,0000791000,084560,085717,078703,065694,083286,095007
0000000793,0000792000,084506,087740,077934,066455,080977,095420
0000000794,0000793000,084451,089415,077908,068393,079082,094827
0000000795,0000794000,084400,090564,078646,071339,077762,093306
0000000796,0000795000,084357,091055,080103,075030,077118,091023
0000000797,0000796000,084328,090809,082152,079135,077184,088214
0000000798,0000797000,084315,089842,084587,083280,077922,085164
0000000799,0000798000,084319,088250,087157,087092,079231,082171
0000000800,0000799000,084339,086190,089605,090228,080961,079519
0000000801,0000800000,084374,083864,091691,092415,082930,077443
0000000802,0000801000,084421,081488,093211,093461,084948,076119
0000000803,0000802000,084476,079285,094021,093274,086831,075647
0000000804,0000803000,084534,077474,094017,091871,088415,076043
0000000805,0000804000,084589,076248,093174,089372,089571,077246
0000000806,0000805000,084637,075746,091557,085998,090217,079116
0000000807,0000806000,084673,076047,089303,082050,090325,081452
0000000808,0000807000,084694,077131,086644,077886,089918,084016
0000000809,0000808000,084697,078879,083859,073883,089067,086555
0000000810,0000809000,084683,081120,081225,070396,087880,088833
0000000811,0000810000,084652,083634,078994,067732,086488,090648
0000000812,0000811000,084608,086187,077382,066124,085028,091853
0000000813,0000812000,084554,088544,076541,065712,083630,092362
0000000814,0000813000,084495,090470,076573,066532,082413,092160
0000000815,0000814000,084436,091759,077508,068515,081465,091294
0000000816,0000815000,084383,092264,079269,071489,080847,089877
0000000817,0000816000,084340,091913,081696,075191,080579,088068
0000000818,0000817000,084312,090730,084543,079286,080650,086055
0000000819,0000818000,084302,088847,087505,083405,081021,084037
0000000820,0000819000,084310,086459,090290,087179,081629,082201
0000000821,0000820000,084335,083791,092637,090279,082397,080703
0000000822,0000821000,084375,081094,094322,092435,083247,079661
0000000823,0000822000,084427,078617,095180,093457,084104,079142
0000000824,0000823000,084487,076604,095119,093258,084904,079158
0000000825,0000824000,084548,075270,094108,091852,085597,079673
0000000826,0000825000,084606,074771,092230,089358,086154,080606
0000000827,0000826000,084654,075165,089669,085996,086562,081842
0000000828,0000827000,084689,076429,086675,082065,086824,083245
0000000829,0000828000,084706,078421,083580,077922,086943,084679
0000000830,0000829000,084706,080913,080693,073938,086938,086011
0000000831,0000830000,084686,083694,078263,070459,086831,087134
0000000832,0000831000,084651,086499,076530,067790,086632,087969
0000000833,0000832000,084602,089049,075670,066162,086362,088468
0000000834,0000833000,084543,091117,075765,065718,086029,088622
0000000835,0000834000,084481,092472,076831,066497,085631,088462
0000000836,0000835000,084420,092953,078802,068436,085170,088035
0000000837,0000836000,084367,092516,081455,071368,084647,087409
0000000838,0000837000,084326,091199,084534,075032,084068,086663
0000000839,0000838000,084301,089138,087711,079100,083457,085868
0000000840,0000839000,084295,086576,090648,083201,082848,085095
0000000841,0000840000,084307,083740,093117,086984,082275,084399
0000000842,0000841000,084337,080872,094866,090116,081789,083817
0000000843,0000842000,084382,078293,095715,092324,081440,083370
0000000844,0000843000,084438,076218,095579,093420,081268,083063
0000000845,0000844000,084500,074867,094470,093302,081333,082876
0000000846,0000845000,084562,074413,092455,091982,081661,082787
0000000847,0000846000,084619,074888,089751,089567,082271,082779
0000000848,0000847000,084666,076241,086649,086273,083143,082835
0000000849,0000848000,084697,078322,083456,082389,084230,082950
0000000850,0000849000,084710,080910,080518,078271,085450,083118
0000000851,0000850000,084705,083753,078061,074277,086706,083341
0000000852,0000851000,084682,086616,076336,070752,087889,083630
0000000853,0000852000,084643,089180,075522,068008,088882,083987
0000000854,0000853000,084591,091216,075692,066276,089582,084422
0000000855,0000854000,084531,092525,076837,065713,089883,084942
0000000856,0000855000,084468,092936,078857,066365,089720,085542
0000000857,0000856000,084409,092435,081551,068184,089060,086192
0000000858,0000857000,084358,091071,084618,071014,087925,086843
0000000859,0000858000,084321,089005,087755,074600,086393,087434
0000000860,0000859000,084301,086454,090632,078622,084585,087902
0000000861,0000860000,084298,083657,093017,082723,082656,088188
0000000862,0000861000,084314,080859,094685,086553,080782,088230
0000000863,0000862000,084347,078369,095438,089769,079143,087996
0000000864,0000863000,084394,076425,095224,092103,077900,087464
0000000865,0000864000,084450,075189,094070,093346,077211,086635
0000000866,0000865000,084511,074833,092081,093391,077180,085542
0000000867,0000866000,084571,075366,089454,092231,077853,084263
0000000868,0000867000,084625,076707,086489,089958,079208,082907
0000000869,0000868000,084667,078715,083487,086778,081144,081601
0000000870,0000869000,084694,081181,080725,082971,083500,080479
0000000871,0000870000,084704,083872,078470,078877,086065,079664
0000000872,0000871000,084696,086527,076920,074850,088605,079259
0000000873,0000872000,084670,088887,076244,071243,090879,079337
0000000874,0000873000,084630,090701,076500,068366,092658,079933
0000000875,0000874000,084579,091807,077654,066466,093746,081037
0000000876,0000875000,084521,092096,079577,065712,093998,082587
0000000877,0000876000,084462,091545,082068,066169,093348,084468
0000000878,0000877000,084407,090244,084865,067806,091823,086507
0000000879,0000878000,084361,088335,087668,070478,089539,088513
0000000880,0000879000,084328,086012,090229,073950,086694,090287
0000000881,0000880000,084311,083493,092301,077913,083546,091643
0000000882,0000881000,084311,081037,093691,082020,080387,092429
0000000883,0000882000,084328,078882,094256,085915,077514,092535
0000000884,0000883000,084361,077250,093952,089259,075215,091914
0000000885,0000884000,084405,076300,092824,091768,073732,090578
0000000886,0000885000,084458,076104,091003,093220,073243,088615
0000000887,0000886000,084514,076668,088701,093491,073831,086183
0000000888,0000887000,084569,077902,086147,092551,075472,083503
0000000889,0000888000,084618,079678,083605,090479,078036,080830
0000000890,0000889000,084655,081807,081314,087459,081294,078427
0000000891,0000890000,084679,084082,079492,083754,084951,076538
0000000892,0000891000,084687,086279,078310,079695,088663,075363
0000000893,0000892000,084679,088168,077880,075631,092078,075048
0000000894,0000893000,084655,089560,078243,071917,094859,075657
0000000895,0000894000,084619,090322,079326,068870,096721,077173
0000000896,0000895000,084572,090412,080998,066752,097457,079489
0000000897,0000896000,084521,089834,083069,065752,096965,082407
0000000898,0000897000,084468,088679,085321,065954,095267,085663
0000000899,0000898000,084419,087082,087526,067350,092501,088945
0000000900,0000899000,084377,085196,089479,069814,088916,091936
0000000901,0000900000,084348,083217,090996,073131,084845,094334
0000000902,0000901000,084280,092048,094241,075972,084552,095924
0000000903,0000902000,081056,097789,091462,079617,084552,096465
0000000904,0000903000,071731,084706,090647,079617,084552,097312
0000000905,0000904000,074849,079395,096066,079617,084552,094224
0000000906,0000905000,080201,079053,084911,079617,084552,091199
0000000907,0000906000,084580,082351,087274,079617,084552,089156
0000000908,0000907000,075746,070176,084527,079617,084552,084823
0000000909,0000908000,090569,076692,099998,079617,084552,084823
0000000910,0000909000,091021,070887,093965,079617,084552,084823
0000000911,0000910000,089352,070196,081680,079617,084552,084823
0000000912,0000911000,099998,083838,088912,079617,084552,084823
0000000913,0000912000,087705,070864,078409,079617,084552,084823
0000000914,0000913000,096570,079043,083077,079617,084552,084823
0000000915,0000914000,098187,085657,076756,079617,084552,084823
0000000916,0000915000,088596,083610,068046,079617,084552,084823
0000000917,0000916000,093938,093407,082513,079617,084552,084823
0000000918,0000917000,082790,085634,075489,079617,084552,084823
0000000919,0000918000,084639,093538,074462,079617,084552,084823
0000000920,0000919000,085151,099998,077663,079617,084552,084823
0000000921,0000920000,073370,089724,077857,079617,084552,084823
0000000922,0000921000,078751,094561,092341,079617,084552,084823
0000000923,0000922000,073317,090559,086080,079617,084552,084823
0000000924,0000923000,072990,091063,085016,079617,084552,084823
0000000925,0000924000,077023,090592,095701,079617,084552,084823
0000000926,0000925000,070975,077039,094877,079617,084552,084823
0000000927,0000926000,079828,081811,099414,079617,084552,084823
0000000928,0000927000,080542,080388,093461,079617,084552,084823
0000000929,0000928000,080400,074479,092570,079617,084552,084823
0000000930,0000929000,088371,074382,099948,079617,084552,084823
0000000931,0000930000,086680,068752,090200,079617,084552,084823
0000000932,0000931000,093591,076097,087193,079617,084552,084823
0000000933,0000932000,094739,076742,085621,079617,084552,084823
0000000934,0000933000,091852,072017,083279,079617,084552,084823
0000000935,0000934000,097767,079653,083908,079617,084552,084823
0000000936,0000935000,093982,081876,072822,079617,084552,084823
0000000937,0000936000,093639,086620,073424,079617,084552,084823
0000000938,0000937000,091896,087631,078825,079617,084552,084823
0000000939,0000938000,085668,086628,075375,079617,084552,084823
0000000940,0000939000,087377,096464,075639,079617,084552,084823
0000000941,0000940000,081640,095853,074021,079617,084552,084823
0000000942,0000941000,078122,092580,080955,079617,084552,084823
0000000943,0000942000,077652,093146,087773,079617,084552,084823
0000000944,0000943000,072917,092035,083729,079617,084552,084823
0000000945,0000944000,075089,094567,087809,079617,084552,084823
0000000946,0000945000,073566,087353,092838,079617,084552,084823
0000000947,0000946000,073355,080959,096364,079617,084552,084823
0000000948,0000947000,077774,083144,097247,079617,084552,084823
0000000949,0000948000,077502,079870,092576,079617,084552,084823
0000000950,0000949000,082130,076617,096818,079617,084552,084823
0000000951,0000950000,085288,071886,098079,079617,084552,084823
0000000952,0000951000,087053,071425,092000,079617,084552,084823
0000000953,0000952000,092215,076450,088753,079617,084552,084823
0000000954,0000953000,092374,073262,085667,079617,084552,084823
0000000955,0000954000,094795,072783,086428,079617,084552,084823
0000000956,0000955000,096228,077437,082351,079617,084552,084823
0000000957,0000956000,094301,081833,074644,079617,084552,084823
0000000958,0000957000,095098,085748,075670,079617,084552,084823
0000000959,0000958000,091805,084163,076615,079617,084552,084823
0000000960,0000959000,089121,087987,075823,079617,084552,084823
0000000961,0000960000,086965,095116,074112,079617,084552,084823
0000000962,0000961000,082203,094983,074142,079617,084552,084823
0000000963,0000962000,080993,093525,081075,079617,084552,084823
0000000964,0000963000,077523,092461,083658,079617,084552,084823
0000000965,0000964000,074314,094571,083472,079617,084552,084823
0000000966,0000965000,074083,094656,087261,079617,084552,084823
0000000967,0000966000,073029,087449,091488,079617,084552,084823
0000000968,0000967000,074735,084132,095862,079617,084552,084823
0000000969,0000968000,075354,083798,095248,079617,084552,084823
0000000970,0000969000,076420,081436,094331,079617,084552,084823
0000000971,0000970000,080954,077026,097631,079617,084552,084823
0000000972,0000971000,083685,071906,097027,079617,084552,084823
0000000973,0000972000,086870,073350,093785,079617,084552,084823
0000000974,0000973000,089453,075239,090138,079617,084552,084823
0000000975,0000974000,091747,072570,087988,079617,084552,084823
0000000976,0000975000,095488,072421,087229,079617,084552,084823
0000000977,0000976000,095494,075752,081965,079617,084552,084823
0000000978,0000977000,094752,081069,077664,079617,084552,084823
0000000979,0000978000,094893,083265,076814,079617,084552,084823
0000000980,0000979000,093524,083097,075965,079617,084552,084823
0000000981,0000980000,091564,087877,075235,079617,084552,084823
0000000982,0000981000,087160,092935,073599,079617,084552,084823
0000000983,0000982000,083729,094382,075059,079617,084552,084823
0000000984,0000983000,082430,093462,079018,079617,084552,084823
0000000985,0000984000,079102,093145,080672,079617,084552,084823
0000000986,0000985000,075649,095658,082966,079617,084552,084823
0000000987,0000986000,073190,094331,086541,079617,084552,084823
0000000988,0000987000,073475,089338,090229,079617,084552,084823
0000000989,0000988000,074970,086492,093263,079617,084552,084823
0000000990,0000989000,074096,084896,094250,079617,084552,084823
0000000991,0000990000,075152,082591,096191,079617,084552,084823
0000000992,0000991000,078917,077941,097433,079617,084552,084823
0000000993,0000992000,082768,074005,096304,079617,084552,084823
0000000994,0000993000,085685,074066,094739,079617,084552,084823
0000000995,0000994000,087085,073904,092539,079617,084552,084823
0000000996,0000995000,090624,072556,090506,079617,084552,084823
0000000997,0000996000,094815,072326,087233,079617,084552,084823
0000000998,0000997000,095627,074791,082785,079617,084552,084823
0000000999,0000998000,094760,078791,080711,079617,084552,084823
0000001000,0000999000,094508,080757,078491,079617,084552,084823
0000001001,0001000000,095069,082793,075683,079617,084552,084823
0000001002,0001001000,093366,086863,074127,079617,084552,084823
0000001003,0001002000,088658,090390,074314,079617,084552,084823
0000001004,0001003000,085325,092875,075860,079617,084552,084823
0000001005,0001004000,083596,093703,076620,079617,084552,084823
0000001006,0001005000,081188,094320,077971,079617,084552,084823
0000001007,0001006000,077180,095237,081864,079617,084552,084823
0000001008,0001007000,073497,094046,085994,079617,084552,084823
0000001009,0001008000,073668,091731,088490,079617,084552,084823
0000001010,0001009000,074794,089129,090104,079617,084552,084823
0000001011,0001010000,073866,086229,093382,079617,084552,084823
0000001012,0001011000,073905,083057,097195,079617,084552,084823
0000001013,0001012000,076747,079757,097190,079617,084552,084823
0000001014,0001013000,081228,077122,095423,079617,084552,084823
0000001015,0001014000,084109,074692,095279,079617,084552,084823
0000001016,0001015000,085513,072707,095311,079617,084552,084823
0000001017,0001016000,088747,072519,092769,079617,084552,084823
0000001018,0001017000,093055,073073,087674,079617,084552,084823
0000001019,0001018000,095426,074079,084193,079617,084552,084823
0000001020,0001019000,094957,075734,083395,079617,084552,084823
0000001021,0001020000,094460,078405,080741,079617,084552,084823
0000001022,0001021000,095547,082328,076069,079617,084552,084823
0000001023,0001022000,094709,085649,073524,079617,084552,084823
0000001024,0001023000,091031,087557,075068,079617,084552,084823
0000001025,0001024000,087256,090456,076345,079617,084552,084823
0000001026,0001025000,084867,093809,075000,079617,084552,084823
0000001027,0001026000,082882,095365,075618,079617,084552,084823
0000001028,0001027000,079348,094427,080163,079617,084552,084823
0000001029,0001028000,075252,093579,084825,079617,084552,084823
0000001030,0001029000,073733,093720,086556,079617,084552,084823
0000001031,0001030000,074185,092018,087545,079617,084552,084823
0000001032,0001031000,074102,087868,091833,079617,084552,084823
0000001033,0001032000,073516,083807,096630,079617,084552,084823
0000001034,0001033000,074869,081805,097009,079617,084552,084823
0000001035,0001034000,078675,080182,095096,079617,084552,084823
0000001036,0001035000,082160,076110,095540,079617,084552,084823
0000001037,0001036000,084394,072373,097011,079617,084552,084823
0000001038,0001037000,086831,072384,094733,079617,084552,084823
0000001039,0001038000,090389,073927,089397,079617,084552,084823
0000001040,0001039000,094028,073702,086169,079617,084552,084823
0000001041,0001040000,095308,073186,085353,079617,084552,084823
0000001042,0001041000,094918,076008,082837,079617,084552,084823
0000001043,0001042000,095133,081019,077789,079617,084552,084823
0000001044,0001043000,095278,084086,074390,079617,084552,084823
0000001045,0001044000,093527,085144,075183,079617,084552,084823
0000001046,0001045000,089902,087837,076133,079617,084552,084823
0000001047,0001046000,086508,092682,074566,079617,084552,084823
0000001048,0001047000,084105,095461,074346,079617,084552,084823
0000001049,0001048000,081654,094191,077956,079617,084552,084823
0000001050,0001049000,078170,093211,082443,079617,084552,084823
0000001051,0001050000,074736,094623,084528,079617,084552,084823
0000001052,0001051000,073432,094316,086023,079617,084552,084823
0000001053,0001052000,074009,090158,089709,079617,084552,084823
0000001054,0001053000,074055,085569,094202,079617,084552,084823
0000001055,0001054000,073883,083716,096205,079617,084552,084823
0000001056,0001055000,075736,082426,095726,079617,084552,084823
0000001057,0001056000,079495,078453,095842,079617,084552,084823
0000001058,0001057000,083018,073810,097031,079617,084552,084823
0000001059,0001058000,085359,072495,095995,079617,084552,084823
0000001060,0001059000,087587,073872,092332,079617,084552,084823
0000001061,0001060000,091260,073693,088928,079617,084552,084823
0000001062,0001061000,094731,072243,086824,079617,084552,084823
0000001063,0001062000,095707,073920,084210,079617,084552,084823
0000001064,0001063000,094807,078403,080661,079617,084552,084823
0000001065,0001064000,094840,081839,077110,079617,084552,084823
0000001066,0001065000,095169,083420,075291,079617,084552,084823
0000001067,0001066000,093018,085777,075018,079617,084552,084823
0000001068,0001067000,088941,090015,074861,079617,084552,084823
0000001069,0001068000,085529,093717,074626,079617,084552,084823
0000001070,0001069000,083423,094432,075936,079617,084552,084823
0000001071,0001070000,081264,093721,078889,079617,084552,084823
0000001072,0001071000,077305,094402,082122,079617,084552,084823
0000001073,0001072000,073763,095012,085045,079617,084552,084823
0000001074,0001073000,073350,092703,087812,079617,084552,084823
0000001075,0001074000,074515,088755,090523,079617,084552,084823
0000001076,0001075000,074103,085827,093933,079617,084552,084823
0000001077,0001076000,073696,083679,096450,079617,084552,084823
0000001078,0001077000,076269,080900,096658,079617,084552,084823
0000001079,0001078000,080691,077173,096003,079617,084552,084823
0000001080,0001079000,083821,073943,096039,079617,084552,084823
0000001081,0001080000,085501,072952,095404,079617,084552,084823
0000001082,0001081000,088008,073275,092545,079617,084552,084823
0000001083,0001082000,092351,072981,088487,079617,084552,084823
0000001084,0001083000,095549,073026,085278,079617,084552,084823
0000001085,0001084000,095284,075041,083497,079617,084552,084823
0000001086,0001085000,094338,078544,080966,079617,084552,084823
0000001087,0001086000,095259,081824,076754,079617,084552,084823
0000001088,0001087000,095296,084549,073987,079617,084552,084823
0000001089,0001088000,092227,086813,074794,079617,084552,084823
0000001090,0001089000,087897,090071,075861,079617,084552,084823
0000001091,0001090000,085136,093642,075057,079617,084552,084823
0000001092,0001091000,083403,095051,075381,079617,084552,084823
0000001093,0001092000,080630,094252,078962,079617,084552,084823
0000001094,0001093000,076297,094003,083532,079617,084552,084823
0000001095,0001094000,073463,094263,086117,079617,084552,084823
0000001096,0001095000,073853,092663,087309,079617,084552,084823
0000001097,0001096000,074542,088779,090512,079617,084552,084823
0000001098,0001097000,073601,084977,095260,079617,084552,084823
0000001099,0001098000,073881,082664,097279,079617,084552,084823
0000001100,0001099000,077154,080910,095789,079617,084552,084823
0000001101,0001100000,081308,077207,095310,079617,084552,084823
