0000000001,0000000000,089018,087849,075338,084878,089182,074289
0000000002,0000001000,086470,090283,075452,081861,091901,074588
0000000003,0000002000,083622,092135,076450,078565,093891,075893
0000000004,0000003000,080769,093203,078233,075310,094962,078079
0000000005,0000004000,078189,093382,080635,072402,095015,080933
0000000006,0000005000,076117,092675,083413,070143,094035,084173
0000000007,0000006000,074773,091143,086288,068751,092120,087479
0000000008,0000007000,074295,088916,088994,068355,089461,090534
0000000009,0000008000,074706,086236,091263,068994,086318,093038
0000000010,0000009000,075974,083369,092864,070613,082997,094740
0000000011,0000010000,077995,080569,093642,073052,079820,095478
0000000012,0000011000,080553,078124,093529,076065,077105,095179
0000000013,0000012000,083383,076290,092532,079362,075114,093874
0000000014,0000013000,086237,075220,090747,082622,074039,091688
0000000015,0000014000,088835,075024,088346,085524,073991,088834
0000000016,0000015000,090892,075745,085568,087783,074972,085595
0000000017,0000016000,092229,077284,082692,089179,076882,082288
0000000018,0000017000,092728,079491,079987,089575,079542,079233
0000000019,0000018000,092309,082179,077718,088931,082689,076730
0000000020,0000019000,091026,085062,076118,087315,086008,075027
0000000021,0000020000,089023,087843,075338,084879,089181,074290
0000000022,0000021000,086469,090284,075452,081861,091901,074588
0000000023,0000022000,083617,092140,076449,078564,093892,075894
0000000024,0000023000,080772,093200,078233,075308,094963,078079
0000000025,0000024000,078191,093380,080635,072403,095013,080933
0000000026,0000025000,076114,092679,083413,070143,094035,084173
0000000027,0000026000,074773,091143,086288,068749,092121,087479
0000000028,0000027000,074296,088915,088994,068354,089462,090534
0000000029,0000028000,074705,086237,091263,068994,086318,093037
0000000030,0000029000,075975,083368,092863,070613,082996,094741
0000000031,0000030000,077994,080568,093643,073050,079822,095478
0000000032,0000031000,080550,078126,093530,076065,077106,095180
0000000033,0000032000,083385,076288,092532,079363,075113,093874
0000000034,0000033000,086239,075218,090747,082621,074040,091689
0000000035,0000034000,088831,075028,088347,085523,073992,088835
0000000036,0000035000,090892,075745,085568,087783,074972,085595
0000000037,0000036000,092235,077279,082692,089179,076882,082289
0000000038,0000037000,092725,079493,079987,089574,079542,079234
0000000039,0000038000,092305,082182,077718,088931,082688,076731
0000000040,0000039000,091031,085057,076117,087315,086008,075028
0000000041,0000040000,089025,087842,075338,084878,089181,074290
0000000042,0000041000,086464,090290,075452,081861,091900,074589
0000000043,0000042000,083619,092137,076449,078565,093892,075894
0000000044,0000043000,080777,093195,078233,075307,094964,078079
0000000045,0000044000,078186,093385,080635,072403,095014,080933
0000000046,0000045000,076112,092681,083412,070144,094034,084173
0000000047,0000046000,074779,091138,086288,068749,092122,087479
0000000048,0000047000,074294,088917,088994,068352,089463,090534
0000000049,0000048000,074701,086241,091263,068995,086318,093037
0000000050,0000049000,075978,083364,092863,070613,082997,094740
0000000051,0000050000,077995,080567,093643,073048,079824,095478
0000000052,0000051000,080545,078131,093530,076064,077107,095179
0000000053,0000052000,083386,076287,092532,079363,075113,093874
0000000054,0000053000,086242,075215,090748,082620,074041,091689
0000000055,0000054000,088827,075031,088347,085521,073993,088835
0000000056,0000055000,090891,075745,085569,087783,074971,085596
0000000057,0000056000,092238,077275,082693,089178,076882,082289
0000000058,0000057000,092724,079494,079987,089572,079543,079235
0000000059,0000058000,092304,082184,077718,088931,082688,076732
0000000060,0000059000,091035,085053,076117,087314,086007,075029
0000000061,0000060000,089025,087842,075338,084878,089181,074291
0000000062,0000061000,086462,090292,075451,081861,091899,074589
0000000063,0000062000,083622,092135,076448,078565,093891,075894
0000000064,0000063000,080778,093195,078232,075307,094964,078080
0000000065,0000064000,078184,093387,080634,072404,095013,080933
0000000066,0000065000,076114,092680,083411,070145,094033,084172
0000000067,0000066000,074780,091137,086288,068749,092122,087479
0000000068,0000067000,074291,088920,088994,068353,089464,090533
0000000069,0000068000,074701,086242,091263,068996,086318,093036
0000000070,0000069000,075979,083363,092863,070613,082998,094739
0000000071,0000070000,077992,080570,093644,073048,079825,095477
0000000072,0000071000,080544,078132,093530,076064,077107,095179
0000000073,0000072000,083388,076284,092533,079362,075114,093874
0000000074,0000073000,086240,075216,090749,082618,074043,091689
0000000075,0000074000,088825,075033,088348,085521,073994,088836
0000000076,0000075000,090894,075742,085570,087782,074972,085597
0000000077,0000076000,092238,077274,082694,089176,076883,082291
0000000078,0000077000,092721,079496,079988,089571,079543,079236
0000000079,0000078000,092306,082181,077718,088930,082687,076733
0000000080,0000079000,091038,085050,076117,087313,086007,075030
0000000081,0000080000,089024,087844,075338,084878,089180,074292
0000000082,0000081000,086463,090292,075450,081862,091898,074590
0000000083,0000082000,083626,092132,076447,078565,093890,075895
0000000084,0000083000,080777,093197,078231,075308,094963,078080
0000000085,0000084000,078183,093390,080633,072406,095012,080933
0000000086,0000085000,076117,092678,083410,070146,094032,084172
0000000087,0000086000,074779,091139,086287,068750,092122,087477
0000000088,0000087000,074288,088924,088993,068354,089464,090532
0000000089,0000088000,074701,086241,091262,068997,086318,093035
0000000090,0000089000,075979,083363,092864,070613,082999,094738
0000000091,0000090000,077988,080573,093644,073047,079827,095476
0000000092,0000091000,080543,078132,093531,076063,077109,095178
0000000093,0000092000,083389,076282,092534,079360,075116,093873
0000000094,0000093000,086237,075217,090751,082616,074045,091689
0000000095,0000094000,088823,075033,088349,085519,073995,088836
0000000096,0000095000,090896,075738,085571,087779,074973,085598
0000000097,0000096000,092238,077273,082695,089174,076884,082292
0000000098,0000097000,092721,079496,079989,089570,079542,079238
0000000099,0000098000,092309,082178,077719,088929,082686,076735
0000000100,0000099000,091039,085048,076117,087312,086005,075032
0000000101,0000100000,089024,087845,075337,084878,089178,074294
0000000102,0000101000,086466,090290,075449,081863,091895,074592
0000000103,0000102000,083628,092131,076446,078567,093888,075896
0000000104,0000103000,080777,093199,078229,075310,094961,078080
0000000105,0000104000,078184,093391,080630,072408,095010,080932
0000000106,0000105000,076119,092678,083408,070148,094031,084170
0000000107,0000106000,074777,091142,086285,068752,092122,087475
0000000108,0000107000,074286,088927,088992,068357,089464,090529
0000000109,0000108000,074702,086242,091262,068998,086320,093032
0000000110,0000109000,075976,083365,092864,070613,083002,094735
0000000111,0000110000,077984,080576,093645,073047,079830,095473
0000000112,0000111000,080542,078131,093532,076062,077112,095176
0000000113,0000112000,083387,076282,092537,079358,075120,093872
0000000114,0000113000,086233,075218,090753,082614,074047,091689
0000000115,0000114000,088823,075030,088352,085516,073997,088837
0000000116,0000115000,090897,075735,085574,087776,074975,085599
0000000117,0000116000,092236,077272,082697,089171,076885,082295
0000000118,0000117000,092722,079493,079990,089567,079542,079241
0000000119,0000118000,092313,082173,077719,088927,082685,076739
0000000120,0000119000,091040,085047,076117,087311,086003,075035
0000000121,0000120000,089026,087844,075336,084878,089175,074297
0000000122,0000121000,086471,090287,075447,081864,091892,074594
0000000123,0000122000,083631,092132,076443,078568,093885,075897
0000000124,0000123000,080778,093202,078226,075313,094957,078080
0000000125,0000124000,078187,093391,080627,072412,095007,080931
0000000126,0000125000,076119,092680,083406,070152,094030,084168
0000000127,0000126000,074775,091147,086283,068756,092121,087473
0000000128,0000127000,074286,088930,088990,068360,089464,090526
0000000129,0000128000,074701,086243,091261,069000,086322,093028
0000000130,0000129000,075972,083370,092864,070614,083005,094731
0000000131,0000130000,077981,080579,093646,073047,079833,095470
0000000132,0000131000,080540,078130,093535,076061,077116,095173
0000000133,0000132000,083383,076283,092540,079355,075124,093871
0000000134,0000133000,086230,075218,090757,082611,074051,091688
0000000135,0000134000,088823,075027,088355,085512,074000,088838
0000000136,0000135000,090896,075732,085577,087771,074977,085602
0000000137,0000136000,092236,077270,082700,089167,076886,082298
0000000138,0000137000,092725,079489,079992,089564,079541,079245
0000000139,0000138000,092316,082169,077720,088924,082683,076743
0000000140,0000139000,091043,085046,076117,087310,086000,075040
0000000141,0000140000,089030,087841,075334,084878,089171,074301
0000000142,0000141000,086476,090284,075445,081866,091887,074597
0000000143,0000142000,083633,092133,076440,078571,093880,075899
0000000144,0000143000,080780,093203,078222,075317,094953,078081
0000000145,0000144000,078190,093392,080623,072416,095004,080930
0000000146,0000145000,076119,092684,083402,070156,094028,084166
0000000147,0000146000,074774,091152,086280,068761,092120,087469
0000000148,0000147000,074285,088933,088988,068364,089465,090521
0000000149,0000148000,074697,086248,091260,069003,086324,093023
0000000150,0000149000,075966,083374,092865,070616,083008,094726
0000000151,0000150000,077977,080580,093648,073047,079837,095466
0000000152,0000151000,080536,078131,093538,076059,077121,095170
0000000153,0000152000,083378,076284,092544,079352,075129,093869
0000000154,0000153000,086227,075217,090761,082606,074056,091688
0000000155,0000154000,088822,075023,088360,085506,074004,088839
0000000156,0000155000,090895,075729,085582,087765,074980,085605
0000000157,0000156000,092236,077266,082703,089161,076886,082302
0000000158,0000157000,092729,079482,079994,089559,079540,079251
0000000159,0000158000,092319,082165,077721,088920,082681,076749
0000000160,0000159000,091046,085043,076116,087308,085996,075046
0000000161,0000160000,089036,087837,075332,084878,089166,074306
0000000162,0000161000,086481,090283,075441,081867,091882,074601
0000000163,0000162000,083636,092134,076435,078575,093874,075901
0000000164,0000163000,080785,093204,078217,075322,094947,078081
0000000165,0000164000,078193,093394,080618,072422,094999,080929
0000000166,0000165000,076119,092690,083397,070163,094025,084163
0000000167,0000166000,074773,091157,086275,068767,092119,087464
0000000168,0000167000,074283,088937,088985,068369,089466,090515
0000000169,0000168000,074692,086254,091259,069006,086327,093017
0000000170,0000169000,075961,083380,092865,070618,083013,094720
0000000171,0000170000,077973,080583,093650,073047,079843,095460
0000000172,0000171000,080530,078133,093542,076056,077128,095166
0000000173,0000172000,083372,076285,092549,079348,075136,093866
0000000174,0000173000,086224,075214,090767,082600,074062,091688
0000000175,0000174000,088820,075019,088366,085499,074010,088841
0000000176,0000175000,090893,075725,085587,087758,074983,085608
0000000177,0000176000,092238,077259,082708,089155,076888,082308
0000000178,0000177000,092733,079475,079998,089553,079539,079257
0000000179,0000178000,092323,082159,077723,088916,082678,076756
0000000180,0000179000,091052,085037,076116,087306,085991,075053
0000000181,0000180000,089044,087832,075329,084878,089159,074313
0000000182,0000181000,086487,090281,075437,081870,091874,074606
0000000183,0000182000,083642,092134,076429,078580,093866,075904
0000000184,0000183000,080790,093205,078210,075328,094940,078082
0000000185,0000184000,078196,093399,080611,072430,094994,080927
0000000186,0000185000,076119,092696,083391,070171,094021,084158
0000000187,0000186000,074772,091163,086270,068775,092118,087458
0000000188,0000187000,074280,088944,088981,068375,089467,090508
0000000189,0000188000,074686,086262,091258,069011,086331,093008
0000000190,0000189000,075955,083385,092866,070620,083018,094712
0000000191,0000190000,077966,080587,093653,073047,079851,095453
0000000192,0000191000,080522,078137,093547,076053,077137,095160
0000000193,0000192000,083365,076285,092555,079343,075145,093863
0000000194,0000193000,086220,075211,090774,082593,074070,091687
0000000195,0000194000,088816,075015,088374,085491,074016,088843
0000000196,0000195000,090892,075719,085594,087749,074987,085613
0000000197,0000196000,092241,077251,082714,089146,076889,082315
0000000198,0000197000,092736,079467,080002,089546,079538,079266
0000000199,0000198000,092328,082153,077725,088911,082674,076766
0000000200,0000199000,091060,085030,076115,087304,085984,075062
0000000201,0000200000,089052,087827,075326,084879,089151,074321
0000000202,0000201000,086494,090279,075432,081873,091865,074612
0000000203,0000202000,083649,092134,076422,078586,093856,075908
0000000204,0000203000,080796,093207,078202,075336,094931,078082
0000000205,0000204000,078199,093404,080603,072439,094987,080925
0000000206,0000205000,076119,092703,083383,070181,094016,084153
0000000207,0000206000,074771,091171,086264,068784,092116,087450
0000000208,0000207000,074275,088953,088977,068383,089469,090498
0000000209,0000208000,074679,086270,091256,069017,086335,092998
0000000210,0000209000,075947,083392,092866,070623,083025,094702
0000000211,0000210000,077957,080592,093657,073046,079860,095444
0000000212,0000211000,080513,078140,093553,076050,077147,095153
0000000213,0000212000,083358,076285,092563,079336,075155,093859
0000000214,0000213000,086214,075207,090784,082584,074080,091686
0000000215,0000214000,088812,075010,088383,085480,074024,088846
0000000216,0000215000,090891,075712,085603,087739,074992,085619
0000000217,0000216000,092243,077241,082721,089136,076891,082323
0000000218,0000217000,092740,079458,080007,089537,079537,079276
0000000219,0000218000,092335,082144,077727,088905,082669,076777
0000000220,0000219000,091070,085022,076114,087301,085976,075073
0000000221,0000220000,089062,087821,075322,084879,089141,074330
0000000222,0000221000,086503,090277,075425,081877,091853,074620
0000000223,0000222000,083658,092134,076413,078593,093845,075912
0000000224,0000223000,080803,093210,078192,075346,094921,078083
0000000225,0000224000,078202,093411,080593,072450,094978,080922
0000000226,0000225000,076121,092711,083373,070193,094011,084147
0000000227,0000226000,074769,091180,086256,068795,092114,087441
0000000228,0000227000,074269,088964,088972,068392,089470,090487
0000000229,0000228000,074671,086281,091253,069024,086340,092986
0000000230,0000229000,075938,083400,092868,070626,083034,094690
0000000231,0000230000,077946,080599,093661,073046,079871,095433
0000000232,0000231000,080502,078144,093560,076046,077159,095145
0000000233,0000232000,083349,076284,092572,079328,075167,093854
0000000234,0000233000,086206,075204,090795,082574,074091,091685
0000000235,0000234000,088806,075004,088394,085468,074033,088849
0000000236,0000235000,090890,075702,085613,087726,074998,085626
0000000237,0000236000,092246,077230,082729,089123,076893,082333
0000000238,0000237000,092745,079447,080013,089527,079535,079288
0000000239,0000238000,092344,082133,077729,088898,082663,076790
0000000240,0000239000,091081,085012,076113,087297,085967,075086
0000000241,0000240000,089073,087814,075318,084879,089129,074342
0000000242,0000241000,086515,090273,075417,081882,091840,074628
0000000243,0000242000,083669,092133,076403,078601,093832,075917
0000000244,0000243000,080811,093214,078180,075357,094909,078084
0000000245,0000244000,078207,093418,080580,072464,094968,080918
0000000246,0000245000,076123,092721,083362,070207,094004,084139
0000000247,0000246000,074767,091192,086247,068808,092112,087430
0000000248,0000247000,074263,088977,088965,068404,089472,090474
0000000249,0000248000,074663,086292,091250,069032,086347,092972
0000000250,0000249000,075927,083410,092869,070630,083044,094676
0000000251,0000250000,077933,080607,093666,073045,079884,095421
0000000252,0000251000,080489,078148,093568,076041,077174,095136
0000000253,0000252000,083338,076284,092584,079319,075182,093849
0000000254,0000253000,086197,075201,090807,082561,074104,091684
0000000255,0000254000,088801,074997,088407,085454,074044,088852
0000000256,0000255000,090889,075691,085625,087711,075005,085634
0000000257,0000256000,092248,077218,082740,089109,076896,082345
0000000258,0000257000,092752,079434,080020,089515,079533,079302
0000000259,0000258000,092354,082119,077732,088889,082656,076805
0000000260,0000259000,091093,085001,076111,087293,085956,075101
0000000261,0000260000,089086,087807,075312,084880,089115,074355
0000000262,0000261000,086529,090268,075408,081887,091825,074638
0000000263,0000262000,083682,092133,076391,078611,093816,075923
0000000264,0000263000,080820,093219,078167,075371,094895,078085
0000000265,0000264000,078213,093426,080566,072479,094957,080914
0000000266,0000265000,076125,092732,083349,070223,093997,084131
0000000267,0000266000,074763,091206,086236,068823,092109,087418
0000000268,0000267000,074256,088992,088958,068416,089475,090459
0000000269,0000268000,074652,086306,091247,069041,086354,092955
0000000270,0000269000,075913,083422,092870,070634,083056,094660
0000000271,0000270000,077918,080616,093672,073044,079899,095407
0000000272,0000271000,080475,078152,093578,076035,077190,095125
0000000273,0000272000,083325,076284,092597,079309,075199,093843
0000000274,0000273000,086186,075197,090822,082547,074120,091683
0000000275,0000274000,088795,074988,088423,085437,074056,088857
0000000276,0000275000,090887,075679,085639,087693,075013,085643
0000000277,0000276000,092251,077204,082751,089093,076899,082358
0000000278,0000277000,092759,079419,080028,089501,079530,079319
0000000279,0000278000,092366,082104,077735,088879,082648,076823
0000000280,0000279000,091107,084988,076110,087288,085944,075118
0000000281,0000280000,089102,087797,075306,084881,089099,074370
0000000282,0000281000,086545,090263,075397,081894,091807,074650
0000000283,0000282000,083696,092132,076377,078622,093798,075930
0000000284,0000283000,080831,093224,078151,075386,094878,078086
0000000285,0000284000,078221,093435,080550,072497,094944,080910
0000000286,0000285000,076127,092745,083334,070241,093988,084121
0000000287,0000286000,074760,091222,086223,068841,092106,087403
0000000288,0000287000,074248,089008,088949,068431,089478,090441
0000000289,0000288000,074640,086321,091243,069051,086362,092936
0000000290,0000289000,075897,083436,092872,070639,083069,094641
0000000291,0000290000,077901,080626,093678,073043,079916,095391
0000000292,0000291000,080459,078158,093589,076028,077209,095113
0000000293,0000292000,083309,076284,092611,079296,075218,093836
0000000294,0000293000,086174,075192,090839,082531,074137,091682
0000000295,0000294000,088787,074978,088440,085418,074070,088862
0000000296,0000295000,090885,075665,085656,087674,075022,085654
0000000297,0000296000,092254,077187,082765,089074,076902,082374
0000000298,0000297000,092768,079401,080037,089486,079527,079338
0000000299,0000298000,092379,082087,077740,088868,082639,076843
0000000300,0000299000,091123,084973,076108,087283,085930,075138
0000000301,0000300000,089120,087786,075299,084882,089081,074387
0000000302,0000301000,086563,090256,075386,081901,091786,074663
0000000303,0000302000,083711,092132,076362,078635,093778,075937
0000000304,0000303000,080844,093229,078132,075403,094860,078087
0000000305,0000304000,078229,093445,080531,072517,094929,080904
0000000306,0000305000,076129,092760,083317,070262,093979,084109
0000000307,0000306000,074756,091240,086209,068861,092103,087387
0000000308,0000307000,074239,089027,088939,068448,089481,090421
0000000309,0000308000,074626,086340,091239,069063,086372,092915
0000000310,0000309000,075880,083452,092874,070645,083084,094621
0000000311,0000310000,077882,080638,093686,073042,079935,095373
0000000312,0000311000,080440,078164,093602,076020,077231,095099
0000000313,0000312000,083292,076285,092628,079283,075240,093828
0000000314,0000313000,086161,075186,090858,082512,074157,091681
0000000315,0000314000,088779,074966,088460,085397,074085,088868
0000000316,0000315000,090882,075649,085674,087651,075033,085666
0000000317,0000316000,092258,077168,082780,089053,076905,082391
0000000318,0000317000,092778,079380,080047,089468,079523,079359
0000000319,0000318000,092394,082067,077744,088856,082629,076866
0000000320,0000319000,091142,084957,076107,087277,085914,075160
0000000321,0000320000,089141,087773,075291,084883,089060,074406
0000000322,0000321000,086584,090249,075372,081909,091764,074677
0000000323,0000322000,083729,092132,076344,078650,093755,075945
0000000324,0000323000,080858,093235,078112,075423,094839,078088
0000000325,0000324000,078238,093457,080510,072540,094912,080898
0000000326,0000325000,076131,092777,083297,070285,093968,084096
0000000327,0000326000,074752,091260,086193,068883,092099,087368
0000000328,0000327000,074229,089048,088928,068466,089485,090399
0000000329,0000328000,074610,086361,091234,069076,086383,092891
0000000330,0000329000,075860,083470,092875,070651,083102,094597
0000000331,0000330000,077860,080651,093694,073041,079957,095352
0000000332,0000331000,080418,078172,093616,076011,077255,095084
0000000333,0000332000,083272,076286,092647,079267,075264,093819
0000000334,0000333000,086146,075179,090880,082491,074178,091680
0000000335,0000334000,088769,074954,088482,085373,074103,088874
0000000336,0000335000,090879,075631,085695,087627,075044,085680
0000000337,0000336000,092262,077147,082797,089030,076909,082411
0000000338,0000337000,092789,079357,080060,089449,079519,079382
0000000339,0000338000,092410,082045,077750,088842,082617,076891
0000000340,0000339000,091163,084938,076105,087271,085895,075184
0000000341,0000340000,089164,087759,075282,084885,089038,074427
0000000342,0000341000,086606,090241,075357,081919,091738,074693
0000000343,0000342000,083750,092132,076324,078666,093730,075954
0000000344,0000343000,080875,093242,078089,075445,094816,078089
0000000345,0000344000,078249,093470,080487,072565,094894,080891
0000000346,0000345000,076135,092796,083275,070312,093957,084082
0000000347,0000346000,074748,091283,086174,068907,092095,087348
0000000348,0000347000,074218,089072,088915,068486,089489,090374
0000000349,0000348000,074593,086384,091228,069090,086396,092865
0000000350,0000349000,075838,083490,092877,070658,083121,094572
0000000351,0000350000,077836,080666,093703,073039,079981,095330
0000000352,0000351000,080394,078180,093632,076001,077282,095067
0000000353,0000352000,083251,076287,092668,079250,075290,093810
0000000354,0000353000,086129,075172,090904,082468,074203,091679
0000000355,0000354000,088758,074940,088507,085346,074122,088882
0000000356,0000355000,090875,075612,085718,087599,075056,085695
0000000357,0000356000,092266,077123,082816,089005,076913,082433
0000000358,0000357000,092801,079332,080073,089427,079514,079408
0000000359,0000358000,092428,082021,077756,088827,082604,076919
0000000360,0000359000,091186,084917,076103,087264,085875,075211
0000000361,0000360000,089190,087743,075273,084887,089012,074451
0000000362,0000361000,086632,090233,075341,081929,091710,074711
0000000363,0000362000,083773,092131,076302,078684,093701,075964
0000000364,0000363000,080893,093248,078064,075469,094791,078090
0000000365,0000364000,078260,093485,080460,072593,094874,080883
0000000366,0000365000,076138,092817,083250,070340,093944,084066
0000000367,0000366000,074744,091308,086154,068934,092091,087325
0000000368,0000367000,074205,089099,088900,068509,089494,090347
0000000369,0000368000,074574,086410,091221,069105,086409,092835
0000000370,0000369000,075814,083513,092879,070665,083142,094543
0000000371,0000370000,077809,080683,093713,073037,080008,095306
0000000372,0000371000,080367,078190,093649,075990,077311,095049
0000000373,0000372000,083227,076288,092691,079231,075320,093800
0000000374,0000373000,086109,075165,090931,082443,074229,091678
0000000375,0000374000,088746,074925,088535,085317,074143,088890
0000000376,0000375000,090871,075590,085744,087569,075069,085712
0000000377,0000376000,092271,077096,082838,088976,076917,082457
0000000378,0000377000,092813,079304,080088,089404,079509,079437
0000000379,0000378000,092448,081994,077763,088811,082590,076949
0000000380,0000379000,091211,084893,076101,087256,085853,075241
0000000381,0000380000,089218,087725,075262,084889,088984,074477
0000000382,0000381000,086660,090223,075323,081941,091680,074730
0000000383,0000382000,083799,092129,076278,078705,093671,075975
0000000384,0000383000,080914,093256,078036,075496,094763,078091
0000000385,0000384000,078273,093501,080431,072624,094852,080874
0000000386,0000385000,076143,092839,083223,070372,093930,084048
0000000387,0000386000,074739,091335,086131,068964,092087,087300
0000000388,0000387000,074192,089129,088884,068533,089500,090317
0000000389,0000388000,074553,086438,091214,069122,086424,092803
0000000390,0000389000,075788,083537,092880,070673,083165,094512
0000000391,0000390000,077779,080702,093724,073035,080037,095279
0000000392,0000391000,080337,078201,093668,075978,077343,095029
0000000393,0000392000,083200,076289,092716,079210,075352,093789
0000000394,0000393000,086088,075157,090960,082415,074258,091677
0000000395,0000394000,088731,074908,088565,085285,074166,088899
0000000396,0000395000,090867,075566,085772,087536,075083,085730
0000000397,0000396000,092276,077068,082862,088946,076922,082483
0000000398,0000397000,092827,079273,080105,089379,079503,079468
0000000399,0000398000,092470,081964,077771,088794,082574,076983
0000000400,0000399000,091239,084867,076100,087248,085829,075273
0000000401,0000400000,089249,087705,075251,084892,088954,074504
0000000402,0000401000,080285,091325,076418,080070,092183,075291
0000000403,0000402000,086519,091115,075246,078340,093601,075951
0000000404,0000403000,082341,094220,078993,072407,095339,078702
0000000405,0000404000,083636,092284,079209,075659,094185,080224
0000000406,0000405000,084075,090792,081151,070958,093780,083902
0000000407,0000406000,081845,091150,085883,076641,090659,085851
0000000408,0000407000,084947,086477,086105,077107,087779,088530
0000000409,0000408000,080789,087426,092045,081228,084060,090327
0000000410,0000409000,084971,082223,091361,086466,080142,091375
0000000411,0000410000,081286,080357,093246,088489,077134,092272
0000000412,0000411000,084089,078337,093639,095125,073564,091151
0000000413,0000412000,082834,076910,093019,095457,072320,090697
0000000414,0000413000,082743,077234,092715,099998,070886,088292
0000000415,0000414000,084445,075900,089301,098439,071598,086316
0000000416,0000415000,082431,078228,088185,099513,072953,083560
0000000417,0000416000,084913,077510,083193,096707,075359,080856
0000000418,0000417000,082895,082166,083144,093092,079087,078950
0000000419,0000418000,084745,082992,079093,090443,082395,076674
0000000420,0000419000,083578,085946,077585,083697,086749,076059
0000000421,0000420000,084169,088869,076962,081333,089829,075247
0000000422,0000421000,084166,088948,074625,075052,093267,076233
0000000423,0000422000,083299,092657,077359,072755,095063,077285
0000000424,0000423000,084552,091587,076929,069741,096058,079304
0000000425,0000424000,082627,092925,080303,068588,095953,081899
0000000426,0000425000,084159,090962,081565,069224,094195,084262
0000000427,0000426000,082695,089857,084700,070044,092245,087440
0000000428,0000427000,083333,087742,087327,074001,088489,089294
0000000429,0000428000,083013,085181,089508,076372,085238,091625
0000000430,0000429000,082729,083856,092625,081927,081126,092519
0000000431,0000430000,083282,079524,091924,085235,077754,093069
0000000432,0000431000,082628,079501,094221,089679,074865,092657
0000000433,0000432000,083593,076452,092053,093188,072652,091240
0000000434,0000433000,082778,076916,091969,094647,072068,089657
0000000435,0000434000,083840,076984,090006,096567,071971,086848
0000000436,0000435000,083342,077026,086758,095149,073846,084586
0000000437,0000436000,083824,079531,085165,094165,075992,081569
0000000438,0000437000,084022,080247,081280,090580,079545,079434
0000000439,0000438000,083730,083958,080254,087049,083255,077510
0000000440,0000439000,084328,085245,077221,082462,087010,076236
0000000441,0000440000,083773,088518,077011,077785,090848,076115
0000000442,0000441000,084164,089609,075728,073997,093503,076275
0000000443,0000442000,083735,091198,076370,069763,095935,077931
0000000444,0000443000,083823,092368,078128,068142,096591,079597
0000000445,0000444000,083532,091296,078997,066210,096575,082290
0000000446,0000445000,083365,091922,082760,066874,095037,084910
0000000447,0000446000,083355,088933,083862,068307,092568,087626
0000000448,0000447000,082936,088019,087530,070887,089448,090202
0000000449,0000448000,083213,085215,089353,074951,085475,091897
0000000450,0000449000,082801,082948,091407,078750,081917,093431
0000000451,0000450000,083051,080927,092910,083564,078030,093549
0000000452,0000451000,083026,078406,092672,087229,075304,093365
0000000453,0000452000,083073,077797,092973,090992,073065,091959
0000000454,0000453000,083342,076218,090874,093092,072139,090045
0000000455,0000454000,083340,077374,090064,094299,072462,087649
0000000456,0000455000,083664,077283,086825,094170,073729,084741
0000000457,0000456000,083672,079213,084794,092218,076438,082216
0000000458,0000457000,083964,081032,082109,089870,079502,079508
0000000459,0000458000,083911,082896,079365,085656,083507,077782
0000000460,0000459000,084067,086074,078357,081672,087236,076369
0000000461,0000460000,084042,087396,076245,077031,090970,076037
0000000462,0000461000,083919,090119,076635,072826,093994,076484
0000000463,0000462000,083961,090745,076361,069417,096030,077678
0000000464,0000463000,083673,091822,077976,066702,097207,079828
0000000465,0000464000,083636,091631,079632,065675,096801,082141
0000000466,0000465000,083405,090816,081882,065482,095593,085139
0000000467,0000466000,083262,089695,084728,067226,092963,087770
0000000468,0000467000,083137,087205,086648,069635,089784,090401
0000000469,0000468000,083026,085721,089687,073404,085968,092387
0000000470,0000469000,082989,082618,090800,077619,082011,093650
0000000471,0000470000,082955,081046,092626,081849,078451,094220
0000000472,0000471000,083060,078854,092679,086255,075244,093666
0000000473,0000472000,083088,077493,092251,089457,073246,092569
0000000474,0000473000,083276,077124,091370,092221,072057,090423
0000000475,0000474000,083411,076753,089101,093333,072364,088008
0000000476,0000475000,083549,078065,087409,093347,073698,085114
0000000477,0000476000,083766,078903,084395,091909,076176,082265
0000000478,0000477000,083839,081229,082331,089206,079550,079746
0000000479,0000478000,083984,083045,079698,085713,083259,077580
0000000480,0000479000,084021,085537,078117,081306,087352,076371
0000000481,0000480000,084023,087748,076960,077095,090934,075741
0000000482,0000481000,083985,089346,076299,072672,094151,076256
0000000483,0000482000,083887,091045,077125,069244,096281,077450
0000000484,0000483000,083767,091150,077718,066564,097391,079487
0000000485,0000484000,083596,091623,079975,065110,097259,082083
0000000486,0000485000,083465,090513,081843,065180,095815,084900
0000000487,0000486000,083266,089343,084487,066305,093447,087899
0000000488,0000487000,083162,087515,086921,069005,090021,090431
0000000489,0000488000,083052,085189,088993,072369,086283,092666
0000000490,0000489000,082977,083177,091059,076633,082209,093987
0000000491,0000490000,083004,080722,091881,080946,078493,094572
0000000492,0000491000,083011,079295,092657,085159,075329,094203
0000000493,0000492000,083124,077642,091922,088797,073032,092905
0000000494,0000493000,083241,077285,091061,091356,071980,090946
0000000495,0000494000,083390,077206,089172,092972,072013,088254
0000000496,0000495000,083555,077901,086990,092936,073461,085408
0000000497,0000496000,083709,079425,084781,091852,075857,082359
0000000498,0000497000,083853,080931,082047,089300,079242,079695
0000000499,0000498000,083941,083362,080201,085854,083096,077484
0000000500,0000499000,084027,085260,078147,081765,087123,076006
0000000501,0000500000,084009,087608,077228,077293,090980,075465
0000000502,0000501000,083991,089250,076706,073163,094127,075749
0000000503,0000502000,083902,090513,077115,069388,096510,077076
0000000504,0000503000,083766,091216,078264,066739,097612,079050
0000000505,0000504000,083643,091008,079787,065070,097578,081750
0000000506,0000505000,083457,090523,082169,064876,096211,084710
0000000507,0000506000,083321,088967,084257,065963,093750,087746
0000000508,0000507000,083170,087470,086867,068277,090426,090562
0000000509,0000508000,083072,085197,088840,071733,086471,092786
0000000510,0000509000,083004,083095,090640,075690,082442,094370
0000000511,0000510000,082992,081086,091783,080159,078509,094951
0000000512,0000511000,083030,079218,092055,084310,075275,094688
0000000513,0000512000,083098,078174,091888,088066,072869,093403
0000000514,0000513000,083239,077364,090588,090877,071656,091350
0000000515,0000514000,083359,077603,089116,092527,071707,088672
0000000516,0000515000,083537,078131,086889,092929,072993,085587
0000000517,0000516000,083684,079512,084679,091866,075500,082512
0000000518,0000517000,083820,081208,082328,089688,078813,079588
0000000519,0000518000,083939,083167,080194,086310,082801,077283
0000000520,0000519000,083990,085404,078625,082360,086905,075643
0000000521,0000520000,084023,087253,077351,077972,090854,074968
0000000522,0000521000,083980,089126,077167,073715,094196,075251
0000000523,0000522000,083915,090152,077361,069982,096614,076471
0000000524,0000523000,083790,090874,078506,067009,097924,078583
0000000525,0000524000,083655,090780,080081,065295,097880,081276
0000000526,0000525000,083498,090070,082096,064743,096631,084429
0000000527,0000526000,083336,088928,084418,065663,094142,087587
0000000528,0000527000,083211,087138,086558,067763,090782,090573
0000000529,0000528000,083083,085289,088756,070976,086792,093002
0000000530,0000529000,083030,083088,090257,074935,082593,094673
0000000531,0000530000,082997,081250,091427,079225,078610,095450
0000000532,0000531000,083027,079517,091737,083546,075158,095175
0000000533,0000532000,083100,078376,091412,087305,072686,093976
0000000534,0000533000,083205,077845,090415,090363,071309,091841
0000000535,0000534000,083351,077796,088754,092216,071284,089087
0000000536,0000535000,083496,078566,086899,092851,072533,085883
0000000537,0000536000,083661,079655,084576,092118,074982,082600
0000000538,0000537000,083789,081391,082491,090081,078388,079554
0000000539,0000538000,083911,083223,080437,087020,082385,076997
0000000540,0000539000,083978,085267,078864,083093,086659,075257
0000000541,0000540000,084005,087180,077838,078846,090695,074409
0000000542,0000541000,083990,088718,077439,074522,094209,074636
0000000543,0000542000,083913,089927,077852,070676,096770,075835
0000000544,0000543000,083819,090401,078742,067570,098180,077960
0000000545,0000544000,083675,090442,080376,065546,098279,080788
0000000546,0000545000,083530,089720,082213,064816,097036,084028
0000000547,0000546000,083374,088616,084377,065370,094616,087417
0000000548,0000547000,083234,087020,086499,067289,091179,090551
0000000549,0000548000,083121,085131,088409,070236,087144,093203
0000000550,0000549000,083040,083254,090004,074069,082821,095039
0000000551,0000550000,083016,081337,090923,078310,078687,095942
0000000552,0000551000,083023,079866,091357,082606,075113,095780
0000000553,0000552000,083093,078716,090950,086549,072450,094567
0000000554,0000553000,083187,078234,090030,089716,070983,092442
0000000555,0000554000,083320,078251,088531,091893,070812,089549
0000000556,0000555000,083470,078869,086670,092763,072026,086232
0000000557,0000556000,083617,080034,084643,092356,074436,082750
0000000558,0000557000,083764,081501,082544,090604,077871,079498
0000000559,0000558000,083874,083351,080752,087750,081960,076753
0000000560,0000559000,083960,085166,079191,084039,086319,074800
0000000561,0000560000,083991,086985,078291,079812,090535,073841
0000000562,0000561000,083985,088426,077936,075536,094172,073937
0000000563,0000562000,083928,089481,078259,071529,096920,075136
0000000564,0000563000,083832,090013,079208,068267,098453,077276
0000000565,0000564000,083710,089915,080608,065970,098672,080206
0000000566,0000565000,083559,089369,082439,064925,097510,083603
0000000567,0000566000,083416,088236,084353,065196,095096,087164
0000000568,0000567000,083269,086807,086381,066764,091663,090538
0000000569,0000568000,083154,085054,088133,069508,087525,093374
0000000570,0000569000,083069,083281,089568,073108,083114,095435
0000000571,0000570000,083026,081584,090487,077290,078814,096472
0000000572,0000571000,083033,080143,090777,081573,075090,096423
0000000573,0000572000,083079,079196,090488,085622,072263,095248
0000000574,0000573000,083172,078668,089544,089004,070637,093081
0000000575,0000574000,083288,078765,088217,091420,070367,090112
0000000576,0000575000,083433,079316,086464,092651,071474,086619
0000000577,0000576000,083578,080381,084595,092540,073876,082967
0000000578,0000577000,083721,081776,082713,091152,077309,079474
0000000579,0000578000,083842,083408,080996,088554,081480,076519
0000000580,0000579000,083927,085151,079662,085058,085947,074357
0000000581,0000580000,083978,086723,078773,080954,090307,073226
0000000582,0000581000,083976,088098,078523,076663,094122,073224
0000000583,0000582000,083937,089008,078797,072587,097020,074362
0000000584,0000583000,083852,089479,079690,069092,098728,076549
0000000585,0000584000,083738,089399,080998,066548,099057,079554
0000000586,0000585000,083601,088844,082623,065143,097998,083120
0000000587,0000586000,083454,087861,084434,065069,095618,086873
0000000588,0000587000,083315,086490,086205,066287,092175,090472
0000000589,0000588000,083190,084964,087844,068715,087981,093549
0000000590,0000589000,083102,083313,089091,072105,083447,095812
0000000591,0000590000,083046,081809,089927,076126,079019,097040
0000000592,0000591000,083040,080534,090170,080416,075112,097094
0000000593,0000592000,083075,079667,089859,084532,072127,095985
0000000594,0000593000,083149,079257,089039,088129,070332,093788
0000000595,0000594000,083260,079314,087771,090826,069930,090731
0000000596,0000595000,083390,079881,086239,092402,070942,087090
0000000597,0000596000,083535,080803,084520,092685,073285,083227
0000000598,0000597000,083674,082091,082860,091650,076733,079516
0000000599,0000598000,083799,083550,081324,089407,080946,076309
0000000600,0000599000,083894,085084,080139,086147,085530,073938
0000000601,0000600000,083952,086505,079399,082216,090023,072612
0000000602,0000601000,083969,087672,079158,077955,094009,072487
0000000603,0000602000,083939,088498,079476,073797,097080,073566
0000000604,0000603000,083873,088847,080255,070115,098951,075761
0000000605,0000604000,083768,088782,081459,067263,099432,078861
0000000606,0000605000,083643,088253,082898,065514,098468,082568
0000000607,0000606000,083502,087360,084502,065021,096160,086534
0000000608,0000607000,083363,086161,086076,065856,092717,090357
0000000609,0000608000,083238,084785,087475,067913,088483,093685
0000000610,0000609000,083138,083373,088587,071022,083852,096175
0000000611,0000610000,083075,082035,089255,074863,079288,097594
0000000612,0000611000,083051,080976,089460,079084,075224,097793
0000000613,0000612000,083072,080229,089140,083282,072056,096746
0000000614,0000613000,083131,079909,088399,087053,070101,094552
0000000615,0000614000,083227,080005,087276,090062,069540,091407
0000000616,0000615000,083348,080504,085911,092001,070442,087627
0000000617,0000616000,083484,081353,084445,092710,072709,083562
0000000618,0000617000,083623,082456,082982,092100,076137,079615
0000000619,0000618000,083748,083746,081700,090242,080385,076165
0000000620,0000619000,083853,085037,080691,087307,085048,073551
0000000621,0000620000,083922,086250,080098,083574,089676,072031
0000000622,0000621000,083953,087222,079935,079409,093811,071752
0000000623,0000622000,083941,087876,080241,075190,097062,072758
0000000624,0000623000,083889,088151,080963,071332,099102,074945
0000000625,0000624000,083802,088033,081993,068179,099742,078118
0000000626,0000625000,083686,087566,083259,066042,098907,081966
0000000627,0000626000,083556,086761,084606,065116,096682,086123
0000000628,0000627000,083419,085743,085937,065490,093279,090185
0000000629,0000628000,083292,084575,087091,067136,089021,093757
0000000630,0000629000,083185,083390,087986,069887,084327,096494
0000000631,0000630000,083109,082310,088510,073493,079643,098117
0000000632,0000631000,083071,081447,088610,077597,075432,098475
0000000633,0000632000,083073,080889,088312,081826,072096,097518
0000000634,0000633000,083116,080660,087631,085772,069966,095337
0000000635,0000634000,083194,080805,086675,089070,069245,092138
0000000636,0000635000,083303,081256,085521,091412,070004,088224
0000000637,0000636000,083429,081991,084306,092571,072176,083975
0000000638,0000637000,083563,082929,083122,092446,075547,079796
0000000639,0000638000,083691,083975,082093,091036,079798,076101
0000000640,0000639000,083801,085029,081334,088487,084512,073242
0000000641,0000640000,083884,085968,080893,085033,089239,071506
0000000642,0000641000,083929,086718,080840,081007,093515,071064
0000000643,0000642000,083936,087175,081147,076788,096926,071964
0000000644,0000643000,083903,087334,081785,072768,099144,074126
0000000645,0000644000,083833,087180,082657,069329,099948,077342
0000000646,0000645000,083734,086738,083688,066786,099265,081311
0000000647,0000646000,083612,086066,084774,065386,097155,085644
0000000648,0000647000,083482,085223,085795,065255,093824,089929
0000000649,0000648000,083353,084307,086678,066412,089590,093746
0000000650,0000649000,083241,083388,087310,068744,084862,096723
0000000651,0000650000,083152,082594,087646,072027,080102,098570
0000000652,0000651000,083098,081985,087643,075958,075765,099101
0000000653,0000652000,083081,081624,087327,080158,072280,098261
0000000654,0000653000,083104,081541,086739,084242,069977,096122
0000000655,0000654000,083164,081722,085943,087822,069083,092893
0000000656,0000655000,083255,082146,085045,090569,069682,088878
0000000657,0000656000,083370,082750,084112,092221,071720,084464
0000000658,0000657000,083497,083495,083249,092623,074998,080078
0000000659,0000658000,083624,084280,082532,091740,079200,076143
0000000660,0000659000,083740,085037,082042,089650,083923,073046
0000000661,0000660000,083834,085684,081817,086559,088704,071085
0000000662,0000661000,083897,086146,081876,082751,093083,070461
0000000663,0000662000,083923,086390,082210,078590,096634,071233
0000000664,0000663000,083912,086396,082751,074460,099016,073334
0000000665,0000664000,083862,086188,083450,070749,099998,076564
0000000666,0000665000,083781,085779,084221,067804,099485,080612
0000000667,0000666000,083673,085235,084991,065896,097530,085092
0000000668,0000667000,083551,084607,085678,065211,094317,089570
0000000669,0000668000,083425,083956,086219,065807,090159,093614
0000000670,0000669000,083306,083364,086560,067632,085458,096826
0000000671,0000670000,083207,082886,086659,070511,080670,098896
0000000672,0000671000,083135,082580,086531,074174,076258,099619
0000000673,0000672000,083099,082459,086187,078278,072649,098919
0000000674,0000673000,083099,082540,085685,082439,070192,096862
0000000675,0000674000,083137,082789,085083,086273,069119,093643
0000000676,0000675000,083208,083174,084454,089418,069537,089571
0000000677,0000676000,083307,083655,083859,091586,071401,085036
0000000678,0000677000,083424,084170,083355,092569,074532,080477
0000000679,0000678000,083548,084667,083007,092279,078625,076334
0000000680,0000679000,083669,085083,082834,090744,083284,073009
0000000681,0000680000,083773,085384,082860,088106,088058,070830
0000000682,0000681000,083853,085524,083069,084617,092483,070007
0000000683,0000682000,083901,085503,083430,080598,096134,070625
0000000684,0000683000,083913,085336,083887,076427,098658,072624
0000000685,0000684000,083887,085043,084385,072489,099816,075817
0000000686,0000685000,083827,084671,084872,069152,099498,079894
0000000687,0000686000,083738,084260,085281,066725,097736,084466
0000000688,0000687000,083627,083866,085580,065435,094703,089091
0000000689,0000688000,083505,083527,085732,065402,090693,093320
0000000690,0000689000,083384,083294,085722,066626,086098,096743
0000000691,0000690000,083274,083192,085554,068996,081360,099028
0000000692,0000691000,083186,083226,085258,072285,076940,099951
0000000693,0000692000,083127,083395,084879,076191,073262,099421
0000000694,0000693000,083103,083666,084461,080350,070680,097489
0000000695,0000694000,083115,084006,084069,084376,069437,094339
0000000696,0000695000,083163,084364,083743,087897,069651,090272
0000000697,0000696000,083242,084703,083525,090584,071297,085682
0000000698,0000697000,083346,084974,083442,092191,074213,081010
0000000699,0000698000,083463,085138,083507,092566,078114,076711
0000000700,0000699000,083585,085178,083711,091678,082619,073198
0000000701,0000700000,083699,085076,084027,089608,087291,070815
0000000702,0000701000,083795,084849,084419,086553,091680,069790
0000000703,0000702000,083865,084522,084825,082793,095363,070223
0000000704,0000703000,083903,084142,085195,078678,097990,072074
0000000705,0000704000,083904,083749,085482,074587,099310,075163
0000000706,0000705000,083870,083398,085644,070899,099204,079194
0000000707,0000706000,083802,083136,085655,067957,097684,083777
0000000708,0000707000,083707,082995,085510,066031,094905,088471
0000000709,0000708000,083594,083007,085219,065300,091138,092819
0000000710,0000709000,083474,083177,084805,065829,086753,096403
0000000711,0000710000,083356,083495,084325,067569,082175,098875
0000000712,0000711000,083252,083924,083834,070357,077847,099998
0000000713,0000712000,083171,084420,083395,073935,074182,099666
0000000714,0000713000,083120,084924,083066,077976,071527,097911
0000000715,0000714000,083104,085372,082893,082104,070135,094903
0000000716,0000715000,083124,085715,082904,085941,070131,090932
0000000717,0000716000,083179,085904,083106,089131,071510,086382
0000000718,0000717000,083264,085906,083495,091379,074130,081695
0000000719,0000718000,083370,085707,084030,092481,077732,077322
0000000720,0000719000,083489,085320,084659,092335,081962,073688
0000000721,0000720000,083610,084776,085314,090958,086406,071141
0000000722,0000721000,083721,084130,085915,088476,090639,069922
0000000723,0000722000,083813,083457,086389,085119,094257,070147
0000000724,0000723000,083878,082826,086675,081195,096916,071790
0000000725,0000724000,083909,082310,086736,077063,098369,074693
0000000726,0000725000,083904,081973,086546,073104,098483,078573
0000000727,0000726000,083863,081862,086116,069684,097257,083054
0000000728,0000727000,083790,082001,085477,067117,094818,087701
0000000729,0000728000,083691,082392,084688,065637,091413,092063
0000000730,0000729000,083575,083009,083826,065379,087378,095721
0000000731,0000730000,083453,083789,082989,066363,083106,098326
0000000732,0000731000,083335,084656,082272,068500,079008,099632
0000000733,0000732000,083232,085520,081756,071592,075472,099518
0000000734,0000733000,083153,086288,081508,075359,072832,098001
0000000735,0000734000,083106,086872,081568,079455,071333,095229
0000000736,0000735000,083095,087208,081940,083504,071109,091473
0000000737,0000736000,083121,087243,082604,087135,072169,087098
0000000738,0000737000,083182,086955,083507,090013,074400,082532
0000000739,0000738000,083272,086364,084562,091877,077573,078216
0000000740,0000739000,083384,085515,085660,092558,081370,074565
0000000741,0000740000,083506,084490,086689,091997,085422,071926
0000000742,0000741000,083630,083390,087530,090247,089339,070543
0000000743,0000742000,083742,082332,088089,087466,092751,070543
0000000744,0000743000,083835,081421,088299,083908,095340,071918
0000000745,0000744000,083898,080759,088124,079895,096867,074530
0000000746,0000745000,083926,080426,087563,075796,097197,078123
0000000747,0000746000,083916,080469,086657,071986,096313,082346
0000000748,0000747000,083869,080903,085486,068814,094315,086784
0000000749,0000748000,083789,081700,084158,066568,091413,091008
0000000750,0000749000,083684,082788,082813,065451,087899,094612
0000000751,0000750000,083562,084061,081590,065561,084118,097258
0000000752,0000751000,083435,085396,080621,066886,080433,098701
0000000753,0000752000,083313,086657,080012,069307,077188,098815
0000000754,0000753000,083208,087714,079837,072605,074687,097598
0000000755,0000754000,083128,088456,080130,076481,073154,095174
0000000756,0000755000,083083,088792,080880,080583,072725,091784
0000000757,0000756000,083075,088671,082031,084535,073422,087763
0000000758,0000757000,083107,088086,083478,087977,075161,083505
0000000759,0000758000,083174,087084,085080,090596,077752,079425
0000000760,0000759000,083272,085757,086673,092157,080931,075912
0000000761,0000760000,083391,084233,088094,092522,084385,073294
0000000762,0000761000,083521,082662,089194,091661,087783,071809
0000000763,0000762000,083651,081199,089852,089650,090807,071584
0000000764,0000763000,083769,079991,089996,086671,093180,072629
0000000765,0000764000,083864,079166,089588,082992,094690,074832
0000000766,0000765000,083927,078828,088648,078944,095208,077973
0000000767,0000766000,083953,079026,087253,074898,094704,081738
0000000768,0000767000,083938,079759,085533,071222,093250,085755
0000000769,0000768000,083884,080965,083656,068250,091009,089633
0000000770,0000769000,083796,082529,081816,066247,088215,093003
0000000771,0000770000,083681,084297,080202,065390,085147,095552
0000000772,0000771000,083550,086102,078972,065754,082096,097054
0000000773,0000772000,083414,087766,078259,067306,079347,097383
0000000774,0000773000,083285,089121,078148,069907,077149,096523
0000000775,0000774000,083175,090027,078667,073326,075695,094570
0000000776,0000775000,083094,090372,079790,077255,075103,091725
0000000777,0000776000,083050,090098,081426,081338,075408,088274
0000000778,0000777000,083047,089220,083414,085202,076554,084562
0000000779,0000778000,083086,087816,085555,088498,078404,080950
0000000780,0000779000,083162,086025,087633,090933,080759,077781
0000000781,0000780000,083270,084020,089437,092290,083382,075345
0000000782,0000781000,083400,081993,090790,092451,086023,073856
0000000783,0000782000,083540,080137,091556,091405,088437,073433
0000000784,0000783000,083679,078638,091640,089241,090410,074099
0000000785,0000784000,083803,077655,091014,086153,091772,075772
0000000786,0000785000,083902,077305,089714,082414,092417,078274
0000000787,0000786000,083965,077650,087852,078363,092310,081349
0000000788,0000787000,083986,078667,085608,074369,091492,084688
0000000789,0000788000,083964,080257,083216,070792,090069,087964
0000000790,0000789000,083901,082261,080916,067951,088203,090869
0000000791,0000790000,083801,084484,078936,066096,086084,093140
0000000792,0000791000,083675,086719,077466,065389,083917,094581
0000000793,0000792000,083533,088754,076652,065892,081898,095081
0000000794,0000793000,083387,090385,076595,067561,080203,094615
0000000795,0000794000,083250,091439,077320,070250,078974,093250
0000000796,0000795000,083135,091792,078783,073721,078299,091137
0000000797,0000796000,083053,091379,080856,077664,078211,088499
0000000798,0000797000,083013,090234,083332,081719,078687,085603
0000000799,0000798000,083017,088477,085950,085522,079649,082732
0000000800,0000799000,083066,086280,088450,088732,080981,080157
0000000801,0000800000,083154,083861,090588,091070,082539,078106
0000000802,0000801000,083275,081443,092159,092329,084173,076751
0000000803,0000802000,083416,079250,093016,092401,085737,076195
0000000804,0000803000,083567,077503,093050,091279,087098,076459
0000000805,0000804000,083714,076390,092233,089059,088152,077494
0000000806,0000805000,083844,076038,090625,085936,088828,079175
0000000807,0000806000,083943,076510,088366,082187,089099,081318
0000000808,0000807000,084003,077769,085688,078151,088973,083704
0000000809,0000808000,084017,079672,082875,074192,088496,086097
0000000810,0000809000,083985,082031,080207,070665,087738,088275
0000000811,0000810000,083910,084616,077936,067877,086789,090047
0000000812,0000811000,083798,087187,076280,066071,085743,091272
0000000813,0000812000,083660,089509,075394,065406,084691,091860
0000000814,0000813000,083507,091349,075381,065938,083715,091792
0000000815,0000814000,083352,092507,076280,067625,082882,091104
0000000816,0000815000,083210,092850,078013,070321,082236,089891
0000000817,0000816000,083094,092327,080422,073788,081799,088295
0000000818,0000817000,083016,090974,083265,077716,081574,086483
0000000819,0000818000,082983,088952,086229,081748,081551,084636
0000000820,0000819000,082997,086472,089023,085525,081705,082921
0000000821,0000820000,083057,083756,091397,088717,082005,081484
0000000822,0000821000,083157,081067,093117,091046,082418,080435
0000000823,0000822000,083289,078655,094016,092309,082908,079844
0000000824,0000823000,083441,076752,094004,092397,083449,079727
0000000825,0000824000,083600,075565,093043,091299,084018,080059
0000000826,0000825000,083752,075239,091210,089107,084600,080775
0000000827,0000826000,083882,075808,088692,086013,085180,081781
0000000828,0000827000,083978,077227,085733,082291,085745,082962
0000000829,0000828000,084029,079338,082662,078277,086272,084205
0000000830,0000829000,084034,081899,079788,074334,086735,085395
0000000831,0000830000,083991,084694,077355,070801,087112,086439
0000000832,0000831000,083905,087462,075598,067990,087368,087265
0000000833,0000832000,083783,089919,074701,066142,087478,087828
0000000834,0000833000,083635,091850,074747,065420,087414,088112
0000000835,0000834000,083475,093040,075751,065887,087148,088136
0000000836,0000835000,083317,093342,077654,067506,086668,087933
0000000837,0000836000,083176,092731,080241,070141,085972,087550
0000000838,0000837000,083065,091274,083254,073557,085087,087042
0000000839,0000838000,082995,089120,086373,077450,084066,086454
0000000840,0000839000,082971,086519,089271,081465,082983,085842
0000000841,0000840000,082995,083699,091721,085258,081920,085242
0000000842,0000841000,083065,080903,093478,088494,080975,084682
0000000843,0000842000,083174,078447,094357,090893,080239,084184
0000000844,0000843000,083314,076534,094271,092249,079793,083754
0000000845,0000844000,083471,075368,093234,092439,079721,083385
0000000846,0000845000,083631,075098,091305,091450,080066,083069
0000000847,0000846000,083781,075739,088698,089356,080842,082813
0000000848,0000847000,083905,077214,085692,086344,082015,082621
0000000849,0000848000,083993,079361,082591,082679,083507,082516
0000000850,0000849000,084034,081955,079720,078697,085194,082509
0000000851,0000850000,084031,084745,077307,074740,086935,082622
0000000852,0000851000,083978,087503,075594,071156,088572,082873
0000000853,0000852000,083885,089911,074756,068258,089945,083269
0000000854,0000853000,083757,091760,074881,066291,090918,083817
0000000855,0000854000,083608,092868,075943,065433,091355,084512
0000000856,0000855000,083449,093094,077857,065754,091179,085335
0000000857,0000856000,083295,092436,080429,067237,090360,086231
0000000858,0000857000,083161,090970,083367,069753,088937,087133
0000000859,0000858000,083059,088872,086377,073080,087016,087952
0000000860,0000859000,082998,086348,089156,076919,084760,088604
0000000861,0000860000,082982,083638,091475,080931,082367,089011
0000000862,0000861000,083014,080986,093105,084770,080056,089104
0000000863,0000862000,083090,078683,093869,088096,078050,088845
0000000864,0000863000,083202,076945,093705,090629,076548,088214
0000000865,0000864000,083340,075927,092637,092145,075727,087221
0000000866,0000865000,083493,075759,090770,092512,075706,085917
0000000867,0000866000,083647,076430,088292,091696,076527,084397
0000000868,0000867000,083788,077850,085491,089759,078150,082796
0000000869,0000868000,083902,079858,082645,086875,080448,081262
0000000870,0000869000,083980,082262,080014,083297,083222,079954
0000000871,0000870000,084014,084827,077855,079345,086219,079008
0000000872,0000871000,084004,087298,076360,075362,089165,078541
0000000873,0000872000,083949,089444,075691,071696,091779,078631
0000000874,0000873000,083856,091026,075899,068663,093798,079310
0000000875,0000874000,083732,091909,076964,066522,095006,080561
0000000876,0000875000,083589,092010,078747,065465,095249,082306
0000000877,0000876000,083440,091340,081062,065580,094466,084411
0000000878,0000877000,083297,089990,083666,066869,092696,086683
0000000879,0000878000,083175,088106,086287,069215,090088,088909
0000000880,0000879000,083082,085887,088686,072415,086868,090866
0000000881,0000880000,083029,083534,090630,076185,083333,092356
0000000882,0000881000,083018,081292,091946,080192,079812,093212
0000000883,0000882000,083050,079381,092489,084091,076639,093321
0000000884,0000883000,083122,078003,092222,087540,074129,092635
0000000885,0000884000,083226,077278,091194,090248,072542,091173
0000000886,0000885000,083355,077258,089528,091975,072063,089037
0000000887,0000886000,083494,077929,087416,092575,072769,086404
0000000888,0000887000,083635,079184,085077,091987,074622,083512
0000000889,0000888000,083762,080896,082754,090260,077466,080637
0000000890,0000889000,083866,082888,080650,087548,081045,078058
0000000891,0000890000,083937,084963,078980,084086,085030,076039
0000000892,0000891000,083969,086908,077901,080183,089046,074788
0000000893,0000892000,083961,088527,077508,076175,092711,074457
0000000894,0000893000,083913,089657,077836,072412,095664,075112
0000000895,0000894000,083831,090189,078820,069216,097606,076729
0000000896,0000895000,083721,090112,080332,066862,098329,079188
0000000897,0000896000,083595,089453,082188,065558,097735,082278
0000000898,0000897000,083462,088306,084206,065415,095862,085717
0000000899,0000898000,083333,086801,086175,066454,092869,089177
0000000900,0000899000,083222,085091,087908,068582,089029,092325
0000000901,0000900000,083136,083350,089246,071613,084700,094846
0000000902,0000901000,082921,093321,092765,074080,084503,096643
0000000903,0000902000,082306,099930,090289,078962,084503,096911
0000000904,0000903000,074042,085093,087101,078962,084503,097872
0000000905,0000904000,071822,079928,095168,078962,084503,095199
0000000906,0000905000,074098,081401,084740,078962,084503,091463
0000000907,0000906000,082850,084225,082660,078962,084503,089074
0000000908,0000907000,079519,071302,083482,078962,084503,084885
0000000909,0000908000,087455,074163,099572,078962,084503,084885
0000000910,0000909000,086687,073802,096835,078962,084503,084885
0000000911,0000910000,086564,072548,080750,078962,084503,084885
0000000912,0000911000,099998,081543,085344,078962,084503,084885
0000000913,0000912000,089730,070242,079865,078962,084503,084885
0000000914,0000913000,092609,078307,083031,078962,084503,084885
0000000915,0000914000,096324,087583,076526,078962,084503,084885
0000000916,0000915000,090182,083425,066983,078962,084503,084885
0000000917,0000916000,093568,089999,080574,078962,084503,084885
0000000918,0000917000,082480,086845,076176,078962,084503,084885
0000000919,0000918000,082971,094562,071500,078962,084503,084885
0000000920,0000919000,086487,099998,074665,078962,084503,084885
0000000921,0000920000,074943,089465,077718,078962,084503,084885
0000000922,0000921000,075472,094317,090917,078962,084503,084885
0000000923,0000922000,072168,094058,084239,078962,084503,084885
0000000924,0000923000,073657,092094,080743,078962,084503,084885
0000000925,0000924000,077273,089748,093490,078962,084503,084885
0000000926,0000925000,068900,079029,096196,078962,084503,084885
0000000927,0000926000,075142,084074,097832,078962,084503,084885
0000000928,0000927000,080242,082696,091110,078962,084503,084885
0000000929,0000928000,080954,074053,090790,078962,084503,084885
0000000930,0000929000,085389,073862,099998,078962,084503,084885
0000000931,0000930000,083335,071483,091603,078962,084503,084885
0000000932,0000931000,091311,076843,085568,078962,084503,084885
0000000933,0000932000,095335,075917,084809,078962,084503,084885
0000000934,0000933000,091076,071151,084004,078962,084503,084885
0000000935,0000934000,094520,079644,083569,078962,084503,084885
0000000936,0000935000,093577,082979,072256,078962,084503,084885
0000000937,0000936000,094270,084986,071934,078962,084503,084885
0000000938,0000937000,091744,086294,078692,078962,084503,084885
0000000939,0000938000,084483,087546,075182,078962,084503,084885
0000000940,0000939000,086675,096773,072679,078962,084503,084885
0000000941,0000940000,083565,095657,071781,078962,084503,084885
0000000942,0000941000,078028,091861,079776,078962,084503,084885
0000000943,0000942000,075482,094299,086709,078962,084503,084885
0000000944,0000943000,072333,094558,081477,078962,084503,084885
0000000945,0000944000,075547,094874,084124,078962,084503,084885
0000000946,0000945000,073546,087733,091452,078962,084503,084885
0000000947,0000946000,070527,082739,095799,078962,084503,084885
0000000948,0000947000,074825,085458,095498,078962,084503,084885
0000000949,0000948000,077309,081411,090804,078962,084503,084885
0000000950,0000949000,081136,076469,095501,078962,084503,084885
0000000951,0000950000,082460,073067,098324,078962,084503,084885
0000000952,0000951000,084137,073237,091783,078962,084503,084885
0000000953,0000952000,090824,076573,087512,078962,084503,084885
0000000954,0000953000,092003,072793,085813,078962,084503,084885
0000000955,0000954000,092609,072490,086836,078962,084503,084885
0000000956,0000955000,094238,078083,082028,078962,084503,084885
0000000957,0000956000,094275,081635,073739,078962,084503,084885
0000000958,0000957000,095167,083980,074908,078962,084503,084885
0000000959,0000958000,091013,083788,076771,078962,084503,084885
0000000960,0000959000,087892,088549,074705,078962,084503,084885
0000000961,0000960000,087525,095003,071816,078962,084503,084885
0000000962,0000961000,083602,094242,072436,078962,084503,084885
0000000963,0000962000,080089,093402,079803,078962,084503,084885
0000000964,0000963000,076181,094079,082088,078962,084503,084885
0000000965,0000964000,074314,095808,080637,078962,084503,084885
0000000966,0000965000,074542,094819,084679,078962,084503,084885
0000000967,0000966000,072074,088518,090304,078962,084503,084885
0000000968,0000967000,072184,086286,094172,078962,084503,084885
0000000969,0000968000,073899,085826,093164,078962,084503,084885
0000000970,0000969000,075808,082059,092843,078962,084503,084885
0000000971,0000970000,078946,077687,096966,078962,084503,084885
0000000972,0000971000,080772,074024,096656,078962,084503,084885
0000000973,0000972000,084831,074660,092637,078962,084503,084885
0000000974,0000973000,088575,074999,089596,078962,084503,084885
0000000975,0000974000,090000,072311,088591,078962,084503,084885
0000000976,0000975000,092733,073007,087393,078962,084503,084885
0000000977,0000976000,094421,076394,081088,078962,084503,084885
0000000978,0000977000,094888,079918,076968,078962,084503,084885
0000000979,0000978000,094271,081786,077166,078962,084503,084885
0000000980,0000979000,092026,083290,075904,078962,084503,084885
0000000981,0000980000,090981,088317,073429,078962,084503,084885
0000000982,0000981000,088405,092080,071761,078962,084503,084885
0000000983,0000982000,084300,093211,074057,078962,084503,084885
0000000984,0000983000,081124,094117,077870,078962,084503,084885
0000000985,0000984000,078487,094781,078281,078962,084503,084885
0000000986,0000985000,076435,095955,080017,078962,084503,084885
0000000987,0000986000,073372,094271,084861,078962,084503,084885
0000000988,0000987000,071674,090881,088944,078962,084503,084885
0000000989,0000988000,073097,089082,090731,078962,084503,084885
0000000990,0000989000,073665,086398,091778,078962,084503,084885
0000000991,0000990000,074216,082719,095221,078962,084503,084885
0000000992,0000991000,076176,079351,097127,078962,084503,084885
0000000993,0000992000,079908,076670,094985,078962,084503,084885
0000000994,0000993000,084435,075170,093080,078962,084503,084885
0000000995,0000994000,086157,073317,092595,078962,084503,084885
0000000996,0000995000,087898,072629,091467,078962,084503,084885
0000000997,0000996000,091953,073698,087038,078962,084503,084885
0000000998,0000997000,095016,075223,081454,078962,084503,084885
0000000999,0000998000,094867,077160,080458,078962,084503,084885
0000001000,0000999000,093165,079547,079517,078962,084503,084885
0000001001,0001000000,093197,083299,075421,078962,084503,084885
0000001002,0001001000,093404,087167,072077,078962,084503,084885
0000001003,0001002000,090046,088984,072817,078962,084503,084885
0000001004,0001003000,085272,091595,075450,078962,084503,084885
0000001005,0001004000,082249,094630,075453,078962,084503,084885
0000001006,0001005000,081087,095708,075095,078962,084503,084885
0000001007,0001006000,078385,095056,079124,078962,084503,084885
0000001008,0001007000,073470,093871,084666,078962,084503,084885
0000001009,0001008000,071690,093490,087010,078962,084503,084885
0000001010,0001009000,073418,091722,087255,078962,084503,084885
0000001011,0001010000,073848,087350,090710,078962,084503,084885
0000001012,0001011000,072858,083361,096227,078962,084503,084885
0000001013,0001012000,073847,081508,096784,078962,084503,084885
0000001014,0001013000,078586,079743,093784,078962,084503,084885
0000001015,0001014000,083054,075837,093529,078962,084503,084885
0000001016,0001015000,084245,072396,095324,078962,084503,084885
0000001017,0001016000,085828,072918,093592,078962,084503,084885
0000001018,0001017000,090317,074522,087380,078962,084503,084885
0000001019,0001018000,094581,074357,083129,078962,084503,084885
0000001020,0001019000,094701,074390,083321,078962,084503,084885
0000001021,0001020000,092930,077526,081579,078962,084503,084885
0000001022,0001021000,093764,082618,075878,078962,084503,084885
0000001023,0001022000,094755,085494,072026,078962,084503,084885
0000001024,0001023000,091960,086305,073783,078962,084503,084885
0000001025,0001024000,087030,089496,075853,078962,084503,084885
0000001026,0001025000,083997,094242,073860,078962,084503,084885
0000001027,0001026000,083032,096082,073082,078962,084503,084885
0000001028,0001027000,080211,094401,077697,078962,084503,084885
0000001029,0001028000,075168,093675,083217,078962,084503,084885
0000001030,0001029000,072472,095116,084745,078962,084503,084885
0000001031,0001030000,073220,093981,084961,078962,084503,084885
0000001032,0001031000,073755,089082,089316,078962,084503,084885
0000001033,0001032000,072402,084826,095083,078962,084503,084885
0000001034,0001033000,072549,083543,095993,078962,084503,084885
0000001035,0001034000,076469,082121,093694,078962,084503,084885
0000001036,0001035000,080683,077443,094085,078962,084503,084885
0000001037,0001036000,082542,073105,096492,078962,084503,084885
0000001038,0001037000,084326,073091,094888,078962,084503,084885
0000001039,0001038000,088142,074709,089259,078962,084503,084885
0000001040,0001039000,092517,073966,085756,078962,084503,084885
0000001041,0001040000,094111,072796,085328,078962,084503,084885
0000001042,0001041000,093581,075559,082991,078962,084503,084885
0000001043,0001042000,093944,080636,077717,078962,084503,084885
0000001044,0001043000,094849,083394,073902,078962,084503,084885
0000001045,0001044000,093493,084446,074270,078962,084503,084885
0000001046,0001045000,089745,087419,075083,078962,084503,084885
0000001047,0001046000,086458,092296,073378,078962,084503,084885
0000001048,0001047000,084437,095168,072664,078962,084503,084885
0000001049,0001048000,081635,094541,076002,078962,084503,084885
0000001050,0001049000,078014,093913,080268,078962,084503,084885
0000001051,0001050000,074681,095359,082210,078962,084503,084885
0000001052,0001051000,073054,095261,083840,078962,084503,084885
0000001053,0001052000,072912,091556,087771,078962,084503,084885
0000001054,0001053000,072752,087441,092002,078962,084503,084885
0000001055,0001054000,072598,085436,094150,078962,084503,084885
0000001056,0001055000,074196,083534,094508,078962,084503,084885
0000001057,0001056000,077332,079839,095007,078962,084503,084885
0000001058,0001057000,080557,075700,095966,078962,084503,084885
0000001059,0001058000,083354,073720,095143,078962,084503,084885
0000001060,0001059000,086024,073927,092225,078962,084503,084885
0000001061,0001060000,089075,073832,089322,078962,084503,084885
0000001062,0001061000,092407,072916,086865,078962,084503,084885
0000001063,0001062000,094519,074083,083591,078962,084503,084885
0000001064,0001063000,094342,077389,080512,078962,084503,084885
0000001065,0001064000,093842,080645,077686,078962,084503,084885
0000001066,0001065000,094021,083154,075053,078962,084503,084885
0000001067,0001066000,092880,085974,073351,078962,084503,084885
0000001068,0001067000,089734,089063,073376,078962,084503,084885
0000001069,0001068000,085850,092427,073966,078962,084503,084885
0000001070,0001069000,082749,094708,074710,078962,084503,084885
0000001071,0001070000,080988,095014,076228,078962,084503,084885
0000001072,0001071000,078172,094801,079243,078962,084503,084885
0000001073,0001072000,074043,094965,083169,078962,084503,084885
0000001074,0001073000,071846,093948,086449,078962,084503,084885
0000001075,0001074000,072915,091210,088040,078962,084503,084885
0000001076,0001075000,073656,087603,090964,078962,084503,084885
0000001077,0001076000,072910,084415,094881,078962,084503,084885
0000001078,0001077000,073810,082111,096263,078962,084503,084885
0000001079,0001078000,077750,079609,094884,078962,084503,084885
0000001080,0001079000,082045,075788,094341,078962,084503,084885
0000001081,0001080000,084293,073033,094897,078962,084503,084885
0000001082,0001081000,085706,073218,093281,078962,084503,084885
0000001083,0001082000,089378,074096,088707,078962,084503,084885
0000001084,0001083000,093859,073786,084584,078962,084503,084885
0000001085,0001084000,094974,074114,083099,078962,084503,084885
0000001086,0001085000,093432,077158,081627,078962,084503,084885
0000001087,0001086000,093527,081563,077122,078962,084503,084885
0000001088,0001087000,094680,084626,072890,078962,084503,084885
0000001089,0001088000,093000,086045,073167,078962,084503,084885
0000001090,0001089000,088351,088705,075137,078962,084503,084885
0000001091,0001090000,084608,093254,074346,078962,084503,084885
0000001092,0001091000,083115,095861,073228,078962,084503,084885
0000001093,0001092000,081251,094846,076111,078962,084503,084885
0000001094,0001093000,076896,093909,081407,078962,084503,084885
0000001095,0001094000,072823,094953,084426,078962,084503,084885
0000001096,0001095000,072453,094598,085156,078962,084503,084885
0000001097,0001096000,073745,090676,087778,078962,084503,084885
0000001098,0001097000,073063,086173,092968,078962,084503,084885
0000001099,0001098000,072164,084015,096025,078962,084503,084885
0000001100,0001099000,074593,082722,094895,078962,084503,084885
0000001101,0001100000,079148,079139,093922,078962,084503,084885
