0000000001,0000000000,078208,020756,080040,025436,035108,083848
0000000002,0000001000,056859,047941,079456,035190,025826,083377
0000000003,0000002000,030487,071211,079767,046027,018828,079537
0000000004,0000003000,001913,088011,080943,056901,014788,072704
0000000005,0000004000,-26070,096672,082877,066749,014105,063537
0000000006,0000005000,-50960,096579,085374,074601,016854,052938
0000000007,0000006000,-70113,087667,088181,079691,022745,041956
0000000008,0000007000,-81548,070583,091032,081514,031221,031658
0000000009,0000008000,-84436,047241,093655,079888,041464,023040
0000000010,0000009000,-78479,020024,095781,074997,052434,016961
0000000011,0000010000,-63977,-08702,097203,067308,063067,014017
0000000012,0000011000,-42434,-36085,097788,057547,072357,014487
0000000013,0000012000,-16214,-59190,097476,046700,079365,018327
0000000014,0000013000,012293,-75922,096299,035834,083398,025161
0000000015,0000014000,040433,-84743,094366,025986,084079,034328
0000000016,0000015000,065214,-84560,091870,018130,081336,044926
0000000017,0000016000,084291,-75560,089063,013049,075436,055907
0000000018,0000017000,095942,-58685,086210,011227,066959,066205
0000000019,0000018000,098793,-35309,083588,012838,056731,074824
0000000020,0000019000,092624,-07881,081462,017734,045755,080903
0000000021,0000020000,078243,020723,080040,025436,035108,083847
0000000022,0000021000,056824,047976,079456,035188,025829,083376
0000000023,0000022000,030450,071241,079767,046032,018824,079536
0000000024,0000023000,001955,087973,080943,056905,014784,072703
0000000025,0000024000,-26059,096658,082876,066747,014107,063537
0000000026,0000025000,-50983,096611,085374,074602,016852,052938
0000000027,0000026000,-70100,087655,088181,079693,022742,041956
0000000028,0000027000,-81547,070583,091033,081513,031221,031658
0000000029,0000028000,-84465,047269,093655,079892,041461,023040
0000000030,0000029000,-78459,020008,095781,075001,052431,016960
0000000031,0000030000,-63945,-08728,097204,067307,063069,014016
0000000032,0000031000,-42467,-36051,097789,057549,072356,014487
0000000033,0000032000,-16234,-59166,097477,046704,079362,018326
0000000034,0000033000,012327,-75958,096299,035837,083396,025160
0000000035,0000034000,040434,-84741,094367,025988,084078,034326
0000000036,0000035000,065198,-84540,091870,018132,081336,044925
0000000037,0000036000,084315,-75578,089063,013051,075435,055906
0000000038,0000037000,095938,-58681,086211,011229,066959,066204
0000000039,0000038000,098768,-35283,083588,012840,056730,074822
0000000040,0000039000,092653,-07903,081462,017737,045753,080902
0000000041,0000040000,078270,020698,080039,025436,035110,083846
0000000042,0000041000,056797,048009,079456,035186,025831,083375
0000000043,0000042000,030442,071251,079767,046034,018822,079536
0000000044,0000043000,001984,087949,080943,056906,014783,072703
0000000045,0000044000,-26067,096669,082876,066746,014109,063537
0000000046,0000045000,-50990,096624,085373,074603,016851,052938
0000000047,0000046000,-70075,087637,088180,079693,022742,041957
0000000048,0000047000,-81560,070595,091033,081512,031222,031659
0000000049,0000048000,-84492,047299,093656,079894,041458,023041
0000000050,0000049000,-78439,019987,095781,075003,052427,016961
0000000051,0000050000,-63930,-08743,097204,067306,063068,014017
0000000052,0000051000,-42498,-36024,097789,057550,072354,014488
0000000053,0000052000,-16237,-59165,097477,046708,079358,018326
0000000054,0000053000,012342,-75978,096300,035839,083393,025159
0000000055,0000054000,040415,-84728,094367,025991,084076,034325
0000000056,0000055000,065196,-84540,091870,018136,081333,044923
0000000057,0000056000,084340,-75607,089063,013053,075435,055904
0000000058,0000057000,095926,-58672,086211,011230,066960,066202
0000000059,0000058000,098749,-35267,083588,012843,056729,074819
0000000060,0000059000,092680,-07930,081462,017740,045753,080899
0000000061,0000060000,078283,020686,080039,025435,035114,083844
0000000062,0000061000,056780,048030,079455,035186,025833,083373
0000000063,0000062000,030454,071244,079766,046034,018823,079535
0000000064,0000063000,001998,087937,080943,056903,014786,072702
0000000065,0000064000,-26085,096691,082876,066744,014111,063537
0000000066,0000065000,-50986,096625,085373,074602,016851,052939
0000000067,0000066000,-70054,087621,088180,079690,022742,041959
0000000068,0000067000,-81580,070616,091032,081509,031222,031662
0000000069,0000068000,-84512,047320,093655,079894,041454,023044
0000000070,0000069000,-78423,019971,095781,075004,052424,016964
0000000071,0000070000,-63936,-08742,097204,067306,063066,014020
0000000072,0000071000,-42522,-36003,097789,057553,072349,014490
0000000073,0000072000,-16231,-59177,097477,046711,079353,018327
0000000074,0000073000,012343,-75987,096301,035843,083390,025159
0000000075,0000074000,040391,-84713,094368,025996,084073,034324
0000000076,0000075000,065203,-84553,091871,018142,081330,044920
0000000077,0000076000,084360,-75633,089064,013057,075434,055900
0000000078,0000077000,095913,-58664,086212,011233,066961,066197
0000000079,0000078000,098747,-35266,083588,012848,056730,074814
0000000080,0000079000,092706,-07956,081461,017742,045756,080894
0000000081,0000080000,078287,020684,080039,025435,035118,083839
0000000082,0000081000,056776,048040,079454,035185,025838,083370
0000000083,0000082000,030479,071230,079765,046032,018828,079532
0000000084,0000083000,002005,087938,080942,056899,014791,072702
0000000085,0000084000,-26099,096715,082875,066740,014114,063538
0000000086,0000085000,-50974,096624,085372,074598,016852,052942
0000000087,0000086000,-70043,087617,088179,079684,022744,041964
0000000088,0000087000,-81602,070644,091032,081504,031221,031667
0000000089,0000088000,-84522,047333,093655,079892,041450,023050
0000000090,0000089000,-78417,019964,095782,075003,052419,016970
0000000091,0000090000,-63956,-08727,097205,067306,063060,014025
0000000092,0000091000,-42540,-35991,097790,057556,072342,014493
0000000093,0000092000,-16225,-59193,097478,046716,079346,018330
0000000094,0000093000,012331,-75989,096302,035848,083385,025160
0000000095,0000094000,040370,-84704,094369,026004,084067,034322
0000000096,0000095000,065215,-84575,091872,018150,081325,044916
0000000097,0000096000,084371,-75655,089065,013064,075434,055894
0000000098,0000097000,095903,-58662,086212,011239,066962,066190
0000000099,0000098000,098760,-35281,083589,012853,056732,074806
0000000100,0000099000,092731,-07981,081461,017744,045761,080886
0000000101,0000100000,078289,020687,080039,025435,035126,083832
0000000102,0000101000,056787,048040,079453,035184,025844,083364
0000000103,0000102000,030507,071214,079764,046027,018836,079529
0000000104,0000103000,002009,087948,080941,056891,014800,072701
0000000105,0000104000,-26105,096736,082873,066732,014119,063540
0000000106,0000105000,-50959,096624,085370,074590,016855,052947
0000000107,0000106000,-70043,087628,088178,079675,022746,041970
0000000108,0000107000,-81624,070674,091031,081497,031220,031675
0000000109,0000108000,-84528,047344,093654,079888,041445,023059
0000000110,0000109000,-78425,019968,095782,075000,052413,016979
0000000111,0000110000,-63987,-08704,097205,067307,063052,014033
0000000112,0000111000,-42557,-35984,097791,057561,072331,014500
0000000113,0000112000,-16227,-59207,097480,046722,079336,018334
0000000114,0000113000,012310,-75986,096304,035856,083376,025160
0000000115,0000114000,040354,-84706,094371,026015,084058,034319
0000000116,0000115000,065225,-84603,091874,018162,081320,044911
0000000117,0000116000,084374,-75673,089066,013074,075432,055886
0000000118,0000117000,095902,-58670,086213,011249,066963,066180
0000000119,0000118000,098784,-35308,083589,012860,056736,074795
0000000120,0000119000,092755,-08003,081461,017747,045769,080875
0000000121,0000120000,078297,020687,080038,025435,035136,083822
0000000122,0000121000,056812,048030,079452,035181,025855,083356
0000000123,0000122000,030536,071203,079762,046020,018848,079524
0000000124,0000123000,002013,087964,080939,056881,014811,072700
0000000125,0000124000,-26099,096754,082871,066722,014127,063543
0000000126,0000125000,-50945,096630,085368,074578,016861,052953
0000000127,0000126000,-70052,087653,088176,079663,022749,041980
0000000128,0000127000,-81644,070707,091030,081487,031218,031687
0000000129,0000128000,-84535,047357,093654,079881,041439,023072
0000000130,0000129000,-78446,019986,095782,074995,052404,016992
0000000131,0000130000,-64023,-08678,097206,067307,063040,014045
0000000132,0000131000,-42576,-35982,097792,057566,072317,014509
0000000133,0000132000,-16241,-59215,097482,046730,079323,018339
0000000134,0000133000,012282,-75985,096307,035868,083363,025161
0000000135,0000134000,040343,-84720,094374,026030,084047,034316
0000000136,0000135000,065233,-84635,091876,018176,081313,044903
0000000137,0000136000,084373,-75694,089068,013088,075430,055874
0000000138,0000137000,095911,-58691,086215,011262,066964,066166
0000000139,0000138000,098815,-35344,083589,012870,056742,074780
0000000140,0000139000,092779,-08025,081461,017752,045780,080860
0000000141,0000140000,078317,020680,080037,025435,035149,083808
0000000142,0000141000,056848,048015,079450,035176,025870,083346
0000000143,0000142000,030567,071198,079760,046010,018864,079518
0000000144,0000143000,002024,087984,080936,056868,014826,072698
0000000145,0000144000,-26085,096771,082868,066706,014139,063546
0000000146,0000145000,-50934,096647,085365,074560,016869,052962
0000000147,0000146000,-70067,087690,088174,079647,022753,041993
0000000148,0000147000,-81662,070742,091028,081474,031215,031703
0000000149,0000148000,-84550,047378,093653,079871,041431,023090
0000000150,0000149000,-78480,020015,095783,074990,052392,017010
0000000151,0000150000,-64064,-08650,097208,067308,063023,014060
0000000152,0000151000,-42601,-35979,097795,057573,072298,014521
0000000153,0000152000,-16269,-59218,097485,046741,079304,018346
0000000154,0000153000,012250,-75987,096310,035884,083346,025163
0000000155,0000154000,040333,-84745,094377,026049,084032,034311
0000000156,0000155000,065235,-84670,091880,018196,081303,044893
0000000157,0000156000,084373,-75721,089071,013107,075426,055859
0000000158,0000157000,095929,-58727,086216,011278,066966,066147
0000000159,0000158000,098851,-35388,083590,012881,056751,074759
0000000160,0000159000,092809,-08051,081461,017757,045795,080840
0000000161,0000160000,078350,020663,080035,025435,035167,083790
0000000162,0000161000,056894,047995,079447,035170,025891,083332
0000000163,0000162000,030599,071199,079756,045997,018886,079509
0000000164,0000163000,002043,088004,080932,056850,014846,072696
0000000165,0000164000,-26063,096790,082864,066685,014155,063551
0000000166,0000165000,-50927,096677,085362,074538,016880,052973
0000000167,0000166000,-70084,087738,088171,079625,022757,042010
0000000168,0000167000,-81681,070783,091026,081457,031212,031724
0000000169,0000168000,-84575,047412,093652,079858,041422,023113
0000000170,0000169000,-78525,020055,095783,074983,052377,017033
0000000171,0000170000,-64109,-08622,097210,067309,063002,014080
0000000172,0000171000,-42637,-35973,097798,057581,072274,014537
0000000173,0000172000,-16310,-59217,097489,046756,079281,018356
0000000174,0000173000,012215,-75996,096314,035904,083323,025165
0000000175,0000174000,040321,-84778,094382,026073,084014,034306
0000000176,0000175000,065231,-84710,091884,018221,081292,044880
0000000177,0000176000,084376,-75759,089074,013131,075421,055840
0000000178,0000177000,095957,-58778,086219,011299,066969,066123
0000000179,0000178000,098892,-35439,083591,012896,056762,074733
0000000180,0000179000,092847,-08084,081460,017765,045813,080814
0000000181,0000180000,078399,020635,080033,025435,035190,083767
0000000182,0000181000,056948,047974,079444,035161,025917,083314
0000000183,0000182000,030638,071203,079752,045980,018913,079499
0000000184,0000183000,002073,088024,080927,056828,014870,072694
0000000185,0000184000,-26036,096814,082859,066659,014175,063558
0000000186,0000185000,-50924,096719,085357,074510,016894,052988
0000000187,0000186000,-70101,087794,088167,079599,022762,042031
0000000188,0000187000,-81704,070832,091023,081434,031208,031750
0000000189,0000188000,-84613,047459,093651,079841,041410,023142
0000000190,0000189000,-78581,020104,095784,074975,052357,017061
0000000191,0000190000,-64163,-08591,097212,067310,062976,014106
0000000192,0000191000,-42686,-35962,097801,057590,072245,014556
0000000193,0000192000,-16363,-59213,097494,046774,079251,018367
0000000194,0000193000,012176,-76011,096320,035930,083295,025167
0000000195,0000194000,040304,-84817,094387,026102,083992,034298
0000000196,0000195000,065224,-84755,091889,018251,081277,044864
0000000197,0000196000,084385,-75810,089079,013161,075415,055816
0000000198,0000197000,095992,-58841,086221,011325,066973,066094
0000000199,0000198000,098937,-35497,083593,012914,056776,074701
0000000200,0000199000,092897,-08126,081459,017774,045835,080783
0000000201,0000200000,078463,020598,080030,025434,035218,083740
0000000202,0000201000,057012,047951,079440,035150,025950,083293
0000000203,0000202000,030686,071209,079747,045960,018946,079486
0000000204,0000203000,002115,088045,080920,056801,014900,072691
0000000205,0000204000,-26005,096846,082852,066626,014199,063566
0000000206,0000205000,-50921,096774,085351,074475,016911,053006
0000000207,0000206000,-70119,087859,088162,079567,022768,042057
0000000208,0000207000,-81732,070893,091020,081407,031203,031783
0000000209,0000208000,-84663,047521,093650,079821,041395,023177
0000000210,0000209000,-78647,020163,095785,074965,052332,017095
0000000211,0000210000,-64226,-08555,097214,067312,062944,014136
0000000212,0000211000,-42750,-35943,097806,057602,072210,014580
0000000213,0000212000,-16427,-59209,097500,046796,079215,018381
0000000214,0000213000,012131,-76034,096327,035960,083262,025170
0000000215,0000214000,040280,-84863,094394,026138,083965,034290
0000000216,0000215000,065213,-84809,091896,018289,081259,044844
0000000217,0000216000,084400,-75876,089084,013197,075408,055787
0000000218,0000217000,096033,-58918,086225,011355,066978,066058
0000000219,0000218000,098990,-35564,083594,012936,056793,074663
0000000220,0000219000,092961,-08181,081458,017785,045862,080745
0000000221,0000220000,078541,020551,080027,025433,035253,083706
0000000222,0000221000,057085,047927,079435,035136,025989,083267
0000000223,0000222000,030747,071214,079740,045935,018986,079471
0000000224,0000223000,002168,088068,080913,056768,014936,072688
0000000225,0000224000,-25971,096888,082845,066587,014229,063575
0000000226,0000225000,-50917,096840,085344,074434,016931,053027
0000000227,0000226000,-70136,087935,088156,079528,022775,042089
0000000228,0000227000,-81767,070968,091016,081373,031197,031822
0000000229,0000228000,-84725,047599,093649,079797,041377,023219
0000000230,0000229000,-78723,020230,095786,074953,052302,017137
0000000231,0000230000,-64303,-08511,097218,067313,062906,014173
0000000232,0000231000,-42830,-35918,097811,057617,072167,014607
0000000233,0000232000,-16501,-59206,097507,046823,079171,018398
0000000234,0000233000,012079,-76063,096335,035997,083222,025173
0000000235,0000234000,040247,-84915,094403,026180,083933,034279
0000000236,0000235000,065201,-84874,091903,018334,081238,044820
0000000237,0000236000,084419,-75958,089090,013239,075400,055753
0000000238,0000237000,096079,-59008,086229,011391,066984,066016
0000000239,0000238000,099051,-35644,083596,012961,056813,074617
0000000240,0000239000,093040,-08250,081457,017799,045894,080700
0000000241,0000240000,078632,020495,080023,025432,035294,083667
0000000242,0000241000,057171,047900,079429,035120,026036,083237
0000000243,0000242000,030821,071218,079732,045907,019033,079453
0000000244,0000243000,002231,088093,080904,056728,014979,072685
0000000245,0000244000,-25933,096941,082836,066541,014264,063587
0000000246,0000245000,-50912,096918,085336,074386,016953,053053
0000000247,0000246000,-70154,088022,088150,079482,022784,042126
0000000248,0000247000,-81812,071059,091011,081335,031191,031867
0000000249,0000248000,-84798,047691,093647,079769,041355,023268
0000000250,0000249000,-78810,020307,095787,074939,052268,017185
0000000251,0000250000,-64395,-08458,097222,067315,062862,014215
0000000252,0000251000,-42927,-35887,097818,057634,072118,014640
0000000253,0000252000,-16587,-59205,097516,046855,079120,018417
0000000254,0000253000,012016,-76097,096344,036040,083176,025177
0000000255,0000254000,040206,-84973,094413,026230,083896,034267
0000000256,0000255000,065188,-84951,091912,018386,081213,044793
0000000257,0000256000,084443,-76056,089098,013289,075390,055713
0000000258,0000257000,096130,-59111,086235,011432,066992,065967
0000000259,0000258000,099124,-35738,083598,012991,056837,074564
0000000260,0000259000,093135,-08333,081456,017814,045931,080648
0000000261,0000260000,078738,020431,080019,025430,035342,083621
0000000262,0000261000,057271,047870,079422,035101,026090,083202
0000000263,0000262000,030912,071219,079723,045873,019087,079432
0000000264,0000263000,002306,088123,080893,056682,015028,072681
0000000265,0000264000,-25890,097004,082825,066487,014304,063600
0000000266,0000265000,-50902,097008,085326,074330,016980,053082
0000000267,0000266000,-70174,088123,088141,079429,022793,042170
0000000268,0000267000,-81866,071168,091006,081290,031183,031920
0000000269,0000268000,-84882,047799,093644,079737,041330,023326
0000000270,0000269000,-78910,020395,095788,074924,052227,017241
0000000271,0000270000,-64505,-08394,097226,067317,062810,014265
0000000272,0000271000,-43040,-35849,097825,057654,072060,014678
0000000273,0000272000,-16685,-59204,097525,046891,079062,018439
0000000274,0000273000,011942,-76134,096356,036089,083122,025181
0000000275,0000274000,040156,-85038,094424,026288,083853,034252
0000000276,0000275000,065174,-85043,091923,018446,081185,044761
0000000277,0000276000,084469,-76170,089106,013346,075380,055666
0000000278,0000277000,096188,-59229,086241,011480,067001,065910
0000000279,0000278000,099208,-35848,083601,013025,056864,074502
0000000280,0000279000,093246,-08432,081455,017831,045974,080588
0000000281,0000280000,078859,020358,080015,025427,035397,083568
0000000282,0000281000,057387,047833,079414,035079,026152,083161
0000000283,0000282000,031018,071219,079712,045834,019149,079409
0000000284,0000283000,002391,088159,080881,056629,015085,072677
0000000285,0000284000,-25840,097076,082813,066425,014350,063616
0000000286,0000285000,-50889,097108,085315,074265,017009,053117
0000000287,0000286000,-70197,088240,088132,079369,022804,042219
0000000288,0000287000,-81928,071295,090999,081238,031173,031981
0000000289,0000288000,-84977,047922,093642,079701,041301,023391
0000000290,0000289000,-79025,020498,095789,074906,052181,017305
0000000291,0000290000,-64633,-08317,097231,067319,062751,014321
0000000292,0000291000,-43169,-35804,097834,057677,071994,014720
0000000293,0000292000,-16798,-59204,097537,046933,078995,018464
0000000294,0000293000,011854,-76175,096368,036145,083062,025185
0000000295,0000294000,040098,-85112,094437,026353,083804,034235
0000000296,0000295000,065159,-85149,091935,018515,081153,044724
0000000297,0000296000,084498,-76299,089116,013410,075369,055613
0000000298,0000297000,096252,-59364,086248,011535,067011,065846
0000000299,0000298000,099307,-35977,083604,013064,056895,074432
0000000300,0000299000,093373,-08545,081454,017849,046023,080520
0000000301,0000300000,078996,020274,080009,025424,035460,083508
0000000302,0000301000,057521,047790,079405,035055,026222,083116
0000000303,0000302000,031141,071216,079700,045790,019220,079383
0000000304,0000303000,002487,088199,080868,056569,015150,072672
0000000305,0000304000,-25781,097159,082799,066355,014402,063634
0000000306,0000305000,-50871,097222,085302,074193,017043,053156
0000000307,0000306000,-70224,088375,088121,079300,022816,042276
0000000308,0000307000,-81999,071441,090992,081181,031162,032049
0000000309,0000308000,-85083,048061,093638,079660,041267,023465
0000000310,0000309000,-79156,020615,095790,074886,052129,017377
0000000311,0000310000,-64780,-08227,097237,067323,062685,014384
0000000312,0000311000,-43315,-35754,097843,057704,071919,014768
0000000313,0000312000,-16926,-59202,097549,046980,078920,018491
0000000314,0000313000,011751,-76220,096383,036209,082994,025190
0000000315,0000314000,040032,-85195,094452,026428,083749,034215
0000000316,0000315000,065141,-85270,091949,018592,081118,044682
0000000317,0000316000,084528,-76445,089128,013483,075356,055553
0000000318,0000317000,096324,-59516,086256,011596,067023,065773
0000000319,0000318000,099418,-36124,083607,013108,056930,074354
0000000320,0000319000,093515,-08674,081452,017870,046078,080443
0000000321,0000320000,079151,020180,080003,025420,035531,083441
0000000322,0000321000,057675,047738,079395,035026,026301,083065
0000000323,0000322000,031281,071211,079687,045739,019300,079353
0000000324,0000323000,002597,088244,080852,056501,015222,072668
0000000325,0000324000,-25713,097250,082783,066277,014459,063655
0000000326,0000325000,-50849,097348,085287,074111,017080,053200
0000000327,0000326000,-70253,088527,088109,079223,022829,042340
0000000328,0000327000,-82078,071606,090983,081116,031150,032127
0000000329,0000328000,-85200,048218,093634,079614,041230,023548
0000000330,0000329000,-79304,020750,095792,074864,052070,017458
0000000331,0000330000,-64947,-08124,097243,067327,062610,014455
0000000332,0000331000,-43480,-35696,097854,057734,071835,014822
0000000333,0000332000,-17072,-59199,097564,047034,078836,018522
0000000334,0000333000,011634,-76267,096400,036280,082918,025194
0000000335,0000334000,039956,-85289,094469,026511,083688,034193
0000000336,0000335000,065119,-85406,091965,018679,081078,044635
0000000337,0000336000,084559,-76608,089141,013564,075342,055485
0000000338,0000337000,096403,-59688,086265,011664,067037,065691
0000000339,0000338000,099544,-36291,083611,013156,056970,074266
0000000340,0000339000,093673,-08819,081451,017893,046141,080358
0000000341,0000340000,079324,020072,079997,025415,035610,083367
0000000342,0000341000,057849,047677,079383,034994,026389,083009
0000000343,0000342000,031439,071204,079672,045683,019388,079321
0000000344,0000343000,002720,088295,080835,056426,015303,072663
0000000345,0000344000,-25633,097350,082765,066189,014524,063679
0000000346,0000345000,-50822,097489,085270,074020,017122,053250
0000000347,0000346000,-70285,088698,088095,079137,022844,042411
0000000348,0000347000,-82163,071790,090973,081045,031135,032213
0000000349,0000348000,-85330,048394,093630,079564,041187,023641
0000000350,0000349000,-79469,020902,095793,074840,052004,017548
0000000351,0000350000,-65132,-08007,097250,067332,062527,014533
0000000352,0000351000,-43664,-35630,097866,057768,071743,014881
0000000353,0000352000,-17237,-59193,097580,047093,078743,018556
0000000354,0000353000,011500,-76317,096418,036360,082833,025199
0000000355,0000354000,039870,-85392,094488,026603,083621,034168
0000000356,0000355000,065092,-85556,091982,018775,081035,044583
0000000357,0000356000,084591,-76788,089156,013654,075328,055410
0000000358,0000357000,096491,-59880,086275,011739,067052,065601
0000000359,0000358000,099682,-36479,083616,013208,057014,074169
0000000360,0000359000,093848,-08982,081450,017918,046210,080264
0000000361,0000360000,079518,019950,079989,025410,035697,083285
0000000362,0000361000,058044,047606,079371,034959,026486,082947
0000000363,0000362000,031615,071194,079655,045620,019486,079286
0000000364,0000363000,002860,088348,080815,056342,015391,072658
0000000365,0000364000,-25542,097460,082745,066093,014594,063705
0000000366,0000365000,-50791,097644,085251,073920,017167,053305
0000000367,0000366000,-70319,088889,088079,079043,022859,042490
0000000368,0000367000,-82256,071994,090962,080966,031119,032308
0000000369,0000368000,-85474,048590,093624,079509,041141,023743
0000000370,0000369000,-79653,021074,095794,074814,051931,017647
0000000371,0000370000,-65338,-07875,097258,067338,062435,014619
0000000372,0000371000,-43868,-35555,097879,057806,071640,014945
0000000373,0000372000,-17422,-59183,097597,047159,078640,018592
0000000374,0000373000,011350,-76371,096438,036448,082741,025204
0000000375,0000374000,039772,-85506,094509,026705,083548,034140
0000000376,0000375000,065059,-85721,092002,018880,080988,044525
0000000377,0000376000,084624,-76987,089172,013752,075312,055328
0000000378,0000377000,096587,-60094,086287,011821,067070,065501
0000000379,0000378000,099834,-36688,083622,013266,057063,074062
0000000380,0000379000,094041,-09163,081449,017945,046287,080160
0000000381,0000380000,079732,019812,079982,025403,035794,083195
0000000382,0000381000,058261,047524,079358,034919,026593,082880
0000000383,0000382000,031811,071181,079637,045551,019593,079248
0000000384,0000383000,003017,088405,080794,056250,015488,072654
0000000385,0000384000,-25437,097577,082723,065986,014671,063735
0000000386,0000385000,-50753,097815,085230,073810,017216,053366
0000000387,0000386000,-70353,089098,088062,078940,022875,042576
0000000388,0000387000,-82355,072220,090950,080881,031100,032412
0000000389,0000388000,-85630,048809,093618,079449,041089,023854
0000000390,0000389000,-79855,021266,095795,074786,051851,017755
0000000391,0000390000,-65564,-07728,097266,067346,062334,014712
0000000392,0000391000,-44095,-35469,097893,057848,071528,015016
0000000393,0000392000,-17628,-59168,097616,047231,078528,018632
0000000394,0000393000,011183,-76427,096461,036544,082640,025208
0000000395,0000394000,039662,-85629,094533,026816,083467,034109
0000000396,0000395000,065018,-85900,092024,018994,080937,044461
0000000397,0000396000,084657,-77205,089191,013859,075295,055237
0000000398,0000397000,096689,-60330,086301,011910,067089,065392
0000000399,0000398000,099998,-36918,083629,013328,057118,073946
0000000400,0000399000,094251,-09365,081448,017974,046370,080048
0000000401,0000400000,079969,019656,079974,025395,035899,083097
0000000402,0000401000,036660,082043,082810,042484,027193,083281
0000000403,0000402000,026723,068749,079384,056358,018223,077724
0000000404,0000403000,009442,091550,081113,068287,015638,072715
0000000405,0000404000,008357,095718,082552,070788,012978,062001
0000000406,0000405000,006204,065954,082035,069412,018539,054690
0000000407,0000406000,-38676,084185,087542,061893,023931,043696
0000000408,0000407000,-33581,033901,087060,051231,031782,033264
0000000409,0000408000,-36770,040323,092676,038216,042825,025845
0000000410,0000409000,-16213,009416,094463,020276,052514,018685
0000000411,0000410000,-15501,-13562,096539,004653,065583,018194
0000000412,0000411000,-28558,-12691,099998,-10749,073259,016834
0000000413,0000412000,-02556,-55948,097642,-21471,080696,020732
0000000414,0000413000,002575,-42940,099490,-28855,085009,027405
0000000415,0000414000,021405,-75448,095316,-32864,085323,035698
0000000416,0000415000,009683,-69931,093438,-28999,084001,047246
0000000417,0000416000,008034,-61925,090626,-21327,075783,055568
0000000418,0000417000,029337,-65215,085929,-07394,067826,066102
0000000419,0000418000,030128,-21450,085448,007953,056840,073688
0000000420,0000419000,040427,-17730,080956,025104,045774,079553
0000000421,0000420000,024041,029557,081407,043999,035457,082875
0000000422,0000421000,029934,048896,080012,059987,024450,080851
0000000423,0000422000,036395,067718,079786,074327,018639,078534
0000000424,0000423000,024019,095227,081952,082296,013910,071441
0000000425,0000424000,015732,081358,081516,086587,013894,063363
0000000426,0000425000,-08958,098158,085492,085932,016531,053058
0000000427,0000426000,-05951,071923,086372,079104,021721,041765
0000000428,0000427000,-13137,060609,089666,068494,031613,033202
0000000429,0000428000,-24778,041007,092502,052682,041343,024269
0000000430,0000429000,-29183,004876,093631,036838,053342,019295
0000000431,0000430000,-35073,-04346,097022,020059,063594,015838
0000000432,0000431000,-15890,-44024,096378,004458,073063,016154
0000000433,0000432000,-13586,-49333,097832,-07887,081084,020574
0000000434,0000433000,-06748,-67127,096677,-16940,084451,026274
0000000435,0000434000,002319,-74455,095105,-19150,085764,035584
0000000436,0000435000,013014,-61980,094035,-17312,082009,044770
0000000437,0000436000,033486,-66018,090175,-09922,076298,055700
0000000438,0000437000,031279,-36847,088850,001769,067798,065811
0000000439,0000438000,035817,-27669,085013,016720,056683,073458
0000000440,0000439000,035269,-00428,082995,034765,045848,079777
0000000441,0000440000,036973,024436,081295,051690,034093,081859
0000000442,0000441000,037105,038077,079348,068040,025248,082182
0000000443,0000442000,020697,068237,080262,081016,017752,078338
0000000444,0000443000,016234,070029,079827,090310,013247,071549
0000000445,0000444000,006507,086372,082308,094962,012807,063054
0000000446,0000445000,003050,082823,084131,093147,015140,052390
0000000447,0000446000,-05867,073649,086610,086986,022044,042646
0000000448,0000447000,-19665,065748,090087,075626,030354,032248
0000000449,0000448000,-19589,035874,091749,061502,041060,024045
0000000450,0000449000,-23645,021572,094982,045047,052541,018269
0000000451,0000450000,-19233,-11537,095904,027694,063397,015136
0000000452,0000451000,-20921,-31875,097141,012381,073662,016036
0000000453,0000452000,-17880,-49671,097389,-00708,080357,018980
0000000454,0000453000,-05004,-68935,096149,-09077,084940,025798
0000000455,0000454000,002746,-67111,095550,-13247,085621,034483
0000000456,0000455000,015503,-73809,092682,-12065,082831,044742
0000000457,0000456000,019233,-58830,090875,-05229,076963,055685
0000000458,0000457000,028726,-46463,087981,005782,067559,065135
0000000459,0000458000,037592,-27402,085246,020846,057296,073956
0000000460,0000459000,038535,000781,083444,037261,045532,079680
0000000461,0000460000,039264,017884,081031,054605,034517,082823
0000000462,0000461000,030869,047373,080688,070826,024703,082476
0000000463,0000462000,028686,060738,079935,084070,016899,078546
0000000464,0000463000,021043,075727,080778,093600,012952,072425
0000000465,0000464000,010085,083032,082251,097659,011830,063252
0000000466,0000465000,000375,078003,083819,097054,014891,053206
0000000467,0000466000,-11440,075514,086840,091008,020827,042256
0000000468,0000467000,-14108,055157,088915,080319,029651,032044
0000000469,0000468000,-20783,040292,091954,066145,040713,023816
0000000470,0000469000,-23643,015929,094085,049488,052020,017452
0000000471,0000470000,-23441,-08611,095776,032861,063601,014650
0000000472,0000471000,-20518,-27107,097163,016914,073253,014614
0000000473,0000472000,-10817,-50396,096888,003744,080975,018345
0000000474,0000473000,-06045,-58919,096770,-05613,085570,025045
0000000475,0000474000,003214,-69441,095013,-10234,086293,033784
0000000476,0000475000,011678,-67532,093142,-09220,083740,044429
0000000477,0000476000,021320,-59358,090800,-03458,077291,055046
0000000478,0000477000,030621,-48412,087887,007208,068592,065569
0000000479,0000478000,032859,-25000,085724,021306,057658,074168
0000000480,0000479000,036911,-06571,083070,037765,045832,080297
0000000481,0000480000,036052,020061,081675,054998,034498,083570
0000000482,0000481000,034709,041144,080526,070864,024221,083157
0000000483,0000482000,029121,059008,080230,084482,016770,079861
0000000484,0000483000,019194,074573,081072,094054,012010,073066
0000000485,0000484000,011896,077841,082038,099112,011056,064060
0000000486,0000485000,001689,080921,084302,098871,013803,053538
0000000487,0000486000,-05695,070766,086410,093245,019870,042398
0000000488,0000487000,-14690,058000,089078,083193,029096,032158
0000000489,0000488000,-21136,039913,091656,069250,039847,023114
0000000490,0000489000,-22420,015684,093688,053229,051824,016877
0000000491,0000490000,-23007,-04572,095712,036255,063408,013561
0000000492,0000491000,-18772,-29141,096450,020184,073660,013700
0000000493,0000492000,-15007,-45201,096919,006708,081641,017379
0000000494,0000493000,-06970,-59212,096302,-03186,086167,023848
0000000495,0000494000,002928,-66450,094968,-08203,087402,033118
0000000496,0000495000,011697,-64421,093255,-08291,084624,043728
0000000497,0000496000,021243,-59928,090702,-03046,078502,055013
0000000498,0000497000,027141,-44233,088417,006929,069438,065651
0000000499,0000498000,033894,-27701,085725,020559,058231,074549
0000000500,0000499000,036948,-05573,083577,036719,046351,081219
0000000501,0000500000,036558,017453,081905,053511,034452,084496
0000000502,0000501000,033891,037459,080694,069724,024122,084521
0000000503,0000502000,027466,057602,080630,083527,016010,080913
0000000504,0000503000,021656,068571,080949,093679,011128,074168
0000000505,0000504000,012482,077146,082334,099262,010060,065038
0000000506,0000505000,003236,076790,084120,099570,012594,054097
0000000507,0000506000,-05703,069686,086363,094887,018894,042796
0000000508,0000507000,-13663,058213,088973,085324,027955,031860
0000000509,0000508000,-18029,038715,091249,072007,039208,022695
0000000510,0000509000,-22098,019233,093618,056157,051437,016043
0000000511,0000510000,-22178,-04349,095195,039304,063362,012440
0000000512,0000511000,-19932,-24953,096279,023254,074069,012510
0000000513,0000512000,-14626,-42567,096609,009260,082194,015950
0000000514,0000513000,-06758,-56747,096028,-01100,087289,022790
0000000515,0000514000,000780,-62210,094978,-07002,088553,032112
0000000516,0000515000,010363,-64019,093047,-07772,085930,043104
0000000517,0000516000,018848,-56770,090949,-03302,079763,054756
0000000518,0000517000,027033,-44783,088475,005816,070460,065735
0000000519,0000518000,032874,-27759,086023,018923,059197,075261
0000000520,0000519000,035379,-06369,083960,034557,046768,082093
0000000521,0000520000,036398,014163,082142,051358,034588,085774
0000000522,0000521000,033693,036216,081200,067610,023759,085885
0000000523,0000522000,029340,052932,080800,081713,015292,082333
0000000524,0000523000,021980,066172,081275,092477,010202,075591
0000000525,0000524000,013268,073648,082431,098716,008739,066059
0000000526,0000525000,004770,073508,084084,099998,011313,054916
0000000527,0000526000,-04279,068645,086350,096036,017532,043079
0000000528,0000527000,-11478,055893,088617,087267,026847,031781
0000000529,0000528000,-17883,039972,091061,074590,038381,022166
0000000530,0000529000,-21177,019660,093176,059132,050881,015006
0000000531,0000530000,-21524,-01774,094831,042528,063356,011221
0000000532,0000531000,-19613,-21406,095951,026223,074392,011001
0000000533,0000532000,-14657,-39771,096208,011906,083051,014521
0000000534,0000533000,-08496,-51809,095895,000900,088412,021395
0000000535,0000534000,000064,-59610,094737,-05786,089886,030941
0000000536,0000535000,008959,-60393,093094,-07435,087453,042371
0000000537,0000536000,017528,-54866,091027,-03998,081172,054380
0000000538,0000537000,025335,-44126,088649,004347,071805,065957
0000000539,0000538000,030870,-27308,086403,016703,060136,075854
0000000540,0000539000,034959,-08742,084242,031893,047359,083156
0000000541,0000540000,035687,012503,082628,048465,034747,087194
0000000542,0000541000,033832,032265,081544,064755,023399,087454
0000000543,0000542000,029414,049162,081171,079321,014572,084022
0000000544,0000543000,022750,062418,081575,090668,009009,077063
0000000545,0000544000,015203,069191,082536,097790,007372,067360
0000000546,0000545000,006172,071001,084202,099977,009801,055810
0000000547,0000546000,-02367,065619,086181,097001,016037,043492
0000000548,0000547000,-10200,055195,088439,089203,025557,031715
0000000549,0000548000,-16216,039922,090720,077234,037323,021511
0000000550,0000549000,-19727,020800,092741,062340,050330,013988
0000000551,0000550000,-21193,001322,094431,045908,063224,009794
0000000552,0000551000,-19436,-18567,095443,029554,074776,009383
0000000553,0000552000,-15459,-35067,095873,014853,083897,012843
0000000554,0000553000,-09073,-47821,095545,003137,089608,019790
0000000555,0000554000,-01261,-55332,094559,-04409,091428,029676
0000000556,0000555000,007044,-56607,093068,-07130,089063,041430
0000000557,0000556000,015790,-52639,091079,-04703,082806,053973
0000000558,0000557000,023377,-42159,088939,002622,073234,066064
0000000559,0000558000,029716,-27814,086708,014124,061253,076501
0000000560,0000559000,033562,-09821,084710,028741,048089,084322
0000000561,0000560000,034830,009710,083097,045000,034917,088678
0000000562,0000561000,033704,028274,082002,061396,023101,089220
0000000563,0000562000,029777,045031,081633,076311,013748,085810
0000000564,0000563000,024018,057208,081861,088353,007803,078775
0000000565,0000564000,016329,065011,082789,096404,005876,068809
0000000566,0000565000,007982,066759,084239,099657,008121,056812
0000000567,0000566000,-00375,062770,086094,097844,014410,044029
0000000568,0000567000,-08189,053741,088213,091073,024061,031649
0000000569,0000568000,-14316,039484,090321,080034,036190,020922
0000000570,0000569000,-18659,022623,092315,065783,049614,012868
0000000571,0000570000,-20190,003824,093879,049685,063009,008268
0000000572,0000571000,-19200,-14359,094951,033315,075126,007634
0000000573,0000572000,-15758,-30348,095400,018192,084724,010982
0000000574,0000573000,-10077,-42839,095157,005796,090904,018071
0000000575,0000574000,-02987,-50137,094345,-02735,092999,028190
0000000576,0000575000,005351,-52641,092952,-06583,090813,040372
0000000577,0000576000,013638,-49092,091191,-05365,084564,053446
0000000578,0000577000,021371,-40509,089167,000786,074805,066101
0000000579,0000578000,027718,-27542,087102,011325,062532,077150
0000000580,0000579000,031987,-11101,085214,025195,048884,085462
0000000581,0000580000,034060,006551,083628,041081,035213,090268
0000000582,0000581000,033303,024316,082592,057449,022835,091070
0000000583,0000582000,030208,039698,082119,072731,012952,087747
0000000584,0000583000,024880,051896,082288,085509,006570,080635
0000000585,0000584000,017932,059597,083059,094542,004283,070372
0000000586,0000585000,010072,061933,084334,099005,006378,057986
0000000587,0000586000,001743,059357,086033,098447,012633,044651
0000000588,0000587000,-05898,051366,087936,092922,022450,031683
0000000589,0000588000,-12391,039256,089934,082962,034900,020352
0000000590,0000589000,-16887,023865,091774,069504,048756,011734
0000000591,0000590000,-19071,006896,093288,053872,062710,006719
0000000592,0000591000,-18849,-09846,094355,037541,075370,005771
0000000593,0000592000,-16016,-25074,094827,022087,085526,009026
0000000594,0000593000,-11142,-36742,094721,008960,092164,016187
0000000595,0000594000,-04451,-44522,094021,-00610,094609,026567
0000000596,0000595000,003227,-47381,092834,-05701,092639,039181
0000000597,0000596000,011256,-45107,091253,-05844,086398,052773
0000000598,0000597000,018984,-38157,089418,-00998,076509,066054
0000000599,0000598000,025463,-26816,087543,008362,063912,077705
0000000600,0000599000,030270,-12569,085754,021342,049828,086596
0000000601,0000600000,032719,003560,084278,036700,035622,091867
0000000602,0000601000,032779,019540,083236,052949,022658,092963
0000000603,0000602000,030441,033960,082726,068562,012234,089781
0000000604,0000603000,025866,045651,082793,082046,005350,082590
0000000605,0000604000,019635,053203,083395,092146,002707,072089
0000000606,0000605000,012134,056457,084504,097906,004577,059280
0000000607,0000606000,004274,054830,085968,098771,010778,045404
0000000608,0000607000,-03342,048659,087685,094662,020735,031831
0000000609,0000608000,-09959,038411,089488,085951,033471,019856
0000000610,0000609000,-14876,025060,091178,073489,047779,010669
0000000611,0000610000,-17740,010192,092618,058464,062253,005162
0000000612,0000611000,-18121,-05085,093641,042315,075496,003889
0000000613,0000612000,-16188,-18853,094176,026580,086220,007000
0000000614,0000613000,-12058,-30056,094163,012735,093349,014203
0000000615,0000614000,-06152,-37767,093634,002095,096193,024830
0000000616,0000615000,000953,-41216,092651,-04352,094451,037833
0000000617,0000616000,008705,-40303,091280,-05985,088288,051970
0000000618,0000617000,016216,-34921,089688,-02646,078287,065862
0000000619,0000618000,022899,-25823,087996,005349,065410,078148
0000000620,0000619000,028024,-13635,086380,017246,050908,087642
0000000621,0000620000,031142,000280,085002,031890,036165,093399
0000000622,0000621000,032004,014388,083991,047893,022638,094854
0000000623,0000622000,030454,027572,083448,063729,011637,091834
0000000624,0000623000,026795,038357,083391,077909,004244,084620
0000000625,0000624000,021280,045986,083840,089104,001197,073901
0000000626,0000625000,014493,049767,084721,096254,002800,060699
0000000627,0000626000,007027,049464,085952,098691,008914,046310
0000000628,0000627000,-00453,045113,087433,096172,018947,032119
0000000629,0000628000,-07144,036984,089004,088937,031944,019510
0000000630,0000629000,-12494,026135,090528,077674,046649,009716
0000000631,0000630000,-15911,013427,091841,063458,061632,003697
0000000632,0000631000,-17159,000265,092830,047650,075448,002059
0000000633,0000632000,-16126,-12018,093396,031742,086733,004972
0000000634,0000633000,-12899,-22396,093496,017240,094386,012182
0000000635,0000634000,-07863,-29897,093151,005497,097647,022995
0000000636,0000635000,-01405,-34040,092381,-02384,096193,036366
0000000637,0000636000,005796,-34332,091277,-05656,090153,051009
0000000638,0000637000,013128,-30935,089937,-04011,080095,065494
0000000639,0000638000,019885,-24113,088488,002405,066999,078418
0000000640,0000639000,025384,-14438,087071,012976,052117,088515
0000000641,0000640000,029161,-03093,085820,026697,036894,094800
0000000642,0000641000,030804,008915,084870,042261,022814,096639
0000000643,0000642000,030258,020340,084286,058192,011249,093835
0000000644,0000643000,027559,030188,084123,072997,003336,086653
0000000645,0000644000,022976,037566,084385,085283,-00149,075769
0000000646,0000645000,016956,041915,085025,093905,001150,062236
0000000647,0000646000,010009,042991,085992,098048,007107,047366
0000000648,0000647000,002846,040530,087186,097320,017158,032598
0000000649,0000648000,-03916,034948,088502,091788,030342,019369
0000000650,0000649000,-09599,026749,089803,081972,045379,008968
0000000651,0000650000,-13675,016737,090971,068813,060819,002422
0000000652,0000651000,-15790,005994,091894,053554,075156,000374
0000000653,0000652000,-15730,-04471,092480,037641,086992,003047
0000000654,0000653000,-13582,-13658,092701,022568,095165,010194
0000000655,0000654000,-09513,-20905,092541,009744,098873,021128
0000000656,0000655000,-03931,-25519,092026,000370,097752,034798
0000000657,0000656000,002665,-27191,091209,-04678,091894,049880
0000000658,0000657000,009673,-25867,090169,-04919,081866,064914
0000000659,0000658000,016399,-21582,089006,-00331,068629,078436
0000000660,0000659000,022249,-14855,087823,008652,053459,089130
0000000661,0000660000,026638,-06355,086747,021180,037828,095947
0000000662,0000661000,029196,003016,085872,036062,023256,098205
0000000663,0000662000,029696,012405,085272,051900,011168,095677
0000000664,0000663000,028099,020949,084999,067203,002740,088593
0000000665,0000664000,024600,027871,085059,080544,-01197,077632
0000000666,0000665000,019493,032756,085439,090677,-00255,063850
0000000667,0000666000,013275,035134,086095,096654,005476,048584
0000000668,0000667000,006498,034839,086971,097914,015455,033312
0000000669,0000668000,-00199,031980,087977,094336,028720,019512
0000000670,0000669000,-06172,026840,089015,086259,043988,008538
0000000671,0000670000,-10889,019958,089996,074445,059779,001461
0000000672,0000671000,-13894,012019,090819,060011,074559,-01021
0000000673,0000672000,-14956,003861,091417,044317,086887,001350
0000000674,0000673000,-13977,-03883,091747,028829,095555,008352
0000000675,0000674000,-11064,-10556,091790,014995,099723,019312
0000000676,0000675000,-06502,-15575,091552,004103,098977,033171
0000000677,0000676000,-00689,-18641,091059,-02831,093387,048591
0000000678,0000677000,005816,-19491,090368,-05157,083489,064075
0000000679,0000678000,012430,-18090,089534,-02658,070236,078120
0000000680,0000679000,018526,-14609,088642,004433,054910,089361
0000000681,0000680000,023538,-09461,087778,015444,038996,096694
0000000682,0000681000,027021,-03156,087015,029341,024044,099398
0000000683,0000682000,028653,003753,086421,044819,011509,097202
0000000684,0000683000,028322,010581,086038,060430,002610,090310
0000000685,0000684000,026052,016837,085891,074722,-01781,079386
0000000686,0000685000,022067,022046,085980,086363,-01240,065486
0000000687,0000686000,016731,025773,086293,094271,004183,049957
0000000688,0000687000,010526,027762,086800,097708,013967,034302
0000000689,0000688000,004041,027891,087443,096353,027167,020040
0000000690,0000689000,-02146,026217,088170,090335,042504,008563
0000000691,0000690000,-07448,022886,088911,080219,058490,000987
0000000692,0000691000,-11395,018295,089601,066954,073574,-01943
0000000693,0000692000,-13636,012869,090183,051781,086283,000065
0000000694,0000693000,-13972,007008,090616,036115,095386,006821
0000000695,0000694000,-12396,001223,090873,021412,099998,017670
0000000696,0000695000,-09041,-04059,090934,009039,099672,031563
0000000697,0000696000,-04230,-08449,090808,000144,094439,047155
0000000698,0000697000,001608,-11637,090509,-04446,084809,062932
0000000699,0000698000,007936,-13358,090063,-04305,071713,077364
0000000700,0000699000,014168,-13524,089515,000552,056421,089049
0000000701,0000700000,019747,-12202,088914,009671,040420,096847
0000000702,0000701000,024156,-09459,088308,022198,025264,099998
0000000703,0000702000,027014,-05574,087743,036966,012424,098194
0000000704,0000703000,028062,-00866,087265,052602,003146,091609
0000000705,0000704000,027212,004348,086903,067655,-01672,080878
0000000706,0000705000,024553,009679,086678,080729,-01567,067047
0000000707,0000706000,020318,014712,086609,090612,003447,051456
0000000708,0000707000,014903,019069,086694,096389,012882,035617
0000000709,0000708000,008792,022470,086922,097526,025817,021068
0000000710,0000709000,002545,024614,087275,093920,040993,009222
0000000711,0000710000,-03275,025337,087725,085908,056939,001229
0000000712,0000711000,-08147,024617,088234,074234,072104,-02138
0000000713,0000712000,-11628,022450,088768,059984,085018,-00550
0000000714,0000713000,-13417,018974,089291,044477,094432,005834
0000000715,0000714000,-13347,014436,089761,029149,099439,016391
0000000716,0000715000,-11429,009165,090147,015419,099559,030096
0000000717,0000716000,-07841,003514,090424,004557,094789,045616
0000000718,0000717000,-02904,-02079,090569,-02435,085602,061443
0000000719,0000718000,002929,-07157,090569,-04912,072896,076040
0000000720,0000719000,009144,-11359,090426,-02648,057911,087993
0000000721,0000720000,015175,-14305,090147,004144,042107,096145
0000000722,0000721000,020488,-15699,089745,014837,027015,099711
0000000723,0000722000,024605,-15378,089249,028441,014097,098354
0000000724,0000723000,027153,-13302,088693,043702,004597,092211
0000000725,0000724000,027908,-09561,088115,059210,-00571,081883
0000000726,0000725000,026791,-04388,087559,073533,-00917,068381
0000000727,0000726000,023912,001816,087070,085349,003578,053020
0000000728,0000727000,019525,008609,086685,093569,012466,037294
0000000729,0000728000,014025,015467,086438,097439,024867,022731
0000000730,0000729000,007905,021788,086356,096607,039565,010742
0000000731,0000730000,001701,027030,086453,091152,055130,002479
0000000732,0000731000,-04029,030698,086730,081576,070052,-01268
0000000733,0000732000,-08776,032377,087175,068759,082890,-00148
0000000734,0000733000,-12109,031813,087762,053878,092412,005716
0000000735,0000734000,-13722,028991,088443,038304,097707,015746
0000000736,0000735000,-13467,024053,089168,023470,098275,028959
0000000737,0000736000,-11360,017311,089880,010745,094081,044062
0000000738,0000737000,-07595,009314,090518,001296,085556,059580
0000000739,0000738000,-02502,000697,091021,-04011,073548,074007
0000000740,0000739000,003467,-07829,091345,-04694,059240,085949
0000000741,0000740000,009788,-15487,091448,-00695,044032,094261
0000000742,0000741000,015904,-21520,091307,007621,029396,098159
0000000743,0000742000,021267,-25321,090924,019494,016738,097285
0000000744,0000743000,025394,-26452,090321,033840,007273,091741
0000000745,0000744000,027902,-24662,089538,049343,001900,082082
0000000746,0000745000,028558,-20027,088640,064579,001119,069260
0000000747,0000746000,027294,-12863,087703,078147,004981,054534
0000000748,0000747000,024221,-03688,086804,088803,013081,039345
0000000749,0000748000,019612,006734,086028,095574,024599,025173
0000000750,0000749000,013866,017490,085452,097848,038392,013384
0000000751,0000750000,007488,027615,085135,095420,053111,005097
0000000752,0000751000,001034,036147,085123,088513,067330,001089
0000000753,0000752000,-04922,042198,085430,077752,079685,001717
0000000754,0000753000,-09841,045119,086044,064114,089000,006897
0000000755,0000754000,-13270,044526,086918,048844,094393,016104
0000000756,0000755000,-14884,040324,087985,033339,095368,028424
0000000757,0000756000,-14529,032781,089155,019022,091865,042639
0000000758,0000757000,-12225,022486,090321,007205,084263,057352
0000000759,0000758000,-08176,010299,091377,-01038,073343,071129
0000000760,0000759000,-02733,-02725,092221,-04962,060199,082646
0000000761,0000760000,003631,-15376,092764,-04216,046123,090815
0000000762,0000761000,010364,-26449,092942,001133,032476,094883
0000000763,0000762000,016873,-34866,092724,010603,020561,094495
0000000764,0000763000,022570,-39726,092115,023341,011510,089722
0000000765,0000764000,026931,-40430,091154,038192,006170,081054
0000000766,0000765000,029542,-36782,089922,053801,005026,069363
0000000767,0000766000,030152,-28986,088523,068740,008147,055811
0000000768,0000767000,028692,-17633,087084,081643,015177,041737
0000000769,0000768000,025288,-03704,085740,091337,025380,028517
0000000770,0000769000,020233,011542,084621,096950,037724,017415
0000000771,0000770000,013965,026724,083841,097980,050989,009472
0000000772,0000771000,007028,040410,083484,094337,063893,005409
0000000773,0000772000,000023,051250,083599,086342,075207,005570
0000000774,0000773000,-06420,058134,084193,074712,083865,009895
0000000775,0000774000,-11708,060286,085225,060492,089063,017930
0000000776,0000775000,-15342,057318,086615,044973,090338,028857
0000000777,0000776000,-16967,049358,088241,029573,087621,041577
0000000778,0000777000,-16422,037065,089951,015697,081239,054827
0000000779,0000778000,-13746,021492,091584,004604,071877,067311
0000000780,0000779000,-09172,004058,092984,-02710,060497,077836
0000000781,0000780000,-03094,-13610,094009,-05593,048229,085426
0000000782,0000781000,003963,-29881,094555,-03788,036258,089407
0000000783,0000782000,011387,-43197,094557,002545,025723,089452
0000000784,0000783000,018523,-52187,093993,012850,017608,085611
0000000785,0000784000,024713,-55865,092901,026205,012656,078305
0000000786,0000785000,029376,-53715,091367,041404,011296,068288
0000000787,0000786000,032054,-45749,089526,057066,013596,056580
0000000788,0000787000,032483,-32619,087549,071763,019255,044354
0000000789,0000788000,030618,-15525,085628,084162,027645,032809
0000000790,0000789000,026619,003955,083950,093151,037890,023041
0000000791,0000790000,020834,024026,082676,097933,048965,015946
0000000792,0000791000,013762,042835,081933,098083,059796,012141
0000000793,0000792000,006011,058587,081804,093585,069358,011923
0000000794,0000793000,-01739,069713,082322,084831,076766,015247
0000000795,0000794000,-08783,075022,083456,072594,081354,021731
0000000796,0000795000,-14457,073791,085118,057970,082737,030688
0000000797,0000796000,-18206,065953,087162,042284,080860,041191
0000000798,0000797000,-19658,052179,089390,026965,075998,052178
0000000799,0000798000,-18677,033740,091586,013399,068709,062571
0000000800,0000799000,-15350,012369,093539,002802,059774,071386
0000000801,0000800000,-09971,-09927,095059,-03887,050099,077828
0000000802,0000801000,-02999,-31134,096001,-06079,040621,081352
0000000803,0000802000,004965,-49267,096268,-03576,032237,081700
0000000804,0000803000,013227,-62502,095811,003408,025714,078915
0000000805,0000804000,021047,-69458,094652,014265,021622,073345
0000000806,0000805000,027687,-69270,092885,028031,020287,065598
0000000807,0000806000,032499,-61733,090662,043464,021746,056492
0000000808,0000807000,035006,-47492,088202,059163,025750,046964
0000000809,0000808000,034972,-27946,085749,073706,031811,037948
0000000810,0000809000,032410,-04948,083539,085791,039263,030290
0000000811,0000810000,027549,019361,081779,094350,047337,024670
0000000812,0000811000,020808,042762,080638,098630,055243,021546
0000000813,0000812000,012766,063094,080229,098252,062239,021124
0000000814,0000813000,004117,078365,080611,093242,067693,023357
0000000815,0000814000,-04370,086979,081772,084028,071145,027935
0000000816,0000815000,-11898,087892,083621,071421,072348,034330
0000000817,0000816000,-17736,080823,085992,056548,071292,041847
0000000818,0000817000,-21304,066376,088652,040757,068199,049699
0000000819,0000818000,-22264,045998,091334,025480,063477,057113
0000000820,0000819000,-20551,021681,093781,012083,057670,063404
0000000821,0000820000,-16326,-04312,095762,001748,051393,068028
0000000822,0000821000,-09953,-29624,097095,-04619,045267,070628
0000000823,0000822000,-01982,-51933,097649,-06456,039866,071055
0000000824,0000823000,006901,-69073,097354,-03597,035667,069374
0000000825,0000824000,015915,-79276,096213,003722,032999,065854
0000000826,0000825000,024217,-81348,094316,014865,032021,060938
0000000827,0000826000,031011,-74909,091833,028844,032706,055185
0000000828,0000827000,035619,-60515,089010,044398,034855,049214
0000000829,0000828000,037596,-39656,086137,060116,038143,043617
0000000830,0000829000,036803,-14414,083489,074590,042166,038894
0000000831,0000830000,033329,012888,081306,086546,046472,035440
0000000832,0000831000,027466,039739,079797,094938,050624,033499
0000000833,0000832000,019727,063680,079103,099027,054237,033141
0000000834,0000833000,010783,082475,079298,098455,057006,034287
0000000835,0000834000,001414,094146,080395,093258,058741,036704
0000000836,0000835000,-07516,097355,082310,083878,059395,040038
0000000837,0000836000,-15151,091721,084858,071140,059040,043874
0000000838,0000837000,-20748,077691,087793,056185,057845,047787
0000000839,0000838000,-23745,056697,090816,040367,056056,051372
0000000840,0000839000,-23911,030995,093617,025110,053934,054335
0000000841,0000840000,-21305,002915,095968,011752,051738,056458
0000000842,0000841000,-16081,-25126,097639,001462,049722,057612
0000000843,0000842000,-08754,-50269,098465,-04856,048071,057812
0000000844,0000843000,000063,-70339,098370,-06656,046889,057170
0000000845,0000844000,009598,-83341,097342,-03765,046220,055880
0000000846,0000845000,018964,-87643,095452,003574,045993,054197
0000000847,0000846000,027306,-82914,092880,014728,046079,052393
0000000848,0000847000,033771,-69545,089894,028704,046328,050690
0000000849,0000848000,037769,-48923,086782,044240,046587,049268
0000000850,0000849000,038933,-23208,083869,059936,046743,048227
0000000851,0000850000,037253,005175,081395,074409,046718,047588
0000000852,0000851000,032838,033734,079593,086400,046478,047344
0000000853,0000852000,026069,059702,078651,094854,046037,047387
0000000854,0000853000,017606,080666,078636,099042,045493,047576
0000000855,0000854000,008115,094655,079583,098593,044980,047748
0000000856,0000855000,-01485,099998,081410,093529,044682,047738
0000000857,0000856000,-10329,096297,083939,084287,044798,047444
0000000858,0000857000,-17569,083881,086925,071674,045450,046842
0000000859,0000858000,-22472,063988,090056,056828,046715,045980
0000000860,0000859000,-24654,038930,093019,041086,048555,044978
0000000861,0000860000,-23957,010814,095565,025840,050844,044011
0000000862,0000861000,-20456,-17778,097468,012419,053420,043238
0000000863,0000862000,-14439,-43908,098508,001996,056042,042856
0000000864,0000863000,-06497,-65289,098620,-04527,058401,043063
0000000865,0000864000,002694,-79981,097788,-06585,060192,043976
0000000866,0000865000,012308,-86254,096060,-03984,061106,045661
0000000867,0000866000,021432,-83555,093620,003057,060871,048077
0000000868,0000867000,029257,-72418,090713,013931,059377,051027
0000000869,0000868000,034982,-53812,087630,027670,056646,054230
0000000870,0000869000,038116,-29771,084675,043029,052840,057352
0000000871,0000870000,038460,-02655,082113,058652,048282,060017
0000000872,0000871000,035957,025218,080171,073171,043362,061894
0000000873,0000872000,030866,051039,079045,085318,038528,062690
0000000874,0000873000,023663,072336,078837,094046,034298,062177
0000000875,0000874000,014989,087240,079558,098601,031167,060241
0000000876,0000875000,005638,094258,081138,098582,029570,056926
0000000877,0000876000,-03554,092732,083428,093980,029834,052437
0000000878,0000877000,-11741,082954,086196,085185,032071,047164
0000000879,0000878000,-18148,066046,089158,072972,036186,041612
0000000880,0000879000,-22172,043756,092020,058441,041867,036350
0000000881,0000880000,-23545,018182,094540,042883,048618,031950
0000000882,0000881000,-22130,-08345,096482,027661,055841,028902
0000000883,0000882000,-18093,-33087,097648,014105,062862,027613
0000000884,0000883000,-11839,-53735,097944,003383,068954,028356
0000000885,0000884000,-03914,-68552,097358,-03581,073451,031216
0000000886,0000885000,004926,-75995,095950,-06186,075791,036054
0000000887,0000886000,013921,-75536,093860,-04198,075581,042521
0000000888,0000887000,022251,-67443,091305,002225,072716,050031
0000000889,0000888000,029124,-52577,088547,012521,067356,057858
0000000890,0000889000,033964,-32516,085837,025771,059939,065220
0000000891,0000890000,036323,-09148,083434,040798,051126,071356
0000000892,0000891000,036043,015237,081557,056277,041720,075597
0000000893,0000892000,033181,038286,080378,070860,032612,077438
0000000894,0000893000,028032,057768,080008,083285,024712,076561
0000000895,0000894000,021111,071884,080457,092487,018865,072903
0000000896,0000895000,013010,079544,081665,097675,015756,066681
0000000897,0000896000,004483,080100,083500,098394,015822,058400
0000000898,0000897000,-03733,073756,085776,094576,019186,048814
0000000899,0000898000,-10893,061296,088265,086545,025618,038847
0000000900,0000899000,-16348,043951,090734,075012,034575,029489
0000000901,0000900000,-19643,023468,092954,060999,045248,021685
0000000902,0000901000,-32154,002519,093699,046584,049089,016836
0000000903,0000902000,000148,027528,098615,046373,049089,014194
0000000904,0000903000,-03166,021112,096167,046373,049089,012431
0000000905,0000904000,002009,021326,097245,046373,049089,019339
0000000906,0000905000,021590,019388,095848,046373,049089,027004
0000000907,0000906000,021878,014474,095111,046373,049089,035314
0000000908,0000907000,018570,004953,091382,046373,049089,048152
0000000909,0000908000,014230,005381,091041,046373,049089,048930
0000000910,0000909000,013282,007663,090545,046373,049089,048930
0000000911,0000910000,014642,009673,089807,046373,049089,048930
0000000912,0000911000,016793,009654,089343,046373,049089,048930
0000000913,0000912000,017291,006957,089374,046373,049089,048930
0000000914,0000913000,015065,002876,089747,046373,049089,048930
0000000915,0000914000,011667,000155,090137,046373,049089,048930
0000000916,0000915000,009442,000421,090247,046373,049089,048930
0000000917,0000916000,009361,002699,089972,046373,049089,048930
0000000918,0000917000,010942,004834,089511,046373,049089,048930
0000000919,0000918000,012997,005405,089219,046373,049089,048930
0000000920,0000919000,014084,004210,089295,046373,049089,048930
0000000921,0000920000,013387,002133,089640,046373,049089,048930
0000000922,0000921000,011647,000815,089992,046373,049089,048930
0000000923,0000922000,010544,001471,090134,046373,049089,048930
0000000924,0000923000,011045,003691,090009,046373,049089,048930
0000000925,0000924000,012767,005872,089743,046373,049089,048930
0000000926,0000925000,014670,006760,089568,046373,049089,048930
0000000927,0000926000,015788,006249,089643,046373,049089,048930
0000000928,0000927000,015658,005094,089918,046373,049089,048930
0000000929,0000928000,014676,004368,090198,046373,049089,048930
0000000930,0000929000,013928,004858,090314,046373,049089,048930
0000000931,0000930000,014239,006419,090230,046373,049089,048930
0000000932,0000931000,015454,008005,090041,046373,049089,048930
0000000933,0000932000,016750,008609,089904,046373,049089,048930
0000000934,0000933000,017387,008084,089931,046373,049089,048930
0000000935,0000934000,017113,007049,090103,046373,049089,048930
0000000936,0000935000,016229,006313,090286,046373,049089,048930
0000000937,0000936000,015431,006386,090351,046373,049089,048930
0000000938,0000937000,015328,007190,090266,046373,049089,048930
0000000939,0000938000,015916,008072,090105,046373,049089,048930
0000000940,0000939000,016620,008306,089981,046373,049089,048930
0000000941,0000940000,016853,007709,089971,046373,049089,048930
0000000942,0000941000,016435,006728,090066,046373,049089,048930
0000000943,0000942000,015621,005995,090180,046373,049089,048930
0000000944,0000943000,014889,005873,090215,046373,049089,048930
0000000945,0000944000,014649,006291,090143,046373,049089,048930
0000000946,0000945000,014940,006812,090017,046373,049089,048930
0000000947,0000946000,015387,006941,089919,046373,049089,048930
0000000948,0000947000,015542,006504,089906,046373,049089,048930
0000000949,0000948000,015240,005785,089970,046373,049089,048930
0000000950,0000949000,014673,005258,090053,046373,049089,048930
0000000951,0000950000,014192,005204,090086,046373,049089,048930
0000000952,0000951000,014069,005557,090044,046373,049089,048930
0000000953,0000952000,014334,006001,089961,046373,049089,048930
0000000954,0000953000,014741,006193,089898,046373,049089,048930
0000000955,0000954000,014967,005997,089896,046373,049089,048930
0000000956,0000955000,014862,005585,089951,046373,049089,048930
0000000957,0000956000,014552,005291,090020,046373,049089,048930
0000000958,0000957000,014299,005335,090055,046373,049089,048930
0000000959,0000958000,014297,005676,090036,046373,049089,048930
0000000960,0000959000,014559,006077,089985,046373,049089,048930
0000000961,0000960000,014919,006293,089946,046373,049089,048930
0000000962,0000961000,015152,006225,089949,046373,049089,048930
0000000963,0000962000,015138,005985,089992,046373,049089,048930
0000000964,0000963000,014955,005803,090045,046373,049089,048930
0000000965,0000964000,014791,005848,090074,046373,049089,048930
0000000966,0000965000,014798,006101,090063,046373,049089,048930
0000000967,0000966000,014983,006394,090028,046373,049089,048930
0000000968,0000967000,015231,006545,089998,046373,049089,048930
0000000969,0000968000,015386,006487,089997,046373,049089,048930
0000000970,0000969000,015361,006295,090025,046373,049089,048930
0000000971,0000970000,015204,006132,090060,046373,049089,048930
0000000972,0000971000,015049,006122,090078,046373,049089,048930
0000000973,0000972000,015012,006263,090068,046373,049089,048930
0000000974,0000973000,015105,006438,090039,046373,049089,048930
0000000975,0000974000,015245,006514,090014,046373,049089,048930
0000000976,0000975000,015322,006440,090008,046373,049089,048930
0000000977,0000976000,015276,006271,090024,046373,049089,048930
0000000978,0000977000,015136,006122,090047,046373,049089,048930
0000000979,0000978000,014996,006083,090058,046373,049089,048930
0000000980,0000979000,014942,006157,090049,046373,049089,048930
0000000981,0000980000,014989,006266,090027,046373,049089,048930
0000000982,0000981000,015076,006311,090007,046373,049089,048930
0000000983,0000982000,015125,006252,090001,046373,049089,048930
0000000984,0000983000,015090,006128,090012,046373,049089,048930
0000000985,0000984000,014992,006020,090028,046373,049089,048930
0000000986,0000985000,014894,005992,090037,046373,049089,048930
0000000987,0000986000,014859,006049,090031,046373,049089,048930
0000000988,0000987000,014899,006136,090017,046373,049089,048930
0000000989,0000988000,014973,006183,090003,046373,049089,048930
0000000990,0000989000,015023,006156,090000,046373,049089,048930
0000000991,0000990000,015014,006082,090009,046373,049089,048930
0000000992,0000991000,014959,006017,090022,046373,049089,048930
0000000993,0000992000,014902,006009,090030,046373,049089,048930
0000000994,0000993000,014888,006061,090028,046373,049089,048930
0000000995,0000994000,014927,006136,090019,046373,049089,048930
0000000996,0000995000,014992,006182,090010,046373,049089,048930
0000000997,0000996000,015039,006175,090009,046373,049089,048930
0000000998,0000997000,015042,006131,090015,046373,049089,048930
0000000999,0000998000,015009,006090,090025,046373,049089,048930
0000001000,0000999000,014974,006087,090032,046373,049089,048930
0000001001,0001000000,014965,006127,090031,046373,049089,048930
0000001002,0001001000,014993,006181,090024,046373,049089,048930
0000001003,0001002000,015039,006216,090018,046373,049089,048930
0000001004,0001003000,015072,006211,090017,046373,049089,048930
0000001005,0001004000,015073,006177,090021,046373,049089,048930
0000001006,0001005000,015047,006143,090028,046373,049089,048930
0000001007,0001006000,015016,006136,090032,046373,049089,048930
0000001008,0001007000,015005,006158,090031,046373,049089,048930
0000001009,0001008000,015019,006192,090026,046373,049089,048930
0000001010,0001009000,015046,006212,090021,046373,049089,048930
0000001011,0001010000,015065,006205,090019,046373,049089,048930
0000001012,0001011000,015062,006176,090022,046373,049089,048930
0000001013,0001012000,015039,006147,090026,046373,049089,048930
0000001014,0001013000,015013,006136,090029,046373,049089,048930
0000001015,0001014000,015000,006148,090028,046373,049089,048930
0000001016,0001015000,015006,006170,090024,046373,049089,048930
0000001017,0001016000,015023,006182,090020,046373,049089,048930
0000001018,0001017000,015036,006176,090019,046373,049089,048930
0000001019,0001018000,015033,006154,090021,046373,049089,048930
0000001020,0001019000,015016,006133,090024,046373,049089,048930
0000001021,0001020000,014998,006125,090026,046373,049089,048930
0000001022,0001021000,014989,006133,090025,046373,049089,048930
0000001023,0001022000,014994,006150,090023,046373,049089,048930
0000001024,0001023000,015007,006160,090020,046373,049089,048930
0000001025,0001024000,015018,006158,090019,046373,049089,048930
0000001026,0001025000,015018,006145,090020,046373,049089,048930
0000001027,0001026000,015009,006131,090023,046373,049089,048930
0000001028,0001027000,014997,006127,090024,046373,049089,048930
0000001029,0001028000,014992,006135,090024,046373,049089,048930
0000001030,0001029000,014998,006148,090023,046373,049089,048930
0000001031,0001030000,015009,006158,090021,046373,049089,048930
0000001032,0001031000,015018,006158,090020,046373,049089,048930
0000001033,0001032000,015020,006150,090021,046373,049089,048930
0000001034,0001033000,015015,006142,090023,046373,049089,048930
0000001035,0001034000,015007,006139,090024,046373,049089,048930
0000001036,0001035000,015004,006145,090024,046373,049089,048930
0000001037,0001036000,015008,006155,090023,046373,049089,048930
0000001038,0001037000,015016,006162,090022,046373,049089,048930
0000001039,0001038000,015023,006163,090022,046373,049089,048930
0000001040,0001039000,015024,006157,090022,046373,049089,048930
0000001041,0001040000,015020,006150,090023,046373,049089,048930
0000001042,0001041000,015014,006148,090024,046373,049089,048930
0000001043,0001042000,015011,006151,090024,046373,049089,048930
0000001044,0001043000,015013,006157,090024,046373,049089,048930
0000001045,0001044000,015018,006162,090023,046373,049089,048930
0000001046,0001045000,015022,006162,090022,046373,049089,048930
0000001047,0001046000,015023,006157,090023,046373,049089,048930
0000001048,0001047000,015019,006151,090023,046373,049089,048930
0000001049,0001048000,015014,006149,090024,046373,049089,048930
0000001050,0001049000,015011,006150,090024,046373,049089,048930
0000001051,0001050000,015012,006155,090023,046373,049089,048930
0000001052,0001051000,015015,006158,090023,046373,049089,048930
0000001053,0001052000,015018,006157,090022,046373,049089,048930
0000001054,0001053000,015018,006154,090022,046373,049089,048930
0000001055,0001054000,015016,006149,090023,046373,049089,048930
0000001056,0001055000,015012,006147,090023,046373,049089,048930
0000001057,0001056000,015010,006149,090023,046373,049089,048930
0000001058,0001057000,015010,006152,090023,046373,049089,048930
0000001059,0001058000,015013,006154,090023,046373,049089,048930
0000001060,0001059000,015015,006154,090022,046373,049089,048930
0000001061,0001060000,015016,006152,090022,046373,049089,048930
0000001062,0001061000,015014,006149,090023,046373,049089,048930
0000001063,0001062000,015012,006148,090023,046373,049089,048930
0000001064,0001063000,015010,006149,090023,046373,049089,048930
0000001065,0001064000,015011,006151,090023,046373,049089,048930
0000001066,0001065000,015013,006153,090023,046373,049089,048930
0000001067,0001066000,015015,006154,090022,046373,049089,048930
0000001068,0001067000,015015,006152,090023,046373,049089,048930
0000001069,0001068000,015015,006150,090023,046373,049089,048930
0000001070,0001069000,015013,006150,090023,046373,049089,048930
0000001071,0001070000,015012,006150,090023,046373,049089,048930
0000001072,0001071000,015013,006152,090023,046373,049089,048930
0000001073,0001072000,015014,006154,090023,046373,049089,048930
0000001074,0001073000,015016,006154,090023,046373,049089,048930
0000001075,0001074000,015016,006153,090023,046373,049089,048930
0000001076,0001075000,015015,006152,090023,046373,049089,048930
0000001077,0001076000,015014,006151,090023,046373,049089,048930
0000001078,0001077000,015013,006152,090023,046373,049089,048930
0000001079,0001078000,015014,006153,090023,046373,049089,048930
0000001080,0001079000,015015,006154,090023,046373,049089,048930
0000001081,0001080000,015015,006154,090023,046373,049089,048930
0000001082,0001081000,015016,006153,090023,046373,049089,048930
0000001083,0001082000,015015,006152,090023,046373,049089,048930
0000001084,0001083000,015014,006151,090023,046373,049089,048930
0000001085,0001084000,015014,006152,090023,046373,049089,048930
0000001086,0001085000,015014,006152,090023,046373,049089,048930
0000001087,0001086000,015014,006153,090023,046373,049089,048930
0000001088,0001087000,015015,006153,090023,046373,049089,048930
0000001089,0001088000,015015,006153,090023,046373,049089,048930
0000001090,0001089000,015015,006152,090023,046373,049089,048930
0000001091,0001090000,015014,006151,090023,046373,049089,048930
0000001092,0001091000,015013,006151,090023,046373,049089,048930
0000001093,0001092000,015013,006152,090023,046373,049089,048930
0000001094,0001093000,015014,006153,090023,046373,049089,048930
0000001095,0001094000,015014,006153,090023,046373,049089,048930
0000001096,0001095000,015015,006152,090023,046373,049089,048930
0000001097,0001096000,015014,006152,090023,046373,049089,048930
0000001098,0001097000,015014,006151,090023,046373,049089,048930
0000001099,0001098000,015014,006152,090023,046373,049089,048930
0000001100,0001099000,015014,006152,090023,046373,049089,048930
0000001101,0001100000,015014,006152,090023,046373,049089,048930
