0000000001,0000000000,078208,019965,080347,025264,035118,083836
0000000002,0000001000,056859,047151,079763,035018,025835,083365
0000000003,0000002000,030488,070419,080074,045854,018838,079526
0000000004,0000003000,001914,087220,081250,056728,014798,072692
0000000005,0000004000,-26070,095882,083184,066576,014114,063526
0000000006,0000005000,-50961,095790,085681,074428,016863,052927
0000000007,0000006000,-70113,086878,088488,079519,022754,041945
0000000008,0000007000,-81546,069791,091339,081342,031230,031647
0000000009,0000008000,-84433,046449,093962,079715,041474,023029
0000000010,0000009000,-78479,019234,096089,074824,052444,016950
0000000011,0000010000,-63979,-09490,097511,067136,063076,014005
0000000012,0000011000,-42437,-36873,098096,057375,072366,014476
0000000013,0000012000,-16213,-59982,097783,046528,079375,018315
0000000014,0000013000,012297,-76716,096606,035662,083407,025149
0000000015,0000014000,040434,-85535,094673,025813,084089,034316
0000000016,0000015000,065213,-85348,092177,017957,081346,044915
0000000017,0000016000,084287,-76347,089370,012877,075445,055896
0000000018,0000017000,095941,-59475,086517,011055,066968,066194
0000000019,0000018000,098797,-36104,083895,012665,056740,074812
0000000020,0000019000,092627,-08675,081769,017561,045764,080892
0000000021,0000020000,078242,019933,080347,025263,035119,083836
0000000022,0000021000,056819,047189,079763,035015,025838,083365
0000000023,0000022000,030448,070451,080074,045860,018833,079525
0000000024,0000023000,001957,087180,081250,056733,014794,072692
0000000025,0000024000,-26055,095863,083183,066575,014117,063526
0000000026,0000025000,-50983,095820,085681,074429,016862,052927
0000000027,0000026000,-70104,086868,088488,079521,022752,041945
0000000028,0000027000,-81550,069794,091340,081342,031230,031647
0000000029,0000028000,-84464,046476,093962,079720,041470,023029
0000000030,0000029000,-78456,019214,096088,074828,052441,016949
0000000031,0000030000,-63944,-09520,097511,067134,063078,014005
0000000032,0000031000,-42471,-36840,098096,057376,072365,014476
0000000033,0000032000,-16237,-59956,097784,046532,079371,018315
0000000034,0000033000,012327,-76750,096606,035665,083404,025148
0000000035,0000034000,040437,-85535,094674,025816,084088,034315
0000000036,0000035000,065199,-85333,092177,017959,081346,044913
0000000037,0000036000,084312,-76367,089370,012879,075445,055894
0000000038,0000037000,095935,-59470,086518,011056,066969,066193
0000000039,0000038000,098769,-36076,083895,012668,056739,074810
0000000040,0000039000,092655,-08697,081769,017565,045763,080890
0000000041,0000040000,078271,019906,080346,025263,035121,083835
0000000042,0000041000,056795,047220,079763,035014,025841,083364
0000000043,0000042000,030439,070463,080074,045862,018832,079524
0000000044,0000043000,001983,087158,081250,056733,014793,072691
0000000045,0000044000,-26064,095875,083183,066574,014118,063526
0000000046,0000045000,-50988,095831,085680,074430,016861,052927
0000000047,0000046000,-70077,086848,088487,079520,022752,041946
0000000048,0000047000,-81563,069807,091340,081340,031231,031648
0000000049,0000048000,-84493,046508,093963,079722,041467,023030
0000000050,0000049000,-78436,019194,096088,074831,052437,016950
0000000051,0000050000,-63927,-09536,097511,067134,063078,014006
0000000052,0000051000,-42498,-36814,098096,057378,072364,014476
0000000053,0000052000,-16240,-59954,097784,046535,079368,018315
0000000054,0000053000,012341,-76768,096607,035668,083403,025148
0000000055,0000054000,040418,-85521,094675,025819,084086,034314
0000000056,0000055000,065199,-85333,092178,017963,081343,044911
0000000057,0000056000,084340,-76397,089370,012881,075445,055892
0000000058,0000057000,095924,-59461,086518,011057,066970,066190
0000000059,0000058000,098748,-36057,083895,012671,056739,074808
0000000060,0000059000,092681,-08722,081769,017568,045763,080888
0000000061,0000060000,078286,019893,080346,025263,035124,083832
0000000062,0000061000,056781,047239,079762,035013,025843,083362
0000000063,0000062000,030452,070456,080073,045862,018833,079523
0000000064,0000063000,001996,087148,081250,056731,014796,072691
0000000065,0000064000,-26083,095898,083183,066572,014120,063526
0000000066,0000065000,-50984,095832,085680,074429,016860,052928
0000000067,0000066000,-70054,086830,088487,079517,022752,041948
0000000068,0000067000,-81581,069827,091340,081336,031232,031651
0000000069,0000068000,-84514,046530,093962,079722,041463,023033
0000000070,0000069000,-78423,019180,096088,074832,052433,016953
0000000071,0000070000,-63933,-09535,097511,067134,063075,014009
0000000072,0000071000,-42520,-36795,098096,057380,072359,014478
0000000073,0000072000,-16232,-59967,097784,046539,079363,018316
0000000074,0000073000,012341,-76776,096608,035671,083400,025148
0000000075,0000074000,040391,-85505,094675,025824,084082,034312
0000000076,0000075000,065205,-85345,092178,017970,081340,044909
0000000077,0000076000,084361,-76425,089371,012885,075444,055889
0000000078,0000077000,095912,-59454,086519,011061,066971,066186
0000000079,0000078000,098746,-36056,083896,012675,056739,074803
0000000080,0000079000,092706,-08747,081769,017570,045765,080883
0000000081,0000080000,078288,019892,080346,025262,035128,083828
0000000082,0000081000,056778,047248,079761,035013,025847,083358
0000000083,0000082000,030478,070440,080072,045860,018837,079521
0000000084,0000083000,002003,087149,081249,056726,014801,072691
0000000085,0000084000,-26099,095924,083182,066567,014123,063527
0000000086,0000085000,-50973,095832,085679,074426,016861,052931
0000000087,0000086000,-70042,086825,088486,079512,022754,041952
0000000088,0000087000,-81602,069853,091339,081332,031231,031656
0000000089,0000088000,-84523,046544,093962,079720,041460,023039
0000000090,0000089000,-78419,019174,096089,074831,052429,016959
0000000091,0000090000,-63956,-09519,097512,067134,063070,014014
0000000092,0000091000,-42539,-36783,098097,057384,072351,014482
0000000093,0000092000,-16225,-59984,097785,046544,079356,018318
0000000094,0000093000,012330,-76778,096609,035676,083394,025148
0000000095,0000094000,040370,-85495,094677,025832,084076,034310
0000000096,0000095000,065215,-85366,092179,017978,081335,044905
0000000097,0000096000,084372,-76446,089372,012892,075443,055883
0000000098,0000097000,095904,-59453,086519,011067,066972,066179
0000000099,0000098000,098759,-36071,083896,012681,056742,074795
0000000100,0000099000,092730,-08770,081768,017572,045771,080875
0000000101,0000100000,078290,019895,080346,025262,035135,083821
0000000102,0000101000,056788,047248,079760,035011,025854,083353
0000000103,0000102000,030507,070424,080071,045855,018845,079518
0000000104,0000103000,002008,087158,081248,056719,014809,072690
0000000105,0000104000,-26105,095946,083181,066560,014129,063529
0000000106,0000105000,-50960,095833,085677,074418,016865,052935
0000000107,0000106000,-70042,086836,088485,079503,022756,041959
0000000108,0000107000,-81623,069882,091338,081325,031230,031664
0000000109,0000108000,-84528,046554,093962,079716,041455,023048
0000000110,0000109000,-78426,019179,096089,074827,052423,016968
0000000111,0000110000,-63987,-09495,097513,067134,063061,014022
0000000112,0000111000,-42557,-36776,098098,057388,072341,014488
0000000113,0000112000,-16227,-59998,097787,046550,079346,018322
0000000114,0000113000,012310,-76777,096611,035684,083386,025149
0000000115,0000114000,040354,-85497,094678,025843,084068,034308
0000000116,0000115000,065225,-85393,092181,017989,081329,044899
0000000117,0000116000,084374,-76465,089373,012902,075442,055874
0000000118,0000117000,095903,-59462,086520,011076,066973,066168
0000000119,0000118000,098784,-36098,083896,012688,056746,074784
0000000120,0000119000,092754,-08793,081768,017575,045779,080864
0000000121,0000120000,078297,019896,080345,025262,035145,083811
0000000122,0000121000,056812,047239,079759,035009,025865,083345
0000000123,0000122000,030537,070412,080069,045848,018857,079513
0000000124,0000123000,002014,087173,081246,056709,014821,072688
0000000125,0000124000,-26100,095964,083178,066549,014137,063531
0000000126,0000125000,-50946,095840,085675,074405,016871,052942
0000000127,0000126000,-70052,086862,088483,079491,022759,041969
0000000128,0000127000,-81643,069915,091337,081315,031227,031676
0000000129,0000128000,-84536,046566,093961,079709,041449,023061
0000000130,0000129000,-78446,019195,096089,074823,052414,016981
0000000131,0000130000,-64023,-09469,097514,067135,063049,014033
0000000132,0000131000,-42576,-36773,098099,057394,072326,014497
0000000133,0000132000,-16241,-60006,097789,046558,079332,018328
0000000134,0000133000,012283,-76776,096614,035695,083373,025150
0000000135,0000134000,040343,-85511,094681,025857,084057,034304
0000000136,0000135000,065232,-85425,092183,018004,081322,044892
0000000137,0000136000,084374,-76485,089375,012916,075439,055863
0000000138,0000137000,095911,-59483,086522,011089,066974,066154
0000000139,0000138000,098815,-36135,083897,012697,056752,074768
0000000140,0000139000,092779,-08816,081768,017579,045790,080848
0000000141,0000140000,078317,019889,080344,025262,035159,083797
0000000142,0000141000,056848,047224,079757,035004,025880,083334
0000000143,0000142000,030567,070407,080067,045837,018874,079507
0000000144,0000143000,002024,087192,081243,056695,014836,072687
0000000145,0000144000,-26085,095980,083175,066534,014149,063535
0000000146,0000145000,-50935,095857,085672,074388,016879,052951
0000000147,0000146000,-70067,086899,088481,079474,022762,041982
0000000148,0000147000,-81662,069951,091335,081302,031225,031692
0000000149,0000148000,-84550,046588,093960,079699,041441,023079
0000000150,0000149000,-78480,019224,096090,074818,052402,016999
0000000151,0000150000,-64064,-09441,097515,067136,063033,014049
0000000152,0000151000,-42601,-36769,098102,057400,072308,014510
0000000153,0000152000,-16269,-60009,097792,046569,079314,018335
0000000154,0000153000,012251,-76778,096617,035711,083355,025151
0000000155,0000154000,040333,-85535,094684,025877,084042,034300
0000000156,0000155000,065234,-85460,092187,018024,081313,044882
0000000157,0000156000,084373,-76512,089378,012934,075436,055848
0000000158,0000157000,095929,-59518,086523,011106,066976,066135
0000000159,0000158000,098851,-36179,083897,012709,056761,074748
0000000160,0000159000,092809,-08842,081768,017585,045805,080828
0000000161,0000160000,078350,019872,080342,025263,035177,083779
0000000162,0000161000,056893,047205,079754,034997,025901,083320
0000000163,0000162000,030600,070408,080063,045824,018896,079498
0000000164,0000163000,002044,087213,081239,056678,014855,072685
0000000165,0000164000,-26063,095999,083171,066513,014164,063540
0000000166,0000165000,-50928,095886,085669,074366,016890,052962
0000000167,0000166000,-70084,086947,088478,079453,022766,041999
0000000168,0000167000,-81681,069992,091333,081284,031221,031713
0000000169,0000168000,-84576,046621,093960,079685,041431,023102
0000000170,0000169000,-78525,019264,096090,074811,052386,017021
0000000171,0000170000,-64109,-09413,097517,067137,063012,014069
0000000172,0000171000,-42637,-36763,098105,057408,072284,014525
0000000173,0000172000,-16310,-60008,097796,046584,079290,018344
0000000174,0000173000,012216,-76787,096621,035732,083333,025153
0000000175,0000174000,040321,-85568,094689,025901,084024,034294
0000000176,0000175000,065231,-85500,092191,018048,081301,044869
0000000177,0000176000,084377,-76550,089382,012958,075431,055829
0000000178,0000177000,095957,-59568,086526,011127,066979,066112
0000000179,0000178000,098892,-36229,083898,012724,056772,074722
0000000180,0000179000,092848,-08875,081767,017593,045823,080803
0000000181,0000180000,078399,019844,080340,025262,035200,083756
0000000182,0000181000,056948,047183,079751,034988,025927,083303
0000000183,0000182000,030638,070412,080059,045808,018923,079488
0000000184,0000183000,002074,087233,081234,056656,014880,072683
0000000185,0000184000,-26036,096023,083166,066487,014184,063547
0000000186,0000185000,-50924,095928,085664,074337,016904,052977
0000000187,0000186000,-70101,087003,088474,079427,022772,042020
0000000188,0000187000,-81704,070042,091330,081262,031217,031739
0000000189,0000188000,-84613,046668,093959,079669,041419,023131
0000000190,0000189000,-78581,019313,096091,074802,052366,017050
0000000191,0000190000,-64163,-09382,097519,067138,062985,014094
0000000192,0000191000,-42686,-36752,098108,057418,072255,014545
0000000193,0000192000,-16363,-60004,097801,046602,079260,018356
0000000194,0000193000,012176,-76803,096627,035757,083305,025156
0000000195,0000194000,040304,-85608,094695,025930,084001,034287
0000000196,0000195000,065224,-85546,092196,018079,081287,044852
0000000197,0000196000,084385,-76601,089386,012988,075425,055805
0000000198,0000197000,095991,-59632,086529,011152,066983,066082
0000000199,0000198000,098937,-36288,083900,012742,056786,074690
0000000200,0000199000,092898,-08918,081766,017602,045845,080771
0000000201,0000200000,078463,019807,080337,025262,035228,083728
0000000202,0000201000,057012,047160,079747,034977,025960,083281
0000000203,0000202000,030687,070418,080054,045787,018956,079475
0000000204,0000203000,002115,087254,081227,056628,014910,072680
0000000205,0000204000,-26005,096056,083160,066454,014209,063554
0000000206,0000205000,-50921,095983,085658,074303,016920,052994
0000000207,0000206000,-70118,087068,088469,079394,022778,042046
0000000208,0000207000,-81732,070103,091327,081234,031212,031772
0000000209,0000208000,-84663,046730,093957,079649,041404,023166
0000000210,0000209000,-78647,019371,096092,074792,052342,017084
0000000211,0000210000,-64226,-09346,097522,067139,062953,014125
0000000212,0000211000,-42750,-36734,098113,057430,072219,014568
0000000213,0000212000,-16427,-60000,097807,046624,079224,018370
0000000214,0000213000,012131,-76825,096634,035788,083271,025159
0000000215,0000214000,040280,-85654,094702,025966,083974,034278
0000000216,0000215000,065214,-85600,092203,018117,081269,044833
0000000217,0000216000,084400,-76667,089391,013024,075418,055776
0000000218,0000217000,096032,-59709,086532,011183,066988,066047
0000000219,0000218000,098990,-36355,083901,012763,056803,074651
0000000220,0000219000,092961,-08972,081766,017613,045872,080733
0000000221,0000220000,078540,019760,080334,025261,035263,083695
0000000222,0000221000,057085,047136,079742,034964,025999,083256
0000000223,0000222000,030747,070423,080047,045763,018996,079460
0000000224,0000223000,002168,087277,081220,056595,014946,072677
0000000225,0000224000,-25971,096098,083152,066415,014239,063564
0000000226,0000225000,-50917,096049,085651,074262,016940,053016
0000000227,0000226000,-70136,087144,088464,079356,022785,042078
0000000228,0000227000,-81768,070177,091323,081201,031207,031810
0000000229,0000228000,-84724,046808,093956,079625,041386,023208
0000000230,0000229000,-78723,019439,096093,074781,052312,017125
0000000231,0000230000,-64303,-09302,097525,067141,062915,014161
0000000232,0000231000,-42830,-36709,098119,057445,072177,014596
0000000233,0000232000,-16501,-59997,097814,046651,079181,018386
0000000234,0000233000,012079,-76854,096642,035825,083232,025162
0000000235,0000234000,040247,-85705,094710,026008,083942,034268
0000000236,0000235000,065202,-85665,092210,018161,081248,044809
0000000237,0000236000,084419,-76749,089397,013067,075410,055741
0000000238,0000237000,096079,-59799,086536,011219,066994,066005
0000000239,0000238000,099051,-36435,083903,012789,056823,074606
0000000240,0000239000,093041,-09041,081765,017626,045903,080688
0000000241,0000240000,078632,019704,080331,025259,035304,083655
0000000242,0000241000,057171,047109,079736,034948,026045,083225
0000000243,0000242000,030822,070427,080039,045734,019042,079442
0000000244,0000243000,002231,087303,081211,056556,014988,072674
0000000245,0000244000,-25933,096150,083143,066368,014273,063576
0000000246,0000245000,-50912,096127,085643,074213,016963,053041
0000000247,0000246000,-70154,087231,088457,079310,022793,042115
0000000248,0000247000,-81812,070268,091319,081162,031200,031856
0000000249,0000248000,-84798,046900,093954,079597,041364,023257
0000000250,0000249000,-78810,019516,096094,074767,052277,017174
0000000251,0000250000,-64396,-09249,097529,067143,062871,014204
0000000252,0000251000,-42927,-36678,098125,057462,072127,014629
0000000253,0000252000,-16587,-59996,097823,046682,079130,018405
0000000254,0000253000,012016,-76887,096651,035867,083185,025165
0000000255,0000254000,040206,-85763,094720,026058,083905,034255
0000000256,0000255000,065188,-85743,092220,018214,081223,044781
0000000257,0000256000,084443,-76847,089405,013117,075400,055701
0000000258,0000257000,096130,-59902,086542,011260,067002,065956
0000000259,0000258000,099124,-36529,083905,012819,056846,074552
0000000260,0000259000,093136,-09124,081763,017641,045940,080636
0000000261,0000260000,078738,019640,080326,025257,035351,083609
0000000262,0000261000,057271,047079,079729,034929,026099,083190
0000000263,0000262000,030912,070428,080030,045700,019097,079421
0000000264,0000263000,002305,087333,081201,056510,015038,072670
0000000265,0000264000,-25890,096213,083132,066315,014314,063589
0000000266,0000265000,-50902,096217,085633,074157,016989,053071
0000000267,0000266000,-70174,087333,088449,079257,022803,042158
0000000268,0000267000,-81866,070377,091313,081117,031192,031909
0000000269,0000268000,-84882,047008,093951,079565,041339,023314
0000000270,0000269000,-78911,019605,096095,074751,052237,017230
0000000271,0000270000,-64505,-09184,097533,067145,062820,014253
0000000272,0000271000,-43039,-36640,098133,057482,072069,014666
0000000273,0000272000,-16685,-59995,097833,046719,079071,018427
0000000274,0000273000,011942,-76925,096663,035917,083132,025169
0000000275,0000274000,040157,-85829,094731,026115,083863,034240
0000000276,0000275000,065174,-85834,092230,018274,081195,044749
0000000277,0000276000,084469,-76960,089413,013174,075390,055655
0000000278,0000277000,096188,-60020,086548,011308,067010,065899
0000000279,0000278000,099209,-36639,083908,012853,056873,074491
0000000280,0000279000,093246,-09222,081762,017658,045983,080576
0000000281,0000280000,078859,019567,080322,025255,035407,083557
0000000282,0000281000,057387,047042,079721,034907,026161,083150
0000000283,0000282000,031018,070428,080020,045662,019159,079398
0000000284,0000283000,002390,087368,081189,056457,015095,072666
0000000285,0000284000,-25840,096285,083120,066253,014360,063605
0000000286,0000285000,-50889,096318,085622,074093,017019,053106
0000000287,0000286000,-70198,087450,088439,079196,022814,042208
0000000288,0000287000,-81928,070504,091307,081066,031183,031969
0000000289,0000288000,-84976,047131,093949,079528,041310,023380
0000000290,0000289000,-79025,019707,096096,074734,052191,017294
0000000291,0000290000,-64633,-09108,097539,067147,062761,014309
0000000292,0000291000,-43169,-36595,098141,057505,072003,014709
0000000293,0000292000,-16798,-59995,097844,046761,079005,018452
0000000294,0000293000,011854,-76966,096676,035973,083071,025174
0000000295,0000294000,040099,-85903,094745,026181,083814,034223
0000000296,0000295000,065159,-85940,092242,018343,081163,044712
0000000297,0000296000,084498,-77090,089423,013238,075378,055601
0000000298,0000297000,096252,-60155,086555,011362,067021,065834
0000000299,0000298000,099307,-36768,083911,012892,056905,074421
0000000300,0000299000,093373,-09336,081761,017677,046033,080508
0000000301,0000300000,078996,019484,080316,025252,035470,083497
0000000302,0000301000,057521,046999,079712,034882,026231,083105
0000000303,0000302000,031141,070425,080008,045617,019230,079371
0000000304,0000303000,002487,087408,081175,056397,015160,072661
0000000305,0000304000,-25781,096368,083106,066183,014411,063623
0000000306,0000305000,-50871,096431,085609,074020,017053,053145
0000000307,0000306000,-70224,087584,088428,079127,022826,042265
0000000308,0000307000,-81999,070650,091299,081008,031172,032038
0000000309,0000308000,-85082,047270,093945,079488,041277,023454
0000000310,0000309000,-79156,019825,096097,074714,052138,017366
0000000311,0000310000,-64780,-09018,097544,067151,062694,014373
0000000312,0000311000,-43315,-36545,098151,057532,071929,014757
0000000313,0000312000,-16926,-59993,097856,046808,078930,018480
0000000314,0000313000,011751,-77010,096690,036037,083003,025178
0000000315,0000314000,040032,-85986,094760,026255,083759,034204
0000000316,0000315000,065141,-86061,092256,018420,081127,044671
0000000317,0000316000,084528,-77236,089435,013311,075366,055541
0000000318,0000317000,096324,-60307,086563,011423,067033,065761
0000000319,0000318000,099419,-36915,083914,012935,056940,074342
0000000320,0000319000,093515,-09465,081759,017698,046088,080432
0000000321,0000320000,079151,019389,080310,025248,035540,083430
0000000322,0000321000,057675,046947,079702,034854,026311,083054
0000000323,0000322000,031281,070420,079994,045567,019309,079342
0000000324,0000323000,002597,087454,081159,056329,015232,072657
0000000325,0000324000,-25713,096459,083090,066104,014469,063644
0000000326,0000325000,-50849,096558,085594,073939,017090,053189
0000000327,0000326000,-70253,087736,088416,079050,022839,042329
0000000328,0000327000,-82078,070815,091290,080944,031159,032115
0000000329,0000328000,-85200,047427,093941,079442,041239,023537
0000000330,0000329000,-79304,019959,096099,074692,052079,017447
0000000331,0000330000,-64946,-08915,097551,067155,062619,014443
0000000332,0000331000,-43480,-36487,098161,057562,071845,014810
0000000333,0000332000,-17072,-59990,097871,046862,078845,018511
0000000334,0000333000,011634,-77058,096707,036108,082927,025183
0000000335,0000334000,039956,-86080,094777,026339,083698,034182
0000000336,0000335000,065119,-86197,092272,018507,081088,044624
0000000337,0000336000,084559,-77398,089448,013392,075352,055474
0000000338,0000337000,096404,-60479,086572,011491,067046,065680
0000000339,0000338000,099544,-37082,083918,012983,056979,074255
0000000340,0000339000,093673,-09610,081758,017721,046151,080346
0000000341,0000340000,079324,019281,080304,025243,035620,083356
0000000342,0000341000,057849,046886,079691,034822,026399,082998
0000000343,0000342000,031438,070413,079979,045511,019398,079310
0000000344,0000343000,002721,087504,081142,056253,015312,072652
0000000345,0000344000,-25633,096560,083072,066017,014533,063667
0000000346,0000345000,-50822,096698,085577,073848,017131,053239
0000000347,0000346000,-70285,087907,088402,078965,022853,042400
0000000348,0000347000,-82163,070999,091281,080872,031145,032201
0000000349,0000348000,-85331,047603,093937,079392,041197,023630
0000000350,0000349000,-79469,020111,096100,074668,052014,017537
0000000351,0000350000,-65132,-08798,097557,067160,062536,014522
0000000352,0000351000,-43664,-36421,098173,057596,071752,014869
0000000353,0000352000,-17237,-59984,097887,046921,078752,018544
0000000354,0000353000,011500,-77108,096725,036188,082843,025187
0000000355,0000354000,039870,-86183,094795,026431,083631,034157
0000000356,0000355000,065092,-86347,092290,018602,081044,044572
0000000357,0000356000,084592,-77579,089463,013482,075337,055399
0000000358,0000357000,096491,-60671,086583,011566,067062,065589
0000000359,0000358000,099682,-37270,083923,013036,057024,074158
0000000360,0000359000,093848,-09773,081757,017746,046220,080252
0000000361,0000360000,079518,019159,080297,025238,035707,083274
0000000362,0000361000,058044,046815,079678,034786,026496,082936
0000000363,0000362000,031615,070403,079962,045448,019496,079275
0000000364,0000363000,002860,087557,081123,056170,015401,072647
0000000365,0000364000,-25542,096669,083052,065920,014603,063694
0000000366,0000365000,-50791,096854,085558,073747,017177,053294
0000000367,0000366000,-70319,088098,088387,078871,022869,042478
0000000368,0000367000,-82256,071204,091269,080794,031128,032296
0000000369,0000368000,-85474,047800,093931,079337,041150,023732
0000000370,0000369000,-79653,020283,096101,074642,051941,017635
0000000371,0000370000,-65338,-08666,097565,067166,062444,014607
0000000372,0000371000,-43868,-36346,098186,057634,071650,014934
0000000373,0000372000,-17422,-59974,097904,046987,078650,018581
0000000374,0000373000,011351,-77162,096745,036276,082750,025192
0000000375,0000374000,039772,-86297,094817,026532,083557,034129
0000000376,0000375000,065059,-86512,092309,018707,080997,044514
0000000377,0000376000,084624,-77778,089480,013580,075322,055316
0000000378,0000377000,096587,-60885,086594,011649,067079,065490
0000000379,0000378000,099834,-37479,083929,013094,057073,074051
0000000380,0000379000,094041,-09954,081756,017773,046296,080149
0000000381,0000380000,079732,019021,080289,025231,035804,083184
0000000382,0000381000,058261,046733,079665,034747,026603,082869
0000000383,0000382000,031811,070390,079944,045379,019603,079237
0000000384,0000383000,003017,087614,081101,056078,015498,072643
0000000385,0000384000,-25438,096786,083030,065814,014680,063723
0000000386,0000385000,-50753,097025,085537,073637,017226,053355
0000000387,0000386000,-70353,088307,088369,078768,022885,042565
0000000388,0000387000,-82355,071429,091257,080708,031109,032401
0000000389,0000388000,-85630,048018,093925,079277,041098,023843
0000000390,0000389000,-79855,020475,096102,074614,051861,017743
0000000391,0000390000,-65564,-08519,097573,067173,062343,014701
0000000392,0000391000,-44095,-36260,098200,057676,071538,015004
0000000393,0000392000,-17628,-59959,097923,047059,078538,018621
0000000394,0000393000,011183,-77218,096768,036372,082649,025197
0000000395,0000394000,039662,-86420,094840,026644,083477,034098
0000000396,0000395000,065018,-86691,092331,018822,080946,044450
0000000397,0000396000,084657,-77996,089498,013687,075305,055226
0000000398,0000397000,096690,-61121,086608,011738,067099,065381
0000000399,0000398000,099998,-37709,083936,013156,057127,073934
0000000400,0000399000,094251,-10156,081755,017802,046380,080036
0000000401,0000400000,079969,018865,080281,025223,035909,083086
0000000402,0000401000,037519,081525,083145,042348,027223,083290
0000000403,0000402000,027754,068450,079741,056215,018275,077755
0000000404,0000403000,009805,091372,081482,068251,015687,072744
0000000405,0000404000,007682,095715,082938,070851,012933,061936
0000000406,0000405000,007422,066336,082459,069568,018399,054531
0000000407,0000406000,-36610,084714,087981,061797,023925,043671
0000000408,0000407000,-34197,033599,087415,051000,031791,033251
0000000409,0000408000,-39876,038277,092857,037896,042864,025865
0000000410,0000409000,-19466,005817,094492,020020,052382,018531
0000000411,0000410000,-15101,-17815,096497,004262,065463,018047
0000000412,0000411000,-28617,-16540,099998,-11353,073219,016775
0000000413,0000412000,-04579,-58214,097808,-21949,080518,020530
0000000414,0000413000,001495,-43009,099869,-29168,084756,027119
0000000415,0000414000,024847,-72711,095966,-33026,084935,035285
0000000416,0000415000,016749,-65880,094231,-29504,083936,047158
0000000417,0000416000,010831,-58133,091399,-21993,075917,055666
0000000418,0000417000,027888,-63451,086483,-07912,067950,066193
0000000419,0000418000,028155,-22737,085700,007697,056898,073723
0000000420,0000419000,040930,-21322,080993,024977,045768,079519
0000000421,0000420000,023453,024225,081257,043693,035685,083072
0000000422,0000421000,024044,043936,079897,059909,024532,080909
0000000423,0000422000,030706,063856,079793,074518,018556,078430
0000000424,0000423000,023431,093802,082196,082618,013738,071245
0000000425,0000424000,020166,082346,081993,086571,013886,063339
0000000426,0000425000,-06429,099998,086069,085531,016809,053326
0000000427,0000426000,-07231,074233,086996,078819,021843,041867
0000000428,0000427000,-12496,061726,090157,068352,031609,033182
0000000429,0000428000,-20419,041387,092928,052594,041233,024149
0000000430,0000429000,-24894,004156,093951,036461,053365,019297
0000000431,0000430000,-36566,-05721,097264,019690,063604,015828
0000000432,0000431000,-19985,-45356,096632,004345,072795,015869
0000000433,0000432000,-14128,-51177,098041,-07975,080793,020258
0000000434,0000433000,-04496,-68414,096931,-17290,084292,026087
0000000435,0000434000,002187,-76368,095297,-19918,085896,035692
0000000436,0000435000,008276,-64025,094221,-17966,082111,044842
0000000437,0000436000,030231,-68061,090354,-10320,076225,055590
0000000438,0000437000,033255,-38715,089045,001476,067756,065740
0000000439,0000438000,039319,-28175,085354,016335,056756,073499
0000000440,0000439000,035500,-00277,083394,034400,046032,079925
0000000441,0000440000,035002,025993,081829,051718,034084,081824
0000000442,0000441000,038536,039618,079891,068238,025160,082074
0000000443,0000442000,024972,069322,080760,081095,017833,078395
0000000444,0000443000,017714,070195,080225,090109,013499,071784
0000000445,0000444000,002932,084547,082512,094789,013059,063295
0000000446,0000445000,-01189,080163,084256,093221,015149,052386
0000000447,0000446000,-06014,069960,086626,087036,021993,042584
0000000448,0000447000,-18257,062724,090169,075479,030384,032272
0000000449,0000448000,-20725,033894,091943,061174,041104,024077
0000000450,0000449000,-26197,020892,095301,044860,052449,018164
0000000451,0000450000,-18520,-10549,096386,027589,063146,014872
0000000452,0000451000,-16175,-30723,097647,012067,073533,015891
0000000453,0000452000,-14445,-48121,097933,-01278,080398,018997
0000000454,0000453000,-05672,-68386,096585,-09686,084991,025822
0000000455,0000454000,000918,-67592,095888,-13602,085546,034380
0000000456,0000455000,016154,-75209,092931,-12343,082700,044577
0000000457,0000456000,020888,-61185,091022,-05608,076989,055675
0000000458,0000457000,027189,-48518,088158,005356,067666,065208
0000000459,0000458000,033733,-29619,085412,020593,057341,073967
0000000460,0000459000,036572,-00605,083689,037236,045500,079615
0000000461,0000460000,040781,016964,081320,054521,034551,082830
0000000462,0000461000,032460,046785,081018,070616,024916,082665
0000000463,0000462000,027495,060766,080324,083879,017110,078734
0000000464,0000463000,019618,075487,081135,093623,013040,072495
0000000465,0000464000,011321,083104,082646,097793,011836,063247
0000000466,0000465000,003292,077674,084176,097051,014951,053256
0000000467,0000466000,-10631,075167,087190,090896,020952,042371
0000000468,0000467000,-15889,054676,089254,080230,029660,032048
0000000469,0000468000,-21677,039231,092240,066138,040613,023708
0000000470,0000469000,-22381,014936,094372,049355,051919,017339
0000000471,0000470000,-22226,-10177,096006,032488,063594,014631
0000000472,0000471000,-21841,-28512,097414,016457,073268,014613
0000000473,0000472000,-12892,-51787,097136,003356,080873,018221
0000000474,0000473000,-05828,-60127,097032,-05931,085433,024883
0000000475,0000474000,005126,-70076,095337,-10657,086220,033683
0000000476,0000475000,012622,-68099,093473,-09717,083773,044427
0000000477,0000476000,020234,-59321,091185,-03859,077318,055036
0000000478,0000477000,030052,-48598,088253,006968,068555,065497
0000000479,0000478000,034121,-25308,086080,021130,057680,074154
0000000480,0000479000,038060,-07108,083398,037522,045951,080381
0000000481,0000480000,035150,018961,081948,054794,034677,083720
0000000482,0000481000,032511,040029,080802,070811,024332,083242
0000000483,0000482000,028403,057483,080462,084545,016823,079891
0000000484,0000483000,019919,073315,081330,094088,012108,073147
0000000485,0000484000,012057,076706,082313,099052,011184,064176
0000000486,0000485000,000590,080034,084602,098837,013904,053629
0000000487,0000486000,-06416,070361,086754,093263,019862,042384
0000000488,0000487000,-13427,057484,089416,083174,029059,032117
0000000489,0000488000,-19432,039702,092026,069084,039853,023112
0000000490,0000489000,-22005,015259,094031,052953,051825,016868
0000000491,0000490000,-23626,-05088,096048,035996,063353,013497
0000000492,0000491000,-18677,-29823,096772,019924,073533,013558
0000000493,0000492000,-13815,-46242,097201,006372,081553,017270
0000000494,0000493000,-06541,-60152,096593,-03630,086134,023792
0000000495,0000494000,002017,-67697,095231,-08649,087375,033063
0000000496,0000495000,010583,-65478,093534,-08650,084578,043647
0000000497,0000496000,021336,-60965,090980,-03369,078457,054933
0000000498,0000497000,027812,-45232,088702,006597,069483,065661
0000000499,0000498000,033589,-28393,086041,020241,058324,074604
0000000500,0000499000,036003,-06321,083883,036516,046440,081272
0000000501,0000500000,036167,016974,082241,053433,034521,084536
0000000502,0000501000,034578,036834,081018,069679,024210,084582
0000000503,0000502000,027940,057015,080955,083480,016156,081034
0000000504,0000503000,021072,067969,081273,093654,011253,074276
0000000505,0000504000,011775,076285,082637,099309,010138,065103
0000000506,0000505000,003308,076033,084431,099625,012630,054123
0000000507,0000506000,-05019,068689,086650,094865,018931,042828
0000000508,0000507000,-13606,057317,089274,085224,027996,031897
0000000509,0000508000,-18560,037820,091549,071868,039191,022671
0000000510,0000509000,-22152,018362,093918,056003,051373,015972
0000000511,0000510000,-21439,-05047,095515,039069,063279,012348
0000000512,0000511000,-19097,-25770,096588,022919,074012,012439
0000000513,0000512000,-14613,-43165,096935,008875,082143,015880
0000000514,0000513000,-06990,-57469,096342,-01480,087208,022688
0000000515,0000514000,001040,-62951,095292,-07363,088484,032015
0000000516,0000515000,010904,-64757,093357,-08159,085896,043036
0000000517,0000516000,018904,-57677,091241,-03686,079784,054743
0000000518,0000517000,026322,-45601,088779,005491,070496,065734
0000000519,0000518000,032308,-28740,086308,018688,059235,075260
0000000520,0000519000,035312,-07243,084254,034386,046836,082127
0000000521,0000520000,036400,013265,082436,051211,034690,085844
0000000522,0000521000,033242,035332,081496,067517,023887,085983
0000000523,0000522000,028673,052234,081112,081691,015395,082411
0000000524,0000523000,021889,065386,081582,092507,010285,075655
0000000525,0000524000,013604,073020,082757,098743,008822,066127
0000000526,0000525000,005005,072832,084402,099990,011387,054978
0000000527,0000526000,-04414,067990,086672,096016,017580,043121
0000000528,0000527000,-11526,055228,088942,087224,026841,031770
0000000529,0000528000,-17426,039171,091371,074496,038353,022132
0000000530,0000529000,-20674,018926,093490,058951,050842,014962
0000000531,0000530000,-21346,-02681,095131,042272,063306,011162
0000000532,0000531000,-19721,-22257,096256,025930,074323,010919
0000000533,0000532000,-14535,-40640,096508,011577,082961,014415
0000000534,0000533000,-08086,-52717,096192,000533,088343,021305
0000000535,0000534000,000256,-60415,095045,-06189,089842,030870
0000000536,0000535000,008814,-61255,093391,-07827,087431,042317
0000000537,0000536000,017266,-55610,091336,-04345,081163,054337
0000000538,0000537000,025337,-44940,088952,004043,071818,065933
0000000539,0000538000,030915,-28090,086706,016441,060193,075873
0000000540,0000539000,034686,-09492,084548,031681,047440,083201
0000000541,0000540000,035223,011662,082929,048331,034841,087254
0000000542,0000541000,033470,031520,081853,064691,023492,087517
0000000543,0000542000,029354,048341,081471,079298,014669,084094
0000000544,0000543000,022663,061651,081884,090666,009113,077147
0000000545,0000544000,014957,068422,082846,097799,007457,067429
0000000546,0000545000,006002,070232,084510,099998,009860,055857
0000000547,0000546000,-02265,064912,086499,097000,016063,043512
0000000548,0000547000,-09858,054402,088751,089153,025565,031718
0000000549,0000548000,-15992,039216,091038,077124,037312,021495
0000000550,0000549000,-19591,020034,093054,062175,050287,013940
0000000551,0000550000,-20958,000540,094745,045695,063161,009723
0000000552,0000551000,-19055,-19338,095756,029277,074701,009296
0000000553,0000552000,-15104,-35912,096176,014521,083830,012761
0000000554,0000553000,-08988,-48629,095854,002768,089548,019710
0000000555,0000554000,-01274,-56217,094858,-04785,091375,029597
0000000556,0000555000,007062,-57447,093368,-07498,089030,041367
0000000557,0000556000,015819,-53500,091378,-05058,082798,053932
0000000558,0000557000,023254,-43035,089235,002301,073262,066055
0000000559,0000558000,029388,-28605,087010,013856,061301,076510
0000000560,0000559000,033271,-10652,085008,028541,048154,084351
0000000561,0000560000,034627,008952,083405,044862,035001,088726
0000000562,0000561000,033536,027511,082308,061306,023198,089284
0000000563,0000562000,029525,044297,081942,076271,013850,085885
0000000564,0000563000,023755,056492,082175,088351,007892,078842
0000000565,0000564000,016240,064254,083099,096424,005951,068865
0000000566,0000565000,008016,066056,084555,099672,008177,056856
0000000567,0000566000,-00291,061993,086405,097834,014445,044056
0000000568,0000567000,-08134,052984,088528,091031,024071,031653
0000000569,0000568000,-14179,038717,090633,079946,036169,020896
0000000570,0000569000,-18375,021817,092625,065639,049572,012823
0000000571,0000570000,-19881,003037,094193,049474,062953,008205
0000000572,0000571000,-18940,-15194,095257,033046,075063,007561
0000000573,0000572000,-15585,-31151,095709,017879,084656,010901
0000000574,0000573000,-09887,-43688,095462,005449,090838,017987
0000000575,0000574000,-02808,-50980,094647,-03102,092951,028118
0000000576,0000575000,005413,-53464,093254,-06955,090784,040314
0000000577,0000576000,013570,-49954,091490,-05718,084560,053409
0000000578,0000577000,021202,-41320,089469,000470,074822,066082
0000000579,0000578000,027556,-28370,087400,011057,062572,077153
0000000580,0000579000,031785,-11898,085517,024981,048949,085491
0000000581,0000580000,033786,005765,083932,040924,035294,090312
0000000582,0000581000,033004,023544,082895,057352,022926,091127
0000000583,0000582000,029949,038969,082428,072685,013041,087807
0000000584,0000583000,024730,051135,082596,085498,006654,080696
0000000585,0000584000,017821,058883,083372,094550,004357,070427
0000000586,0000585000,010006,061201,084646,099015,006432,058026
0000000587,0000586000,001754,058613,086348,098445,012665,044674
0000000588,0000587000,-05781,050626,088252,092888,022456,031681
0000000589,0000588000,-12176,038480,090245,082882,034884,020332
0000000590,0000589000,-16665,023091,092088,069368,048721,011694
0000000591,0000590000,-18835,006073,093598,053678,062658,006661
0000000592,0000591000,-18603,-10662,094664,037293,075309,005702
0000000593,0000592000,-15761,-25914,095133,021788,085461,008949
0000000594,0000593000,-10927,-37609,095025,008624,092107,016114
0000000595,0000594000,-04336,-45360,094324,-00969,094564,026500
0000000596,0000595000,003276,-48242,093134,-06063,092611,039125
0000000597,0000596000,011237,-45942,091555,-06192,086391,052735
0000000598,0000597000,018908,-38987,089717,-01318,076525,066035
0000000599,0000598000,025303,-27621,087843,008085,063952,077709
0000000600,0000599000,030033,-13353,086057,021117,049885,086617
0000000601,0000600000,032467,002777,084580,036533,035695,091903
0000000602,0000601000,032527,018804,083542,052839,022739,093010
0000000603,0000602000,030214,033211,083032,068500,012317,089835
0000000604,0000603000,025655,044921,083104,082022,005429,082644
0000000605,0000604000,019476,052482,083706,092146,002774,072134
0000000606,0000605000,012065,055720,084816,097915,004627,059315
0000000607,0000606000,004285,054093,086283,098768,010808,045422
0000000608,0000607000,-03250,047894,087998,094632,020743,031831
0000000609,0000608000,-09817,037649,089802,085881,033458,019838
0000000610,0000609000,-14671,024259,091490,073369,047746,010631
0000000611,0000610000,-17489,009376,092929,058288,062208,005110
0000000612,0000611000,-17861,-05907,093950,042082,075441,003827
0000000613,0000612000,-15943,-19711,094482,026299,086163,006933
0000000614,0000613000,-11861,-30906,094469,012415,093297,014135
0000000615,0000614000,-05996,-38628,093936,001749,096152,024767
0000000616,0000615000,001042,-42066,092952,-04707,094426,037783
0000000617,0000616000,008713,-41149,091581,-06333,088282,051933
0000000618,0000617000,016144,-35750,089987,-02969,078302,065844
0000000619,0000618000,022749,-26618,088297,005065,065444,078147
0000000620,0000619000,027833,-14431,086681,017010,050959,087657
0000000621,0000620000,030908,-00477,085306,031708,036231,093428
0000000622,0000621000,031753,013646,084295,047765,022710,094893
0000000623,0000622000,030208,026839,083755,063652,011712,091878
0000000624,0000623000,026579,037639,083701,077871,004314,084663
0000000625,0000624000,021125,045264,084150,089093,001258,073940
0000000626,0000625000,014395,049046,085035,096255,002845,060728
0000000627,0000626000,007006,048716,086266,098687,008942,046325
0000000628,0000627000,-00401,044360,087746,096147,018955,032118
0000000629,0000628000,-07018,036208,089318,088876,031933,019493
0000000630,0000629000,-12304,025326,090841,077568,046623,009684
0000000631,0000630000,-15687,012611,092153,063299,061593,003651
0000000632,0000631000,-16911,-00580,093139,047438,075401,002005
0000000633,0000632000,-15885,-12875,093705,031481,086685,004913
0000000634,0000633000,-12679,-23264,093801,016937,094342,012123
0000000635,0000634000,-07689,-30760,093454,005165,097613,022941
0000000636,0000635000,-01298,-34895,092684,-02730,096172,036321
0000000637,0000636000,005834,-35183,091578,-05999,090148,050976
0000000638,0000637000,013087,-31751,090238,-04336,080108,065475
0000000639,0000638000,019776,-24917,088788,002113,067029,078414
0000000640,0000639000,025212,-15218,087373,012727,052162,088525
0000000641,0000640000,028943,-03844,086123,026498,036950,094820
0000000642,0000641000,030564,008181,085174,042115,022877,096669
0000000643,0000642000,030014,019622,084593,058096,011313,093868
0000000644,0000643000,027339,029472,084431,072942,003397,086687
0000000645,0000644000,022794,036860,084696,085259,-00097,075798
0000000646,0000645000,016834,041190,085338,093897,001189,062258
0000000647,0000646000,009957,042250,086305,098041,007131,047376
0000000648,0000647000,002867,039777,087499,097298,017166,032595
0000000649,0000648000,-03820,034161,088815,091737,030335,019354
0000000650,0000649000,-09443,025941,090117,081880,045359,008940
0000000651,0000650000,-13468,015904,091281,068672,060789,002384
0000000652,0000651000,-15557,005143,092204,053363,075120,000329
0000000653,0000652000,-15490,-05341,092788,037400,086954,002997
0000000654,0000653000,-13355,-14536,093007,022285,095131,010145
0000000655,0000654000,-09325,-21773,092845,009428,098847,021082
0000000656,0000655000,-03794,-26388,092328,000036,097737,034760
0000000657,0000656000,002732,-28035,091511,-05016,091893,049852
0000000658,0000657000,009669,-26688,090469,-05246,081879,064897
0000000659,0000658000,016323,-22380,089307,-00632,068656,078431
0000000660,0000659000,022107,-15625,088125,008389,053497,089134
0000000661,0000660000,026447,-07100,087049,020963,037875,095961
0000000662,0000661000,028969,002297,086177,035896,023307,098225
0000000663,0000662000,029459,011692,085578,051782,011220,095700
0000000664,0000663000,027871,020250,085306,067128,002788,088616
0000000665,0000664000,024403,027170,085369,080503,-01156,077651
0000000666,0000665000,019345,032036,085751,090658,-00224,063863
0000000667,0000666000,013188,034401,086408,096642,005496,048588
0000000668,0000667000,006485,034080,087283,097894,015463,033307
0000000669,0000668000,-00142,031193,088290,094294,028716,019498
0000000670,0000669000,-06048,026022,089328,086182,043974,008514
0000000671,0000670000,-10711,019118,090307,074325,059759,001430
0000000672,0000671000,-13679,011156,091129,059843,074535,-01057
0000000673,0000672000,-14721,002976,091725,044100,086863,001311
0000000674,0000673000,-13748,-04766,092054,028568,095534,008314
0000000675,0000674000,-10858,-11439,092095,014698,099708,019277
0000000676,0000675000,-06341,-16446,091856,003782,098971,033141
0000000677,0000676000,-00586,-19489,091362,-03162,093390,048568
0000000678,0000677000,005851,-20313,090669,-05484,083503,064061
0000000679,0000678000,012392,-18882,089836,-02966,070259,078113
0000000680,0000679000,018422,-15374,088943,004156,054940,089361
0000000681,0000680000,023375,-10193,088081,015208,039031,096700
0000000682,0000681000,026817,-03869,087319,029151,024081,099408
0000000683,0000682000,028425,003055,086726,044676,011545,097213
0000000684,0000683000,028089,009894,086345,060332,002644,090321
0000000685,0000684000,025840,016142,086200,074662,-01753,079394
0000000686,0000685000,021892,021336,086291,086329,-01219,065489
0000000687,0000686000,016612,025041,086604,094252,004196,049955
0000000688,0000687000,010471,027004,087112,097688,013972,034293
0000000689,0000688000,004055,027098,087756,096319,027166,020026
0000000690,0000689000,-02061,025393,088482,090274,042499,008543
0000000691,0000690000,-07304,022037,089222,080120,058482,000963
0000000692,0000691000,-11203,017417,089911,066811,073564,-01969
0000000693,0000692000,-13416,011976,090492,051591,086276,000038
0000000694,0000693000,-13742,006113,090923,035880,095381,006795
0000000695,0000694000,-12176,000330,091178,021138,099998,017647
0000000696,0000695000,-08854,-04937,091239,008735,099677,031543
0000000697,0000696000,-04091,-09301,091111,-00177,094450,047140
0000000698,0000697000,001684,-12457,090811,-04771,084824,062921
0000000699,0000698000,007944,-14149,090365,-04620,071733,077357
0000000700,0000699000,014107,-14279,089818,000260,056443,089045
0000000701,0000700000,019622,-12924,089217,009412,040442,096846
0000000702,0000701000,023980,-10162,088612,021981,025285,099998
0000000703,0000702000,026801,-06258,088048,036795,012442,098193
0000000704,0000703000,027834,-01544,087571,052477,003161,091606
0000000705,0000704000,026988,003663,087211,067571,-01661,080873
0000000706,0000705000,024354,008976,086987,080677,-01559,067039
0000000707,0000706000,020162,013986,086920,090581,003452,051445
0000000708,0000707000,014805,018311,087006,096367,012884,035603
0000000709,0000708000,008761,021673,087234,097499,025819,021052
0000000710,0000709000,002582,023786,087587,093874,040996,009205
0000000711,0000710000,-03172,024477,088036,085831,056944,001211
0000000712,0000711000,-07988,023729,088545,074119,072112,-02155
0000000713,0000712000,-11427,021547,089078,059824,085029,-00565
0000000714,0000713000,-13192,018067,089599,044272,094447,005821
0000000715,0000714000,-13119,013534,090069,028901,099457,016380
0000000716,0000715000,-11219,008280,090453,015136,099580,030088
0000000717,0000716000,-07668,002660,090728,004248,094810,045610
0000000718,0000717000,-02783,-02901,090872,-02756,085622,061438
0000000719,0000718000,002987,-07944,090872,-05233,072913,076035
0000000720,0000719000,009132,-12106,090729,-02955,057924,087988
0000000721,0000720000,015096,-15020,090450,003863,042115,096138
0000000722,0000721000,020348,-16389,090049,014592,027018,099702
0000000723,0000722000,024418,-16051,089553,028239,014094,098342
0000000724,0000723000,026935,-13968,088998,043545,004590,092195
0000000725,0000724000,027678,-10238,088422,059098,-00580,081865
0000000726,0000725000,026571,-05084,087867,073459,-00927,068361
0000000727,0000726000,023721,001094,087379,085304,003571,052998
0000000728,0000727000,019382,007849,086996,093542,012463,037273
0000000729,0000728000,013942,014668,086749,097417,024870,022712
0000000730,0000729000,007889,020952,086667,096576,039576,010726
0000000731,0000730000,001754,026160,086765,091099,055150,002467
0000000732,0000731000,-03911,029800,087041,081490,070080,-01276
0000000733,0000732000,-08604,031463,087486,068633,082925,-00152
0000000734,0000733000,-11899,030896,088071,053707,092451,005716
0000000735,0000734000,-13493,028080,088751,038088,097748,015749
0000000736,0000735000,-13238,023164,089475,023213,098315,028963
0000000737,0000736000,-11153,016454,090186,010454,094116,044067
0000000738,0000737000,-07429,008491,090822,000982,085583,059583
0000000739,0000738000,-02392,-00086,091325,-04335,073564,074006
0000000740,0000739000,003512,-08571,091648,-05015,059245,085944
0000000741,0000740000,009763,-16194,091751,-00999,044024,094250
0000000742,0000741000,015811,-22202,091610,007346,029377,098141
0000000743,0000742000,021114,-25985,091228,019257,016710,097262
0000000744,0000743000,025195,-27111,090625,033647,007239,091713
0000000745,0000744000,027675,-25333,089844,049197,001865,082050
0000000746,0000745000,028323,-20717,088947,064477,001087,069226
0000000747,0000746000,027073,-13584,088010,078083,004957,054501
0000000748,0000747000,024033,-04448,087113,088767,013069,039315
0000000749,0000748000,019474,005932,086338,095554,024601,025149
0000000750,0000749000,013792,016649,085762,097830,038411,013366
0000000751,0000750000,007484,026738,085446,095391,053146,005087
0000000752,0000751000,001100,035241,085434,088459,067380,001087
0000000753,0000752000,-04791,041279,085741,077663,079746,001723
0000000754,0000753000,-09656,044196,086354,063982,089068,006909
0000000755,0000754000,-13048,043610,087228,048664,094462,016120
0000000756,0000755000,-14645,039433,088294,033112,095432,028442
0000000757,0000756000,-14294,031922,089462,018754,091918,042656
0000000758,0000757000,-12016,021664,090627,006902,084300,057364
0000000759,0000758000,-08012,009520,091683,-01363,073361,071134
0000000760,0000759000,-02628,-03461,092526,-05295,060196,082642
0000000761,0000760000,003667,-16078,093068,-04543,046100,090802
0000000762,0000761000,010327,-27125,093245,000825,032433,094860
0000000763,0000762000,016766,-35525,093027,010327,020505,094463
0000000764,0000763000,022403,-40383,092419,023107,011445,089682
0000000765,0000764000,026718,-41098,091459,038006,006105,081009
0000000766,0000765000,029302,-37471,090227,053664,004968,069316
0000000767,0000766000,029907,-29708,088829,068650,008102,055766
0000000768,0000767000,028464,-18396,087391,081592,015153,041698
0000000769,0000768000,025097,-04509,086048,091315,025380,028485
0000000770,0000769000,020098,010697,084930,096943,037749,017395
0000000771,0000770000,013897,025841,084151,097974,051040,009463
0000000772,0000771000,007033,039502,083794,094315,063967,005411
0000000773,0000772000,000103,050329,083910,086293,075297,005584
0000000774,0000773000,-06273,057210,084504,074622,083965,009918
0000000775,0000774000,-11507,059373,085535,060354,089163,017958
0000000776,0000775000,-15104,056430,086925,044785,090430,028888
0000000777,0000776000,-16714,048502,088550,029334,087696,041606
0000000778,0000777000,-16177,036248,090259,015413,081290,054850
0000000779,0000778000,-13531,020719,091891,004285,071899,067324
0000000780,0000779000,-09006,003325,093290,-03051,060488,077837
0000000781,0000780000,-02993,-14311,094314,-05941,048189,085413
0000000782,0000781000,003990,-30556,094859,-04128,036192,089381
0000000783,0000782000,011338,-43858,094860,002230,025637,089413
0000000784,0000783000,018400,-52849,094297,012572,017511,085561
0000000785,0000784000,024528,-56539,093205,025974,012558,078248
0000000786,0000785000,029145,-54411,091671,041227,011208,068229
0000000787,0000786000,031798,-46479,089830,056943,013528,056523
0000000788,0000787000,032225,-33389,087854,071690,019215,044303
0000000789,0000788000,030380,-16335,085935,084130,027639,032768
0000000790,0000789000,026424,003106,084257,093149,037921,023014
0000000791,0000790000,020700,023143,082984,097945,049031,015935
0000000792,0000791000,013700,041931,082242,098093,059893,012145
0000000793,0000792000,006027,057673,082114,093576,069478,011942
0000000794,0000793000,-01645,068798,082633,084788,076899,015278
0000000795,0000794000,-08619,074120,083767,072504,081488,021770
0000000796,0000795000,-14237,072915,085429,057825,082860,030730
0000000797,0000796000,-17950,065109,087473,042082,080961,041232
0000000798,0000797000,-19390,051372,089700,026707,076066,052212
0000000799,0000798000,-18420,032973,091896,013093,068738,062594
0000000800,0000799000,-15128,011639,093847,002460,059762,071394
0000000801,0000800000,-09803,-10629,095366,-04251,050046,077819
0000000802,0000801000,-02902,-31816,096307,-06447,040533,081326
0000000803,0000802000,004982,-49940,096573,-03931,032122,081657
0000000804,0000803000,013164,-63179,096115,003084,025584,078859
0000000805,0000804000,020907,-70150,094956,013986,021491,073279
0000000806,0000805000,027482,-69985,093187,027806,020168,065528
0000000807,0000806000,032248,-62481,090965,043300,021652,056424
0000000808,0000807000,034732,-48276,088505,059059,025692,046902
0000000809,0000808000,034700,-28765,086053,073657,031797,037898
0000000810,0000809000,032165,-05801,083843,085785,039296,030256
0000000811,0000810000,027352,018483,082085,094373,047414,024654
0000000812,0000811000,020676,041869,080945,098665,055360,021548
0000000813,0000812000,012713,062196,080538,098280,062386,021145
0000000814,0000813000,004148,077472,080921,093244,067857,023393
0000000815,0000814000,-04258,086103,082083,083988,071311,027981
0000000816,0000815000,-11714,087040,083932,071326,072501,034382
0000000817,0000816000,-17497,080000,086304,056390,071418,041898
0000000818,0000817000,-21030,065587,088964,040535,068285,049743
0000000819,0000818000,-21982,045242,091646,025198,063516,057145
0000000820,0000819000,-20286,020953,094092,011750,057657,063420
0000000821,0000820000,-16101,-05021,096072,001378,051330,068025
0000000822,0000821000,-09788,-30321,097404,-05007,045161,070604
0000000823,0000822000,-01893,-52629,097956,-06844,039727,071012
0000000824,0000823000,006906,-69779,097660,-03964,035509,069315
0000000825,0000824000,015835,-79999,096517,003393,032839,065783
0000000826,0000825000,024059,-82095,094618,014590,031875,060861
0000000827,0000826000,030789,-75685,092134,028632,032588,055108
0000000828,0000827000,035352,-61321,089311,044254,034780,049143
0000000829,0000828000,037310,-40488,086438,060037,038119,043558
0000000830,0000829000,036523,-15268,083791,074569,042197,038852
0000000831,0000830000,033080,012019,081609,086569,046557,035418
0000000832,0000831000,027271,038866,080101,094987,050756,033498
0000000833,0000832000,019603,062811,079409,099083,054404,033161
0000000834,0000833000,010742,081616,079606,098497,057194,034324
0000000835,0000834000,001459,093308,080705,093266,058932,036754
0000000836,0000835000,-07388,096542,082622,083835,059572,040095
0000000837,0000836000,-14951,090933,085171,071033,059186,043931
0000000838,0000837000,-20494,076928,088107,056008,057947,047839
0000000839,0000838000,-23462,055956,091130,040120,056104,051411
0000000840,0000839000,-23623,030267,093931,024799,053924,054358
0000000841,0000840000,-21038,002195,096282,011390,051671,056460
0000000842,0000841000,-15859,-25846,097951,001067,049606,057592
0000000843,0000842000,-08597,-51000,098775,-05265,047917,057772
0000000844,0000843000,000140,-71086,098677,-07057,046713,057111
0000000845,0000844000,009590,-84109,097648,-04138,046040,055808
0000000846,0000845000,018869,-88434,095755,003249,045828,054117
0000000847,0000846000,027134,-83729,093182,014465,045944,052312
0000000848,0000847000,033537,-70379,090194,028511,046240,050614
0000000849,0000848000,037495,-49771,087081,044120,046554,049204
0000000850,0000849000,038644,-24064,084167,059885,046770,048179
0000000851,0000850000,036974,004320,081694,074415,046804,047561
0000000852,0000851000,032594,032887,079894,086448,046614,047338
0000000853,0000852000,025882,058870,078954,094923,046213,047403
0000000854,0000853000,017492,079854,078941,099110,045692,047610
0000000855,0000854000,008085,093867,079890,098639,045183,047796
0000000856,0000855000,-01427,099234,081720,093532,044871,047795
0000000857,0000856000,-10190,095554,084252,084231,044956,047503
0000000858,0000857000,-17361,083154,087240,071548,045561,046896
0000000859,0000858000,-22214,063267,090373,056627,046770,046023
0000000860,0000859000,-24370,038205,093336,040814,048550,045004
0000000861,0000860000,-23673,010079,095882,025505,050780,044018
0000000862,0000861000,-20197,-18529,097784,012036,053304,043224
0000000863,0000862000,-14228,-44682,098822,001583,055886,042821
0000000864,0000863000,-06352,-66088,098931,-04946,058223,043008
0000000865,0000864000,002761,-80803,098097,-06989,060008,043908
0000000866,0000865000,012290,-87099,096365,-04351,060935,045584
0000000867,0000866000,021332,-84417,093922,002745,060731,047997
0000000868,0000867000,029083,-73288,091012,013687,059283,050952
0000000869,0000868000,034750,-54680,087927,027500,056608,054165
0000000870,0000869000,037848,-30629,084971,042934,052861,057302
0000000871,0000870000,038179,-03494,082408,058623,048362,059987
0000000872,0000871000,035689,024404,080468,073196,043493,061884
0000000873,0000872000,030634,050251,079343,085379,038698,062700
0000000874,0000873000,023488,071579,079138,094122,034491,062205
0000000875,0000874000,014886,086512,079862,098669,031365,060283
0000000876,0000875000,005615,093549,081446,098620,029756,056978
0000000877,0000876000,-03495,092037,083739,093969,029989,052491
0000000878,0000877000,-11605,082262,086511,085110,032183,047214
0000000879,0000878000,-17948,065344,089476,072824,036244,041653
0000000880,0000879000,-21927,043032,092339,058219,041868,036377
0000000881,0000880000,-23275,017432,094860,042591,048563,031958
0000000882,0000881000,-21860,-09128,096801,027310,055737,028891
0000000883,0000882000,-17846,-33905,097965,013712,062720,027583
0000000884,0000883000,-11638,-54586,098259,002968,068790,028309
0000000885,0000884000,-03777,-69433,097670,-03996,073281,031155
0000000886,0000885000,004990,-76897,096258,-06579,075634,035985
0000000887,0000886000,013905,-76448,094163,-04550,075453,042449
0000000888,0000887000,022158,-68350,091605,001932,072628,049962
0000000889,0000888000,028961,-53467,088843,012297,067319,057798
0000000890,0000889000,033747,-33378,086131,025620,059955,065173
0000000891,0000890000,036072,-09972,083727,040718,051194,071325
0000000892,0000891000,035781,014454,081850,056259,041834,075584
0000000893,0000892000,032930,037544,080673,070890,032761,077443
0000000894,0000893000,027813,057066,080306,083344,024881,076582
0000000895,0000894000,020944,071214,080758,092554,019039,072936
0000000896,0000895000,012910,078893,081970,097728,015919,066722
0000000897,0000896000,004456,079455,083809,098414,015959,058443
0000000898,0000897000,-03685,073100,086090,094546,019285,048854
0000000899,0000898000,-10775,060614,088583,086451,025671,038880
0000000900,0000899000,-16169,043231,091054,074848,034580,029510
0000000901,0000900000,-19421,022702,093276,060766,045207,021691
0000000902,0000901000,-31594,001793,094042,046288,049099,016844
0000000903,0000902000,-01725,025977,098868,046200,049099,014243
0000000904,0000903000,-04948,019008,096470,046200,049099,012436
0000000905,0000904000,-00602,017736,097487,046200,049099,019271
0000000906,0000905000,018970,015414,096147,046200,049099,027023
0000000907,0000906000,021395,012222,095476,046200,049099,035233
0000000908,0000907000,016829,004523,091727,046200,049099,048082
0000000909,0000908000,012433,005745,091352,046200,049099,048919
0000000910,0000909000,012390,008090,090830,046200,049099,048919
0000000911,0000910000,015318,009420,090121,046200,049099,048919
0000000912,0000911000,018397,008534,089792,046200,049099,048919
0000000913,0000912000,018119,005304,089971,046200,049099,048919
0000000914,0000913000,014488,002001,090419,046200,049099,048919
0000000915,0000914000,010721,001285,090757,046200,049099,048919
0000000916,0000915000,009250,002907,090670,046200,049099,048919
0000000917,0000916000,010426,004754,090208,046200,049099,048919
0000000918,0000917000,013084,005368,089783,046200,049099,048919
0000000919,0000918000,014784,004221,089718,046200,049099,048919
0000000920,0000919000,013767,001930,089986,046200,049099,048919
0000000921,0000920000,011066,000427,090341,046200,049099,048919
0000000922,0000921000,009119,000979,090502,046200,049099,048919
0000000923,0000922000,009187,002737,090336,046200,049099,048919
0000000924,0000923000,010968,004126,089998,046200,049099,048919
0000000925,0000924000,013120,004313,089798,046200,049099,048919
0000000926,0000925000,013913,003285,089885,046200,049099,048919
0000000927,0000926000,012793,001931,090157,046200,049099,048919
0000000928,0000927000,011074,001600,090400,046200,049099,048919
0000000929,0000928000,010393,002658,090442,046200,049099,048919
0000000930,0000929000,011222,004145,090268,046200,049099,048919
0000000931,0000930000,012937,004997,090054,046200,049099,048919
0000000932,0000931000,014351,004851,090001,046200,049099,048919
0000000933,0000932000,014455,004006,090146,046200,049099,048919
0000000934,0000933000,013399,003309,090367,046200,049099,048919
0000000935,0000934000,012376,003545,090503,046200,049099,048919
0000000936,0000935000,012354,004586,090468,046200,049099,048919
0000000937,0000936000,013327,005593,090315,046200,049099,048919
0000000938,0000937000,014592,005932,090193,046200,049099,048919
0000000939,0000938000,015268,005554,090215,046200,049099,048919
0000000940,0000939000,014919,004882,090355,046200,049099,048919
0000000941,0000940000,014007,004574,090500,046200,049099,048919
0000000942,0000941000,013443,004975,090547,046200,049099,048919
0000000943,0000942000,013695,005750,090471,046200,049099,048919
0000000944,0000943000,014511,006270,090348,046200,049099,048919
0000000945,0000944000,015262,006222,090289,046200,049099,048919
0000000946,0000945000,015392,005737,090338,046200,049099,048919
0000000947,0000946000,014841,005233,090445,046200,049099,048919
0000000948,0000947000,014134,005136,090521,046200,049099,048919
0000000949,0000948000,013875,005510,090510,046200,049099,048919
0000000950,0000949000,014203,005983,090425,046200,049099,048919
0000000951,0000950000,014777,006142,090339,046200,049099,048919
0000000952,0000951000,015115,005888,090321,046200,049099,048919
0000000953,0000952000,014936,005428,090375,046200,049099,048919
0000000954,0000953000,014383,005101,090447,046200,049099,048919
0000000955,0000954000,013909,005132,090475,046200,049099,048919
0000000956,0000955000,013857,005432,090437,046200,049099,048919
0000000957,0000956000,014176,005681,090365,046200,049099,048919
0000000958,0000957000,014535,005644,090315,046200,049099,048919
0000000959,0000958000,014615,005347,090323,046200,049099,048919
0000000960,0000959000,014330,005006,090372,046200,049099,048919
0000000961,0000960000,013897,004853,090415,046200,049099,048919
0000000962,0000961000,013649,004967,090415,046200,049099,048919
0000000963,0000962000,013734,005198,090373,046200,049099,048919
0000000964,0000963000,014014,005312,090323,046200,049099,048919
0000000965,0000964000,014223,005204,090302,046200,049099,048919
0000000966,0000965000,014178,004961,090324,046200,049099,048919
0000000967,0000966000,013913,004764,090363,046200,049099,048919
0000000968,0000967000,013640,004746,090386,046200,049099,048919
0000000969,0000968000,013570,004898,090374,046200,049099,048919
0000000970,0000969000,013726,005067,090339,046200,049099,048919
0000000971,0000970000,013952,005106,090309,046200,049099,048919
0000000972,0000971000,014057,004992,090309,046200,049099,048919
0000000973,0000972000,013967,004830,090335,046200,049099,048919
0000000974,0000973000,013769,004750,090363,046200,049099,048919
0000000975,0000974000,013633,004811,090372,046200,049099,048919
0000000976,0000975000,013671,004958,090356,046200,049099,048919
0000000977,0000976000,013838,005069,090331,046200,049099,048919
0000000978,0000977000,013996,005063,090318,046200,049099,048919
0000000979,0000978000,014029,004968,090328,046200,049099,048919
0000000980,0000979000,013931,004875,090351,046200,049099,048919
0000000981,0000980000,013800,004867,090369,046200,049099,048919
0000000982,0000981000,013756,004954,090368,046200,049099,048919
0000000983,0000982000,013836,005068,090353,046200,049099,048919
0000000984,0000983000,013975,005124,090337,046200,049099,048919
0000000985,0000984000,014064,005093,090335,046200,049099,048919
0000000986,0000985000,014049,005018,090347,046200,049099,048919
0000000987,0000986000,013958,004972,090364,046200,049099,048919
0000000988,0000987000,013881,004997,090373,046200,049099,048919
0000000989,0000988000,013885,005075,090367,046200,049099,048919
0000000990,0000989000,013968,005147,090354,046200,049099,048919
0000000991,0000990000,014061,005160,090346,046200,049099,048919
0000000992,0000991000,014095,005115,090348,046200,049099,048919
0000000993,0000992000,014053,005060,090360,046200,049099,048919
0000000994,0000993000,013979,005042,090370,046200,049099,048919
0000000995,0000994000,013938,005075,090372,046200,049099,048919
0000000996,0000995000,013963,005131,090364,046200,049099,048919
0000000997,0000996000,014029,005164,090354,046200,049099,048919
0000000998,0000997000,014080,005151,090351,046200,049099,048919
0000000999,0000998000,014076,005106,090355,046200,049099,048919
0000001000,0000999000,014027,005068,090364,046200,049099,048919
0000001001,0001000000,013973,005066,090369,046200,049099,048919
0000001002,0001001000,013958,005097,090367,046200,049099,048919
0000001003,0001002000,013988,005131,090359,046200,049099,048919
0000001004,0001003000,014033,005139,090353,046200,049099,048919
0000001005,0001004000,014054,005114,090353,046200,049099,048919
0000001006,0001005000,014033,005077,090358,046200,049099,048919
0000001007,0001006000,013989,005057,090363,046200,049099,048919
0000001008,0001007000,013956,005064,090365,046200,049099,048919
0000001009,0001008000,013958,005089,090361,046200,049099,048919
0000001010,0001009000,013987,005107,090355,046200,049099,048919
0000001011,0001010000,014014,005102,090352,046200,049099,048919
0000001012,0001011000,014017,005078,090354,046200,049099,048919
0000001013,0001012000,013992,005053,090358,046200,049099,048919
0000001014,0001013000,013960,005046,090361,046200,049099,048919
0000001015,0001014000,013946,005059,090360,046200,049099,048919
0000001016,0001015000,013957,005078,090357,046200,049099,048919
0000001017,0001016000,013981,005086,090353,046200,049099,048919
0000001018,0001017000,013997,005076,090352,046200,049099,048919
0000001019,0001018000,013990,005057,090354,046200,049099,048919
0000001020,0001019000,013969,005045,090358,046200,049099,048919
0000001021,0001020000,013951,005047,090359,046200,049099,048919
0000001022,0001021000,013949,005061,090358,046200,049099,048919
0000001023,0001022000,013964,005074,090355,046200,049099,048919
0000001024,0001023000,013982,005075,090353,046200,049099,048919
0000001025,0001024000,013988,005066,090354,046200,049099,048919
0000001026,0001025000,013979,005053,090356,046200,049099,048919
0000001027,0001026000,013964,005049,090358,046200,049099,048919
0000001028,0001027000,013955,005056,090358,046200,049099,048919
0000001029,0001028000,013960,005068,090357,046200,049099,048919
0000001030,0001029000,013974,005075,090355,046200,049099,048919
0000001031,0001030000,013985,005073,090354,046200,049099,048919
0000001032,0001031000,013986,005065,090355,046200,049099,048919
0000001033,0001032000,013977,005058,090357,046200,049099,048919
0000001034,0001033000,013967,005059,090358,046200,049099,048919
0000001035,0001034000,013965,005066,090358,046200,049099,048919
0000001036,0001035000,013972,005075,090357,046200,049099,048919
0000001037,0001036000,013983,005078,090355,046200,049099,048919
0000001038,0001037000,013988,005074,090355,046200,049099,048919
0000001039,0001038000,013986,005068,090356,046200,049099,048919
0000001040,0001039000,013978,005065,090358,046200,049099,048919
0000001041,0001040000,013972,005067,090358,046200,049099,048919
0000001042,0001041000,013973,005073,090358,046200,049099,048919
0000001043,0001042000,013980,005078,090357,046200,049099,048919
0000001044,0001043000,013987,005078,090356,046200,049099,048919
0000001045,0001044000,013988,005074,090356,046200,049099,048919
0000001046,0001045000,013984,005069,090357,046200,049099,048919
0000001047,0001046000,013978,005069,090358,046200,049099,048919
0000001048,0001047000,013975,005071,090358,046200,049099,048919
0000001049,0001048000,013978,005076,090357,046200,049099,048919
0000001050,0001049000,013983,005078,090356,046200,049099,048919
0000001051,0001050000,013986,005076,090356,046200,049099,048919
0000001052,0001051000,013985,005072,090357,046200,049099,048919
0000001053,0001052000,013981,005069,090357,046200,049099,048919
0000001054,0001053000,013977,005070,090358,046200,049099,048919
0000001055,0001054000,013977,005072,090357,046200,049099,048919
0000001056,0001055000,013979,005075,090357,046200,049099,048919
0000001057,0001056000,013983,005075,090356,046200,049099,048919
0000001058,0001057000,013984,005073,090356,046200,049099,048919
0000001059,0001058000,013982,005070,090357,046200,049099,048919
0000001060,0001059000,013978,005069,090357,046200,049099,048919
0000001061,0001060000,013976,005070,090357,046200,049099,048919
0000001062,0001061000,013977,005072,090357,046200,049099,048919
0000001063,0001062000,013979,005073,090357,046200,049099,048919
0000001064,0001063000,013981,005073,090356,046200,049099,048919
0000001065,0001064000,013981,005071,090357,046200,049099,048919
0000001066,0001065000,013979,005069,090357,046200,049099,048919
0000001067,0001066000,013977,005069,090357,046200,049099,048919
0000001068,0001067000,013976,005070,090357,046200,049099,048919
0000001069,0001068000,013977,005071,090357,046200,049099,048919
0000001070,0001069000,013979,005072,090356,046200,049099,048919
0000001071,0001070000,013980,005071,090356,046200,049099,048919
0000001072,0001071000,013980,005070,090357,046200,049099,048919
0000001073,0001072000,013978,005069,090357,046200,049099,048919
0000001074,0001073000,013977,005069,090357,046200,049099,048919
0000001075,0001074000,013977,005070,090357,046200,049099,048919
0000001076,0001075000,013978,005071,090357,046200,049099,048919
0000001077,0001076000,013980,005071,090357,046200,049099,048919
0000001078,0001077000,013980,005071,090357,046200,049099,048919
0000001079,0001078000,013979,005070,090357,046200,049099,048919
0000001080,0001079000,013978,005069,090357,046200,049099,048919
0000001081,0001080000,013977,005070,090357,046200,049099,048919
0000001082,0001081000,013978,005071,090357,046200,049099,048919
0000001083,0001082000,013979,005071,090357,046200,049099,048919
0000001084,0001083000,013980,005071,090357,046200,049099,048919
0000001085,0001084000,013980,005071,090357,046200,049099,048919
0000001086,0001085000,013979,005070,090357,046200,049099,048919
0000001087,0001086000,013978,005070,090357,046200,049099,048919
0000001088,0001087000,013978,005071,090357,046200,049099,048919
0000001089,0001088000,013979,005071,090357,046200,049099,048919
0000001090,0001089000,013980,005072,090357,046200,049099,048919
0000001091,0001090000,013980,005071,090357,046200,049099,048919
0000001092,0001091000,013980,005071,090357,046200,049099,048919
0000001093,0001092000,013979,005070,090357,046200,049099,048919
0000001094,0001093000,013978,005071,090357,046200,049099,048919
0000001095,0001094000,013979,005071,090357,046200,049099,048919
0000001096,0001095000,013979,005071,090357,046200,049099,048919
0000001097,0001096000,013980,005071,090357,046200,049099,048919
0000001098,0001097000,013980,005071,090357,046200,049099,048919
0000001099,0001098000,013979,005071,090357,046200,049099,048919
0000001100,0001099000,013979,005071,090357,046200,049099,048919
0000001101,0001100000,013979,005071,090357,046200,049099,048919
